221.50894
221.536385
221.5901653
221.6170485
221.6988141
221.7599699
221.8007459
221.8138687
221.8875588
221.9108552
221.9280227
221.9741301
222.112567
222.1161775
222.1313185
222.1928426
222.202928
222.2165107
222.2492943
222.3335876
222.3370413
222.3408712
222.3432923
222.369757
222.3832826
222.3850781
222.3937574
222.491626
222.5015303
222.5194026
222.5276611
222.5356697
222.5623479
222.5685123
222.6229384
222.7146485
222.7206817
222.7277026
222.7741209
222.8422989
222.8524985
222.8686259
222.8689544
222.8772343
222.9523324
223.0073021
223.0506989
223.0625201
223.0860591
223.090628
223.1292888
223.132383
223.1717503
223.2482764
223.2751996
223.2928598
223.3569999
223.3682769
223.3809929
223.3959362
223.4084613
223.4127641
223.4803002
223.4945929
223.5172783
223.5306585
223.546628
223.5474014
223.5891472
223.6016331
223.6570342
223.7229093
223.7514941
223.7676834
223.804321
223.808151
223.8373178
223.8574386
223.8616796
223.9497297
223.9679674
223.983898
223.9954701
224.0896075
224.1235658
224.1258341
224.1607579
224.17136
224.2273106
224.2945412
224.3251503
224.3275709
224.3339765
224.3981468
224.4539155
224.5081726
224.5105589
224.5651434
224.5854678
224.5998842
224.6097602
224.6417574
224.6790157
224.7282203
224.8107886
224.8229891
224.8784026
224.9141881
224.9551236
224.9627664
224.9732804
224.9961293
225.0162651
225.0674762
225.1421843
225.2318687
225.2477871
225.2734178
225.285493
225.3292516
225.3453811
225.3559208
225.3573836
225.3626032
225.369669
225.3750136
225.3781311
225.3815767
225.3918192
225.3994835
225.4802665
225.5197329
225.5338677
225.5959085
225.6168352
225.6359796
225.6897926
225.6963501
225.7009801
225.7446482
225.7921953
225.8034518
225.8531681
225.86996
225.9584945
226.0181565
226.0429053
226.0607629
226.0808302
226.0817989
226.0956477
226.0962436
226.1116818
226.1476625
226.1602729
226.1662999
226.2220508
226.2377822
226.2479167
226.2529132
226.2661124
226.2672484
226.3122076
226.3133989
226.3699612
226.4412988
226.4775226
226.4858349
226.4997849
226.529497
226.5578666
226.5658894
226.5796376
226.5895309
226.6482906
226.6767522
226.7400185
226.7850279
226.7894299
226.8114784
226.8242266
227.0176469
227.0228211
227.0809279
227.0983904
227.1346528
227.1369981
227.1602173
227.1722333
227.1751514
227.1877369
227.2042006
227.2201613
227.2252299
227.2380243
227.3032981
227.3517073
227.3587687
227.3711677
227.4352376
227.4795268
227.526635
227.5356263
227.5592854
227.5641963
227.5688595
227.6532627
227.7781673
227.7922943
227.7932288
227.8291143
227.8426564
227.889735
227.8939413
227.8974437
227.9040298
227.924974
227.9367756
227.9718937
227.9921685
228.07699
228.145411
228.1990874
228.200662
228.2856074
228.2927578
228.2985971
228.313105
228.3298623
228.3907646
228.4108804
228.4202155
228.4267486
228.4713589
228.6042983
228.6165488
228.6342809
228.6456948
228.6520421
228.7105703
228.7293646
228.7409581
228.7550752
228.7619458
228.7990128
228.8030205
228.826195
228.8339331
228.8548559
228.8717031
228.8761928
229.094008
229.1413312
229.2283464
229.2620721
229.2726994
229.2852165
229.3682865
229.3766959
229.4200939
229.5021085
229.5075943
229.5734491
229.5856109
229.6781169
229.6946873
229.7141348
229.7411501
229.7987531
229.8070403
229.9087565
229.9191945
229.9309047
229.9492415
229.9587221
229.9824438
230.0139403
230.0163212
230.1571576
230.2168815
230.2177318
230.273691
230.2914613
230.2949363
230.3022503
230.3548035
230.3887044
230.4001819
230.4185784
230.4532522
230.5621425
230.5634212
230.6021903
230.6485903
230.6500779
230.6793593
230.7217242
230.7628415
230.7704187
230.7793561
230.8340367
230.8707847
230.8741919
230.9207023
230.9442794
231.0007515
231.011552
231.0443054
231.0524029
231.1063462
231.18101
231.1891274
231.2017505
231.2854127
231.3419239
231.3712879
231.4098662
231.4574745
231.5216483
231.5804783
231.5944456
231.628024
231.6716014
231.7266592
231.7278113
231.7355231
231.7690821
231.8088137
231.8222732
231.852135
231.8931449
231.8949184
231.930712
231.9519667
232.0028486
232.0282681
232.0439286
232.0524165
232.0760882
232.0879532
232.0941054
232.1732184
232.2353527
232.2672415
232.2925102
232.3262092
232.4969171
232.5674041
232.5862682
232.5875821
232.6237735
232.6889283
232.7330843
232.7551427
232.7575693
232.7725077
232.7890521
232.7907306
232.8184646
232.8198009
232.9210117
232.9379275
232.9548271
232.9665572
233.0199956
233.0554605
233.0665235
233.1324489
233.1514488
233.152497
233.2042745
233.204846
233.3130013
233.3427196
233.3988393
233.4368639
233.4521186
233.4889235
233.4909299
233.5145625
233.5300285
233.5322324
233.5925258
233.615979
233.6752709
233.6846962
233.7519897
233.7786074
233.7816578
233.8047664
233.8243013
233.8319844
233.9486548
234.023073
234.033343
234.0753334
234.1652927
234.1995537
234.2039065
234.3595661
234.4290153
234.4619822
234.4953445
234.5561772
234.5581639
234.5983679
234.6361215
234.6759548
234.7090263
234.7814127
234.8352636
234.8754164
234.8905616
234.9166924
234.9610182
234.9669449
234.9758484
234.9970073
235.0051217
235.0725417
235.1046157
235.1149112
235.1839796
235.2439939
235.2603442
235.3110621
235.3215007
235.3517679
235.3588708
235.5380481
235.605812
235.6973169
235.7634139
235.827975
235.8478448
235.8794647
235.9209034
235.9328394
235.9474169
235.9884291
236.0381982
236.0549673
236.0558928
236.0796832
236.1168844
236.1499144
236.2248866
236.2508645
236.2951302
236.3312536
236.3418425
236.3487338
236.4052025
236.4083798
236.4455338
236.5117282
236.7481521
236.7814383
236.890299
236.9672792
237.0002383
237.0653494
237.0832682
237.0881686
237.149638
237.1516761
237.175369
237.3132577
237.3688268
237.4336565
237.4592021
237.4921812
237.543185
237.5582777
237.622846
237.6945692
237.7199783
237.79983
237.8571592
237.9364758
238.0047548
238.0145291
238.0380686
238.0503744
238.06409
238.0925064
238.1186104
238.3073816
238.3501409
238.5359596
238.5643539
238.5815085
238.5895503
238.5965754
238.613683
238.6487076
238.6557287
238.6750942
238.7167973
238.7200303
238.7392737
238.8889534
238.9339842
238.9631767
238.9773064
238.9870567
238.9894071
239.0065702
239.0101754
239.0341326
239.1518279
239.1785291
239.2816294
239.2852385
239.2855035
239.3122125
239.3277641
239.336349
239.3589689
239.3837864
239.4215395
239.5222095
239.5479218
239.5686125
239.6360409
239.6739216
239.8015722
239.8461954
239.905424
239.9102572
239.9142895
239.965202
239.9731665
240.0331526
240.0355449
240.0471327
240.1165974
240.171408
240.1718201
240.208506
240.2648756
240.3403097
240.3668436
240.3929312
240.4359818
240.4469045
240.6889121
240.8243326
240.8582486
240.8610728
240.9923352
241.0727977
241.073197
241.2754842
241.2806933
241.2976693
241.3877917
241.4100748
241.4184616
241.4609515
241.4759508
241.5124033
241.5266308
241.5503167
241.5566244
241.5662641
241.6051836
241.6155977
241.6254328
241.7255975
241.7642127
241.8408608
241.8824312
242.0144036
242.1620022
242.2900208
242.3054091
242.3402968
242.3669967
242.4603451
242.4752368
242.5008754
242.503349
242.5091632
242.5181871
242.5347165
242.5466617
242.6528742
242.7840894
242.8371928
242.8461742
242.9485601
242.9500064
242.9829461
242.9919082
243.0850914
243.1315759
243.1775236
243.4180196
243.5079555
243.686372
243.7653181
243.7936818
243.9461654
244.0203009
244.1172064
244.1609705
244.1635383
244.2254665
244.2271539
244.2291814
244.3156116
244.3464789
244.3578084
244.459815
244.5070015
244.5292999
244.6476739
244.7186119
244.9704677
245.0756101
245.1087868
245.2088739
245.2246519
245.2390355
245.3559694
245.3959797
245.4209663
245.5011199
245.594095
245.6276933
245.6446828
245.6752521
245.8313121
245.9501843
245.9559292
246.0076345
246.2082864
246.2785748
246.4051185
246.4294972
246.5010836
246.5469977
246.5692073
246.5696193
246.59651
246.6249907
246.8126601
246.8155931
246.8195057
246.8562174
246.9850602
247.1094634
247.1130802
247.1358401
247.144389
247.179335
247.2403658
247.355745
247.3636964
247.4187102
247.6765721
247.6992035
247.728233
247.7393188
247.7836646
247.9116505
248.0151282
248.0572068
248.2516208
248.341773
248.3876983
248.4905104
248.5326243
248.6481741
248.6838034
248.7630436
248.7714714
248.8337719
248.851194
248.853183
248.9254171
248.94855
248.9858833
249.0068202
249.1640074
249.1914592
249.3146132
249.3934601
249.4628542
249.4825277
249.5658997
249.6048501
249.6335461
249.6552713
249.6805853
249.7399107
249.8305205
249.844044
249.9730108
250.0138443
250.0425218
250.1098487
250.2594745
250.3975304
250.5032433
250.5278883
250.5517716
250.5984593
250.6841228
250.7588993
250.7970676
250.8323075
250.8460723
250.8482746
251.1091994
251.2552008
251.2842465
251.2997496
251.5880619
251.764665
251.7803236
252.1939531
252.2084434
252.2325073
252.3191187
252.3726279
252.3795348
252.4554016
252.5524239
252.6417338
252.8178251
252.8741459
253.0156131
253.0451069
253.0543113
253.1005159
253.1535486
253.2539043
253.2595548
253.2779117
253.4506955
253.5222974
253.5231977
253.8353804
254.0145073
254.049877
254.088511
254.1155603
254.312079
254.464562
254.4749778
254.7078729
254.7617302
254.8254518
254.9149584
254.9152682
254.9566323
255.1805693
255.2892469
255.4575088
255.4695264
255.5567321
255.60279
255.6353963
255.7698833
255.7919092
255.8177108
255.8249663
255.8562332
255.8567046
255.8572506
255.9931824
256.0199169
256.0719024
256.2878133
256.3287369
256.3782497
256.4239797
256.556357
256.6586751
256.7089592
256.8198471
256.8397509
257.0196546
257.0202745
257.0707464
257.094848
257.099275
257.1016452
257.1515654
257.2032776
257.2751087
257.3203593
257.4342426
257.7254094
257.7415452
257.766516
257.9274542
257.9510153
257.9908832
258.2083699
258.2639178
258.4075613
258.7330147
258.7397715
258.8675536
259.0700411
259.0987687
259.2219629
259.2856848
259.3154366
259.3350766
259.4274692
259.474684
259.4862401
259.4968208
259.5301718
259.5773531
259.6314493
259.6731872
259.7066208
259.7332051
260.0040639
260.6573832
261.1703273
261.183557
261.2836472
261.3824105
261.543695
261.5872815
261.7290625
261.7334751
261.7591686
261.7897698
261.8150131
261.9840001
261.9901089
262.1717809
262.3327389
262.6256907
262.6784931
262.7794414
262.8311794
263.012671
263.0464532
263.0674957
263.0825335
263.1206745
263.2228554
263.3140995
263.3881671
263.4137622
263.4196694
263.5015455
263.5258737
264.3106698
264.5694214
264.9013135
265.0525194
265.0995014
265.1776487
265.2533474
265.4976959
265.5004853
265.5458964
265.5573944
265.579248
265.6164539
265.6436553
265.7871842
265.818037
265.8520536
266.0077126
266.0242687
266.1673778
266.3210273
266.7341821
266.7679032
266.9107945
267.089139
267.5042129
267.5618408
267.9565544
268.0653846
268.2164868
268.3689646
268.4080566
268.4734557
268.5571577
268.5678297
269.0040923
269.0314111
269.0629121
269.0709566
269.1184156
269.1262614
269.2169603
269.2616458
269.3214859
270.0589565
270.2791481
270.2815219
270.4101695
270.5251156
270.6944116
270.9153829
270.9174215
270.93811
270.9753777
271.0183429
271.1217869
271.1365205
271.2042249
271.3518174
271.5689669
271.6917583
271.7624929
271.7770686
271.7998605
271.8999521
271.9265388
272.4135159
272.784582
272.7853
273.0680743
273.1845738
273.3047963
273.4029692
273.8573702
274.0278651
274.1094786
274.2332344
274.4786636
274.8360512
275.4040006
275.4389722
275.6585109
275.7257803
275.7741861
276.0485201
276.3003263
276.3367895
276.5434797
276.5483038
276.8941878
276.9038146
277.1523922
277.9368318
277.961919
278.9597409
279.7080527
279.9307977
279.9773172
280.1750615
280.4161391
280.9926936
280.9994399
281.0442068
281.8499212
282.1811938
282.195576
282.4347605
282.4412183
282.7444541
283.2645444
283.3925694
284.819197
285.0627313
285.2415192
285.367343
286.4598387
286.692079
287.5152116
287.9710027
288.0027303
288.3318885
288.5026199
288.9155954
289.000314
289.7494379
289.762483
290.2568108
290.8081365
294.843868
296.144309
296.1474041
298.6103555
301.2079789
302.9496011
305.5266257
306.3463644
306.5438954
307.2277724
312.426136
314.2445248
315.4194752
318.1545103
318.995246
325.4162602
