-2.7864e+07
-2.74711e+07
-2.71443e+07
-2.71412e+07
-2.7137e+07
-2.67278e+07
-2.56162e+07
-2.54298e+07
-2.51718e+07
-2.50381e+07
-2.41823e+07
-2.40172e+07
-2.38906e+07
-2.38759e+07
-2.376e+07
-2.36699e+07
-2.33352e+07
-2.29772e+07
-2.28521e+07
-2.21775e+07
-2.16863e+07
-2.16646e+07
-2.14331e+07
-2.14163e+07
-2.10362e+07
-2.09483e+07
-2.08337e+07
-2.03172e+07
-2.03086e+07
-1.94348e+07
-1.9418e+07
-1.9316e+07
-1.92372e+07
-1.8916e+07
-1.87213e+07
-1.84355e+07
-1.83484e+07
-1.83227e+07
-1.77305e+07
-1.72895e+07
-1.65727e+07
-1.65631e+07
-1.63481e+07
-1.6044e+07
-1.59754e+07
-1.5848e+07
-1.57922e+07
-1.5792e+07
-1.5345e+07
-1.52325e+07
-1.43163e+07
-1.43159e+07
-1.42405e+07
-1.31405e+07
-1.30105e+07
-1.30035e+07
-1.29601e+07
-1.29056e+07
-1.24465e+07
-1.23829e+07
-1.21775e+07
-1.17626e+07
-1.16714e+07
-1.15931e+07
-1.15311e+07
-1.14836e+07
-1.13663e+07
-1.12645e+07
-1.1166e+07
-1.11138e+07
-1.04613e+07
-1.03263e+07
-1.03106e+07
-1.02468e+07
-1.01598e+07
-9.82585e+06
-9.54283e+06
-9.43732e+06
-9.38132e+06
-9.37457e+06
-9.00412e+06
-8.88494e+06
-8.80748e+06
-8.67173e+06
-8.65077e+06
-8.52448e+06
-8.49573e+06
-8.46024e+06
-8.23526e+06
-8.05388e+06
-7.5697e+06
-7.49823e+06
-7.45285e+06
-7.29214e+06
-7.23598e+06
-7.17243e+06
-7.10283e+06
-6.9791e+06
-6.81688e+06
-6.73795e+06
-6.73474e+06
-6.73228e+06
-6.7169e+06
-6.67379e+06
-6.66647e+06
-6.5971e+06
-6.54326e+06
-6.44307e+06
-6.25395e+06
-6.23334e+06
-6.15248e+06
-6.14917e+06
-6.04718e+06
-6.03021e+06
-5.95265e+06
-5.95151e+06
-5.92358e+06
-5.89189e+06
-5.85839e+06
-5.83944e+06
-5.78564e+06
-5.74527e+06
-5.67497e+06
-5.67139e+06
-5.66428e+06
-5.59016e+06
-5.42138e+06
-5.28092e+06
-5.12071e+06
-5.0548e+06
-5.02125e+06
-4.95649e+06
-4.92658e+06
-4.87078e+06
-4.63132e+06
-4.55448e+06
-4.55414e+06
-4.52743e+06
-4.50078e+06
-4.47223e+06
-4.42903e+06
-4.42079e+06
-4.39538e+06
-4.3403e+06
-4.26378e+06
-4.25191e+06
-4.21893e+06
-4.20421e+06
-4.17114e+06
-4.13775e+06
-4.1338e+06
-4.04471e+06
-3.90767e+06
-3.9061e+06
-3.7211e+06
-3.59135e+06
-3.58172e+06
-3.58035e+06
-3.48546e+06
-3.4588e+06
-3.40347e+06
-3.38653e+06
-3.33046e+06
-3.30294e+06
-3.23458e+06
-3.20476e+06
-3.12651e+06
-3.11615e+06
-3.09489e+06
-3.06564e+06
-3.0626e+06
-3.05084e+06
-3.04476e+06
-3.03875e+06
-3.03874e+06
-2.99617e+06
-2.98124e+06
-2.97012e+06
-2.95278e+06
-2.9143e+06
-2.90762e+06
-2.88705e+06
-2.83694e+06
-2.82563e+06
-2.70789e+06
-2.68723e+06
-2.68533e+06
-2.68474e+06
-2.65819e+06
-2.60636e+06
-2.60518e+06
-2.59499e+06
-2.58584e+06
-2.55144e+06
-2.53421e+06
-2.5307e+06
-2.50802e+06
-2.49574e+06
-2.43672e+06
-2.42392e+06
-2.36186e+06
-2.35154e+06
-2.26146e+06
-2.25873e+06
-2.19472e+06
-2.13316e+06
-2.12699e+06
-2.09266e+06
-2.05276e+06
-2.03827e+06
-2.01343e+06
-1.99498e+06
-1.98053e+06
-1.97379e+06
-1.95689e+06
-1.95533e+06
-1.90204e+06
-1.8964e+06
-1.86858e+06
-1.85008e+06
-1.84177e+06
-1.81791e+06
-1.73541e+06
-1.72502e+06
-1.69757e+06
-1.68914e+06
-1.62423e+06
-1.60491e+06
-1.60155e+06
-1.60121e+06
-1.5607e+06
-1.54223e+06
-1.48955e+06
-1.4791e+06
-1.47852e+06
-1.46696e+06
-1.46591e+06
-1.46175e+06
-1.45334e+06
-1.44011e+06
-1.3986e+06
-1.39307e+06
-1.37755e+06
-1.37405e+06
-1.36765e+06
-1.36445e+06
-1.32551e+06
-1.32326e+06
-1.2995e+06
-1.29913e+06
-1.28265e+06
-1.26634e+06
-1.26125e+06
-1.25694e+06
-1.2455e+06
-1.23888e+06
-1.21266e+06
-1.19349e+06
-1.16278e+06
-1.14865e+06
-1.13783e+06
-1.10494e+06
-1.06855e+06
-1.06309e+06
-1.05285e+06
-1.03529e+06
-1.01635e+06
-1.00687e+06
-1.00299e+06
-986295
-983775
-983353
-979604
-978879
-969305
-968242
-967988
-956486
-933417
-932720
-930142
-908659
-901037
-883673
-883126
-869835
-858992
-858856
-849926
-818181
-817334
-786890
-777344
-775968
-765715
-758026
-736904
-725530
-706193
-703054
-696794
-692066
-687082
-686390
-682879
-667362
-665642
-654634
-647860
-631432
-629830
-621265
-620299
-610691
-602652
-602458
-589355
-575110
-569508
-561904
-558700
-555776
-542440
-537951
-532599
-525945
-511501
-506228
-500237
-475038
-472585
-472207
-472034
-464568
-460773
-456763
-454708
-454437
-449115
-447118
-446479
-436594
-435385
-428282
-411146
-404674
-391956
-391621
-391252
-389891
-385743
-383952
-372167
-364814
-362341
-360154
-357895
-357524
-338104
-336995
-336149
-326748
-326034
-321208
-312895
-306870
-303323
-302220
-301083
-297049
-296303
-295360
-295175
-295069
-293631
-293499
-290427
-289960
-288710
-287252
-285704
-281884
-281720
-280269
-273355
-267235
-260978
-259841
-259304
-253094
-251272
-247763
-247659
-247370
-247191
-246506
-242146
-241694
-239752
-230692
-230069
-229852
-228145
-222232
-220094
-218181
-217881
-214254
-201243
-199404
-199054
-194238
-193726
-190405
-189238
-187224
-186419
-185821
-183713
-178386
-178287
-177916
-177621
-171249
-171050
-170482
-170115
-168627
-164980
-164338
-163385
-161735
-161066
-160007
-159131
-157883
-157246
-152597
-152492
-152164
-151731
-151126
-149914
-146185
-143705
-142130
-141503
-140708
-138985
-137258
-134662
-132128
-131823
-131395
-131161
-131087
-127872
-125699
-125102
-125009
-124618
-124376
-123750
-123041
-122936
-122128
-121740
-120902
-118851
-117215
-116778
-116273
-116052
-115916
-115402
-114307
-114238
-112104
-108829
-108376
-108227
-107393
-104622
-104541
-103211
-101408
-101229
-100462
-100398
-99663.9
-97815.6
-97295.1
-97169.8
-96914.8
-94434.2
-93913.5
-92831.7
-91971.3
-89481
-87714.8
-87536.4
-87269.4
-87179
-86747.4
-86586
-85250.7
-84721.6
-84639.9
-84429.1
-83575.2
-83487.5
-83148.6
-82846
-82224.1
-81689.2
-81276.5
-81130.3
-80952.4
-80231.2
-80216.8
-80004.8
-78863.1
-78470.5
-78035.8
-76149.4
-75220.7
-74939.9
-74294.9
-74108.7
-72823.4
-72622.7
-72469.6
-71777.7
-71632.4
-71107.2
-70250.9
-69829.3
-68758.9
-68580.5
-68045.3
-66932.5
-66932.5
-66568.1
-66050.7
-65711.6
-64874.3
-64821.7
-63886.6
-63604.2
-63153.4
-62159.3
-61960.4
-61941.4
-61935.9
-61180
-60365.8
-60100.6
-59723.5
-59669.4
-59098.8
-59061.1
-58851.2
-58664.5
-58577.6
-58403.2
-58183.9
-56903.1
-56579.5
-56441.2
-55847.5
-55785.4
-55682.7
-55464.4
-55008.5
-54446.7
-54443.1
-53175
-52950.7
-52908.9
-52544.7
-51850.4
-51789.5
-50956.3
-50749.1
-50712.2
-50247.5
-50044
-49835
-49462.2
-49271.2
-49118.9
-48470.9
-48367.1
-48053.4
-48035.6
-47740
-46662.4
-46623.4
-45759.7
-45643.8
-45439.1
-45126.9
-44904
-43938.5
-42647.1
-42309.3
-42134.4
-41989.9
-40925.4
-40449.3
-39847.5
-39830.5
-39665.5
-39303.1
-39200.6
-39133.6
-39070.8
-38715.1
-38338.2
-38292.3
-37691.6
-37197
-36923.2
-36853.4
-36257.7
-35943.3
-35602.2
-35586.8
-35505
-35269.7
-34992.1
-34919.7
-34728.1
-34709.2
-34575.8
-34567.7
-34566.5
-34562.7
-34404.3
-33784.1
-33311.8
-33279
-33043.2
-32932.4
-32614.3
-32500.3
-32362.6
-32095
-31806.9
-31623.4
-31585.6
-31356.1
-30866.1
-30760.1
-30743.9
-30584.4
-30174.9
-29980.1
-29958.3
-29702.1
-29561.9
-29531.9
-29446.9
-29275.7
-28998.2
-28634.2
-28333
-28073.3
-27809.8
-27763.9
-27645.1
-27418.4
-27358.8
-27261.7
-27100.1
-26655.1
-26557.8
-26457.1
-26333
-26165.3
-26095.6
-25649.6
-25593.1
-25378.9
-25149.6
-24889.5
-24784.2
-24723.3
-24699.1
-24698.8
-24473
-24268.7
-23931.7
-23866.8
-23661.6
-23448.3
-23368.9
-23016.2
-22458.2
-22443.3
-22375.5
-22360.4
-21793.9
-21771.8
-21678.2
-21199.5
-20830.1
-20438.9
-20286
-19978.5
-19871
-19797.2
-19703.8
-19636
-19588.4
-19369.8
-19315.9
-19060.1
-18990.8
-18783.4
-18673.6
-18550.2
-18517.8
-18459
-18453.6
-18390.8
-18021.2
-17902.7
-17707.3
-17626.6
-17410.1
-17257.8
-17201.6
-16936
-16745.4
-16713.9
-16560.5
-16525.7
-16351
-16171.1
-16161.6
-15884.9
-15865
-15838.4
-15791.6
-15722.8
-15666.9
-15554.4
-15386.9
-15379.4
-15342.5
-15183.1
-15163.6
-15007.1
-14873.8
-14840.7
-14755.2
-14735.6
-14691.3
-14546.7
-14452.7
-14379.8
-14298.4
-14127.5
-14112.3
-14011.6
-13959
-13810.5
-13782.1
-13613
-13583.6
-13445.4
-13423.7
-13317.5
-13306.4
-13244
-13011.8
-12894.3
-12750.9
-12672.4
-12659.7
-12633.3
-12438
-12312.2
-12301.4
-12251.5
-12143.5
-11926.8
-11891.4
-11824.6
-11750.5
-11697.9
-11626.6
-11510.7
-11505.5
-11483.4
-11427.4
-11331.3
-11204.9
-11161.5
-11102.7
-11058.7
-10921.4
-10845.9
-10824.4
-10795
-10773.6
-10773.6
-10772.6
-10702.9
-10699.4
-10657.1
-10655.3
-10625.9
-10493.9
-10466.9
-10463.9
-10421.6
-10384.7
-10253.7
-10232.8
-10154.6
-10146.5
-10136.8
-10111.4
-10100.4
-10040
-10035.8
-9981.6
-9915.95
-9891.96
-9885.02
-9871.56
-9478.19
-9471.51
-9366.52
-9274.83
-9213.16
-9153.37
-9005.61
-8953.6
-8863.02
-8843.74
-8821.6
-8764.55
-8668.49
-8622.21
-8573.03
-8282.15
-8160.67
-8030.24
-8021.31
-7984.69
-7930.04
-7880.76
-7825.1
-7744.54
-7742.25
-7740.36
-7709.33
-7566
-7548.12
-7516.15
-7492.86
-7396.71
-7390.33
-7387.27
-7325.85
-7315.3
-7282.32
-7275.6
-7242.03
-7238.67
-7174.55
-7157.98
-7083.29
-7061.28
-6946.83
-6812.45
-6777.02
-6725.98
-6683.84
-6654.64
-6623.5
-6518.65
-6507.39
-6504.63
-6409.77
-6407.18
-6399.48
-6392.29
-6330.31
-6268.99
-6165.06
-6089.59
-6074.99
-6055
-5994.49
-5991.17
-5980.9
-5980.77
-5969.51
-5873.23
-5804.63
-5803.12
-5766.8
-5746.41
-5724.28
-5700.57
-5685.56
-5525.6
-5521.14
-5426.88
-5411.62
-5391.07
-5373.58
-5372.9
-5329.64
-5319.15
-5290.72
-5285.98
-5272.87
-5214.4
-5162.11
-5024.23
-4958.21
-4918.12
-4904.44
-4885.96
-4881.66
-4776.89
-4758.31
-4675.78
-4652.85
-4586.81
-4584.84
-4575.33
-4525.84
-4477.21
-4455.73
-4445.56
-4415.67
-4382.24
-4366.15
-4321.49
-4304.86
-4276.9
-4266.32
-4250.91
-4245.78
-4227.51
-4221.02
-4220.98
-4207.89
-4176.46
-4150.56
-4145.32
-4144.79
-4137.43
-4117.97
-4094.27
-4074.63
-3979.62
-3979.1
-3967.27
-3958.45
-3950.96
-3933.51
-3925.06
-3921.22
-3888.8
-3881
-3876.2
-3863.24
-3849.55
-3787.18
-3750.8
-3737
-3722.6
-3720.73
-3661.53
-3643.1
-3612.15
-3601.9
-3579.45
-3573.13
-3546.92
-3543.84
-3506.84
-3477.45
-3449.9
-3437.71
-3420.78
-3409.01
-3393.42
-3386.93
-3368.75
-3357.7
-3347.79
-3325.89
-3316.04
-3239.77
-3221.06
-3203.01
-3144.43
-3118.2
-3115.44
-3101.19
-3100.71
-3070.26
-3049.79
-3037.5
-3029.84
-3029.65
-3018.66
-2971.74
-2950.14
-2929.4
-2911.78
-2901.68
-2865.37
-2863.43
-2860.02
-2859.04
-2856.89
-2846.69
-2812.56
-2777.18
-2771.69
-2757.57
-2754.68
-2720.44
-2717.93
-2716.09
-2714.62
-2676.38
-2590.74
-2590.3
-2590.06
-2584.85
-2561.93
-2514.78
-2507
-2506.35
-2501.1
-2488.9
-2482.19
-2431.64
-2422.18
-2404.53
-2399.67
-2363.32
-2362.29
-2358.45
-2350.21
-2347.99
-2322.35
-2305.97
-2290.16
-2285.95
-2265.38
-2265.19
-2261.49
-2259.25
-2250.28
-2248.98
-2246.73
-2238.45
-2221.72
-2202.14
-2184.13
-2149.87
-2139.78
-2134.18
-2134.14
-2133.26
-2127.35
-2126.48
-2122.76
-2108.54
-2102.83
-2102.46
-2093.01
-2074.13
-2072.38
-2071.88
-2058.22
-2046.04
-2040.75
-2033.45
-2020.72
-2017.69
-2011.89
-2007.87
-2004.98
-1996.75
-1991
-1966.09
-1960.44
-1959.77
-1952.67
-1942.67
-1934.49
-1926.69
-1926.31
-1922.31
-1909.46
-1908.35
-1891.41
-1886.29
-1848.67
-1844.26
-1838.24
-1816.26
-1813.62
-1810.75
-1809.76
-1805.56
-1795
-1773.41
-1772.81
-1765.25
-1727.13
-1718.86
-1710.09
-1658.78
-1645.86
-1641.46
-1636.41
-1632.26
-1623.9
-1623.23
-1614.46
-1608.34
-1605.98
-1588.22
-1581.47
-1576.57
-1566.43
-1564.69
-1561.84
-1558.19
-1544.71
-1538.62
-1524.25
-1524.13
-1520.44
-1518.87
-1516.53
-1515.01
-1514.29
-1482.89
-1469.45
-1469.21
-1456.45
-1455.49
-1453.96
-1437.26
-1433.49
-1433.3
-1428.89
-1409.53
-1407.1
-1401.71
-1398.58
-1389.83
-1386.26
-1373.06
-1369.48
-1367.53
-1365.68
-1351.34
-1350.67
-1344.67
-1339.83
-1339.01
-1327.98
-1327.9
-1327.05
-1318.73
-1302.8
-1301.2
-1262.84
-1259.69
-1258.04
-1255.76
-1242.48
-1238.09
-1236.14
-1224.49
-1217.28
-1213.56
-1211.63
-1207.56
-1199.57
-1199.11
-1193.9
-1188.14
-1182.3
-1181.85
-1172.67
-1167.39
-1167
-1152.86
-1139.32
-1136.59
-1124.98
-1123.44
-1119.98
-1107.27
-1104.47
-1098.48
-1089.88
-1088.54
-1073.68
-1062.12
-1042.06
-1032.92
-1032.81
-1027.68
-1022.55
-1022.22
-1017.11
-1014.8
-1001.15
-995.056
-991.314
-989.233
-982.945
-976.412
-976.164
-974.766
-971.713
-968.429
-963.54
-961.276
-958.262
-951.125
-939.169
-937.248
-934.831
-931.678
-931.258
-913.12
-911.142
-908.988
-901.52
-901.242
-898.417
-897.705
-897.459
-895.619
-891.526
-887.017
-885.875
-883.575
-881.914
-881.35
-877.013
-873.553
-868.561
-866.807
-866.616
-864.449
-862.04
-856.706
-850.451
-845.6
-837.733
-837.397
-835.539
-834.678
-831.822
-822.673
-819.834
-819.765
-818.704
-812.964
-812.073
-811.609
-803.013
-801.951
-800.254
-797.154
-793.165
-789.319
-787.249
-783.137
-781.104
-767.846
-751.831
-746.4
-746.09
-742.965
-738.944
-738.447
-737.402
-735.958
-733.412
-726.447
-719.311
-719.301
-712.228
-706.768
-705.363
-702.948
-700.868
-698.727
-695.026
-690.468
-682.484
-680.903
-677.962
-675.369
-673.011
-671.595
-670.084
-660.857
-660.512
-660.142
-658.24
-655.598
-655.239
-654.997
-649.472
-646.641
-645.733
-643.442
-638.855
-637.885
-637.02
-633.547
-632.81
-629.843
-622.788
-611.854
-608.598
-607.995
-607.505
-601.416
-597.832
-597.233
-592.242
-587.69
-585.498
-582.631
-580.994
-580.964
-579.413
-575.482
-572.843
-571.938
-563.565
-562.342
-560.555
-559.793
-558.911
-556.176
-553.659
-549.713
-547.059
-540.185
-540.172
-539.813
-539.264
-537.723
-535.72
-534.414
-533.356
-530.629
-529.156
-526.546
-521.337
-519.786
-519.193
-515.738
-514.882
-514.596
-512.033
-509.815
-509.741
-509.366
-508.961
-503.241
-501.257
-500.347
-499.219
-498.212
-497.527
-497.026
-495.439
-490.451
-490.095
-487.51
-485.571
-483.207
-480.524
-479.923
-479.167
-479.001
-477.502
-475.551
-473.621
-471.909
-470.638
-469.791
-469.245
-467.061
-462.026
-461.956
-461.951
-460.123
-459.09
-456.835
-456.592
-452.145
-452.044
-447.199
-447.01
-445.229
-441.962
-438.987
-437.824
-435.288
-430.474
-426.553
-425.743
-424.49
-421.355
-421.167
-420.138
-418.92
-416.821
-415.907
-404.947
-400.785
-400.694
-391.292
-390.486
-390.145
-387.722
-386.558
-385.647
-383.593
-382.657
-382.159
-381.679
-376.591
-376.417
-374.145
-371.177
-370.29
-369.493
-365.047
-364.6
-363.836
-363.474
-362.28
-361.523
-361.251
-359.964
-358.924
-357.344
-356.146
-356.061
-355.847
-353.578
-353.326
-349.177
-339.129
-336.85
-335.081
-332.054
-331.356
-330.651
-330.004
-329.084
-328.938
-328.415
-326.597
-325.109
-324.12
-323.86
-322.748
-320.654
-318.73
-317.403
-315.345
-315.195
-315.148
-314.73
-314.066
-313.057
-312.9
-312.52
-310.948
-310.727
-306.733
-303.598
-301.035
-298.379
-298.211
-297.918
-296.779
-296.41
-295.936
-295.273
-293.546
-292.203
-291.674
-287.308
-286.512
-285.125
-285.091
-284.341
-284.248
-280.202
-279.67
-276.588
-275.302
-274.959
-274.957
-274.34
-270.862
-270.502
-270.137
-269.389
-268.891
-267.48
-262.216
-262.143
-261.563
-261.367
-260.977
-256.675
-253.553
-252.083
-250.363
-249.048
-246.04
-244.811
-243.981
-240.938
-237.711
-237.705
-235.935
-234.878
-232.843
-232.267
-231.768
-231.261
-231.129
-229.81
-229.712
-227.427
-227.369
-226.266
-224.818
-224.775
-221.303
-217.365
-213.601
-211.801
-210.734
-210.063
-206.847
-204.417
-203.147
-202.628
-201.544
-201.25
-199.934
-198.962
-198.523
-197.608
-196.73
-195.48
-194.19
-193.856
-193.337
-192.64
-192.504
-190.647
-189.819
-188.476
-187.356
-187.072
-185.95
-185.534
-184.395
-182.719
-180.006
-179.259
-177.645
-176.231
-175.008
-174.434
-171.976
-171.473
-171.275
-169.273
-167.939
-167.905
-167.492
-166.999
-165.349
-163.914
-162.803
-162.789
-162.243
-160.497
-159.958
-159.77
-159.595
-159.217
-158.8
-157.454
-156.498
-156.115
-155.935
-155.569
-152.145
-151.854
-151.806
-151.744
-150.167
-150.016
-149.482
-149.241
-149.218
-149.057
-148.896
-148.486
-147.567
-146.238
-146.003
-144.805
-144.521
-144.281
-144.215
-144.049
-144.002
-143.112
-142.618
-142.168
-139.823
-138.732
-138.236
-135.41
-134.715
-134.584
-131.445
-131.248
-130.431
-130.246
-129.563
-129.493
-127.837
-127.689
-127.235
-126.891
-126.743
-125.598
-125.528
-125.27
-125.195
-125.009
-124.977
-124.714
-122.363
-121.183
-121.149
-120.445
-120.387
-120.264
-119.846
-118.61
-118.378
-117.204
-115.515
-115.399
-115.093
-114.331
-113.802
-113.055
-111.741
-111.419
-110.783
-109.995
-109.994
-108.702
-108.626
-107.951
-106.72
-106.618
-106.419
-106.16
-104.069
-103.744
-103.326
-103.03
-102.242
-101.572
-100.456
-100.21
-99.8666
-99.2768
-98.4896
-98.4671
-98.3263
-98.1289
-97.8951
-97.6374
-97.2782
-97.2325
-96.6067
-92.6735
-92.5858
-91.7185
-90.5733
-90.4517
-90.2021
-89.9873
-89.8202
-89.598
-88.585
-86.955
-86.483
-86.0842
-85.4129
-85.166
-84.8595
-84.841
-84.431
-84.4011
-83.9951
-83.2847
-83.2743
-83.1385
-82.3413
-82.232
-82.17
-81.3595
-80.594
-80.423
-78.9555
-77.9028
-77.865
-77.6889
-77.6246
-77.0566
-76.6796
-75.6298
-75.0299
-74.4203
-73.4956
-73.1867
-73.1212
-72.1883
-70.655
-70.4017
-70.214
-69.9832
-67.9594
-66.0182
-65.584
-64.8307
-64.5711
-64.1727
-63.3575
-62.6373
-62.6231
-62.5581
-62.2322
-62.0895
-61.9001
-61.3227
-60.8723
-60.8445
-60.4272
-60.3685
-58.3885
-58.2061
-56.1183
-55.3193
-55.1211
-53.8356
-53.6176
-53.3202
-53.2082
-52.7375
-52.527
-52.3042
-51.9414
-51.4816
-51.1839
-50.9175
-50.4161
-49.9623
-49.7669
-48.9918
-48.8169
-48.8031
-48.7503
-48.4855
-48.4201
-48.3674
-48.3259
-46.7363
-46.1004
-44.9011
-44.5843
-44.5322
-42.933
-42.874
-42.4075
-42.2821
-41.7602
-41.1226
-40.4038
-39.9553
-39.552
-39.3611
-39.3404
-38.8843
-38.4182
-37.6181
-37.5559
-36.4633
-36.0799
-35.5797
-34.8621
-34.7236
-34.5949
-33.7476
-32.6974
-32.506
-32.273
-31.1752
-30.4121
-29.5992
-29.4574
-29.1205
-28.4858
-27.9586
-27.6323
-27.4519
-25.6095
-25.4802
-25.1228
-24.8218
-24.557
-24.2524
-23.867
-23.6421
-23.1825
-22.0041
-21.4952
-21.1248
-20.6107
-20.2087
-19.888
-19.3815
-17.6847
-17.1994
-16.8683
-16.6195
-16.1025
-15.4186
-15.1187
-15.0107
-14.6129
-14.4669
-14.2221
-13.5562
-13.4634
-13.0101
-12.6067
-12.3834
-12.0984
-12.0225
-11.0435
-10.8575
-10.3881
-10.1872
-8.85255
-8.40553
-8.4001
-8.19522
-8.12033
-7.61943
-7.52041
-7.43464
-6.68668
-6.10997
-6.03611
-5.96843
-5.40901
-4.90049
-4.43542
-3.86751
-3.66219
-3.48329
-3.23232
-2.90906
-2.83537
-2.66083
-2.26079
-1.77563
-1.70816
-1.62772
-0.772791
-0.192551
-0.153009
-0.151124
0.303607
0.40336
0.759199
0.770406
0.770492
1.17096
1.19885
1.56302
2.17649
2.39206
2.43302
2.79377
3.11538
3.21646
3.88656
3.96896
4.17936
4.49075
4.80565
5.27452
5.49351
5.87536
5.94338
5.97876
6.77595
7.70071
7.9427
8.15549
8.88516
8.96681
9.49521
10.0609
10.4195
11.0886
11.5271
11.7128
11.9838
12.328
12.6387
12.762
12.9226
13.2148
13.4434
14.1863
14.2387
14.241
14.8056
15.2852
15.2961
16.2018
16.2237
16.8826
17.0658
17.3378
17.506
17.57
17.5883
17.8891
18.0081
18.0149
18.2954
18.4937
18.5541
18.5925
18.9285
19.4696
19.9902
20.2352
20.2456
20.305
20.3132
20.3435
20.7334
21.2688
21.3367
21.4211
21.5214
21.6196
21.8174
22.2427
22.4817
22.5344
22.5764
22.9941
23.0303
23.1043
23.1885
23.2351
23.2906
23.3928
23.5482
23.583
23.7964
23.9066
24.234
24.2944
24.4225
24.8388
24.8512
24.8674
25.2901
25.3514
25.5428
25.7389
25.842
26.6141
26.9408
26.9489
27.464
27.6584
27.6914
27.8386
27.8858
27.892
27.9225
28.6561
28.6902
28.7068
28.8543
29.1425
29.3933
29.4324
29.6319
29.8375
29.9144
30.0892
30.1654
30.2056
30.2759
30.8292
30.8584
31.2028
31.4845
31.5665
31.9837
32.1053
32.1946
32.2536
32.3946
32.4278
32.5305
33.0752
33.1565
33.5014
33.6578
33.7423
33.8767
33.9447
34.0078
34.0725
34.1166
34.214
34.5292
34.5611
34.5768
35.1132
35.3556
35.4277
35.5983
35.6428
36.4984
36.7731
36.8139
37.0263
37.2291
37.261
37.4704
37.4951
37.5655
37.5822
37.6167
37.8453
38.293
38.489
38.7963
38.8629
38.9829
39.0519
39.526
39.7518
39.8287
40.3248
41.3973
41.6123
41.7596
41.8334
42.0439
42.1131
42.1477
42.1965
42.1994
42.2419
42.362
42.3695
42.6254
42.6411
42.7748
42.9845
43.2006
43.2481
43.3806
43.4135
43.465
43.5387
43.6556
43.7233
44.058
44.1347
44.1801
44.2486
44.2542
44.7079
44.7337
44.8292
44.9217
45.0012
45.0667
45.1325
45.4415
45.7493
45.7804
45.94
46.0038
46.0491
46.0721
46.7184
46.758
46.7688
46.8372
46.9003
47.0344
47.0731
47.3811
47.417
47.4912
47.535
47.5774
47.7668
47.8018
47.8839
48.2263
48.2555
48.4869
48.7851
48.8222
49.0244
49.0581
49.1217
49.2335
49.2886
49.2951
49.3029
49.572
49.6207
49.7395
49.7574
49.7762
49.871
50.0925
50.319
50.3781
50.4476
50.4748
50.5739
50.6192
50.768
50.7751
50.9023
50.9736
51.0091
51.0818
51.108
51.2653
51.5647
51.6595
51.7143
51.7144
51.7897
51.9281
52.0379
52.1501
52.1811
52.2452
52.323
52.4032
52.4257
52.4379
52.6851
52.7269
52.7401
52.8434
52.8688
52.9723
52.9965
53.0109
53.0172
53.2961
53.5307
53.5834
53.5859
53.822
53.8445
53.8686
54.0663
54.0669
54.1684
54.2692
54.4139
54.4227
54.433
54.5777
54.6312
54.6619
54.7079
54.7288
54.8162
54.8343
54.9589
55.0412
55.1281
55.2821
55.3888
55.471
55.5461
55.576
55.5832
55.9374
56.0231
56.1097
56.1806
56.2066
56.297
56.324
56.6152
56.641
56.7675
56.8044
56.9512
57.1035
57.1766
57.3724
57.4091
57.472
57.6277
57.8783
57.9764
58.1853
58.2327
58.2755
58.2958
58.3266
58.3408
58.3802
58.3822
58.4155
58.5058
58.6298
58.6316
58.7193
58.7425
58.7728
58.7847
58.7895
58.7985
58.854
58.8818
58.9958
59.1225
59.1254
59.2426
59.2624
59.2727
59.3142
59.451
59.788
59.8979
60.2483
60.3037
60.3233
60.4272
60.4668
60.4794
60.5762
60.5946
60.6265
60.6777
60.7045
60.7354
60.899
61.3306
61.3662
61.4049
61.4386
61.4498
61.5945
61.6546
61.661
61.7272
62.0013
62.0235
62.1025
62.1038
62.2314
62.2502
62.2916
62.5117
62.667
62.6906
62.8438
62.963
63.1117
63.1969
63.2398
63.2945
63.4452
63.6071
63.6092
63.6329
63.635
64.0187
64.2047
64.2392
64.2773
64.3326
64.3752
64.3782
64.4094
64.4165
64.4444
64.4572
64.505
64.5444
64.6877
64.7609
64.7651
64.7755
64.8716
64.9347
64.9363
64.9432
65.0549
65.0756
65.0788
65.0953
65.1169
65.1489
65.203
65.2463
65.2643
65.2815
65.4686
65.4725
65.4733
65.4971
65.6492
65.662
65.7184
65.7602
65.7682
65.8342
65.8528
65.8956
65.9098
65.9322
65.9744
66.0006
66.0436
66.1696
66.1808
66.2131
66.2184
66.2832
66.2983
66.3702
66.3927
66.4826
66.5183
66.6139
66.6764
66.7297
66.8375
66.9197
66.9508
66.9648
67.1396
67.1768
67.2086
67.2321
67.2713
67.3564
67.3671
67.3943
67.4644
67.5525
67.5704
67.5949
67.7693
67.8812
67.8934
67.8987
67.961
68.0109
68.12
68.1293
68.1439
68.1736
68.231
68.2912
68.3035
68.312
68.3178
68.3547
68.3716
68.4114
68.4277
68.7422
68.7461
68.7526
68.7995
68.8353
68.8513
68.8743
68.896
68.9805
69.0091
69.0202
69.0875
69.1149
69.13
69.1533
69.2094
69.2309
69.2555
69.3528
69.3975
69.4521
69.4989
69.6096
69.6148
69.6194
69.7214
69.7215
69.7232
69.7397
69.7803
69.787
69.8268
69.8829
69.8861
69.901
69.9045
69.9449
70.0035
70.0047
70.0533
70.064
70.1519
70.1739
70.2035
70.2119
70.3156
70.4004
70.4499
70.4537
70.5723
70.6313
70.6514
70.728
70.8094
70.832
70.8521
70.9104
70.9261
71.0088
71.0152
71.0207
71.0491
71.0673
71.0981
71.1275
71.2084
71.2279
71.2427
71.3864
71.5038
71.5052
71.5299
71.5479
71.6774
71.7303
71.818
71.8476
71.9227
71.9642
71.9956
72.0664
72.0982
72.1525
72.1823
72.19
72.1997
72.2065
72.2967
72.3094
72.337
72.3853
72.3895
72.4065
72.4256
72.4648
72.4695
72.5152
72.5493
72.5796
72.586
72.6349
72.6349
72.635
72.6943
72.7463
72.788
72.8273
72.8376
72.8444
72.8466
72.858
72.906
72.9422
72.9557
73.2458
73.2791
73.3733
73.4047
73.4369
73.4719
73.4789
73.4828
73.4897
73.5425
73.5896
73.6089
73.6129
73.6851
73.7112
73.7149
73.7428
73.7606
73.8149
73.8369
73.8425
73.8782
73.9593
74.0085
74.0364
74.1694
74.2419
74.3102
74.4344
74.456
74.4776
74.4964
74.6197
74.6291
74.6317
74.6461
74.6485
74.6488
74.6812
74.7445
74.7575
74.7845
74.8143
74.8285
74.8381
74.8623
74.8937
74.8948
74.9125
75.011
75.061
75.0972
75.1344
75.2512
75.3047
75.335
75.3404
75.4437
75.4606
75.4808
75.5356
75.5412
75.5529
75.5531
75.5885
75.5897
75.6362
75.6757
75.7191
75.7226
75.7283
75.759
75.8149
75.8349
75.8386
75.8474
75.8628
75.8856
75.8936
75.9332
75.9379
75.9398
75.9926
76.0396
76.0501
76.0892
76.1508
76.18
76.2016
76.2176
76.2424
76.2526
76.2872
76.3162
76.3264
76.3517
76.3658
76.3714
76.4718
76.5196
76.5947
76.643
76.6514
76.6724
76.6773
76.7126
76.7287
76.7302
76.7304
76.7394
76.7662
76.8029
76.8159
76.8582
76.8624
76.9766
77.0396
77.0662
77.1311
77.1386
77.1392
77.1826
77.196
77.2075
77.2295
77.2568
77.3353
77.3455
77.3552
77.3911
77.395
77.4191
77.4645
77.4739
77.4763
77.534
77.5365
77.5402
77.5536
77.5685
77.5911
77.6024
77.655
77.6687
77.6871
77.6964
77.7184
77.7909
77.8032
77.8349
77.8427
77.8489
77.8554
78.0029
78.0082
78.025
78.0574
78.0654
78.0877
78.0996
78.1144
78.1588
78.1926
78.193
78.1957
78.1984
78.2025
78.2225
78.2322
78.2563
78.287
78.2934
78.3118
78.321
78.3235
78.3341
78.3427
78.3579
78.3589
78.3686
78.3879
78.4012
78.4138
78.4263
78.4318
78.4422
78.45
78.4587
78.5069
78.52
78.5317
78.5875
78.6142
78.6259
78.632
78.6351
78.643
78.723
78.7339
78.7577
78.8012
78.8168
78.8334
78.8597
78.8615
78.8756
78.8934
78.8942
78.9198
78.9233
78.9411
78.9563
78.9717
78.9724
78.9745
78.9804
78.9962
79.003
79.0213
79.0278
79.0969
79.1014
79.1181
79.1398
79.1449
79.1616
79.162
79.171
79.1903
79.2015
79.2296
79.2359
79.2664
79.2712
79.2922
79.3005
79.3347
79.352
79.3669
79.371
79.374
79.3803
79.4131
79.4323
79.4353
79.4402
79.4638
79.4647
79.4685
79.476
79.4968
79.5033
79.5049
79.5388
79.5524
79.5683
79.5914
79.5989
79.6374
79.6479
79.6501
79.6817
79.7055
79.7128
79.7224
79.7285
79.7369
79.7387
79.7416
79.7675
79.7687
79.7996
79.8039
79.8163
79.8453
79.8537
79.8568
79.869
79.8974
79.9155
79.9261
79.9872
80.0409
80.0427
80.0541
80.0588
80.0691
80.0846
80.0942
80.1031
80.1128
80.136
80.1483
80.1632
80.181
80.1821
80.2075
80.2091
80.2269
80.2568
80.2597
80.2732
80.2771
80.2791
80.286
80.2885
80.2931
80.2941
80.3129
80.3167
80.3359
80.3408
80.3534
80.3539
80.3584
80.4023
80.4183
80.4258
80.4401
80.4553
80.462
80.4687
80.4774
80.4973
80.5063
80.5711
80.6379
80.6457
80.646
80.6557
80.6662
80.6746
80.6944
80.7129
80.7635
80.7703
80.7711
80.8328
80.8465
80.8563
80.8826
80.8966
80.9018
80.9028
80.9484
80.9672
80.9922
81.0024
81.0172
81.0418
81.0457
81.0553
81.0877
81.0905
81.1037
81.111
81.1366
81.1393
81.1451
81.1487
81.1636
81.1688
81.1735
81.2014
81.2024
81.208
81.2145
81.2188
81.2203
81.2226
81.2368
81.2526
81.2627
81.275
81.3234
81.3376
81.3396
81.3436
81.3512
81.4017
81.4066
81.4086
81.4086
81.4107
81.4135
81.4136
81.419
81.4244
81.4287
81.4303
81.4443
81.4517
81.4553
81.4556
81.462
81.4631
81.473
81.4771
81.479
81.483
81.4837
81.4846
81.4858
81.4881
81.498
81.5012
81.5106
81.5134
81.5242
81.5269
81.5318
81.5318
81.5348
81.5403
81.5414
81.5427
81.5475
81.5512
81.5576
81.5592
81.5671
81.5693
81.5712
81.5748
81.5838
81.5839
81.5873
81.596
81.5973
81.5981
81.5992
81.6023
81.6059
81.6067
81.6168
81.6191
81.6221
81.6259
81.626
81.6261
81.6309
81.6315
81.6325
81.6465
81.6496
81.6603
81.6617
81.6644
81.6687
81.6756
81.6878
81.6938
81.6958
81.6973
81.7062
81.7085
81.7098
81.7108
81.7122
81.7147
81.7162
81.7198
81.7206
81.7225
81.7235
81.7238
81.7246
81.725
81.7349
81.7421
81.7485
81.7651
81.7675
81.7697
81.7718
81.7735
81.7743
81.7765
81.7805
81.7822
81.7901
81.7983
81.8006
81.8008
81.806
81.8077
81.813
81.8135
81.8193
81.824
81.8262
81.8283
81.8301
81.8341
81.8342
81.8433
81.8442
81.8515
81.8522
81.8548
81.8555
81.8565
81.8629
81.8683
81.8713
81.8765
81.8795
81.881
81.8818
81.8861
81.8909
81.896
81.8996
81.9025
81.9081
81.9084
81.9135
81.9233
81.9238
81.9259
81.9315
81.933
81.934
81.9341
81.9343
81.9362
81.9421
81.9501
81.9506
81.9537
81.9578
81.9622
81.9649
81.9698
81.9723
81.9752
81.9819
81.9866
81.9917
81.9981
81.9999
82.0051
82.0066
82.0161
82.0169
82.0213
82.0247
82.0287
82.0313
82.0339
82.0409
82.041
82.0481
82.0516
82.0537
82.0542
82.0581
82.0582
82.0583
82.0614
82.0635
82.0684
82.0732
82.0745
82.0777
82.0814
82.0852
82.0856
82.0861
82.0926
82.0959
82.0965
82.0974
82.0986
82.1051
82.1112
82.1121
82.1194
82.1296
82.1324
82.1343
82.1353
82.1417
82.1437
82.1443
82.1486
82.1495
82.1519
82.1532
82.1535
82.1537
82.1577
82.1606
82.1669
82.1679
82.1726
82.1733
82.1755
82.1771
82.1784
82.18
82.1801
82.1844
82.1853
82.1891
82.1916
82.1917
82.1963
82.1974
82.2016
82.2082
82.2094
82.2129
82.2158
82.2159
82.217
82.2182
82.2208
82.2217
82.2219
82.2221
82.2267
82.2343
82.2367
82.2382
82.2409
82.2479
82.2521
82.2526
82.2585
82.2647
82.2656
82.2673
82.273
82.2791
82.2803
82.289
82.2931
82.2974
82.2982
82.2988
82.3004
82.3008
82.3024
82.3092
82.3112
82.312
82.3159
82.3219
82.3298
82.3324
82.3328
82.3348
82.3353
82.3372
82.3395
82.3412
82.3432
82.3474
82.3476
82.3498
82.351
82.3534
82.3563
82.3669
82.3702
82.3727
82.376
82.379
82.3829
82.388
82.3911
82.3923
82.3988
82.3993
82.4018
82.4032
82.4041
82.4052
82.4085
82.4088
82.4127
82.4136
82.4159
82.4195
82.421
82.4218
82.4273
82.4295
82.4299
82.4326
82.4334
82.4338
82.4351
82.437
82.4372
82.441
82.4416
82.4422
82.4466
82.4491
82.4493
82.4532
82.4586
82.4591
82.4631
82.4638
82.469
82.474
82.4757
82.4765
82.4784
82.4789
82.4794
82.4854
82.486
82.4903
82.4967
82.4998
82.5027
82.5032
82.5113
82.5132
82.5135
82.5184
82.5203
82.5365
82.5394
82.5421
82.5439
82.5457
82.5486
82.5509
82.5515
82.5523
82.5537
82.5551
82.5553
82.5573
82.5604
82.563
82.5633
82.5655
82.5662
82.5694
82.5776
82.5785
82.579
82.5832
82.5854
82.5862
82.5863
82.5921
82.5958
82.5979
82.5996
82.6007
82.6008
82.6032
82.6048
82.6074
82.609
82.6101
82.6132
82.6132
82.615
82.6152
82.6152
82.6157
82.6165
82.6186
82.6189
82.6226
82.623
82.6263
82.6269
82.6285
82.6288
82.6301
82.6308
82.6336
82.6342
82.6359
82.6361
82.6378
82.6395
82.6416
82.6419
82.6435
82.6455
82.6457
82.6461
82.6463
82.6486
82.6497
82.6517
82.6528
82.6545
82.6562
82.657
82.6579
82.66
82.661
82.6619
82.6636
82.6672
82.668
82.6684
82.669
82.6694
82.6702
82.671
82.6711
82.6722
82.6734
82.6753
82.6778
82.6804
82.6815
82.6921
82.6923
82.6929
82.6975
82.6992
82.7024
82.7028
82.7052
82.7079
82.7088
82.7113
82.7119
82.7145
82.718
82.7181
82.7189
82.7198
82.7231
82.7242
82.7246
82.7257
82.7273
82.7274
82.7302
82.7324
82.7388
82.7403
82.7414
82.7417
82.7427
82.7436
82.7461
82.747
82.7473
82.7477
82.748
82.7509
82.7513
82.7533
82.7551
82.7601
82.7607
82.7612
82.7621
82.7642
82.7651
82.7663
82.767
82.7671
82.7688
82.7729
82.7766
82.7789
82.779
82.7828
82.7837
82.7856
82.7874
82.7938
82.794
82.7959
82.7966
82.7994
82.8005
82.8013
82.8067
82.8115
82.8127
82.8147
82.8162
82.8166
82.8167
82.8212
82.8215
82.8236
82.8242
82.8255
82.8256
82.8268
82.8297
82.8341
82.8352
82.8367
82.839
82.8402
82.8411
82.8412
82.8416
82.8422
82.8445
82.846
82.8464
82.8495
82.8509
82.8534
82.8537
82.8545
82.8583
82.8597
82.8623
82.8631
82.8668
82.8686
82.8688
82.8691
82.8698
82.8709
82.8728
82.8746
82.8762
82.877
82.8788
82.8793
82.8805
82.8808
82.8809
82.8819
82.8827
82.8852
82.8881
82.8907
82.8918
82.8955
82.8976
82.8985
82.8991
82.9021
82.904
82.9053
82.9055
82.9066
82.9069
82.9089
82.9105
82.911
82.9112
82.9117
82.9129
82.9133
82.9154
82.9177
82.9194
82.9217
82.922
82.9229
82.9249
82.9252
82.9255
82.9258
82.9261
82.9301
82.9317
82.9329
82.9329
82.9397
82.9398
82.9424
82.9426
82.9427
82.9428
82.945
82.9473
82.9478
82.9486
82.9495
82.9507
82.9513
82.9517
82.952
82.9532
82.9542
82.9559
82.956
82.9568
82.961
82.9623
82.9653
82.9653
82.9668
82.968
82.9739
82.9757
82.9758
82.9762
82.9766
82.9808
82.983
82.9832
82.9854
82.9862
82.9883
82.9886
82.992
82.9924
82.993
82.9934
82.9935
82.9958
82.9962
82.9967
82.9969
82.9989
82.9993
83.0003
83.0022
83.0034
83.0034
83.0037
83.0042
83.0047
83.0051
83.0095
83.0096
83.0104
83.0108
83.0135
83.0138
83.015
83.015
83.0154
83.0155
83.0155
83.0155
83.0156
83.0176
83.0178
83.0182
83.0184
83.0191
83.0203
83.0211
83.0223
83.0227
83.0234
83.0246
83.0252
83.0268
83.0278
83.0279
83.0282
83.0293
83.0301
83.0315
83.0316
83.0386
83.0388
83.0393
83.0394
83.0409
83.0418
83.044
83.0445
83.0461
83.0466
83.0481
83.0501
83.0506
83.0519
83.0529
83.0539
83.0543
83.0561
83.0577
83.0578
83.0585
83.0594
83.0597
83.0609
83.0612
83.063
83.065
83.0687
83.0689
83.0699
83.0708
83.0715
83.0726
83.0727
83.0729
83.0738
83.0741
83.0751
83.0758
83.0788
83.0793
83.0793
83.0823
83.0833
83.0839
83.0839
83.0863
83.0868
83.0869
83.0869
83.0877
83.089
83.0918
83.0936
83.0946
83.0977
83.1003
83.1004
83.101
83.1012
83.1014
83.1014
83.1045
83.1059
83.1075
83.1076
83.1095
83.1107
83.1129
83.1136
83.1142
83.1151
83.1192
83.1197
83.1203
83.1219
83.1237
83.1249
83.1253
83.1265
83.127
83.1273
83.1278
83.1308
83.1313
83.1325
83.1327
83.1344
83.135
83.1355
83.1356
83.1358
83.1378
83.1381
83.1384
83.1388
83.1402
83.1406
83.1406
83.141
83.142
83.1433
83.1434
83.1449
83.1453
83.1461
83.1462
83.147
83.1472
83.1484
83.1492
83.1496
83.1496
83.1498
83.1504
83.1518
83.1533
83.1573
83.1579
83.1587
83.161
83.1623
83.1624
83.163
83.1636
83.1639
83.1648
83.1659
83.1662
83.1663
83.1669
83.1671
83.1679
83.1686
83.1687
83.1692
83.1718
83.1726
83.173
83.1746
83.1756
83.1757
83.1759
83.1763
83.1766
83.1766
83.1767
83.1777
83.1779
83.1779
83.18
83.1802
83.1804
83.1817
83.1823
83.1825
83.1826
83.1828
83.183
83.1847
83.1848
83.1856
83.1864
83.1866
83.1872
83.1876
83.1882
83.1891
83.1895
83.1905
83.1918
83.1919
83.1924
83.1924
83.1936
83.1947
83.1956
83.1964
83.1973
83.1973
83.1982
83.1985
83.199
83.1994
83.1998
83.2014
83.2023
83.2027
83.2033
83.2045
83.2046
83.2077
83.209
83.2097
83.2103
83.2106
83.2107
83.2122
83.2131
83.2145
83.2148
83.2158
83.217
83.2171
83.2175
83.2177
83.2209
83.2211
83.2217
83.2234
83.2238
83.225
83.2268
83.2273
83.2275
83.229
83.2301
83.2302
83.2305
83.2308
83.2342
83.2349
83.2351
83.2368
83.2386
83.2387
83.2394
83.2404
83.2406
83.2413
83.2429
83.2441
83.2443
83.2455
83.2461
83.2461
83.2469
83.2473
83.2491
83.2493
83.25
83.2504
83.2508
83.2514
83.2517
83.2543
83.2545
83.2545
83.2545
83.2549
83.2552
83.2566
83.257
83.2583
83.2589
83.259
83.2597
83.2599
83.2599
83.2614
83.2614
83.2621
83.2631
83.2642
83.2647
83.2648
83.2654
83.2663
83.2674
83.2693
83.2694
83.2701
83.2705
83.2712
83.2715
83.2715
83.2731
83.2734
83.2736
83.2739
83.2758
83.276
83.2763
83.2764
83.2783
83.2786
83.2806
83.2812
83.282
83.2832
83.2834
83.284
83.2845
83.2849
83.285
83.2857
83.2859
83.2863
83.2865
83.2869
83.287
83.2881
83.2882
83.2882
83.2884
83.2885
83.2891
83.2893
83.2898
83.2906
83.2912
83.2921
83.2931
83.2935
83.2949
83.2975
83.299
83.3
83.3001
83.3008
83.301
83.3011
83.3015
83.3025
83.3027
83.3035
83.3038
83.304
83.3042
83.3043
83.3043
83.3044
83.3044
83.3045
83.3047
83.3054
83.3063
83.3065
83.3072
83.3072
83.3072
83.308
83.3081
83.3088
83.3089
83.3091
83.3091
83.3093
83.3102
83.3114
83.3115
83.3116
83.312
83.3123
83.3123
83.3125
83.3126
83.3129
83.3131
83.3142
83.3144
83.3146
83.3148
83.3159
83.3161
83.3167
83.3167
83.3179
83.318
83.3185
83.3198
83.3199
83.3202
83.3217
83.3228
83.3239
83.3243
83.3258
83.3266
83.327
83.3271
83.3272
83.3274
83.3276
83.3278
83.3281
83.3299
83.3302
83.3305
83.3316
83.3322
83.3325
83.3331
83.3344
83.3352
83.3352
83.3355
83.3367
83.3373
83.3375
83.3381
83.3382
83.3387
83.3399
83.3403
83.3405
83.3407
83.3414
83.3416
83.3423
83.343
83.3442
83.3445
83.3448
83.3449
83.3468
83.3473
83.3481
83.3485
83.3485
83.3485
83.3486
83.3486
83.3487
83.3494
83.3514
83.3524
83.3535
83.3564
83.3566
83.3568
83.3577
83.3593
83.3593
83.3612
83.3612
83.3617
83.3622
83.3624
83.3627
83.3633
83.3635
83.3637
83.364
83.3641
83.3642
83.3645
83.3645
83.3649
83.3655
83.366
83.366
83.3661
83.3661
83.3661
83.3664
83.3664
83.3665
83.3672
83.3676
83.3684
83.3687
83.3694
83.3697
83.3697
83.37
83.3709
83.372
83.3722
83.3727
83.3729
83.373
83.3736
83.3739
83.3754
83.3759
83.376
83.376
83.3762
83.3764
83.3765
83.3771
83.3774
83.3778
83.3783
83.3785
83.3786
83.3788
83.379
83.3793
83.3795
83.3796
83.3797
83.3798
83.3799
83.3799
83.3802
83.3815
83.3817
83.3829
83.3829
83.383
83.383
83.3835
83.3836
83.3838
83.3841
83.3843
83.3845
83.3851
83.3867
83.3875
83.3878
83.3882
83.3884
83.3896
83.3896
83.3899
83.3899
83.3902
83.3904
83.3913
83.3913
83.3914
83.3914
83.3916
83.3917
83.3921
83.3921
83.3923
83.3925
83.3926
83.3926
83.3939
83.3951
83.3952
83.3958
83.3966
83.3974
83.3975
83.3976
83.3978
83.3979
83.3986
83.399
83.3991
83.3995
83.3996
83.4008
83.401
83.4016
83.4021
83.4026
83.4027
83.4027
83.4028
83.4031
83.4033
83.4034
83.4039
83.4044
83.4045
83.4051
83.4051
83.4052
83.4061
83.4064
83.4066
83.4078
83.4082
83.4084
83.4085
83.4086
83.4089
83.409
83.4092
83.41
83.4102
83.4102
83.4103
83.4103
83.4114
83.4115
83.4119
83.4124
83.4132
83.4135
83.4141
83.4141
83.4144
83.4147
83.4153
83.4156
83.4156
83.4159
83.4161
83.4162
83.4164
83.4166
83.4168
83.417
83.4171
83.4173
83.418
83.418
83.4182
83.4182
83.4183
83.4185
83.4187
83.4191
83.4197
83.4201
83.4206
83.4207
83.4208
83.421
83.4211
83.4213
83.4214
83.4216
83.4223
83.4226
83.4227
83.4227
83.4231
83.4231
83.4234
83.4235
83.4244
83.4245
83.4246
83.4247
83.4249
83.4251
83.4258
83.426
83.426
83.426
83.4262
83.4264
83.4268
83.4272
83.4273
83.4276
83.4281
83.4285
83.4285
83.4286
83.4287
83.4291
83.4292
83.4293
83.4294
83.4296
83.4296
83.4296
83.4298
83.43
83.4304
83.4309
83.4313
83.4313
83.4317
83.4317
83.4321
83.4324
83.4324
83.4327
83.433
83.433
83.4334
83.4337
83.4338
83.4342
83.4343
83.4343
83.4346
83.4349
83.435
83.4352
83.4353
83.4354
83.4357
83.4358
83.4367
83.4368
83.4376
83.438
83.438
83.438
83.4381
83.4386
83.4387
83.4392
83.4393
83.4397
83.4401
83.4403
83.4403
83.4404
83.4404
83.4408
83.441
83.4412
83.4413
83.4414
83.4416
83.4417
83.442
83.4421
83.4421
83.4422
83.4423
83.4424
83.4428
83.4429
83.443
83.4431
83.4431
83.4432
83.4435
83.4435
83.4436
83.4441
83.4458
83.446
83.4462
83.4464
83.4465
83.4469
83.4471
83.4476
83.4477
83.4478
83.4481
83.4485
83.4485
83.4485
83.4487
83.4488
83.4489
83.4494
83.4496
83.4499
83.4501
83.4502
83.4507
83.4513
83.4514
83.4518
83.452
83.4522
83.4522
83.4523
83.4525
83.4533
83.4535
83.4535
83.4538
83.4538
83.4538
83.4542
83.4544
83.4546
83.4546
83.4547
83.4547
83.4549
83.455
83.4551
83.4552
83.4553
83.4554
83.4559
83.4561
83.4565
83.4567
83.4569
83.4569
83.4573
83.4576
83.4577
83.4578
83.4578
83.4579
83.458
83.4583
83.4585
83.4585
83.4585
83.4586
83.4593
83.4594
83.4594
83.4597
83.4599
83.46
83.4602
83.4605
83.4607
83.4611
83.4612
83.4614
83.4618
83.4619
83.4619
83.4624
83.4626
83.4627
83.4627
83.4627
83.4627
83.4628
83.4629
83.4629
83.4629
83.4629
83.463
83.4631
83.4632
83.4632
83.4636
83.4636
83.4637
83.4638
83.4638
83.4642
83.4643
83.4643
83.4644
83.4645
83.4646
83.4647
83.4648
83.4651
83.4653
83.4658
83.4661
83.4662
83.4662
83.4666
83.4668
83.467
83.4672
83.4673
83.4675
83.4676
83.468
83.4682
83.4683
83.4687
83.4688
83.4689
83.4693
83.4693
83.4694
83.4696
83.4698
83.4701
83.4705
83.4708
83.4709
83.471
83.471
83.4713
83.4714
83.4714
83.4714
83.4717
83.4717
83.472
83.4721
83.4724
83.4725
83.4725
83.4734
83.4734
83.4737
83.4738
83.4739
83.474
83.4741
83.4741
83.4742
83.4744
83.4746
83.4749
83.4751
83.4756
83.4756
83.4759
83.4759
83.4762
83.4763
83.4764
83.4765
83.4766
83.4767
83.4767
83.4769
83.4769
83.477
83.4771
83.4771
83.4774
83.4774
83.478
83.478
83.4781
83.4781
83.4782
83.4782
83.4783
83.4783
83.4787
83.4789
83.4789
83.479
83.4791
83.4791
83.4792
83.4793
83.4795
83.4797
83.4799
83.48
83.4803
83.4803
83.4803
83.4804
83.4805
83.4806
83.4806
83.4807
83.4809
83.481
83.4814
83.4815
83.4817
83.4819
83.482
83.4822
83.4822
83.4822
83.4823
83.4823
83.4824
83.4826
83.4827
83.4828
83.4828
83.4828
83.483
83.4832
83.4833
83.4833
83.4836
83.4837
83.4838
83.4839
83.484
83.4841
83.4842
83.4843
83.4844
83.4848
83.4849
83.4849
83.485
83.4852
83.4852
83.4853
83.4854
83.4855
83.4856
83.4857
83.4857
83.4857
83.4859
83.4861
83.4862
83.4862
83.4866
83.4867
83.4868
83.4868
83.4868
83.4873
83.4876
83.4877
83.4877
83.4879
83.488
83.4881
83.4882
83.4883
83.4884
83.4885
83.4885
83.4885
83.4886
83.4887
83.4887
83.4888
83.489
83.489
83.4892
83.4894
83.4895
83.4897
83.4897
83.4897
83.49
83.4902
83.4902
83.4903
83.4905
83.4905
83.4906
83.4908
83.4908
83.4909
83.4912
83.4912
83.4913
83.4913
83.4914
83.4914
83.4914
83.4916
83.4917
83.4918
83.4918
83.4919
83.4919
83.4919
83.492
83.492
83.492
83.4923
83.4924
83.4924
83.4925
83.4926
83.4927
83.4927
83.4928
83.4928
83.4929
83.493
83.493
83.4931
83.4931
83.4933
83.4933
83.4935
83.4935
83.4936
83.4936
83.4936
83.4937
83.4938
83.4939
83.4945
83.4947
83.4948
83.4952
83.4954
83.4957
83.4961
83.4962
83.4964
83.4964
83.4968
83.4969
83.497
83.4972
83.4972
83.4973
83.4973
83.4975
83.4977
83.4977
83.4977
83.4979
83.498
83.498
83.4983
83.4984
83.4985
83.4985
83.4987
83.4987
83.4988
83.4988
83.499
83.499
83.4993
83.4993
83.4993
83.4993
83.4993
83.4995
83.4995
83.4995
83.4997
83.4997
83.4998
83.4998
83.4998
83.4998
83.4999
83.5
83.5001
83.5002
83.5002
83.5003
83.5004
83.5004
83.5004
83.5006
83.5007
83.5007
83.5008
83.5009
83.5009
83.5009
83.501
83.5011
83.5012
83.5012
83.5012
83.5013
83.5013
83.5014
83.5014
83.5016
83.5016
83.5016
83.5018
83.5018
83.5018
83.5018
83.5018
83.5019
83.502
83.502
83.5021
83.5021
83.5022
83.5023
83.5023
83.5023
83.5023
83.5024
83.5025
83.5027
83.5027
83.5027
83.5027
83.5027
83.5027
83.5029
83.503
83.503
83.5031
83.5031
83.5032
83.5033
83.5034
83.5034
83.5035
83.5035
83.5036
83.5037
83.5037
83.5039
83.504
83.5041
83.5042
83.5042
83.5044
83.5044
83.5044
83.5045
83.5045
83.5046
83.5047
83.5047
83.5047
83.5047
83.5047
83.5048
83.505
83.505
83.5054
83.5054
83.5055
83.5055
83.5056
83.5057
83.5057
83.5058
83.5058
83.5059
83.5059
83.5059
83.5059
83.506
83.506
83.506
83.5061
83.5061
83.5061
83.5061
83.5062
83.5062
83.5062
83.5063
83.5063
83.5064
83.5064
83.5064
83.5065
83.5067
83.5068
83.5068
83.5069
83.507
83.507
83.507
83.5071
83.5071
83.5072
83.5073
83.5073
83.5074
83.5075
83.5075
83.5076
83.5077
83.5077
83.5077
83.5078
83.5079
83.5079
83.5079
83.5081
83.5081
83.5081
83.5081
83.5083
83.5083
83.5083
83.5084
83.5084
83.5085
83.5085
83.5086
83.5086
83.5086
83.5087
83.5088
83.5088
83.5088
83.5089
83.5089
83.5089
83.509
83.509
83.509
83.5091
83.5091
83.5092
83.5092
83.5093
83.5093
83.5093
83.5093
83.5094
83.5094
83.5094
83.5096
83.5097
83.5097
83.5097
83.5098
83.5098
83.5099
83.51
83.51
83.5101
83.5102
83.5104
83.5104
83.5105
83.5106
83.5107
83.5108
83.5109
83.5109
83.5109
83.511
83.511
83.511
83.5111
83.5111
83.5112
83.5113
83.5113
83.5114
83.5114
83.5114
83.5114
83.5114
83.5115
83.5115
83.5116
83.5116
83.5116
83.5118
83.5119
83.5119
83.512
83.5121
83.5122
83.5122
83.5123
83.5124
83.5125
83.5125
83.5125
83.5126
83.5127
83.5127
83.5128
83.5128
83.5128
83.5129
83.5129
83.513
83.513
83.513
83.5131
83.5131
83.5131
83.5131
83.5132
83.5132
83.5132
83.5134
83.5135
83.5136
83.5137
83.5138
83.5138
83.5138
83.5139
83.514
83.5141
83.5142
83.5142
83.5142
83.5143
83.5144
83.5144
83.5144
83.5144
83.5144
83.5144
83.5145
83.5145
83.5146
83.5146
83.5147
83.5148
83.5148
83.5149
83.515
83.5151
83.5151
83.5151
83.5151
83.5151
83.5151
83.5151
83.5152
83.5152
83.5153
83.5153
83.5154
83.5154
83.5156
83.5156
83.5156
83.5156
83.5157
83.5157
83.5157
83.5157
83.5157
83.5158
83.5159
83.5159
83.516
83.516
83.516
83.516
83.516
83.5161
83.5161
83.5162
83.5162
83.5162
83.5163
83.5163
83.5163
83.5163
83.5163
83.5164
83.5164
83.5165
83.5165
83.5166
83.5167
83.5167
83.5167
83.5168
83.5168
83.5168
83.5168
83.5169
83.5169
83.5169
83.517
83.517
83.517
83.5171
83.5171
83.5172
83.5172
83.5172
83.5172
83.5172
83.5173
83.5173
83.5173
83.5173
83.5173
83.5174
83.5174
83.5174
83.5174
83.5174
83.5175
83.5175
83.5175
83.5175
83.5175
83.5177
83.5177
83.5177
83.5178
83.5178
83.5178
83.5178
83.5179
83.5179
83.5179
83.5179
83.518
83.518
83.518
83.5181
83.5181
83.5182
83.5183
83.5183
83.5183
83.5184
83.5184
83.5184
83.5185
83.5185
83.5185
83.5186
83.5186
83.5187
83.5187
83.5187
83.5187
83.5188
83.5188
83.5189
83.5189
83.5189
83.519
83.519
83.519
83.5191
83.5191
83.5191
83.5192
83.5192
83.5192
83.5192
83.5193
83.5193
83.5193
83.5193
83.5194
83.5194
83.5194
83.5195
83.5195
83.5195
83.5196
83.5196
83.5196
83.5197
83.5197
83.5197
83.5197
83.5197
83.5198
83.5198
83.5198
83.5198
83.5199
83.5199
83.5199
83.52
83.52
83.5201
83.5201
83.5201
83.5202
83.5202
83.5202
83.5202
83.5202
83.5202
83.5202
83.5203
83.5203
83.5203
83.5203
83.5204
83.5204
83.5204
83.5205
83.5205
83.5205
83.5206
83.5206
83.5207
83.5207
83.5208
83.5208
83.5209
83.5209
83.5209
83.5209
83.5209
83.521
83.521
83.521
83.521
83.521
83.521
83.5211
83.5211
83.5211
83.5211
83.5211
83.5212
83.5213
83.5213
83.5213
83.5213
83.5213
83.5214
83.5214
83.5214
83.5214
83.5215
83.5216
83.5216
83.5216
83.5216
83.5217
83.5217
83.5217
83.5218
83.5218
83.5218
83.5218
83.5218
83.5218
83.5219
83.5219
83.5219
83.5219
83.5219
83.522
83.522
83.522
83.522
83.522
83.522
83.5221
83.5221
83.5221
83.5221
83.5222
83.5222
83.5222
83.5222
83.5222
83.5223
83.5223
83.5223
83.5223
83.5223
83.5224
83.5224
83.5224
83.5225
83.5225
83.5225
83.5225
83.5225
83.5226
83.5226
83.5226
83.5226
83.5226
83.5226
83.5226
83.5226
83.5226
83.5227
83.5227
83.5227
83.5227
83.5227
83.5227
83.5228
83.5228
83.5228
83.5228
83.5228
83.5228
83.5228
83.5228
83.5228
83.5228
83.5229
83.523
83.523
83.523
83.523
83.5231
83.5231
83.5231
83.5231
83.5231
83.5231
83.5231
83.5232
83.5232
83.5232
83.5232
83.5233
83.5233
83.5233
83.5233
83.5234
83.5234
83.5234
83.5235
83.5235
83.5236
83.5236
83.5236
83.5236
83.5237
83.5237
83.5237
83.5237
83.5238
83.5238
83.5238
83.5238
83.5238
83.5238
83.5238
83.5239
83.5239
83.5239
83.5239
83.5239
83.5239
83.5239
83.524
83.524
83.524
83.524
83.524
83.524
83.5241
83.5241
83.5241
83.5241
83.5241
83.5241
83.5242
83.5242
83.5242
83.5242
83.5243
83.5243
83.5244
83.5244
83.5244
83.5244
83.5244
83.5244
83.5244
83.5245
83.5245
83.5245
83.5245
83.5245
83.5246
83.5246
83.5246
83.5246
83.5246
83.5246
83.5246
83.5246
83.5246
83.5246
83.5247
83.5247
83.5247
83.5247
83.5247
83.5247
83.5247
83.5247
83.5247
83.5247
83.5248
83.5248
83.5248
83.5248
83.5248
83.5248
83.5249
83.5249
83.5249
83.5249
83.5249
83.5249
83.5249
83.5249
83.5249
83.525
83.525
83.525
83.525
83.525
83.525
83.5251
83.5251
83.5251
83.5251
83.5251
83.5251
83.5251
83.5252
83.5252
83.5252
83.5252
83.5253
83.5253
83.5253
83.5253
83.5253
83.5253
83.5253
83.5253
83.5253
83.5253
83.5254
83.5254
83.5254
83.5254
83.5254
83.5254
83.5255
83.5255
83.5255
83.5256
83.5256
83.5256
83.5256
83.5256
83.5256
83.5256
83.5256
83.5257
83.5257
83.5257
83.5257
83.5257
83.5257
83.5257
83.5257
83.5257
83.5257
83.5258
83.5258
83.5258
83.5258
83.5258
83.5258
83.5259
83.5259
83.5259
83.5259
83.5259
83.5259
83.526
83.526
83.526
83.526
83.526
83.526
83.526
83.526
83.5261
83.5261
83.5261
83.5262
83.5262
83.5262
83.5262
83.5262
83.5262
83.5263
83.5263
83.5263
83.5263
83.5263
83.5263
83.5263
83.5264
83.5264
83.5264
83.5264
83.5264
83.5264
83.5265
83.5265
83.5265
83.5265
83.5265
83.5265
83.5265
83.5265
83.5266
83.5266
83.5266
83.5266
83.5266
83.5266
83.5266
83.5266
83.5267
83.5268
83.5268
83.5268
83.5268
83.5268
83.5268
83.5268
83.5268
83.5268
83.5269
83.5269
83.5269
83.5269
83.5269
83.5269
83.5269
83.5269
83.5269
83.5269
83.527
83.527
83.527
83.527
83.527
83.527
83.527
83.527
83.527
83.527
83.527
83.527
83.527
83.5271
83.5271
83.5272
83.5272
83.5272
83.5272
83.5272
83.5272
83.5272
83.5272
83.5272
83.5272
83.5272
83.5273
83.5273
83.5273
83.5273
83.5273
83.5273
83.5273
83.5273
83.5273
83.5274
83.5274
83.5274
83.5274
83.5274
83.5274
83.5274
83.5274
83.5274
83.5274
83.5274
83.5275
83.5275
83.5275
83.5275
83.5275
83.5275
83.5275
83.5275
83.5275
83.5275
83.5275
83.5275
83.5275
83.5275
83.5276
83.5276
83.5276
83.5276
83.5276
83.5276
83.5276
83.5276
83.5277
83.5277
83.5277
83.5277
83.5277
83.5277
83.5277
83.5277
83.5277
83.5277
83.5277
83.5277
83.5278
83.5278
83.5278
83.5278
83.5278
83.5278
83.5278
83.5278
83.5278
83.5279
83.5279
83.5279
83.5279
83.5279
83.5279
83.5279
83.5279
83.5279
83.5279
83.5279
83.5279
83.5279
83.528
83.528
83.528
83.528
83.528
83.528
83.528
83.528
83.528
83.528
83.528
83.528
83.5281
83.5281
83.5281
83.5281
83.5281
83.5281
83.5281
83.5281
83.5281
83.5281
83.5281
83.5282
83.5282
83.5282
83.5282
83.5282
83.5282
83.5282
83.5282
83.5282
83.5282
83.5282
83.5282
83.5283
83.5283
83.5283
83.5283
83.5283
83.5283
83.5283
83.5283
83.5283
83.5283
83.5283
83.5284
83.5284
83.5284
83.5284
83.5284
83.5284
83.5284
83.5284
83.5284
83.5284
83.5284
83.5284
83.5284
83.5284
83.5285
83.5285
83.5285
83.5285
83.5285
83.5285
83.5285
83.5285
83.5286
83.5286
83.5286
83.5286
83.5286
83.5286
83.5286
83.5286
83.5286
83.5286
83.5286
83.5286
83.5286
83.5286
83.5286
83.5286
83.5286
83.5286
83.5287
83.5287
83.5287
83.5287
83.5287
83.5287
83.5287
83.5287
83.5287
83.5287
83.5287
83.5287
83.5287
83.5287
83.5288
83.5288
83.5288
83.5288
83.5288
83.5288
83.5288
83.5288
83.5288
83.5288
83.5288
83.5288
83.5288
83.5288
83.5289
83.5289
83.5289
83.5289
83.5289
83.5289
83.5289
83.5289
83.5289
83.5289
83.5289
83.5289
83.5289
83.5289
83.5289
83.5289
83.529
83.529
83.529
83.529
83.529
83.529
83.529
83.529
83.529
83.529
83.529
83.529
83.529
83.529
83.529
83.529
83.529
83.5291
83.5291
83.5291
83.5291
83.5291
83.5291
83.5291
83.5291
83.5291
83.5291
83.5291
83.5291
83.5291
83.5291
83.5292
83.5292
83.5292
83.5292
83.5292
83.5292
83.5292
83.5292
83.5292
83.5292
83.5292
83.5292
83.5292
83.5292
83.5292
83.5292
83.5292
83.5292
83.5292
83.5293
83.5293
83.5293
83.5293
83.5293
83.5293
83.5293
83.5293
83.5293
83.5293
83.5293
83.5293
83.5293
83.5293
83.5293
83.5293
83.5293
83.5293
83.5293
83.5293
83.5293
83.5293
83.5294
83.5294
83.5294
83.5294
83.5294
83.5294
83.5294
83.5294
83.5294
83.5294
83.5294
83.5294
83.5294
83.5294
83.5294
83.5294
83.5294
83.5294
83.5294
83.5294
83.5294
83.5294
83.5294
83.5294
83.5294
83.5295
83.5295
83.5295
83.5295
83.5295
83.5295
83.5295
83.5295
83.5295
83.5295
83.5295
83.5295
83.5295
83.5295
83.5295
83.5295
83.5295
83.5296
83.5296
83.5296
83.5296
83.5296
83.5296
83.5296
83.5296
83.5296
83.5296
83.5296
83.5296
83.5296
83.5296
83.5296
83.5296
83.5296
83.5296
83.5296
83.5296
83.5296
83.5297
83.5297
83.5297
83.5297
83.5297
83.5297
83.5297
83.5297
83.5297
83.5297
83.5297
83.5297
83.5297
83.5297
83.5297
83.5297
83.5297
83.5297
83.5297
83.5297
83.5297
83.5297
83.5297
83.5297
83.5297
83.5297
83.5297
83.5297
83.5297
83.5297
83.5297
83.5297
83.5298
83.5298
83.5298
83.5298
83.5298
83.5298
83.5298
83.5298
83.5298
83.5298
83.5298
83.5298
83.5298
83.5298
83.5298
83.5298
83.5298
83.5298
83.5298
83.5298
83.5298
83.5298
83.5298
83.5298
83.5298
83.5298
83.5298
83.5298
83.5298
83.5299
83.5299
83.5299
83.5299
83.5299
83.5299
83.5299
83.5299
83.5299
83.5299
83.5299
83.5299
83.5299
83.5299
83.5299
83.5299
83.5299
83.5299
83.5299
83.5299
83.5299
83.5299
83.5299
83.5299
83.5299
83.5299
83.5299
83.53
83.53
83.53
83.53
83.53
83.53
83.53
83.53
83.53
83.53
83.53
83.53
83.53
83.53
83.53
83.53
83.53
83.53
83.53
83.53
83.53
83.53
83.53
83.53
83.53
83.5301
83.5301
83.5301
83.5301
83.5301
83.5301
83.5301
83.5301
83.5301
83.5301
83.5301
83.5301
83.5301
83.5301
83.5301
83.5301
83.5301
83.5301
83.5301
83.5301
83.5301
83.5301
83.5301
83.5301
83.5301
83.5301
83.5301
83.5301
83.5301
83.5301
83.5301
83.5301
83.5302
83.5302
83.5302
83.5302
83.5302
83.5302
83.5302
83.5302
83.5302
83.5302
83.5302
83.5302
83.5302
83.5302
83.5302
83.5302
83.5302
83.5302
83.5302
83.5302
83.5302
83.5302
83.5302
83.5302
83.5302
83.5302
83.5302
83.5302
83.5302
83.5303
83.5303
83.5303
83.5303
83.5303
83.5303
83.5303
83.5303
83.5303
83.5303
83.5303
83.5303
83.5303
83.5303
83.5303
83.5303
83.5303
83.5303
83.5303
83.5303
83.5303
83.5303
83.5303
83.5303
83.5303
83.5303
83.5303
83.5303
83.5303
83.5303
83.5303
83.5303
83.5303
83.5303
83.5303
83.5303
83.5303
83.5303
83.5303
83.5303
83.5303
83.5303
83.5303
83.5303
83.5303
83.5303
83.5304
83.5304
83.5304
83.5304
83.5304
83.5304
83.5304
83.5304
83.5304
83.5304
83.5304
83.5304
83.5304
83.5304
83.5304
83.5304
83.5304
83.5304
83.5304
83.5304
83.5304
83.5304
83.5304
83.5304
83.5304
83.5304
83.5304
83.5304
83.5304
83.5304
83.5304
83.5304
83.5304
83.5304
83.5304
83.5304
83.5304
83.5304
83.5304
83.5304
83.5304
83.5304
83.5304
83.5304
83.5304
83.5305
83.5305
83.5305
83.5305
83.5305
83.5305
83.5305
83.5305
83.5305
83.5305
83.5305
83.5305
83.5305
83.5305
83.5305
83.5305
83.5305
83.5305
83.5305
83.5305
83.5305
83.5305
83.5305
83.5305
83.5305
83.5305
83.5305
83.5305
83.5305
83.5305
83.5305
83.5305
83.5305
83.5305
83.5305
83.5305
83.5305
83.5305
83.5305
83.5305
83.5305
83.5305
83.5305
83.5305
83.5305
83.5305
83.5305
83.5305
83.5306
83.5306
83.5306
83.5306
83.5306
83.5306
83.5306
83.5306
83.5306
83.5306
83.5306
83.5306
83.5306
83.5306
83.5306
83.5306
83.5306
83.5306
83.5306
83.5306
83.5306
83.5306
83.5306
83.5306
83.5306
83.5306
83.5306
83.5306
83.5306
83.5306
83.5306
83.5306
83.5306
83.5306
83.5306
83.5306
83.5306
83.5306
83.5306
83.5306
83.5306
83.5306
83.5306
83.5306
83.5306
83.5306
83.5306
83.5306
83.5306
83.5306
83.5306
83.5306
83.5306
83.5306
83.5306
83.5306
83.5306
83.5306
83.5306
83.5307
83.5307
83.5307
83.5307
83.5307
83.5307
83.5307
83.5307
83.5307
83.5307
83.5307
83.5307
83.5307
83.5307
83.5307
83.5307
83.5307
83.5307
83.5307
83.5307
83.5307
83.5307
83.5307
83.5307
83.5307
83.5307
83.5307
83.5307
83.5307
83.5307
83.5307
83.5307
83.5307
83.5307
83.5307
83.5307
83.5307
83.5307
83.5307
83.5307
83.5307
83.5307
83.5307
83.5307
83.5307
83.5307
83.5307
83.5307
83.5307
83.5307
83.5307
83.5307
83.5307
83.5307
83.5307
83.5307
83.5307
83.5307
83.5307
83.5307
83.5307
83.5307
83.5307
83.5307
83.5307
83.5307
83.5307
83.5307
83.5307
83.5307
83.5307
83.5307
83.5307
83.5307
83.5307
83.5307
83.5307
83.5307
83.5307
83.5307
83.5307
83.5307
83.5307
83.5308
83.5308
83.5308
83.5308
83.5308
83.5308
83.5308
83.5308
83.5308
83.5308
83.5308
83.5308
83.5308
83.5308
83.5308
83.5308
83.5308
83.5308
83.5308
83.5308
83.5308
83.5308
83.5308
83.5308
83.5308
83.5308
83.5308
83.5308
83.5308
83.5308
83.5308
83.5308
83.5308
83.5308
83.5308
83.5308
83.5308
83.5308
83.5308
83.5308
83.5308
83.5308
83.5308
83.5308
83.5308
83.5308
83.5308
83.5308
83.5308
83.5308
83.5308
83.5308
83.5308
83.5308
83.5308
83.5308
83.5308
83.5308
83.5308
83.5308
83.5308
83.5308
83.5308
83.5308
83.5308
83.5308
83.5308
83.5308
83.5308
83.5308
83.5308
83.5308
83.5308
83.5308
83.5308
83.5308
83.5308
83.5308
83.5308
83.5308
83.5308
83.5308
83.5308
83.5308
83.5308
83.5308
83.5308
83.5308
83.5308
83.5308
83.5308
83.5308
83.5308
83.5308
83.5308
83.5308
83.5308
83.5308
83.5308
83.5308
83.5308
83.5308
83.5308
83.5308
83.5308
83.5308
83.5308
83.5308
83.5308
83.5308
83.5308
83.5308
83.5308
83.5308
83.5308
83.5308
83.5308
83.5308
83.5308
83.5309
83.5309
83.5309
83.5309
83.5309
83.5309
83.5309
83.5309
83.5309
83.5309
83.5309
83.5309
83.5309
83.5309
83.5309
83.5309
83.5309
83.5309
83.5309
83.5309
83.5309
83.5309
83.5309
83.5309
83.5309
83.5309
83.5309
83.5309
83.5309
83.5309
83.5309
83.5309
83.5309
83.5309
83.5309
83.5309
83.5309
83.5309
83.5309
83.5309
83.5309
83.5309
83.5309
83.5309
83.5309
83.5309
83.5309
83.5309
83.5309
83.5309
83.5309
83.5309
83.5309
83.5309
83.5309
83.5309
83.5309
83.5309
83.5309
83.5309
83.5309
83.5309
83.5309
83.5309
83.5309
83.5309
83.5309
83.5309
83.5309
83.5309
83.5309
83.5309
83.5309
83.5309
83.5309
83.5309
83.5309
83.5309
83.5309
83.5309
83.5309
83.5309
83.5309
83.5309
83.5309
83.5309
83.5309
83.5309
83.5309
83.5309
83.5309
83.5309
83.5309
83.5309
83.5309
83.5309
83.5309
83.5309
83.5309
83.5309
83.5309
83.5309
83.5309
83.5309
83.5309
83.5309
83.5309
83.5309
83.5309
83.5309
83.5309
83.5309
83.5309
83.5309
83.5309
83.5309
83.5309
83.5309
83.5309
83.5309
83.5309
83.5309
83.5309
83.5309
83.5309
83.5309
83.5309
83.5309
83.5309
83.5309
83.5309
83.5309
83.5309
83.5309
83.5309
83.5309
83.5309
83.5309
83.5309
83.5309
83.5309
83.5309
83.5309
83.5309
83.5309
83.5309
83.5309
83.5309
83.5309
83.5309
83.5309
83.5309
83.5309
83.5309
83.5309
83.5309
83.5309
83.5309
83.5309
83.5309
83.5309
83.5309
83.5309
83.5309
83.5309
83.5309
83.5309
83.5309
83.5309
83.5309
83.5309
83.5309
83.5309
83.5309
83.5309
83.5309
83.5309
83.5309
83.5309
83.5309
83.5309
83.5309
83.5309
83.5309
83.5309
83.5309
83.5309
83.5309
83.5309
83.5309
83.5309
83.5309
83.5309
83.5309
83.5309
83.5309
83.5309
83.5309
83.5309
83.5309
83.5309
83.5309
83.5309
83.5309
83.5309
83.5309
83.5309
83.5309
83.5309
83.5309
83.5309
83.5309
83.5309
83.5309
83.5309
83.5309
83.5309
83.5309
83.5309
83.5309
83.5309
83.5309
83.5309
83.5309
83.5309
83.5309
83.5309
83.5309
83.5309
83.5309
83.5309
83.5309
83.5309
83.5309
83.5309
83.5309
83.5309
83.5309
83.5309
83.5309
83.5309
83.5309
83.5309
83.5309
83.5309
83.5309
83.5309
83.5309
83.531
83.531
83.531
83.531
83.531
83.531
83.531
83.531
83.531
83.531
83.531
83.5311
83.5311
83.5311
83.5312
83.5312
83.5313
83.5315
83.5315
83.5315
83.5317
83.5317
83.5317
83.5318
83.5319
83.532
83.532
83.532
83.5321
83.5324
83.5325
83.5326
83.5327
83.5327
83.5333
83.5334
83.5338
83.5339
83.5342
83.5346
83.5347
83.5351
83.5366
83.5372
83.5375
83.5376
83.5383
83.5384
83.5384
83.5386
83.5387
83.5392
83.5393
83.5394
83.5395
83.5397
83.5413
83.5436
83.5436
83.5438
83.5454
83.5456
83.5458
83.5477
83.5483
83.5492
83.5492
83.5498
83.55
83.5501
83.5502
83.5514
83.5519
83.5527
83.5528
83.5529
83.5533
83.5544
83.5578
83.5587
83.5588
83.5591
83.5594
83.5596
83.5599
83.5607
83.5611
83.5618
83.5623
83.5632
83.5638
83.5675
83.5675
83.5692
83.5696
83.5708
83.5731
83.5736
83.5742
83.5744
83.5767
83.5768
83.5776
83.5797
83.5806
83.5813
83.5815
83.5829
83.5837
83.5844
83.5846
83.5864
83.5884
83.5885
83.59
83.5909
83.5915
83.592
83.5928
83.5942
83.5948
83.5975
83.598
83.5985
83.6012
83.6027
83.6035
83.6047
83.6048
83.6084
83.6092
83.6096
83.6112
83.6118
83.6122
83.6122
83.6129
83.6133
83.6138
83.616
83.6188
83.6197
83.6202
83.6232
83.6237
83.6284
83.634
83.6353
83.6357
83.6374
83.6407
83.6449
83.6451
83.6453
83.6457
83.6459
83.6461
83.6466
83.6484
83.6492
83.6497
83.6497
83.6532
83.6556
83.6561
83.6575
83.658
83.6581
83.6582
83.6591
83.6636
83.6637
83.6646
83.6646
83.6672
83.6681
83.6688
83.67
83.672
83.6816
83.6817
83.6833
83.6834
83.6835
83.6839
83.6856
83.6861
83.6861
83.6874
83.6945
83.6964
83.701
83.7013
83.7022
83.7028
83.7028
83.7039
83.7055
83.7078
83.7085
83.709
83.7116
83.7127
83.7175
83.72
83.7257
83.7262
83.7284
83.7287
83.7308
83.7353
83.7385
83.7467
83.747
83.7485
83.7495
83.755
83.7556
83.7577
83.758
83.7598
83.761
83.7639
83.7701
83.7703
83.7876
83.7936
83.7949
83.7949
83.8054
83.8068
83.8068
83.8144
83.8153
83.8175
83.8196
83.8199
83.8346
83.8422
83.8438
83.8505
83.8522
83.8613
83.8614
83.8645
83.8661
83.8715
83.8843
83.8849
83.8938
83.8976
83.9015
83.9141
83.9187
83.9229
83.9279
83.9328
83.9387
83.9468
83.9619
83.9649
83.9651
83.9769
83.9796
83.9823
83.996
83.9994
84.0049
84.0076
84.0161
84.0216
84.0311
84.0373
84.0382
84.0496
84.0517
84.0586
84.0587
84.0664
84.0668
84.0887
84.0914
84.0992
84.1013
84.1029
84.1213
84.1278
84.1367
84.1426
84.1558
84.1816
84.1873
84.1874
84.1889
84.1975
84.2272
84.23
84.2307
84.2484
84.254
84.2692
84.2761
84.2783
84.2851
84.2891
84.2922
84.3047
84.3185
84.3464
84.3647
84.367
84.3726
84.3905
84.4049
84.406
84.4099
84.41
84.4143
84.4156
84.4201
84.4223
84.4303
84.4319
84.4473
84.4518
84.4682
84.4772
84.4774
84.4775
84.4819
84.4852
84.4922
84.4945
84.5068
84.5104
84.5206
84.5283
84.5348
84.5534
84.5628
84.5719
84.5804
84.5912
84.5992
84.6091
84.6109
84.6322
84.6412
84.6518
84.653
84.6531
84.6576
84.6735
84.6847
84.6881
84.6927
84.6965
84.6988
84.7032
84.7115
84.7177
84.7279
84.7521
84.7526
84.7564
84.7723
84.8169
84.8258
84.8402
84.8469
84.8875
84.8887
84.9199
84.9236
84.9285
84.9291
84.9292
84.9388
84.9502
84.9559
84.9675
84.9834
84.9854
84.9935
85.0045
85.0199
85.0299
85.0627
85.0769
85.0791
85.0792
85.0906
85.0955
85.1092
85.115
85.1188
85.1208
85.1354
85.1369
85.1573
85.2168
85.2508
85.2555
85.2768
85.284
85.291
85.2916
85.2996
85.3061
85.3128
85.3235
85.334
85.3343
85.3477
85.3496
85.3763
85.3867
85.3909
85.3914
85.4109
85.4283
85.4287
85.453
85.4924
85.4925
85.5082
85.5143
85.532
85.5352
85.5493
85.5722
85.5836
85.5859
85.6042
85.6242
85.6352
85.65
85.6552
85.6598
85.6697
85.6738
85.6875
85.6979
85.7066
85.7578
85.7594
85.7651
85.7666
85.774
85.7758
85.7849
85.7867
85.8049
85.8068
85.8234
85.8234
85.8245
85.8375
85.8489
85.8545
85.8562
85.8779
85.8864
85.9086
85.9257
85.9272
85.9302
85.9315
85.9378
85.9511
85.9732
85.9814
85.9903
86.01
86.0172
86.0194
86.0249
86.0328
86.036
86.0361
86.0463
86.0564
86.094
86.0962
86.0972
86.117
86.1577
86.198
86.2105
86.2189
86.2376
86.2535
86.2708
86.2726
86.2942
86.325
86.328
86.332
86.3327
86.3431
86.3814
86.382
86.3843
86.3849
86.387
86.3965
86.4142
86.4431
86.4452
86.45
86.4675
86.4733
86.4867
86.5017
86.534
86.5395
86.5415
86.5446
86.5569
86.5879
86.5981
86.6033
86.6367
86.6473
86.6475
86.6488
86.6508
86.6562
86.6721
86.6881
86.694
86.6944
86.6973
86.7235
86.7245
86.7261
86.7367
86.7651
86.769
86.7922
86.8068
86.8199
86.8798
86.9021
86.9135
86.9226
86.9319
86.95
86.9701
86.9856
86.9914
87.0543
87.056
87.0662
87.0675
87.0788
87.1127
87.1166
87.121
87.1307
87.1315
87.1468
87.1476
87.152
87.1577
87.1881
87.1905
87.1951
87.2013
87.2018
87.2289
87.258
87.2604
87.2698
87.2768
87.2866
87.2898
87.3091
87.3695
87.3701
87.3744
87.377
87.413
87.4184
87.4561
87.4633
87.4642
87.465
87.4756
87.4769
87.5011
87.5241
87.5689
87.5805
87.6156
87.661
87.6653
87.6687
87.6913
87.6931
87.7318
87.7365
87.7393
87.7515
87.7585
87.7637
87.7729
87.7804
87.7816
87.7842
87.7883
87.7973
87.8098
87.8303
87.8309
87.8329
87.8954
87.9009
87.9257
87.9356
87.9497
87.9994
88.0099
88.0165
88.0219
88.0439
88.0577
88.0655
88.0664
88.0735
88.0859
88.0974
88.1013
88.1085
88.1163
88.1169
88.1251
88.1254
88.1283
88.1318
88.139
88.1391
88.1445
88.1493
88.166
88.1694
88.1707
88.1804
88.1833
88.205
88.2264
88.2486
88.2497
88.2616
88.2823
88.3013
88.3202
88.3265
88.358
88.3839
88.4036
88.4205
88.4583
88.4634
88.4742
88.5289
88.5296
88.5317
88.5331
88.549
88.5601
88.5632
88.5694
88.609
88.6137
88.6148
88.632
88.6779
88.687
88.7033
88.72
88.7286
88.7339
88.751
88.7541
88.7592
88.7712
88.7869
88.7981
88.7995
88.809
88.8202
88.8559
88.871
88.8834
88.8918
88.9023
88.9034
88.9658
88.9675
88.983
88.9873
89.0162
89.0394
89.0644
89.0678
89.0786
89.0837
89.0901
89.1205
89.1307
89.1342
89.1434
89.1494
89.1573
89.1577
89.1914
89.2028
89.2284
89.232
89.2402
89.2438
89.2468
89.2634
89.2959
89.3014
89.3074
89.3128
89.3153
89.3228
89.3407
89.3586
89.3754
89.3757
89.3996
89.41
89.4158
89.4302
89.4327
89.4441
89.4688
89.4742
89.4844
89.4873
89.4897
89.4955
89.5055
89.5139
89.5258
89.5426
89.5575
89.5858
89.616
89.6297
89.6432
89.6557
89.6558
89.6727
89.6727
89.6746
89.6812
89.699
89.7065
89.7205
89.7565
89.7679
89.7719
89.7753
89.7765
89.7815
89.7879
89.7963
89.799
89.8299
89.8347
89.8514
89.8847
89.8908
89.9223
89.9229
89.9662
89.9685
89.9832
90.0136
90.0182
90.0484
90.0513
90.0593
90.0639
90.0735
90.1313
90.149
90.1544
90.1629
90.1679
90.1687
90.1758
90.1797
90.2104
90.2355
90.2419
90.2679
90.3
90.3003
90.3291
90.3321
90.3464
90.3916
90.4319
90.4344
90.4357
90.4414
90.4424
90.4842
90.4974
90.5039
90.5064
90.5171
90.5841
90.5932
90.6033
90.6245
90.628
90.6421
90.6451
90.6598
90.6818
90.6927
90.7068
90.7174
90.7368
90.7529
90.756
90.7635
90.7724
90.782
90.7868
90.8074
90.8373
90.8382
90.879
90.8886
90.9004
90.9212
90.9574
90.9775
91.0006
91.0066
91.0079
91.0291
91.0314
91.0674
91.1027
91.1323
91.1335
91.1868
91.1927
91.2174
91.2445
91.2521
91.2558
91.259
91.2696
91.2878
91.3101
91.3198
91.3485
91.3495
91.3589
91.3621
91.3722
91.3765
91.3889
91.4082
91.4111
91.4121
91.4299
91.4388
91.4447
91.4521
91.4642
91.4764
91.4778
91.4976
91.5039
91.5379
91.5942
91.5957
91.6009
91.6229
91.6313
91.6351
91.7042
91.7405
91.7455
91.7557
91.763
91.8014
91.8084
91.8196
91.8219
91.8611
91.8872
91.8953
91.8981
91.9737
91.9748
91.9845
92.0003
92.0403
92.0548
92.0643
92.092
92.0997
92.102
92.103
92.1173
92.1203
92.1315
92.143
92.1439
92.156
92.18
92.1867
92.1957
92.1973
92.2164
92.2277
92.2438
92.2518
92.2523
92.2604
92.2693
92.2869
92.3191
92.3235
92.3509
92.3665
92.3695
92.4193
92.4241
92.4339
92.469
92.5114
92.5139
92.5306
92.5364
92.5365
92.5376
92.5716
92.5791
92.6102
92.627
92.63
92.635
92.6356
92.6374
92.6667
92.6912
92.6914
92.7105
92.7572
92.7882
92.7926
92.7938
92.8066
92.8194
92.8457
92.858
92.8848
92.9457
92.9471
92.9486
92.9658
92.9716
92.9737
93.0059
93.0179
93.0228
93.0342
93.0503
93.1344
93.1362
93.1365
93.1469
93.1697
93.1804
93.1875
93.1909
93.1916
93.2006
93.2077
93.2112
93.2184
93.2644
93.2722
93.2805
93.2858
93.2952
93.3086
93.3638
93.3802
93.4094
93.4565
93.4582
93.4605
93.4733
93.4815
93.4904
93.5112
93.5152
93.5309
93.5484
93.5819
93.6129
93.6374
93.6394
93.6484
93.6618
93.6985
93.6996
93.7004
93.7072
93.7302
93.7375
93.7491
93.7505
93.7573
93.7593
93.78
93.7821
93.783
93.816
93.8334
93.8448
93.8855
93.9285
93.9538
93.9557
93.9902
94.0306
94.0608
94.0768
94.0794
94.0864
94.0878
94.097
94.1044
94.1062
94.107
94.1268
94.1449
94.1531
94.1576
94.1962
94.2209
94.2271
94.248
94.2674
94.2762
94.3033
94.3055
94.3055
94.3071
94.3105
94.3169
94.3762
94.3843
94.388
94.3929
94.3942
94.4109
94.4255
94.4496
94.5032
94.5096
94.5401
94.55
94.5523
94.5524
94.5768
94.6241
94.6485
94.6537
94.6568
94.6782
94.694
94.6973
94.7113
94.7303
94.7622
94.7986
94.8272
94.8281
94.8428
94.8989
94.9108
94.9187
94.9199
94.9243
94.9592
94.9628
94.9725
94.9733
95.0191
95.0384
95.0495
95.0637
95.0748
95.1678
95.1718
95.1822
95.1951
95.1972
95.2057
95.2138
95.2476
95.2634
95.2639
95.2791
95.2875
95.2877
95.3027
95.3233
95.3497
95.3507
95.3644
95.3658
95.3987
95.463
95.4652
95.4813
95.4829
95.5085
95.5527
95.5893
95.594
95.5961
95.6049
95.6137
95.6197
95.6321
95.67
95.6711
95.6849
95.7053
95.7083
95.7388
95.7402
95.755
95.76
95.7606
95.7613
95.7619
95.7766
95.7778
95.7841
95.7863
95.8063
95.8148
95.8228
95.862
95.9034
95.9428
95.9509
95.9808
95.9829
95.9953
95.9988
95.999
96.006
96.0105
96.0165
96.0366
96.0376
96.0506
96.0623
96.0702
96.0772
96.1188
96.1193
96.1515
96.1617
96.1664
96.1834
96.205
96.2071
96.22
96.2496
96.2566
96.2791
96.2833
96.2876
96.2992
96.3608
96.3627
96.3765
96.4048
96.4112
96.4293
96.4378
96.4388
96.4421
96.4596
96.4873
96.5372
96.5614
96.564
96.5719
96.5789
96.5854
96.5917
96.6113
96.6711
96.6753
96.7027
96.7039
96.7202
96.7292
96.741
96.7487
96.7597
96.7683
96.7931
96.7983
96.8207
96.867
96.8761
96.9132
96.926
96.9341
96.9363
96.9538
96.976
96.98
97.018
97.041
97.0492
97.0522
97.0544
97.0842
97.0898
97.0955
97.0979
97.1297
97.1397
97.1768
97.188
97.1951
97.2099
97.2116
97.2171
97.2433
97.2468
97.2598
97.266
97.2713
97.2791
97.2864
97.3234
97.3404
97.3417
97.3526
97.3761
97.4192
97.4233
97.4602
97.4676
97.4727
97.4813
97.4917
97.4963
97.5179
97.5383
97.6161
97.6235
97.6444
97.6555
97.6771
97.736
97.7378
97.7384
97.7668
97.7766
97.7794
97.7885
97.8026
97.8047
97.8129
97.8215
97.8398
97.8921
97.8987
97.9179
97.9263
97.929
97.9481
97.9535
97.9642
97.9754
97.9807
97.9968
97.9973
97.9991
98.0106
98.0229
98.0443
98.0585
98.0696
98.113
98.1264
98.1281
98.1309
98.1324
98.1328
98.1572
98.1574
98.1636
98.1881
98.2229
98.2304
98.2345
98.2399
98.2482
98.2553
98.2582
98.2697
98.2853
98.2969
98.2975
98.3055
98.3119
98.3559
98.4001
98.4759
98.4964
98.5061
98.5211
98.5337
98.5377
98.5434
98.5529
98.5551
98.561
98.5811
98.5954
98.6029
98.624
98.6253
98.6806
98.6825
98.6853
98.7063
98.7312
98.7406
98.741
98.7512
98.7672
98.7786
98.7827
98.8003
98.8022
98.8057
98.8198
98.827
98.834
98.8521
98.8895
98.9272
98.9721
98.9836
98.9864
98.9922
99.0135
99.0143
99.0165
99.0293
99.0438
99.0695
99.0949
99.1177
99.1294
99.1392
99.1442
99.1725
99.1773
99.1896
99.198
99.2033
99.2037
99.225
99.2338
99.2614
99.2625
99.2787
99.3082
99.3215
99.3296
99.3299
99.3386
99.3452
99.3535
99.3641
99.3832
99.3984
99.3998
99.4505
99.4587
99.4879
99.5006
99.5235
99.5248
99.5327
99.535
99.5784
99.5902
99.6243
99.649
99.6541
99.6608
99.6759
99.6764
99.6974
99.7128
99.7291
99.7295
99.742
99.7474
99.7708
99.7831
99.8453
99.8507
99.8658
99.8769
99.8913
99.9234
99.9347
99.9709
99.9781
100.007
100.035
100.048
100.069
100.083
100.092
100.109
100.112
100.119
100.138
100.15
100.166
100.172
100.18
100.186
100.188
100.196
100.254
100.269
100.323
100.323
100.357
100.371
100.397
100.405
100.413
100.43
100.435
100.449
100.474
100.504
100.511
100.557
100.61
100.646
100.689
100.71
100.719
100.727
100.728
100.737
100.797
100.83
100.841
100.857
100.858
100.87
100.886
100.888
100.911
100.94
101.004
101.013
101.019
101.043
101.05
101.053
101.067
101.077
101.082
101.094
101.107
101.133
101.187
101.189
101.19
101.208
101.218
101.227
101.228
101.232
101.238
101.24
101.325
101.361
101.365
101.396
101.403
101.455
101.457
101.465
101.487
101.528
101.54
101.554
101.569
101.57
101.585
101.585
101.593
101.616
101.621
101.652
101.652
101.654
101.686
101.686
101.739
101.757
101.766
101.768
101.769
101.778
101.781
101.801
101.807
101.811
101.838
101.844
101.852
101.872
101.89
101.899
101.918
101.919
101.921
101.933
101.971
101.975
102.01
102.01
102.015
102.017
102.027
102.037
102.046
102.052
102.053
102.094
102.1
102.141
102.145
102.158
102.187
102.197
102.198
102.202
102.203
102.251
102.256
102.26
102.273
102.29
102.29
102.319
102.334
102.372
102.377
102.38
102.395
102.469
102.471
102.482
102.555
102.562
102.584
102.596
102.603
102.612
102.612
102.614
102.616
102.633
102.638
102.643
102.651
102.654
102.659
102.667
102.673
102.689
102.701
102.729
102.735
102.736
102.749
102.77
102.779
102.792
102.794
102.799
102.81
102.845
102.884
102.893
102.893
102.901
102.92
102.928
102.93
102.953
102.998
103.007
103.033
103.036
103.04
103.045
103.046
103.054
103.055
103.074
103.079
103.085
103.087
103.105
103.15
103.173
103.187
103.215
103.266
103.298
103.306
103.338
103.351
103.391
103.412
103.445
103.446
103.467
103.477
103.49
103.494
103.5
103.513
103.521
103.537
103.553
103.57
103.571
103.593
103.598
103.6
103.705
103.715
103.722
103.725
103.784
103.799
103.802
103.814
103.817
103.856
103.906
103.936
103.938
103.938
103.952
103.967
103.985
104.063
104.066
104.085
104.087
104.107
104.13
104.143
104.152
104.157
104.188
104.24
104.247
104.259
104.262
104.274
104.284
104.298
104.301
104.306
104.34
104.348
104.363
104.379
104.406
104.423
104.434
104.463
104.481
104.502
104.519
104.534
104.534
104.576
104.582
104.586
104.593
104.594
104.625
104.654
104.662
104.67
104.681
104.69
104.692
104.7
104.701
104.719
104.728
104.73
104.73
104.74
104.751
104.756
104.762
104.774
104.783
104.793
104.806
104.808
104.811
104.814
104.815
104.838
104.84
104.857
104.882
104.896
104.897
104.922
104.927
104.932
104.956
104.978
104.979
104.98
104.986
104.993
105.018
105.021
105.039
105.041
105.061
105.125
105.13
105.156
105.158
105.162
105.182
105.249
105.25
105.279
105.3
105.302
105.325
105.341
105.355
105.361
105.375
105.377
105.383
105.397
105.422
105.449
105.458
105.469
105.473
105.477
105.494
105.513
105.53
105.553
105.554
105.559
105.564
105.568
105.577
105.599
105.622
105.625
105.63
105.658
105.682
105.703
105.706
105.726
105.73
105.786
105.792
105.795
105.797
105.817
105.847
105.851
105.855
105.86
105.873
105.93
105.936
105.959
105.967
105.967
105.974
105.981
105.99
105.991
105.993
106.038
106.074
106.106
106.114
106.135
106.159
106.184
106.186
106.197
106.206
106.214
106.217
106.22
106.23
106.282
106.293
106.34
106.371
106.399
106.399
106.409
106.419
106.421
106.431
106.431
106.444
106.466
106.475
106.493
106.508
106.511
106.526
106.534
106.55
106.559
106.564
106.566
106.628
106.637
106.643
106.65
106.669
106.679
106.73
106.734
106.748
106.751
106.753
106.761
106.78
106.781
106.781
106.788
106.797
106.811
106.844
106.853
106.886
106.889
106.894
106.9
106.931
106.931
106.938
106.959
106.96
106.963
106.97
106.972
106.996
106.998
107.003
107.044
107.061
107.078
107.09
107.129
107.132
107.141
107.159
107.184
107.189
107.208
107.209
107.214
107.232
107.298
107.302
107.304
107.309
107.314
107.332
107.333
107.362
107.378
107.408
107.428
107.432
107.437
107.454
107.459
107.47
107.47
107.484
107.511
107.53
107.539
107.564
107.596
107.602
107.618
107.639
107.642
107.655
107.678
107.712
107.725
107.763
107.813
107.836
107.836
107.838
107.874
107.875
107.933
107.945
107.948
107.948
107.989
108.032
108.051
108.063
108.072
108.08
108.081
108.096
108.112
108.134
108.154
108.199
108.219
108.235
108.243
108.244
108.253
108.258
108.279
108.287
108.309
108.332
108.336
108.34
108.341
108.372
108.379
108.395
108.401
108.402
108.41
108.414
108.44
108.489
108.493
108.508
108.512
108.52
108.534
108.546
108.61
108.615
108.634
108.639
108.665
108.668
108.688
108.703
108.707
108.733
108.747
108.763
108.771
108.774
108.783
108.802
108.804
108.815
108.831
108.842
108.852
108.854
108.875
108.878
108.89
108.908
108.929
108.953
108.963
108.973
108.981
109.012
109.022
109.034
109.04
109.047
109.05
109.079
109.089
109.111
109.116
109.143
109.239
109.256
109.256
109.307
109.323
109.33
109.332
109.359
109.365
109.368
109.384
109.401
109.408
109.439
109.439
109.445
109.448
109.456
109.502
109.502
109.51
109.515
109.52
109.536
109.539
109.548
109.584
109.602
109.617
109.622
109.653
109.656
109.667
109.693
109.715
109.735
109.807
109.847
109.902
109.945
109.994
109.995
110.01
110.014
110.031
110.034
110.073
110.129
110.151
110.168
110.178
110.191
110.194
110.258
110.345
110.366
110.372
110.468
110.482
110.486
110.491
110.519
110.527
110.541
110.542
110.581
110.595
110.598
110.61
110.625
110.629
110.66
110.691
110.694
110.695
110.729
110.739
110.739
110.774
110.781
110.787
110.809
110.82
110.823
110.827
110.83
110.843
110.858
110.858
110.863
110.884
110.885
110.889
110.924
110.94
110.943
110.943
110.956
110.971
110.981
110.986
111.012
111.021
111.022
111.026
111.105
111.121
111.159
111.162
111.184
111.219
111.237
111.239
111.258
111.281
111.304
111.304
111.336
111.351
111.368
111.375
111.388
111.434
111.435
111.471
111.472
111.494
111.501
111.508
111.527
111.53
111.533
111.536
111.539
111.542
111.552
111.562
111.566
111.567
111.574
111.585
111.601
111.607
111.619
111.629
111.63
111.648
111.652
111.663
111.669
111.695
111.702
111.72
111.721
111.76
111.767
111.787
111.807
111.82
111.829
111.836
111.837
111.843
111.87
111.894
111.909
111.958
111.962
111.963
111.973
111.986
111.996
112.001
112.008
112.009
112.05
112.056
112.056
112.075
112.078
112.116
112.132
112.146
112.149
112.162
112.164
112.184
112.2
112.203
112.221
112.224
112.267
112.267
112.272
112.278
112.3
112.304
112.305
112.319
112.322
112.324
112.351
112.419
112.456
112.491
112.503
112.508
112.519
112.555
112.556
112.586
112.591
112.596
112.613
112.62
112.641
112.645
112.66
112.664
112.695
112.738
112.75
112.763
112.769
112.807
112.812
112.828
112.837
112.846
112.847
112.853
112.866
112.879
112.938
113.009
113.035
113.036
113.053
113.12
113.129
113.144
113.177
113.179
113.249
113.271
113.298
113.311
113.346
113.361
113.362
113.378
113.391
113.404
113.41
113.411
113.468
113.472
113.511
113.531
113.541
113.566
113.579
113.58
113.598
113.598
113.608
113.616
113.624
113.631
113.648
113.658
113.659
113.678
113.679
113.695
113.71
113.722
113.755
113.763
113.767
113.771
113.802
113.809
113.848
113.856
113.864
113.882
113.898
113.902
113.952
114.005
114.033
114.035
114.073
114.073
114.076
114.079
114.092
114.1
114.107
114.123
114.145
114.146
114.17
114.192
114.202
114.221
114.228
114.23
114.234
114.236
114.24
114.254
114.256
114.289
114.29
114.293
114.315
114.317
114.34
114.348
114.389
114.39
114.408
114.435
114.442
114.462
114.486
114.503
114.508
114.515
114.529
114.546
114.596
114.625
114.632
114.684
114.703
114.723
114.729
114.734
114.755
114.807
114.815
114.82
114.836
114.851
114.883
114.896
114.926
114.928
114.966
114.97
114.994
115.014
115.024
115.064
115.099
115.104
115.115
115.141
115.15
115.163
115.199
115.203
115.253
115.268
115.284
115.284
115.291
115.312
115.319
115.347
115.37
115.391
115.407
115.415
115.429
115.482
115.492
115.495
115.499
115.5
115.506
115.517
115.529
115.549
115.556
115.567
115.602
115.611
115.616
115.617
115.621
115.625
115.647
115.664
115.705
115.735
115.753
115.754
115.761
115.791
115.805
115.807
115.823
115.833
115.835
115.836
115.837
115.846
115.853
115.862
115.875
115.881
115.887
115.902
115.943
115.974
115.983
115.989
116.052
116.055
116.085
116.134
116.138
116.144
116.151
116.177
116.181
116.199
116.202
116.206
116.222
116.228
116.305
116.309
116.324
116.34
116.366
116.371
116.38
116.392
116.397
116.397
116.403
116.404
116.433
116.444
116.447
116.448
116.465
116.482
116.49
116.491
116.496
116.517
116.523
116.551
116.559
116.577
116.593
116.595
116.603
116.605
116.613
116.64
116.641
116.705
116.708
116.712
116.739
116.741
116.782
116.792
116.854
116.882
116.895
116.897
116.898
116.91
116.958
116.961
116.963
116.964
116.975
116.991
117.008
117.013
117.035
117.052
117.055
117.059
117.088
117.132
117.135
117.155
117.189
117.212
117.23
117.242
117.245
117.246
117.247
117.263
117.275
117.279
117.289
117.294
117.31
117.32
117.326
117.338
117.343
117.378
117.386
117.406
117.43
117.564
117.568
117.578
117.595
117.633
117.636
117.647
117.651
117.661
117.671
117.678
117.681
117.683
117.686
117.698
117.699
117.703
117.711
117.714
117.749
117.758
117.766
117.787
117.789
117.837
117.847
117.867
117.87
117.947
117.954
117.96
117.969
117.979
117.981
118.092
118.11
118.176
118.183
118.21
118.211
118.237
118.252
118.294
118.305
118.342
118.362
118.364
118.369
118.369
118.381
118.384
118.396
118.402
118.413
118.497
118.527
118.535
118.539
118.549
118.596
118.603
118.608
118.61
118.616
118.633
118.636
118.64
118.645
118.649
118.65
118.675
118.692
118.697
118.722
118.729
118.731
118.775
118.784
118.791
118.799
118.802
118.807
118.814
118.819
118.833
118.834
118.84
118.85
118.871
118.878
118.886
118.894
118.897
118.897
118.897
118.927
118.941
118.959
118.962
119
119.005
119.021
119.028
119.03
119.041
119.068
119.076
119.091
119.106
119.112
119.171
119.189
119.201
119.209
119.213
119.256
119.276
119.284
119.288
119.288
119.3
119.319
119.326
119.335
119.344
119.393
119.394
119.399
119.419
119.449
119.465
119.48
119.524
119.556
119.557
119.558
119.575
119.587
119.667
119.674
119.683
119.711
119.713
119.726
119.729
119.73
119.752
119.814
119.827
119.83
119.843
119.874
119.908
119.911
119.92
119.926
119.96
119.97
120.008
120.012
120.021
120.037
120.04
120.08
120.098
120.147
120.166
120.198
120.221
120.241
120.26
120.264
120.266
120.275
120.288
120.298
120.328
120.33
120.339
120.35
120.356
120.361
120.383
120.385
120.404
120.406
120.462
120.468
120.486
120.528
120.54
120.591
120.598
120.608
120.645
120.646
120.665
120.667
120.673
120.679
120.685
120.693
120.698
120.699
120.746
120.749
120.799
120.806
120.815
120.829
120.835
120.841
120.858
120.865
120.881
120.885
120.892
120.909
120.925
120.926
120.967
120.981
121.029
121.046
121.059
121.078
121.103
121.15
121.156
121.16
121.186
121.187
121.202
121.205
121.209
121.224
121.229
121.233
121.262
121.264
121.265
121.269
121.285
121.307
121.333
121.354
121.355
121.367
121.376
121.395
121.412
121.42
121.424
121.464
121.47
121.486
121.489
121.49
121.509
121.515
121.519
121.557
121.58
121.606
121.618
121.629
121.631
121.696
121.726
121.73
121.759
121.764
121.769
121.79
121.813
121.834
121.84
121.87
121.973
121.982
121.984
122.019
122.04
122.047
122.058
122.06
122.068
122.081
122.089
122.096
122.111
122.118
122.129
122.144
122.145
122.156
122.163
122.183
122.183
122.195
122.205
122.237
122.253
122.275
122.285
122.294
122.325
122.331
122.332
122.335
122.338
122.387
122.395
122.409
122.412
122.422
122.434
122.466
122.529
122.537
122.54
122.544
122.568
122.585
122.593
122.597
122.599
122.6
122.697
122.704
122.737
122.769
122.802
122.807
122.856
122.858
122.884
122.903
122.931
122.934
122.947
122.962
122.972
122.976
122.984
122.989
123.026
123.036
123.041
123.064
123.066
123.088
123.09
123.103
123.105
123.126
123.165
123.215
123.22
123.243
123.252
123.266
123.277
123.279
123.319
123.366
123.373
123.398
123.401
123.408
123.433
123.469
123.498
123.51
123.542
123.555
123.61
123.623
123.635
123.643
123.651
123.702
123.706
123.719
123.739
123.741
123.745
123.77
123.795
123.805
123.807
123.812
123.821
123.874
123.877
123.901
123.906
123.911
123.93
123.945
123.975
123.984
124.009
124.026
124.046
124.062
124.079
124.092
124.115
124.115
124.136
124.143
124.144
124.145
124.152
124.159
124.161
124.165
124.187
124.226
124.262
124.269
124.274
124.361
124.363
124.381
124.381
124.383
124.391
124.397
124.426
124.433
124.442
124.447
124.449
124.453
124.461
124.468
124.495
124.502
124.543
124.572
124.603
124.618
124.623
124.633
124.641
124.669
124.673
124.674
124.68
124.681
124.697
124.705
124.706
124.742
124.759
124.76
124.786
124.788
124.821
124.823
124.825
124.858
124.871
124.874
124.879
124.893
124.973
125.006
125.032
125.036
125.044
125.068
125.078
125.094
125.096
125.13
125.143
125.206
125.242
125.291
125.295
125.301
125.317
125.317
125.317
125.323
125.354
125.402
125.408
125.413
125.424
125.435
125.436
125.458
125.468
125.497
125.498
125.499
125.501
125.537
125.561
125.564
125.584
125.607
125.655
125.684
125.696
125.728
125.729
125.732
125.806
125.836
125.858
125.873
125.895
125.91
125.926
125.934
125.947
126.079
126.097
126.11
126.123
126.129
126.137
126.143
126.148
126.172
126.203
126.212
126.248
126.282
126.303
126.305
126.314
126.322
126.342
126.363
126.381
126.393
126.402
126.404
126.407
126.41
126.425
126.448
126.454
126.493
126.494
126.495
126.499
126.506
126.512
126.561
126.564
126.58
126.587
126.595
126.595
126.607
126.626
126.648
126.654
126.711
126.754
126.756
126.779
126.788
126.792
126.8
126.805
126.842
126.864
126.893
126.914
126.917
126.927
126.94
126.946
126.971
126.996
127.002
127.017
127.019
127.019
127.025
127.032
127.038
127.055
127.083
127.085
127.118
127.142
127.15
127.174
127.188
127.202
127.206
127.209
127.224
127.237
127.254
127.319
127.328
127.329
127.356
127.36
127.362
127.367
127.41
127.432
127.446
127.45
127.457
127.474
127.481
127.484
127.495
127.526
127.55
127.554
127.585
127.605
127.647
127.654
127.672
127.681
127.71
127.727
127.728
127.744
127.762
127.789
127.791
127.801
127.821
127.826
127.837
127.85
127.863
127.891
127.916
127.975
127.976
127.986
128.031
128.055
128.078
128.099
128.12
128.121
128.122
128.132
128.16
128.165
128.171
128.171
128.207
128.231
128.247
128.253
128.267
128.295
128.301
128.305
128.306
128.321
128.337
128.344
128.364
128.388
128.4
128.415
128.42
128.421
128.435
128.449
128.459
128.471
128.485
128.49
128.493
128.493
128.514
128.516
128.53
128.563
128.572
128.592
128.596
128.604
128.612
128.614
128.622
128.622
128.637
128.648
128.686
128.701
128.745
128.767
128.798
128.821
128.87
128.88
128.884
128.891
128.925
128.929
128.939
128.942
128.957
128.965
129.025
129.043
129.044
129.055
129.078
129.084
129.09
129.107
129.108
129.129
129.132
129.144
129.155
129.181
129.199
129.203
129.212
129.232
129.233
129.246
129.256
129.278
129.3
129.31
129.343
129.355
129.361
129.365
129.372
129.386
129.391
129.425
129.432
129.444
129.473
129.479
129.494
129.506
129.553
129.559
129.562
129.564
129.569
129.602
129.615
129.616
129.619
129.633
129.638
129.653
129.691
129.733
129.74
129.744
129.748
129.749
129.761
129.766
129.791
129.793
129.808
129.809
129.811
129.826
129.834
129.876
129.913
129.926
129.944
129.976
130.003
130.005
130.031
130.032
130.037
130.05
130.054
130.055
130.058
130.069
130.097
130.101
130.138
130.142
130.147
130.188
130.203
130.227
130.233
130.241
130.247
130.257
130.266
130.278
130.283
130.31
130.311
130.332
130.366
130.368
130.371
130.418
130.44
130.472
130.495
130.509
130.557
130.566
130.582
130.583
130.629
130.652
130.678
130.693
130.708
130.737
130.792
130.81
130.828
130.831
130.836
130.857
130.893
130.945
130.951
130.988
131.064
131.093
131.104
131.136
131.143
131.195
131.201
131.213
131.223
131.261
131.268
131.27
131.28
131.295
131.326
131.362
131.364
131.384
131.391
131.403
131.406
131.409
131.443
131.454
131.468
131.476
131.479
131.495
131.524
131.528
131.538
131.557
131.57
131.579
131.588
131.592
131.592
131.609
131.625
131.636
131.646
131.656
131.678
131.681
131.684
131.719
131.747
131.749
131.77
131.778
131.798
131.798
131.804
131.838
131.842
131.843
131.844
131.846
131.85
131.858
131.891
131.904
131.91
131.916
131.92
131.954
131.957
131.975
131.98
131.999
132.017
132.031
132.033
132.041
132.056
132.072
132.079
132.135
132.148
132.152
132.179
132.199
132.201
132.218
132.244
132.292
132.333
132.335
132.335
132.348
132.351
132.355
132.379
132.4
132.442
132.443
132.445
132.452
132.463
132.487
132.49
132.547
132.557
132.557
132.595
132.612
132.62
132.629
132.63
132.652
132.655
132.704
132.739
132.743
132.754
132.762
132.763
132.778
132.795
132.803
132.812
132.861
132.891
132.914
132.914
132.918
132.922
132.952
132.968
133.012
133.033
133.052
133.06
133.067
133.111
133.125
133.131
133.133
133.173
133.176
133.197
133.21
133.265
133.294
133.31
133.352
133.357
133.39
133.399
133.405
133.412
133.42
133.434
133.455
133.497
133.501
133.515
133.52
133.535
133.541
133.542
133.553
133.557
133.557
133.696
133.701
133.711
133.757
133.764
133.785
133.799
133.851
133.872
133.874
133.933
133.939
133.939
133.957
133.959
133.991
134.006
134.008
134.036
134.055
134.088
134.127
134.169
134.176
134.179
134.191
134.208
134.214
134.22
134.22
134.246
134.251
134.26
134.278
134.28
134.334
134.34
134.345
134.348
134.367
134.373
134.379
134.403
134.437
134.456
134.498
134.512
134.53
134.564
134.583
134.592
134.609
134.614
134.629
134.635
134.64
134.651
134.655
134.708
134.72
134.744
134.747
134.757
134.78
134.823
134.839
134.863
134.897
134.93
134.93
134.964
134.973
134.984
135.014
135.083
135.086
135.099
135.11
135.114
135.14
135.166
135.167
135.207
135.255
135.282
135.309
135.31
135.323
135.328
135.33
135.337
135.408
135.436
135.457
135.469
135.485
135.49
135.503
135.506
135.528
135.599
135.64
135.658
135.675
135.699
135.706
135.72
135.742
135.791
135.796
135.826
135.833
135.843
135.845
135.855
135.886
135.897
135.902
135.916
135.918
135.929
135.955
135.958
136.004
136.014
136.032
136.059
136.078
136.107
136.109
136.116
136.119
136.131
136.134
136.139
136.161
136.221
136.256
136.314
136.325
136.33
136.337
136.372
136.388
136.43
136.442
136.443
136.463
136.472
136.504
136.508
136.536
136.543
136.546
136.549
136.555
136.565
136.611
136.614
136.624
136.629
136.693
136.72
136.727
136.74
136.748
136.752
136.762
136.778
136.787
136.796
136.844
136.851
136.855
136.901
136.914
136.915
136.918
136.938
136.953
136.985
137
137.004
137.02
137.027
137.035
137.049
137.051
137.069
137.077
137.114
137.114
137.135
137.168
137.181
137.258
137.268
137.282
137.298
137.319
137.328
137.453
137.478
137.511
137.518
137.526
137.539
137.567
137.567
137.574
137.636
137.659
137.706
137.718
137.725
137.733
137.748
137.749
137.785
137.785
137.822
137.854
137.905
137.917
137.935
137.938
137.953
138.023
138.041
138.087
138.09
138.147
138.152
138.179
138.191
138.192
138.204
138.212
138.221
138.241
138.242
138.255
138.279
138.297
138.303
138.336
138.339
138.342
138.344
138.345
138.354
138.368
138.371
138.385
138.39
138.426
138.439
138.442
138.454
138.478
138.482
138.488
138.506
138.511
138.52
138.523
138.544
138.553
138.563
138.587
138.589
138.59
138.594
138.637
138.637
138.696
138.698
138.701
138.712
138.716
138.718
138.724
138.731
138.739
138.76
138.767
138.779
138.8
138.806
138.827
138.846
138.869
138.914
138.97
138.985
139.028
139.038
139.041
139.089
139.098
139.103
139.113
139.13
139.136
139.161
139.163
139.17
139.172
139.173
139.177
139.183
139.191
139.192
139.199
139.233
139.236
139.266
139.299
139.31
139.319
139.328
139.33
139.331
139.354
139.354
139.396
139.427
139.449
139.493
139.532
139.532
139.551
139.566
139.592
139.607
139.634
139.634
139.645
139.671
139.685
139.694
139.741
139.76
139.767
139.771
139.803
139.84
139.846
139.852
139.882
139.903
139.98
139.998
140.003
140.018
140.049
140.083
140.123
140.124
140.129
140.137
140.17
140.318
140.324
140.346
140.389
140.412
140.451
140.455
140.52
140.522
140.591
140.617
140.634
140.635
140.64
140.695
140.732
140.737
140.804
140.843
140.852
140.867
140.872
140.892
140.92
140.921
140.939
140.984
141.038
141.06
141.063
141.068
141.16
141.163
141.192
141.195
141.211
141.222
141.243
141.275
141.287
141.294
141.31
141.336
141.373
141.403
141.407
141.408
141.425
141.458
141.472
141.509
141.522
141.632
141.633
141.658
141.688
141.709
141.712
141.716
141.739
141.742
141.751
141.77
141.801
141.826
141.832
141.837
141.854
141.899
141.94
141.956
141.96
141.978
142.001
142.002
142.009
142.029
142.033
142.056
142.066
142.068
142.112
142.136
142.141
142.157
142.212
142.244
142.248
142.258
142.273
142.277
142.33
142.353
142.365
142.367
142.39
142.429
142.43
142.475
142.517
142.52
142.529
142.531
142.563
142.607
142.622
142.654
142.667
142.69
142.702
142.738
142.752
142.764
142.769
142.939
142.976
142.999
143.038
143.057
143.101
143.111
143.114
143.174
143.214
143.26
143.262
143.273
143.283
143.364
143.373
143.381
143.413
143.535
143.591
143.595
143.622
143.686
143.693
143.733
143.751
143.768
143.786
143.819
143.83
143.839
143.859
143.889
143.891
143.916
143.923
143.923
143.949
143.968
143.983
143.986
144.019
144.031
144.046
144.054
144.07
144.11
144.124
144.124
144.188
144.22
144.231
144.243
144.254
144.265
144.276
144.289
144.311
144.335
144.346
144.391
144.399
144.404
144.456
144.482
144.493
144.495
144.543
144.56
144.599
144.646
144.654
144.656
144.663
144.681
144.686
144.69
144.706
144.731
144.801
144.823
144.829
144.848
144.854
144.885
144.908
144.94
144.945
145.012
145.048
145.049
145.111
145.196
145.204
145.209
145.22
145.226
145.241
145.251
145.282
145.303
145.308
145.344
145.369
145.371
145.397
145.403
145.431
145.439
145.447
145.495
145.548
145.571
145.574
145.617
145.666
145.68
145.752
145.755
145.794
145.817
145.833
145.834
145.837
145.848
145.883
145.933
145.955
145.965
145.981
146.002
146.017
146.093
146.105
146.114
146.121
146.129
146.133
146.161
146.172
146.213
146.242
146.261
146.274
146.283
146.306
146.313
146.363
146.376
146.383
146.39
146.447
146.498
146.526
146.544
146.567
146.606
146.626
146.629
146.679
146.742
146.758
146.761
146.78
146.815
146.858
146.878
146.888
146.897
146.921
146.931
146.943
146.961
146.968
146.968
147.032
147.04
147.044
147.074
147.08
147.141
147.185
147.195
147.199
147.203
147.218
147.218
147.246
147.284
147.311
147.32
147.326
147.327
147.347
147.354
147.387
147.39
147.405
147.448
147.46
147.476
147.533
147.551
147.557
147.558
147.563
147.672
147.683
147.773
147.781
147.781
147.791
147.874
147.923
147.926
147.953
147.964
147.971
147.992
148.001
148.039
148.053
148.143
148.146
148.18
148.196
148.213
148.215
148.229
148.245
148.259
148.267
148.294
148.344
148.368
148.376
148.4
148.431
148.559
148.569
148.583
148.602
148.606
148.65
148.718
148.768
148.775
148.777
148.881
148.909
148.935
149.027
149.089
149.127
149.222
149.225
149.228
149.232
149.233
149.259
149.345
149.358
149.464
149.484
149.489
149.49
149.511
149.539
149.547
149.597
149.603
149.65
149.71
149.768
149.803
149.826
149.842
149.854
149.888
149.943
149.985
149.993
150.065
150.082
150.097
150.114
150.116
150.125
150.129
150.129
150.136
150.151
150.19
150.192
150.21
150.219
150.253
150.255
150.27
150.346
150.398
150.408
150.431
150.442
150.448
150.49
150.49
150.548
150.549
150.553
150.568
150.569
150.576
150.599
150.711
150.744
150.759
150.76
150.778
150.786
150.806
150.812
150.821
150.822
150.886
150.902
150.914
150.916
150.936
150.936
150.965
150.981
151
151.028
151.037
151.061
151.066
151.153
151.172
151.182
151.192
151.194
151.206
151.231
151.293
151.3
151.329
151.331
151.343
151.346
151.365
151.379
151.439
151.499
151.502
151.534
151.559
151.594
151.614
151.648
151.662
151.691
151.691
151.747
151.77
151.816
151.833
151.855
151.888
151.926
151.929
151.93
151.94
152
152.016
152.03
152.037
152.039
152.062
152.184
152.189
152.341
152.352
152.398
152.441
152.446
152.453
152.486
152.562
152.608
152.639
152.666
152.687
152.69
152.723
152.75
152.791
152.794
152.798
152.832
152.848
152.908
153.01
153.039
153.153
153.202
153.245
153.326
153.326
153.347
153.351
153.365
153.395
153.429
153.47
153.501
153.527
153.542
153.571
153.576
153.587
153.591
153.597
153.602
153.614
153.657
153.662
153.699
153.729
153.765
153.786
153.787
153.802
153.81
153.814
153.817
153.919
154.039
154.086
154.124
154.32
154.324
154.404
154.405
154.432
154.438
154.452
154.537
154.539
154.544
154.545
154.554
154.614
154.756
154.785
154.819
154.871
154.878
154.895
154.908
154.92
155.003
155.007
155.019
155.114
155.215
155.232
155.275
155.276
155.281
155.372
155.374
155.452
155.463
155.47
155.478
155.487
155.537
155.591
155.643
155.756
155.784
155.795
155.912
155.947
155.961
155.969
156.044
156.153
156.181
156.295
156.3
156.333
156.348
156.35
156.386
156.442
156.483
156.494
156.628
156.632
156.712
156.712
156.734
156.748
156.783
156.815
156.869
156.905
156.936
156.974
156.996
157.037
157.117
157.13
157.138
157.14
157.175
157.194
157.306
157.318
157.319
157.334
157.383
157.41
157.417
157.428
157.441
157.505
157.588
157.615
157.634
157.694
157.702
157.809
157.85
157.922
157.959
157.996
158.204
158.251
158.262
158.298
158.301
158.307
158.32
158.343
158.371
158.477
158.496
158.587
158.621
158.634
158.704
158.74
158.771
158.839
158.883
158.938
158.949
158.955
158.964
158.964
158.988
158.989
159.032
159.057
159.102
159.125
159.151
159.193
159.204
159.317
159.359
159.444
159.474
159.569
159.599
159.611
159.674
159.695
159.73
159.757
159.815
159.817
159.958
160
160.027
160.052
160.063
160.09
160.096
160.11
160.194
160.246
160.247
160.322
160.34
160.347
160.347
160.365
160.415
160.444
160.506
160.574
160.765
160.78
160.805
160.814
160.819
160.845
160.9
160.901
160.933
161.005
161.092
161.11
161.115
161.175
161.252
161.252
161.288
161.337
161.369
161.411
161.422
161.447
161.447
161.485
161.557
161.587
161.595
161.606
161.613
161.641
161.664
161.701
161.742
161.742
161.781
161.785
161.82
161.859
161.877
161.979
161.993
162.005
162.025
162.027
162.076
162.081
162.113
162.116
162.125
162.177
162.19
162.195
162.211
162.241
162.263
162.49
162.557
162.673
162.69
162.733
162.756
162.763
162.796
162.852
162.895
162.924
163.012
163.078
163.122
163.123
163.143
163.207
163.222
163.227
163.229
163.265
163.283
163.322
163.358
163.416
163.423
163.431
163.672
163.693
163.746
163.818
163.949
163.99
163.994
164.002
164.024
164.105
164.172
164.212
164.237
164.261
164.293
164.393
164.405
164.433
164.45
164.46
164.559
164.623
164.64
164.852
164.929
165.035
165.071
165.108
165.134
165.138
165.206
165.269
165.313
165.417
165.471
165.537
165.545
165.625
165.646
165.659
165.673
165.685
165.714
165.775
165.796
165.81
165.84
165.897
165.898
165.949
166.054
166.065
166.073
166.076
166.113
166.137
166.185
166.202
166.247
166.376
166.406
166.456
166.512
166.531
166.647
166.693
166.968
166.992
167.019
167.027
167.084
167.207
167.292
167.334
167.425
167.497
167.542
167.767
167.77
167.843
167.871
167.915
167.964
168.063
168.094
168.128
168.138
168.237
168.249
168.34
168.404
168.466
168.478
168.695
168.816
168.896
168.918
168.929
168.929
169.033
169.038
169.054
169.076
169.113
169.173
169.286
169.292
169.299
169.371
169.396
169.441
169.476
169.488
169.517
169.637
169.718
169.83
169.882
169.954
170.026
170.057
170.073
170.101
170.174
170.176
170.239
170.37
170.391
170.398
170.473
170.491
170.585
170.627
170.726
170.803
170.84
170.863
170.869
170.873
171.044
171.103
171.122
171.13
171.144
171.232
171.394
171.439
171.498
171.56
171.568
171.619
171.623
171.72
172.024
172.03
172.088
172.367
172.411
172.452
172.535
172.545
172.555
172.642
172.667
172.815
172.847
172.864
173.022
173.043
173.11
173.237
173.252
173.27
173.299
173.387
173.407
173.505
173.774
173.933
174.071
174.115
174.131
174.229
174.4
174.424
174.47
174.562
174.67
174.671
174.74
174.764
174.811
174.879
174.881
175.079
175.148
175.299
175.438
175.446
175.59
175.722
175.807
175.837
176.014
176.019
176.08
176.08
176.137
176.205
176.226
176.258
176.284
176.385
176.398
176.428
176.47
176.52
176.566
176.603
176.643
176.683
176.721
176.822
176.828
177.083
177.246
177.272
177.418
177.446
177.461
177.605
177.645
177.669
177.676
177.685
177.696
177.732
177.769
177.853
177.942
177.964
178.01
178.106
178.137
178.216
178.249
178.366
178.475
178.987
179.424
179.473
179.508
179.593
179.618
179.954
180.095
180.511
180.534
180.585
180.591
180.644
180.77
180.785
181.098
181.148
181.221
181.223
181.31
181.519
181.546
181.694
181.799
181.807
181.823
181.879
182.006
182.033
182.063
182.113
182.262
182.336
182.445
182.481
182.576
182.678
182.71
182.815
182.872
182.876
182.892
183.122
183.295
183.464
183.465
183.595
183.675
183.779
183.85
183.917
183.943
183.957
184.009
184.104
184.117
184.133
184.284
184.449
184.476
184.489
184.575
184.597
184.843
184.859
184.949
184.997
185.011
185.134
185.325
185.542
185.657
185.784
185.88
185.893
185.964
186.012
186.076
186.308
186.315
186.327
186.472
186.481
186.495
186.655
186.778
186.873
186.952
187
187.186
187.199
187.212
187.223
187.235
187.303
187.345
187.347
187.402
187.478
187.594
187.63
187.811
187.887
187.977
188.455
188.924
189.03
189.036
189.094
189.147
189.179
189.243
189.277
189.499
189.585
189.66
190.045
190.075
190.388
190.565
190.586
190.64
190.74
190.767
190.972
191.213
191.232
191.379
191.45
191.486
191.565
191.651
191.684
191.757
191.759
191.874
192.009
192.898
192.929
193.16
193.476
193.575
193.649
193.772
193.788
193.82
193.827
194.078
194.147
194.194
194.308
194.479
194.535
194.648
194.656
194.742
194.761
194.854
194.924
195.464
195.5
195.7
195.754
196.172
196.216
196.221
196.59
196.76
196.813
197.056
197.437
197.475
197.483
197.503
197.87
197.903
197.988
198.238
198.317
198.824
198.955
198.955
199.064
199.363
199.402
199.436
199.984
200.24
200.886
200.893
201.011
201.217
201.291
201.449
201.638
201.713
201.907
202.24
202.435
203.003
203.221
203.466
203.482
203.643
204.217
204.456
204.461
204.56
205.318
205.787
206.013
206.352
206.361
206.612
206.645
206.657
206.784
206.881
206.914
206.94
206.978
207.082
207.115
207.196
207.379
207.486
207.802
207.816
207.962
208.304
208.335
209.203
209.392
209.908
209.918
210.354
210.437
210.715
211.049
211.138
211.465
211.739
211.832
211.842
212.562
212.783
212.827
212.847
213.041
213.054
213.637
213.97
214.298
215.604
215.946
216.909
216.98
218.624
219.083
219.501
220.018
220.165
220.568
221.186
221.536
222.343
222.383
222.502
223.063
223.48
223.531
223.804
223.984
224.09
224.325
225.067
225.248
225.285
225.534
225.696
225.701
225.958
226.081
226.112
226.267
226.486
226.558
226.677
226.811
229.368
229.42
229.508
230.291
230.763
230.77
231.001
231.012
231.769
233.067
234.165
234.204
234.709
234.891
234.976
235.606
235.988
236.056
238.717
239.965
241.073
241.557
241.764
242.535
242.547
244.316
247.24
248.252
249.605
251.109
251.255
257.32
259.315
266.911
271.569
