680.28667202619
671.194527558839
669.388278321923
666.988469749304
666.325210751234
666.222716504852
666.191241245664
666.122798404663
665.94712698486
665.451409264219
665.023936609365
664.978992852208
664.771720462334
664.690203903816
664.622215190318
664.601390956891
664.536571739418
664.460447936126
664.426187722597
664.420841591109
664.286338808224
664.2648452796
664.149120929717
664.068716283302
664.002244184882
663.972102854527
663.906169693235
663.899310810131
663.84565699564
663.807326282767
663.707523164184
663.693774329608
663.693557458635
663.610716432133
663.477227263422
663.101385924376
662.994459340586
662.963330585469
662.887179634865
662.86126910888
662.807340644993
662.795457472347
662.770349141982
662.758863267784
662.660299352817
662.468842598376
662.452539792423
662.411193126832
662.321001391741
662.18959812792
662.170552243181
662.145253573058
662.095174669907
662.043224941156
662.041781564123
662.037352476075
661.98106606103
661.943382550185
661.93838845041
661.935444768377
661.806988408045
661.78317455194
661.768702289955
661.758230669576
661.748029608447
661.697651533729
661.689133139435
661.65121558559
661.640817566349
661.605553747027
661.60064478798
661.598812513324
661.540581253486
661.52198143693
661.478527351658
661.417728828626
661.341094037958
661.328441976907
661.310778432972
661.235996156528
661.228228109404
661.223788375583
661.193418467023
661.178608110065
661.177310273444
661.149017233051
661.143606224109
661.127496172101
661.100407742928
661.032395565355
660.996785509452
660.975913233477
660.960434409921
660.955093250062
660.936983218193
660.927649962549
660.90360617456
660.868223397092
660.839115756484
660.802608651828
660.783073804068
660.72149049364
660.696223643996
660.658132259863
660.654823720394
660.623751250431
660.616391357877
660.598343466597
660.551169756773
660.541831458939
660.535698199446
660.529414231389
660.526425748153
660.478166542717
660.450586883497
660.441744304746
660.415257184037
660.382438200944
660.27918410272
660.266516589362
660.262239658961
660.260484814459
660.230213060631
660.199241232591
660.180378222187
660.176734382756
660.162404525909
660.158471754597
660.145158490988
660.130888978816
660.127970051429
660.109600055016
660.103005412383
660.101888843832
660.021638752999
660.021470752094
660.00364819942
660.001697398099
659.996187449242
659.986934681208
659.982471219133
659.970231676948
659.931098693169
659.910851290366
659.910105116567
659.892208206736
659.839849661729
659.810549926359
659.743287660472
659.689015379675
659.633133733
659.623755424473
659.600633866405
659.596687098116
659.592933597047
659.555137732683
659.539477307627
659.529698134588
659.513005123772
659.49786503675
659.47799887652
659.476696983526
659.476236205999
659.445707843992
659.443546989159
659.436331946095
659.423519113509
659.408812604193
659.39659969638
659.347498032465
659.334915159672
659.327423999431
659.326930156757
659.319651805003
659.314029933284
659.307421412819
659.280816244222
659.279074787996
659.268514690745
659.266451606006
659.246354725601
659.19974086894
659.196208974246
659.149638309243
659.140610057769
659.025326456634
659.008612002238
658.954974975851
658.91296980539
658.888512379671
658.883458057607
658.878554919959
658.861030348953
658.860173853601
658.856256265374
658.854124917827
658.808042738413
658.806083786392
658.778708703703
658.754219670448
658.742200837914
658.737352108386
658.713654365447
658.707907164553
658.704214229963
658.704070062015
658.703220749083
658.688438735767
658.672581257374
658.63901994587
658.638656364216
658.638071011537
658.638046011073
658.590645260349
658.576043017865
658.569253600491
658.555030092988
658.547521125746
658.53414127927
658.529695275799
658.508543688622
658.507211573082
658.476449334546
658.432972526508
658.432796836124
658.431624887776
658.43105402151
658.416041333823
658.407893778113
658.39922906596
658.37859079111
658.377009929819
658.355138550436
658.353537046068
658.344551931831
658.330288259951
658.32982716543
658.23944660719
658.235662151178
658.226349525504
658.224668606972
658.209357629405
658.193593028338
658.186134102408
658.159534883428
658.150988549595
658.131300617037
658.121802553711
658.113735720699
658.110895086822
658.09155824956
658.085248532974
658.084102539097
658.08062541087
658.078567045648
658.074512421848
658.0730514638
658.025908634103
658.019571242596
658.014594834963
658.00886627477
657.943028453543
657.94024067226
657.935107370859
657.930103342261
657.898460941437
657.894663197126
657.883611185662
657.881950353312
657.877556954334
657.864155755221
657.859598712492
657.847467603912
657.823514694181
657.815083971788
657.812496665883
657.784694709261
657.77958293547
657.769452166388
657.726407050919
657.722199882344
657.696544581328
657.673911909601
657.662745939223
657.654203940173
657.631045315099
657.610294165802
657.59262821285
657.562750048508
657.52867207083
657.524892546446
657.497373044684
657.487080439129
657.480903781756
657.470679901202
657.47036991499
657.469472689099
657.468944074669
657.467319093249
657.464627144014
657.458805956012
657.454175966749
657.437632081652
657.408406218729
657.39442254548
657.39194459398
657.374622854399
657.366521425723
657.3574899258
657.356280272098
657.330867661067
657.322366187985
657.300172126163
657.291840985724
657.262975045023
657.252401676348
657.246719831229
657.245404225759
657.195550690662
657.190916222206
657.183375971516
657.179700785312
657.17806907568
657.15912597933
657.148346675701
657.139871441495
657.132926174463
657.114154864473
657.107393075253
657.106955026942
657.10143844771
657.098848173142
657.09806947721
657.069109372984
657.053001960897
657.051395845877
657.048479154387
657.048370255416
657.04836761349
657.042137977997
657.037440138185
657.022510193666
657.014816636012
657.008791849905
657.008233818513
656.998698069275
656.995355159819
656.983172199445
656.975216959002
656.969172585955
656.96870026229
656.964373448092
656.958611007847
656.957248733485
656.953163108775
656.937142223199
656.921839602353
656.903116802712
656.895991988631
656.89441548104
656.878449413877
656.86107162926
656.85268591668
656.852383607182
656.851306196798
656.849020302835
656.845858157389
656.845584519196
656.832876531641
656.829330620901
656.82930781476
656.82722864262
656.82089058191
656.814325349953
656.799420226807
656.799052374997
656.795894477679
656.785726287725
656.785601961985
656.758770958319
656.744836512067
656.735451936334
656.728976806237
656.706252144044
656.705670200157
656.705473575744
656.697640263929
656.691063224117
656.688516849927
656.687318362224
656.67242706851
656.667229888574
656.658965267755
656.657806837261
656.653110609033
656.641412149899
656.64129154454
656.635951650796
656.628769550362
656.627661861478
656.617623783435
656.606359618978
656.600111517394
656.597683473814
656.578024586258
656.546201263402
656.545927774753
656.506102240579
656.49661242977
656.4958867053
656.462751804591
656.461603069
656.441029190842
656.412465566039
656.381668541331
656.374788640337
656.355003555251
656.354895743885
656.342004859234
656.341132880411
656.339397702806
656.326615414786
656.323378716011
656.320518350533
656.304889396819
656.299706540379
656.29723484426
656.29701190165
656.295225403374
656.284444863423
656.283016723759
656.27496114984
656.262116503995
656.221461582901
656.210115155693
656.20180137282
656.201311242341
656.19192317632
656.18765881236
656.17066692186
656.153247423337
656.152689188395
656.132687388334
656.107097178482
656.106279928832
656.104473725954
656.097386139248
656.080788296435
656.075740047276
656.075333457963
656.036687939425
656.024025526409
656.015843008941
656.013090824379
656.008715004447
656.008030274846
655.996246835498
655.994647424283
655.97767905202
655.95927822952
655.95832827717
655.952577002482
655.944612136288
655.93369687799
655.929408586774
655.925003535154
655.922959931606
655.919769837749
655.904346054112
655.890384681725
655.88033698642
655.872341602746
655.865721892091
655.865505835256
655.853221310625
655.823787897429
655.823740931544
655.819098126531
655.810278572674
655.801527944617
655.794822622358
655.794045870781
655.786856642474
655.778346614528
655.769506460892
655.760303966523
655.755077809357
655.751616906891
655.751436039472
655.745049062807
655.732183853947
655.71599365829
655.703420689864
655.701122820153
655.689608460534
655.689529849031
655.675729295171
655.649861943026
658.593946012941
659.518129357917
667.442123455518
661.434035886186
656.904562095072
660.54785546063
663.518261927773
656.379609599549
660.134142398674
656.59091294834
664.937169559264
656.647345840606
665.834101394027
661.665593960301
656.002581385724
658.812217223326
658.677337437532
662.636260306043
660.237524540413
662.057683122941
658.555933728341
656.14613447041
661.833766795617
660.964059444044
662.625670433276
658.323271615413
661.730873896188
662.816417180431
661.810123971825
662.81297510945
660.197287458317
661.361418054933
662.050718868444
657.368351047695
664.682861463649
664.033051737115
656.98371086279
659.236595895871
656.890280571093
661.923439246733
659.118278190881
658.40514544139
662.28504825044
656.141080476713
657.806212116869
657.376169148601
660.34460436771
659.754099791325
658.622263584498
664.192556801836
663.704373978832
667.796209579915
658.054931066944
657.124265667329
660.040380274725
661.174795770875
659.024990060827
658.304042134141
663.431962259621
659.372693185773
658.7085941446
657.193109760516
660.04683315969
659.36960185813
662.169424671614
659.445100493627
661.323729864512
657.030850633947
655.780607358261
662.574368273059
659.844935921856
664.928124598402
657.645298224197
660.442011080807
658.116508793731
662.496753042125
660.111235304569
660.859200152582
655.820052372732
658.012699044078
658.949009826176
658.90141060859
660.305769962652
660.002136166807
661.827957975519
662.789016294678
656.909187961787
662.827324789818
657.99816744219
658.16532239088
658.303751853687
657.670239500076
656.83555334845
658.651968198496
664.925157835516
659.213778266919
659.015078888026
656.196279750304
661.947393434239
662.139199850202
657.684887144178
662.175278398345
661.451409535099
657.39404486195
658.652855149772
660.560153875475
664.892593383389
656.860696498931
660.923357042139
658.391311273549
656.349873399147
659.038700755381
659.622930102311
656.395976650906
665.236876276164
657.538815041639
660.943425706727
662.743342004689
662.61596823224
660.540989242355
657.492333848666
656.120248115157
657.465433549317
655.918361129638
663.023406277551
664.505383851679
657.249038447396
656.360354694305
661.88218106074
655.76762085296
661.12097926822
657.601514310013
656.26483495228
656.596477117518
656.377934195398
657.687112028416
660.369352544282
665.425858620583
657.314150595599
658.659789616081
657.832869256771
658.244701115641
667.62330287745
655.775664937691
660.683728366007
655.703263890496
661.444159522567
660.416359076674
660.890463260296
661.415359107495
659.715008412342
660.36953587477
665.407792927723
661.03736915535
655.870865840833
667.982940001397
656.971864648662
656.323052392802
659.261814099467
657.055888229848
657.263480546788
668.668583368931
657.195123764828
660.950426647919
657.765971080716
659.332095523684
659.898042752336
663.46647142597
660.852905053657
665.429907814702
659.121445489641
657.720541168198
659.406771334023
663.543144283225
659.317180117604
657.99935706281
657.673674872497
656.363277364022
663.815017329977
656.735729896274
659.46434549315
656.787378523172
658.701882979678
662.491420684007
663.421119563347
657.500197100416
661.054573018098
658.290290854883
664.582468868433
656.343038164549
656.674730677061
657.872963498048
659.425919825785
661.082306704028
657.653903673977
657.803180461544
655.972537351473
657.395874943178
657.064635063404
658.814121695845
660.011210310903
658.646676724432
657.54770765568
662.656421714867
656.982378660465
659.874227519599
660.973157966235
657.349498071303
660.209232260303
659.296048009293
659.097901822365
658.591321179161
656.773929518441
656.4607436175
655.84268112595
663.499068350903
662.315977225609
659.126294421335
658.916075718575
659.398539007825
663.412394141595
656.241979285317
664.349773556291
658.966260559506
657.715532715563
655.962156785741
664.390264889548
657.595013629411
656.06594987472
655.879036033622
661.15787079186
658.715230979031
661.00196090202
656.084743299398
660.029401762035
656.658597400699
657.292771567673
660.748318131734
656.702121293646
657.210870668948
660.298366728457
662.013184326103
659.204137452432
655.887120278909
663.076433632544
658.995924921366
658.8355645202
656.372230821169
658.473462849872
662.917306533139
663.650350395845
665.357095444404
656.174128903774
657.872413931856
666.745878670773
657.728573287832
664.238653144994
659.227292587189
658.873572383157
661.9893736525
655.768908696538
662.325980917505
664.022833080371
655.877804560519
668.243881981991
659.701480707448
663.85150384985
660.575172816904
658.18754503328
662.532071229326
665.572433598639
658.85899047133
659.913087694063
663.99346872529
657.668233610847
662.022616914314
657.23858731905
661.067014637953
658.851919519235
665.26514798193
662.185658869206
657.106023883169
663.117185466864
657.416439059164
658.042631263111
661.865006008344
657.800413691643
657.671626852906
660.419706186232
657.291984791693
661.945949387724
656.411208432706
664.016910569217
660.131381148688
663.551724316861
660.797378789808
656.4165687968
663.145571961111
656.860611362065
656.372933331469
658.576617326081
658.691504640347
660.628916555731
664.61257795051
658.676939242669
656.61800629852
658.356260421064
667.710852847114
659.135029191055
658.168974087199
657.332711914012
656.111906736557
660.864039601712
664.907572306984
659.043821060616
657.82507247237
665.399634143665
659.411553892638
659.121324494378
662.521386410693
660.536683105519
658.009473012127
661.42545285613
662.075410603917
656.643371625433
661.652781103328
657.939890058768
660.09588698388
661.402081531206
658.050092096847
658.787556795231
657.604865582207
657.685090225721
658.940510522213
669.617282696175
660.346498724099
656.144574016583
655.816924835141
664.209713949833
659.898747997989
657.056627129763
656.630959972305
661.677944525503
669.616105980141
657.505881760612
661.062875930408
664.792225593695
659.011286351591
656.290904935006
656.018423251267
663.672819699259
656.372603357919
665.495482038085
657.942615017143
657.640156173037
660.384364634592
660.229311067657
656.46683542768
655.96958837173
655.75719975966
655.895882044913
657.856864568575
658.42570107877
657.01362494502
657.23433043906
660.098299068057
658.099221980471
655.827933108443
657.30373969043
662.494705574628
662.463460858171
662.65155288447
661.599377908808
665.268066198247
658.036335906765
659.040221891664
664.533788428773
660.47265287549
666.278886219271
659.956058698029
664.998957757282
660.178442332582
656.026507063514
658.353872561523
660.29682146125
658.813620007315
656.251436250891
660.144997343627
661.011341661537
659.968026801251
660.195769169112
656.676326367012
656.170739183772
660.415321546538
659.086360756283
657.707460222283
661.982710640853
656.167575179171
656.444161303753
659.563837920881
667.651755297024
661.292185688329
663.580459794848
660.468921313017
663.983081726215
661.599473613822
659.031443138486
667.525974360042
661.968298196011
656.874033396971
660.721757195562
659.122968429795
655.905576323452
662.893271954936
659.952636917798
661.441920552338
659.140918221565
655.664394628652
658.821596507052
656.76184942972
656.139063185326
660.338232598052
659.670686630084
670.120598788497
656.606449161335
656.392305712798
658.552674754387
659.42820811383
660.183102708167
656.015517431241
658.584573348713
662.854171750349
658.35048091818
660.070579809368
659.34201298525
656.029436726698
663.937976054766
661.521860553456
657.408391508987
676.622463509148
658.13078229271
661.278937782381
658.72896823323
655.733386821071
661.211732557831
665.579215825922
663.693486005837
657.908197656206
659.256521431225
659.352834570046
661.698017350903
661.062076389489
668.231821218361
661.731884614153
658.410809047346
658.631830288096
660.87530610201
658.567089880141
658.762376692093
657.368766955666
659.290258760177
657.965195835155
661.085856923579
660.180713994382
655.919211572925
661.386152932506
657.856703759719
656.178015838557
660.454007000693
662.068534414107
658.894541500921
666.64287105312
656.620645093021
660.91851639571
658.42905221382
657.024712958018
656.605887282819
658.059639226854
661.758802411027
656.386752905673
658.97598179994
662.496221364948
659.947385783874
657.407764873772
658.933729428744
668.013699687706
661.418706783754
657.726489874386
668.190023090635
661.842998956921
658.417983566017
656.730661590263
656.308368114578
656.2411116684
665.670976163418
656.991492037653
659.180950015464
658.160491699199
660.571564103395
656.743745952481
658.21107410882
657.187585832462
