624.63108107934
620.997011904327
619.397903806866
619.138372340573
619.050432955734
618.634878637228
617.751677024696
617.371614460217
617.150666649835
615.295182422482
615.044068161673
614.865433717415
614.732674302503
614.68046471756
614.489047528309
613.960192969162
613.62101846499
613.398163480258
612.711266660414
612.404276543507
612.311393487431
612.300059827555
612.226388038815
612.065903705444
611.916062433454
611.861149346244
611.71319766122
611.239632202491
610.801147887638
610.625447499538
610.592317750901
610.470212492726
610.452507222425
610.321056097205
610.022284351119
609.837762241217
609.515452542348
609.455690442577
609.219257956408
609.208247691697
609.149961698164
609.129516385437
609.109895416714
609.093524764756
608.727247815558
608.607255794627
608.468983415074
608.318489858369
608.243064944974
608.22870044124
608.135245165698
608.041732596053
608.003542207815
607.94205290027
607.909653190008
607.590331855702
607.541126125745
607.508340532765
607.484849854423
607.426450005912
607.42186813452
607.259508354533
607.157851667292
607.136822519715
607.051910511073
607.042662948916
606.99069794101
606.937007326217
606.915623830046
606.832709976724
606.750652924693
606.700263664652
606.674806775016
606.598260434342
606.534612658981
606.505047873732
606.478503986667
606.447317561019
606.447097172934
606.44504485654
606.342113915431
606.205510692536
606.200597896813
606.166067293645
606.135374980739
606.10098399741
605.93331225159
605.779120030692
605.767979915206
605.731353062682
605.67458255329
605.508378760607
605.503947733974
605.465949508461
605.270355933108
605.264517202758
605.01031268392
604.99097849566
604.984270882361
604.954280606805
604.814296454929
604.805252597155
604.767986940143
604.695633944914
604.642849080802
604.624205541799
604.5765701027
604.573623276129
604.498476898399
604.46763113317
604.459807524708
604.432700640086
604.39805881477
604.298719961489
604.293055398196
604.286117802834
604.28159109044
604.17972106839
604.170783439954
604.154071997155
604.139309831489
604.087205721661
604.076123212138
604.064737147464
604.056649123547
603.941602153592
603.896195236756
603.886464844187
603.861988506992
603.860553601075
603.824537815332
603.816546719377
603.816371497744
603.814672541391
603.783154145083
603.735543755741
603.709993523245
603.691435015996
603.684895050243
603.612209602828
603.609177451968
603.582629109552
603.567785675667
603.559128399251
603.528348068616
603.511313475521
603.472555651159
603.368704084898
603.35921756417
603.291821092974
603.237895188452
603.235414663828
603.234266632907
603.212974666159
603.143247566764
603.042910855865
603.007026971319
602.962263913204
602.943671961105
602.841746998943
602.83638116809
602.728350467844
602.723390647214
602.683034581124
602.678341796656
602.658705482597
602.584296368795
602.579451883402
602.550881075427
602.541401960005
602.529956008649
602.474275641167
602.436706531035
602.353446290393
602.333525887624
602.328196680696
602.270086262402
602.191632192835
602.16716791634
602.154846780216
602.117676053316
602.102326097668
602.086964374561
602.036039685771
601.855578235913
601.798805969188
601.766865034723
601.765436131553
601.676417273755
601.609320222551
601.593761701273
601.560316858694
601.560304710499
601.484968424575
601.481874654575
601.453084010916
601.437184548429
601.402328823809
601.377547618801
601.317067659843
601.296859192396
601.290392568134
601.285677580143
601.240713491601
601.23464520753
601.231119365589
601.20412876003
601.158142344968
601.073731218899
601.05159485712
601.038663725309
601.018007700554
601.013804441359
600.986369303238
600.972252565977
600.940232558858
600.929219970102
600.914669994407
600.756105706141
600.701975747508
600.667559144866
600.642030684445
600.639529465552
600.637283585988
600.634982875257
600.618630185928
600.609681244963
600.59830764395
600.592370029861
600.574819403348
600.559383992428
600.547270531037
600.5458352804
600.532436472465
600.525979800847
600.525113683739
600.514425226143
600.492957651198
600.480876742159
600.443023805956
600.402370919262
600.363911276432
600.32994636256
600.306695310841
600.242485318624
600.238636076584
600.199605305336
600.199545582807
600.155741919316
600.13398062833
600.128029211163
600.041311047563
600.036042300737
600.031105119469
600.024306596973
599.992932160529
599.980909971912
599.957734086876
599.943011295796
599.905483480871
599.863635720963
599.827187779509
599.823199725279
599.794751916504
599.791582385724
599.787160227686
599.762734146849
599.762187276983
599.760890355231
599.740681515161
599.729008214089
599.704185488967
599.687714527466
599.624449820869
599.614552869076
599.607193730751
599.598219868114
599.542674777262
599.519364267074
599.511337425362
599.449939036594
599.336077404354
599.325797479326
599.31312750515
599.272261750179
599.221651980179
599.189198072541
599.188296352243
599.154965838648
599.154738159587
599.140779859565
599.132467495088
599.127594685007
599.11308705498
599.094719202174
599.093174022695
599.050303175401
599.042036604779
599.031194419365
599.014026180407
599.005629561151
599.005629541495
598.975607981791
598.96923988769
598.960577527838
598.94534696554
598.941680379279
598.917765471942
598.90037327456
598.884992187873
598.88313404218
598.843056981657
598.837182379487
598.833266477303
598.828150274124
598.813370556067
598.789596307995
598.787322502956
598.742078551506
598.741553782981
598.724938958107
598.723050060434
598.71468366337
598.714030732773
598.62466435054
598.623476848486
598.6003347194
598.587042868554
598.519688674956
598.517713621602
598.514917543513
598.502002266569
598.497020605461
598.488791652673
598.462260991504
598.435620786767
598.430463215286
598.430433693674
598.42528205379
598.399062820873
598.378086181329
598.370289315141
598.364364162839
598.346860900759
598.332742851826
598.316656952947
598.297575882486
598.279612433268
598.216240631005
598.214682029056
598.200091785183
598.197147198831
598.176787516792
598.169672283688
598.16517777063
598.16319893794
598.125738783115
598.112215426774
598.084605170342
598.046961769041
598.025657721135
598.018044980136
598.015479840614
598.008783310751
598.003622616369
597.990895801781
597.989729996121
597.9735111945
597.942921004012
597.940570497592
597.937095353132
597.918471790177
597.883815705154
597.882417186279
597.866013836513
597.865672035978
597.8039145589
597.800238599989
597.799606120501
597.749228155229
597.724756940237
597.699623040809
597.691824741645
597.676813618406
597.67348905038
597.616184966621
597.60116843931
597.551381331967
597.540462574189
597.519965902797
597.498114749412
597.474935188093
597.45202617127
597.439273539529
597.419384470634
597.409918903347
597.406071696454
597.401921846429
597.398532685608
597.384201680841
597.380671142517
597.369799992421
597.35540260639
597.340959185285
597.339611939044
597.336735947282
597.322380813489
597.291872126351
597.273123103611
597.230002738241
597.205917787854
597.168475230506
597.146406299492
597.13798212433
597.076362182452
597.072364896038
597.043183322061
597.029700222488
597.019316154783
597.014432569741
597.005267826566
596.993525568915
596.955888191379
596.955862640952
596.935779028638
596.921711304003
596.894087601054
596.86981890671
596.845229727011
596.845155100979
596.813555641023
596.796672325592
596.769687005176
596.75788131246
596.727525594862
596.713567432253
596.668166334913
596.623757716325
596.623394995888
596.614476582797
596.613969750701
596.570456563471
596.544787351747
596.537722495944
596.525006940053
596.491208803116
596.480983432387
596.478852002955
596.458388702451
596.436847677096
596.419870419372
596.400061938279
596.321134463439
596.30180302469
596.276300097436
596.256478599901
596.24885200318
596.247195769403
596.238217262532
596.234242002563
596.219837857381
596.201155183865
596.171537413884
596.154652549331
596.149296382722
596.148840757576
596.137605536181
596.137604865224
596.137452181495
596.122454150139
596.097003591014
596.08372878547
596.077178780502
596.072913411882
596.071441952606
596.052014532049
596.051160974113
596.044222380464
596.031650772006
595.942330585034
595.935882555832
595.933119079664
595.932075452755
595.927772670361
595.910220527363
595.896905601396
595.896734203903
595.88952382376
595.88938895906
595.888226650121
595.883828612005
595.878083027404
595.854053348883
595.837259439575
595.825964574829
595.808777763719
595.781731786777
595.778648871077
606.221927648506
603.834412634144
597.571659850174
600.179893373307
600.099476535535
609.672156148297
599.787220405783
603.312089383029
609.727315164716
602.580781294675
598.683672781004
604.414760099353
607.521592233874
612.532971256535
599.384982310609
597.193413368175
598.600032130208
600.739119461276
598.565071671183
606.038664465184
613.47672355427
616.681285479612
600.124371788072
600.780063332886
614.663012136455
620.631058873739
599.541902522059
609.736875655783
600.384068437496
610.266243395755
597.343777981206
604.71441644373
600.456234725132
598.451534389112
607.714300817225
614.825643684322
598.125105736802
596.169434058094
602.019508140441
601.627388638973
607.813798266128
600.82183041333
610.705723337449
598.912970308212
604.399348099839
604.401019859627
596.031530359035
595.897969830741
596.454448220693
597.423565132244
613.448430431089
608.052033770016
601.486318037289
598.265426456354
596.652300408065
599.641408391998
595.884961474415
597.031040292483
603.569610389408
604.261801347143
613.122314928637
598.752568069713
599.517970935194
595.942699464627
597.15275832603
605.811300638423
602.954472137762
606.591225789631
605.180091805354
598.68845148508
597.69680155685
602.988526744263
596.839190313613
605.353253955877
608.374986376367
607.425716360255
601.902692683564
598.168780324418
607.239202511133
596.790248553502
595.845507240151
601.626604846009
601.761727780409
602.9139970656
599.516218177394
600.365273762766
602.380812677109
605.935657006584
596.424847421225
596.625759723496
595.7655764743
596.068242973528
600.534973190793
596.904006894043
612.191370478984
601.311887826739
596.875133801715
600.355858315323
604.342907703573
596.909833544247
608.897103215352
602.511666366316
600.403535594216
595.812425823088
603.84802026811
607.320654208134
598.619248897891
596.227390186581
604.354432755108
597.796701875205
598.35345702283
598.766425693851
602.115139852171
602.778019486897
599.928498900648
604.575339653558
603.632030594178
597.371461456692
601.326738776606
608.255752697941
613.423236458576
606.597377111525
627.583823054595
604.390792390743
601.401058560079
600.542919159717
605.320799253425
600.937312682806
606.992919013908
597.150767195785
617.54123174891
612.553161310095
603.110133444124
601.691779196964
597.136060410741
597.986829377203
604.44766432871
611.453752167025
596.13245273327
598.287084258177
617.570448779707
607.042401423781
596.90404851281
599.849959766722
600.852362984162
604.995589489797
596.889399665767
612.08492872908
612.171543172228
599.440084880653
596.857467138085
611.96484686043
606.815372891857
611.749958189077
598.900712861394
603.584664718462
619.202420899203
597.033357783993
608.960814250035
595.870464248389
603.94204860808
601.875784662665
605.451349219225
597.618901650496
603.367124656681
606.791886194874
597.742883181778
604.637436444558
605.238634541509
599.149702113177
610.341508270192
599.604330777822
624.712958051537
602.106586863275
609.310709080657
604.228914574758
597.625028450751
611.994122273475
600.26658452111
602.24057551736
604.622109014776
601.57605796326
607.596222194019
617.210038945904
618.217488340781
601.110461504572
598.753175915711
600.601558280403
598.737343833359
599.690785795726
598.122716974967
605.941275473665
612.43525838657
601.367626363674
614.001046967894
608.475051689397
597.442351639921
597.73549640093
599.881147762085
607.530141218548
614.304393737135
598.98573627088
600.768032972314
606.638152523807
601.709064268476
598.666861701426
606.78665352001
605.046670121717
600.251081881531
609.52338589
601.900112912428
601.467554750192
610.464757455089
595.822825558864
601.350407294495
600.48237782139
608.453325392139
610.363878037577
605.946518790398
604.375963574837
598.057742874249
613.890361445615
596.464475839313
599.481058105833
599.629429174325
596.776339610211
618.682530004219
601.337006286879
598.79455402612
597.400148301524
614.861492686004
615.682615187017
612.06956536603
596.526370839073
602.488969551456
601.404524606834
596.128024127243
604.357414493831
609.96729561014
599.478563865588
601.525901662389
597.98826661833
600.514932372872
608.744401208681
595.74881030188
603.994313192292
603.846739290526
598.502053509563
607.97223386791
597.709349511994
603.964231245175
605.196713928454
604.937106250578
596.374739052183
600.517760922425
620.445216805265
603.202396848601
601.970532836218
610.52668013683
616.443594894801
599.943967120914
616.516050295945
596.689306488911
609.519679786993
612.232635871222
615.654199271964
597.502321185746
597.828716959363
605.006854488287
602.265262289192
605.742728151487
597.753365243923
611.94497796053
595.838656179568
597.1092612194
608.834534624044
601.597045335685
606.878278269993
596.914330081585
605.543649629118
602.737842892686
602.60708934197
598.792781673529
599.862054939274
596.51494001681
602.448275719788
598.036255710752
602.189956131797
600.892811349778
600.237142004272
609.679322647737
596.608193824816
606.470801574752
601.783166999037
603.171128351074
605.411765929435
601.085672316067
600.469633606033
596.403079303941
597.031228181581
600.009009948682
612.52337718058
600.838647765931
597.965427989702
607.777632587369
601.241342377266
597.602792129522
605.487415849315
608.258971769441
599.240748049306
600.541413113875
615.11195421839
596.162741070941
607.777621366453
610.232857082483
598.369737911673
605.101614307627
606.841014538908
598.137959919668
597.662657133298
597.914982448794
612.897889865577
603.953584163525
617.349154803381
599.272677675223
610.478675500595
605.671997111238
597.792492107476
611.327797890372
599.265927838012
603.182059681209
600.720849234624
604.860413746989
603.78403658681
601.142188910215
598.079813360664
600.802564583338
603.905231185033
599.575889610033
600.395084836017
602.660894743232
604.292188739029
602.105413635962
603.691797499073
597.725135323576
622.120678538931
596.056363603528
615.087892827158
598.81448117478
598.144485263722
600.380565309414
596.459504763626
603.348897887886
603.784530276272
599.33148292309
612.056605782712
605.655802927148
601.138227924999
608.522019685852
608.378250407786
610.442985038894
601.761379008396
598.901374254254
599.291925151255
597.679444186148
619.848401830323
602.419498326699
610.705048928011
602.099124805888
600.6305936416
596.441533034372
611.988826518322
600.220583841171
611.863407882085
607.221395577889
595.984268611346
606.033805308746
596.292782341194
600.117126051116
596.160130195508
598.914138197849
606.510857042838
606.563624732773
598.636599579257
596.351887824292
602.891547987362
601.456650056594
603.591497308412
597.444295674172
602.954915579
605.882447875056
598.523066124914
609.827511376043
601.42538085743
600.206700281572
605.008061534151
596.756334847603
599.446865440938
598.031849374443
624.034887115217
601.482017010902
599.301253100246
598.955998234577
605.015078430937
612.94898864312
595.79721114855
596.34099938983
596.422684327044
609.581564593395
603.95882067233
600.878578958008
612.616610040194
596.636670154602
599.795261218252
603.294490138896
601.838475223307
596.664615486121
599.514068971506
607.182841446463
598.15377531572
597.454712185316
600.18542170009
601.168596122905
598.508063390053
595.845646317141
608.200248123062
599.092575214008
605.796603519415
604.086586705718
607.863538528713
596.535560125044
606.555219488327
602.662516585438
597.552679863747
605.88770614257
616.586590951734
599.079807821248
597.338639759563
599.073296853615
598.983322761472
606.144686161131
603.868024961767
606.332232051076
601.785046777638
614.151482618095
603.891553034472
601.803677844485
598.179444226343
597.486770796927
604.053114659675
605.034422093319
599.425440041199
606.073646985839
610.780030559356
604.847102551408
602.112504427016
606.374303778466
613.315076977793
604.711838218407
605.304094188813
598.574188712232
604.859697287105
603.65588100768
597.501094656047
602.602789783777
597.156532575664
606.47505632841
598.458906989915
600.016867187607
611.835874600789
597.154053449339
603.087145356718
607.37893587392
605.552874397424
613.782256915234
597.246163873092
595.908860976423
605.665885402941
601.919334880267
600.356648929303
614.156792419961
610.584419799452
598.088228753598
609.70019475377
609.821670726007
598.363656614373
604.573862888399
606.118707711053
600.20930205113
596.233654477734
604.766545326609
599.601948423362
605.568303497724
605.12651249182
596.865561812593
598.574694312362
597.581435585125
596.692370996117
596.59328552001
600.175034688061
600.548769030256
599.074791554017
