1087.03496749535
1086.88742673085
1086.58317002514
1086.54152448614
1086.49809521349
1086.43149270165
1086.42695082965
1086.388584251
1086.33976597208
1086.28522642654
1086.20916230557
1086.18474198339
1086.17262136317
1086.1568119066
1086.11679890373
1086.01115377943
1085.99381613148
1085.98109942102
1085.96954869346
1085.9278418997
1085.92216278905
1085.91514970817
1085.90218891977
1085.89947698955
1085.89486175937
1085.88311090255
1085.86767116331
1085.8571111197
1085.84049759244
1085.83870258542
1085.82529098617
1085.80868863031
1085.79591135205
1085.78680729277
1085.7818508495
1085.77851702595
1085.76937626166
1085.75780264936
1085.75615210365
1085.75250739828
1085.73938665527
1085.73466603995
1085.7261525947
1085.70217924467
1085.68188754473
1085.68181769673
1085.64528320881
1085.64025154127
1085.62813404064
1085.61022251949
1085.60813164324
1085.60178655287
1085.58840399767
1085.57712774441
1085.57459495338
1085.57345198095
1085.57341932204
1085.56411747817
1085.55938193537
1085.55790709189
1085.55477331125
1085.54767363931
1085.5394444359
1085.53914510532
1085.53652710201
1085.53410908896
1085.5223548665
1085.5208588554
1085.5173841733
1085.51085330586
1085.49312820043
1085.48762981799
1085.48660213137
1085.47368251654
1085.46639726849
1085.43764091356
1085.4264245785
1085.41741039078
1085.41300434284
1085.40887802448
1085.40473149214
1085.40413763935
1085.39932259587
1085.39608382771
1085.38004916094
1085.37203071861
1085.36968566185
1085.36826084432
1085.36138675961
1085.35322974263
1085.3428791199
1085.33586991587
1085.33459322917
1085.33188657921
1085.32666583767
1085.32615048729
1085.32344902603
1085.32173144056
1085.31169721003
1085.29596811134
1085.29249166266
1085.29088006523
1085.28984695838
1085.28750303845
1085.2844664202
1085.28064584357
1085.28026262388
1085.27368171065
1085.27156810546
1085.2711875512
1085.26162812526
1085.26127327157
1085.2608608157
1085.25916192415
1085.25904472672
1085.2584395677
1085.25768298595
1085.24842289671
1085.2454543924
1085.24513107782
1085.24481259235
1085.24015076645
1085.23985798419
1085.23932913215
1085.23913973036
1085.23478959126
1085.23263878185
1085.23153187889
1085.23050573139
1085.2302733827
1085.2278418496
1085.22405223095
1085.22258672606
1085.2194466744
1085.21929220702
1085.21361355174
1085.21194196077
1085.20931020441
1085.20897482785
1085.20239771269
1085.20221382346
1085.19847121222
1085.19658248185
1085.19606036514
1085.19380051253
1085.1932061305
1085.18929713369
1085.1804645961
1085.17082535895
1085.16950916877
1085.16897084949
1085.16819956457
1085.16246005856
1085.16145027204
1085.16035553632
1085.15665607916
1085.15173062835
1085.14878468559
1085.14867569914
1085.1477076186
1085.14552642913
1085.14443542868
1085.13428231233
1085.13341468501
1085.1301320707
1085.12913276212
1085.1289680103
1085.12524636051
1085.12246771358
1085.12130440446
1085.1190175581
1085.11799168019
1085.11763784555
1085.11552713738
1085.11520156894
1085.11496496378
1085.10723618609
1085.10723430327
1085.10313583109
1085.10245691799
1085.10156676188
1085.09760986899
1085.08635756518
1085.08113649236
1085.07940958871
1085.07660873613
1085.07589493506
1085.07399652189
1085.07384787402
1085.06973939673
1085.06949703858
1085.06923702777
1085.06721929503
1085.0663945134
1085.06398061484
1085.06375881046
1085.06186039132
1085.06124345048
1085.05993081043
1085.05352233691
1085.05333582918
1085.05101662053
1085.04719596701
1085.04438438377
1085.04398959052
1085.04215005863
1085.03985891648
1085.03948652965
1085.03913053707
1085.03670618292
1085.03571552589
1085.03451611189
1085.03353268421
1085.02213378037
1085.01793961608
1085.01230894519
1085.00989494139
1085.00355272384
1085.00313234252
1085.00264354425
1085.0013224297
1085.00070873087
1084.99859373524
1084.99649335032
1084.99298448311
1084.99145938589
1084.99075627727
1084.98947414606
1084.98811867853
1084.98782270232
1084.98722930936
1084.98715512816
1084.98615582351
1084.98462597534
1084.98375825231
1084.98188051171
1084.98063651889
1084.97852893736
1084.97614601002
1084.97558567523
1084.97499305449
1084.97342707594
1084.97234413188
1084.97193583935
1084.97186915124
1084.96883259797
1084.96771562279
1084.96718565317
1084.96449109515
1084.96369061549
1084.96082469426
1084.9593315233
1084.95707081367
1084.9556578129
1084.95486794442
1084.95368409237
1084.95299969555
1084.95158359145
1084.94480470282
1084.94316129108
1084.93994733721
1084.93951483138
1084.93926126631
1084.93861143683
1084.93681826332
1084.93628940763
1084.93609007223
1084.93372802299
1084.93371305378
1084.93229441803
1084.93087632104
1084.93069881424
1084.93030609414
1084.92907610734
1084.92810843318
1084.9255086166
1084.92542513015
1084.92539406064
1084.92521970751
1084.92510710262
1084.92323501361
1084.9230521588
1084.92193928423
1084.9215073242
1084.9195710558
1084.91829024319
1084.9158834246
1084.91582823377
1084.91414363346
1084.91390634904
1084.91292686794
1084.91287378455
1084.91152677719
1084.91097228716
1084.90955014312
1084.90373613184
1084.90124747439
1084.90063164818
1084.89852318489
1084.89788743025
1084.89449922355
1084.89229629818
1084.88896177096
1084.8876263619
1084.88215481668
1084.88041958486
1084.87785109822
1084.87612627472
1084.87502376015
1084.87020009769
1084.86946949041
1084.86859338125
1084.86800245829
1084.86792149041
1084.86293562794
1084.86253016632
1084.86182741084
1084.85838027908
1084.85753083326
1084.85592419173
1084.85582426742
1084.85552761147
1084.85551743365
1084.8552029736
1084.85344247094
1084.85342621639
1084.85266332046
1084.84973860114
1084.84835982607
1084.84773293489
1084.84761235905
1084.84713838332
1084.84384512395
1084.84258664008
1084.84019243431
1084.83835223064
1084.83766000644
1084.83737193081
1084.83489603418
1084.83464120275
1084.83268654657
1084.83054611223
1084.82994165536
1084.82949230637
1084.82867285745
1084.82700504102
1084.82621010227
1084.82583911635
1084.82578925385
1084.82459966082
1084.82422037164
1084.82283808408
1084.82209081324
1084.81985866617
1084.81854375823
1084.81661154786
1084.81482669676
1084.81077892265
1084.80907948121
1084.80863000334
1084.80806249147
1084.80757152702
1084.80265296062
1084.80226266498
1084.80210996196
1084.80035146103
1084.7911579678
1084.787378406
1084.78436954416
1084.78309600726
1084.78042585654
1084.77995501208
1084.77482852012
1084.77242638932
1084.772135731
1084.77029814492
1084.76951684941
1084.76729046211
1084.76644300823
1084.76565466047
1084.76301892508
1084.7583842707
1084.75734541667
1084.75711646347
1084.75576637325
1084.75376368218
1084.75307724928
1084.75283336819
1084.75204607685
1084.74744524348
1084.74520067662
1084.73990762347
1084.7372747092
1084.73722987665
1084.73707845818
1084.73513121928
1084.73481593295
1084.7339003949
1084.73341232883
1084.73281783783
1084.72980200384
1084.72881512367
1084.72857241248
1084.72751420807
1084.7238403752
1084.72298711275
1084.72291450955
1084.72214176711
1084.72193891771
1084.72134811297
1084.71983764864
1084.71974309414
1084.71940019474
1084.71860334601
1084.71808132514
1084.71804471501
1084.71759609019
1084.71745501867
1084.71713774772
1084.71358946777
1084.7127926144
1084.71118302632
1084.71106835494
1084.71073884051
1084.71013872847
1084.7088725016
1084.70591398132
1084.7051573701
1084.70304637455
1084.6972472038
1084.69698687663
1084.69654024829
1084.69463663088
1084.69088052064
1084.6906978544
1084.68964851501
1084.68897442647
1084.68856346288
1084.68641873531
1084.68602895905
1084.68477681017
1084.68355081189
1084.68286774038
1084.67914901122
1084.67837442223
1084.67555722819
1084.67544426461
1084.67531543409
1084.67529500429
1084.67511725907
1084.6749897724
1084.67398003615
1084.67162315042
1084.6692005309
1084.66829331704
1084.66793591649
1084.66648306695
1084.66357094822
1084.66175700174
1084.65855113138
1084.65809263608
1084.65777200651
1084.65410093427
1084.65407425473
1084.65390320705
1084.65330181326
1084.65175365544
1084.65077720004
1084.64166892724
1084.64142499066
1084.64088180276
1084.63957891102
1084.63678955511
1084.63454786337
1084.634273982
1084.63291972074
1084.63236556326
1084.63180981465
1084.63109473656
1084.6283083005
1084.62749249753
1084.62748072348
1084.62645820647
1084.62334624338
1084.62269235645
1084.62091136239
1084.62009200186
1084.61861581556
1084.61696496509
1084.61655604041
1084.61632236275
1084.61480422986
1084.61420266425
1084.61377632378
1084.61338390325
1084.61303620009
1084.61250795062
1084.61029378978
1084.75917408061
1084.70290490132
1085.30843498003
1085.5482636255
1084.77202696213
1084.86907989677
1085.0534388058
1085.31336940467
1084.88775081411
1084.64902627674
1084.63179651057
1084.70056462956
1085.03618681893
1084.81468247506
1086.04256602134
1084.61831069397
1084.82250482805
1084.89182217059
1085.47919599559
1085.12778916142
1085.81794725493
1085.03452841037
1084.81842802895
1085.36494551399
1084.73635110132
1084.68226091356
1084.89124657017
1085.45588589628
1085.95965934697
1086.07507284467
1084.69611968143
1085.24850355224
1085.83777341721
1084.98125230768
1085.31029184855
1084.7447067726
1084.92561218387
1084.8373271219
1084.67091792444
1084.69957595037
1085.30431267326
1084.71288966851
1084.77516252314
1084.62761855655
1084.98093059107
1084.80386881201
1084.62993057642
1086.14384950875
1085.01772546531
1085.40213401243
1085.25091695457
1085.22147097054
1084.84017617457
1084.6494190749
1084.75227326327
1085.16606571452
1084.60984127551
1085.36283731729
1084.64538628446
1084.75034011712
1084.6090707435
1084.6132331716
1084.85721441642
1086.0547112607
1085.35824189579
1084.88886724983
1085.45293774349
1084.63635997695
1085.71887485488
1084.68892692319
1085.94315558209
1085.19720599973
1084.63900441269
1084.91703825699
1085.12117449623
1084.87335631014
1084.74830558067
1084.99915125746
1085.12244474864
1085.04982456907
1085.68543086007
1084.75403306127
1084.62702927665
1085.32993560484
1085.18470151246
1084.80771933709
1084.63558422685
1086.55410018795
1084.62958720963
1085.56777946317
1084.93111413685
1085.2157926542
1085.91328266095
1085.4176165187
1085.27447854555
1084.90152561003
1084.65255392368
1085.5429422114
1085.79257979968
1084.63018034697
1084.83078474621
1084.86423354914
1084.6669986809
1084.71191798688
1085.02170901467
1085.71934236403
1085.65420401474
1084.85490713373
1084.68217710321
1084.71980270186
1085.21964804942
1084.74000952213
1084.89092567429
1084.87883650301
1086.15666981644
1084.95216013622
1085.14660449747
1084.73834889608
1084.71288085183
1084.89376965367
1084.6219880996
1084.88620418957
1084.98629649124
1084.6472466864
1085.60716255005
1085.32095411665
1084.71674428958
1086.10165880242
1085.33329911016
1084.8214144284
1084.96800276581
1085.4936476369
1084.76704836675
1085.12191835928
1084.80698053256
1085.1796600286
1085.40041891488
1085.50648903563
1085.01386210256
1085.24421310591
1084.9200579099
1084.72627112783
1085.09702922169
1084.73971698077
1085.36889648876
1085.94711386924
1086.38348058524
1084.93607932943
1085.21188118545
1085.66130490265
1085.65775542185
1086.35748239296
1084.79339315723
1085.15371976384
1084.80694136564
1084.61848441854
1085.17743272562
1084.64530042362
1085.29701390902
1085.39683216122
1085.5026493677
1084.99180867891
1084.82280402526
1085.53059272198
1084.95840565818
1085.33859218555
1085.25782976796
1085.42666056243
1084.73699155128
1085.75156980413
1084.68909902774
1085.89019411614
1084.78132030126
1085.10825008135
1085.249371732
1084.91361005252
1085.25044124239
1084.76292943914
1084.71530145837
1085.57372061366
1085.12862601072
1084.92718412866
1084.85340191253
1084.61222759152
1084.99918359093
1084.61378332471
1085.33732214022
1085.66549613163
1084.95257338787
1085.28986670702
1085.01669524315
1084.8821477908
1084.90260954567
1085.50609737347
1085.28797010964
1085.24902048389
1085.07646742082
1085.77292168414
1084.91285898975
1084.67167929263
1085.81504728801
1085.7790809642
1084.64851349989
1084.81679490038
1084.67239279999
1084.77940714705
1084.80349468447
1085.02743989266
1085.12981793635
1085.73297966696
1084.6902591573
1085.49508599439
1084.74596649329
1085.82224471333
1084.76149568146
1085.62803633536
1084.80699742485
1084.76430156776
1084.92494472495
1084.62059061347
1084.70422664857
1084.93579073438
1084.66811228311
1085.02562473677
1084.93745494865
1084.79772520462
1084.82333905183
1085.04143503799
1084.81084052858
1084.60812267967
1085.06553604499
1085.3021854054
1084.76166344222
1084.8099651842
1084.79449545131
1085.1804322915
1084.73899006621
1084.92517217958
1084.83734557782
1084.82178032715
1084.79375262651
1084.80721169967
1085.24007093177
1085.82278808972
1085.59414745879
1084.69475128671
1084.66920916219
1085.40852661716
1084.87378435841
1084.76375595803
1084.70641525922
1084.74579355701
1084.92780974146
1084.81275755292
1084.74713395552
1085.8466719969
1084.69654407268
1084.92933323697
1086.02065413646
1084.65012342092
1085.53403154673
1085.70957736617
1084.82250162108
1085.29895353083
1085.09542101647
1084.83065640561
1084.62112090891
1085.50228849438
1085.85226347319
1084.87626758868
1085.30509636097
1085.16564890498
1084.77637054263
1085.382653931
1084.76868737301
1084.80989432512
1084.88511620391
1084.70001715276
1086.60505113208
1084.89517202078
1085.27185787847
1085.06781008043
1084.88350485235
1084.6204870997
1085.68399413466
1085.06162072758
1084.90563313646
1086.30076369664
1084.72518203309
1085.24545051524
1085.30042818228
1085.25561883153
1085.11742198837
1085.09810973401
1085.71535310029
1084.68687771472
1084.62562233225
1085.05144557822
1085.03846814771
1084.61510111467
1084.92811278481
1085.77289269226
1084.96301497062
1084.63449816322
1085.04599682864
1085.08210677171
1084.74324542649
1084.72290908305
1084.92363040512
1084.6954301331
1084.95947866651
1085.39001880202
1085.05083061402
1084.61318159463
1085.48234072285
1084.7930638813
1085.21617784845
1084.79880210966
1084.99954241209
1084.71503398219
1084.72090036867
1084.92138259852
1084.67504869713
1084.67459692279
1085.00091942101
1084.72241351965
1084.80874032592
1084.9673068174
1085.2125812534
1084.8444610235
1084.64009039504
1085.50945160621
1085.09385172036
1084.91891176742
1085.47102263228
1084.76715565384
1085.00948816979
1084.61099583259
1084.80037670069
1085.4452153181
1084.94119841021
1084.75792547409
1084.84312383729
1085.05075089816
1085.08636007164
1084.75741300952
1084.69051860335
1085.13639514709
1084.92805032851
1084.67109497434
1084.63054261709
1085.79140543259
1085.13817047285
1085.56546675467
1084.78628971627
1084.68386587578
1085.62058150594
1085.53286901763
1084.67058362442
1084.94369278675
1084.67026072625
1084.87729154824
1084.86990172016
1084.97536920613
1084.87663804745
1085.77646580717
1085.90776242891
1084.69097681576
1084.7992736375
1085.09759788061
1084.80115767547
1085.18183623753
1084.95088722107
1085.01840523438
1084.91289342529
1084.92207904329
1085.14273326424
1084.89457768115
1085.8085314269
1085.58700827781
1084.81306884713
1084.62954444449
1085.11066875619
1084.67741725532
1085.16083235716
1086.03785128612
1085.2847897728
1085.34958350044
1084.92232367679
1085.66954095667
1085.01527583839
1084.85396562973
1084.75191408147
1085.86825600692
1084.96490717324
1085.7775455758
1084.75719852884
1084.95251774085
1084.99465189588
1085.25166709084
1085.19488873565
1084.90598323195
1084.80587105145
1085.65229169568
1084.84815651128
1084.65294166211
1084.77161106725
1085.13696911219
1085.69865104663
1084.64158295018
1084.73681615121
1084.67816615519
1084.98686515487
1085.84235244394
1084.97230971687
1085.00124196232
1084.95748967257
1085.07883408155
1085.1795230471
1084.91584888392
1085.07267892579
1085.31732760923
1084.79898289929
1084.8703613734
1084.86256904276
1084.72124725139
1084.76108719201
1086.14725349881
1084.71897814336
1084.89410783942
1085.79702583351
1085.04218112185
1084.72726552257
1084.75151395044
1085.16368451888
1085.02278142899
1084.9388976646
1084.90708793976
1084.71567719382
1084.84010133708
1085.56558875023
1084.6371815746
1085.1897686861
1085.38284410369
1084.66460395998
1084.84744301655
1085.05610372487
1085.05495091708
1085.01950890333
1085.22958179148
1084.99686757689
1086.26030310445
1084.80899636188
1085.69930206896
1085.12101627891
1084.69601089181
1084.88918387055
1084.70422590553
1084.61965253338
1084.70645286851
1084.82796140509
1085.19219311784
1086.09771351333
1084.66773580669
1084.73856220248
1085.49842341152
1084.86631390086
1084.66307866446
1084.66026380468
1085.40609617083
1084.6218695292
1085.27477199969
1084.69298950786
1085.05330269177
1084.77122196745
1085.02731359751
1084.96471441497
1084.61555809196
1084.96939703503
1085.1822257633
1084.95001211431
1084.64000195625
1085.51722754098
1085.43314615922
1085.30515066745
1084.85101747454
1084.7801314605
1085.19020352728
1085.82649091265
1084.68144551696
1085.19490819232
1084.71979397093
1084.83856022575
1085.00542471679
1084.81843967618
1085.45597985314
1084.68522865835
1085.28409527659
1084.95627375118
1085.06920414101
1084.8854640286
1084.75022115325
