738.329606281991
737.257694420456
735.489721686504
732.600012481834
732.07838218812
731.077871230917
729.470844911663
724.507240038369
723.428276718675
723.038487288128
719.608430081419
719.214400634234
715.579381418953
715.568422688324
715.034653947105
714.922148328194
714.709594617765
714.377707482635
714.091330721132
713.008268938872
712.681678132543
712.034530591089
711.984994710632
711.865393576887
711.844871539594
711.731434364427
711.437462603998
710.946945654107
710.374949046649
710.218884790985
710.159806623326
709.44696667738
709.437032415169
709.347504792047
709.144635370924
709.053611517283
709.024410730978
708.928928125926
708.908261061546
708.805564033205
708.6511282159
708.62472819763
708.454883411409
708.301484800675
708.211363418918
708.006606737783
707.936930394456
707.556075783387
707.249054222268
706.977213844424
706.732670475706
706.562380521028
706.531446902154
706.506281006843
706.295728463035
706.130025621578
706.120185579634
706.023792952673
706.020226615985
705.596204750602
705.549933971323
705.204620797946
705.103784566536
705.090808055711
705.073843434974
705.032057396373
704.870574769045
704.576178917879
704.499338050865
704.347057436452
704.327272956415
704.301825236141
704.258603458243
703.696126089362
703.680353960858
703.667784759238
703.5090286243
703.137529188921
703.121658729084
702.842257014743
702.792189920092
702.560003251935
702.475009872892
702.384638980543
702.340841359596
702.290559848519
702.285931354663
702.268457556204
702.245254431368
702.215672830109
702.166743822795
702.149713443222
702.121096555788
702.119264204058
702.111629506792
702.076932619602
702.073124951472
702.072497765596
702.050368246593
702.006100587791
701.97501101887
701.96527565452
701.950602912536
701.947311642987
701.930174624034
701.918474696725
701.913262565821
701.90968326542
701.894511556183
701.891510683462
701.881358059905
701.871323403644
701.867728822065
701.845265695515
701.840603654688
701.828178550994
701.822498632071
701.813595949158
701.812306073765
701.81199379395
701.805760480431
701.777158395606
701.771759235818
701.768328677354
701.762063588357
701.760258890889
701.737503283885
701.73708716314
701.73476252064
701.732966067704
701.722384271644
701.682853698792
701.668105884762
701.661670482889
701.659162757128
701.646774690348
701.640181096625
701.638207891569
701.628815331729
701.615444243896
701.574594793683
701.569989239973
701.5620617829
701.556210984991
701.538827292009
701.536335136999
701.535655136369
701.533871968424
701.50443201849
701.498015009294
701.483060138589
701.482472134019
701.474109126379
701.464669667367
701.464318303569
701.463670564095
701.463053135864
701.441738428407
701.439070647164
701.438486754857
701.428675951289
701.422118321679
701.408654690932
701.403778788972
701.395711224099
701.392786324793
701.384556159052
701.369230730454
701.366401379817
701.366186317663
701.363374737201
701.347828908506
701.347685209517
701.346126722998
701.345845243056
701.343846019262
701.329532140552
701.324602886799
701.314145548937
701.308064519284
701.302794398733
701.29418539777
701.29299274945
701.285742494122
701.281329014384
701.280549181103
701.274061948046
701.265606899724
701.255485530581
701.242562108196
701.241756017088
701.226721504178
701.224648738332
701.223547266115
701.216526556262
701.215556425437
701.214414995163
701.214252835195
701.204283144645
701.19820002079
701.191654099089
701.183367470356
701.177898431845
701.177528690427
701.171667746833
701.165765843274
701.165734561678
701.165009904814
701.149780895742
701.148091412068
701.135822120054
701.133954180757
701.130467974618
701.125282067698
701.123217519748
701.114189652843
701.112583198186
701.106592607115
701.104007299747
701.100095148357
701.097463027884
701.09683507327
701.092968836893
701.091443970129
701.086310656002
701.084563481518
701.083553416936
701.080148604921
701.074705690397
701.060931787768
701.060032116175
701.051774499555
701.040296768435
701.034798888867
701.026745456259
701.021421315363
701.020802070871
701.014035134399
701.009504978424
701.005410444095
700.992871357816
700.992661887151
700.991016431383
700.983492472426
700.981924298819
700.978364737277
700.978040486696
700.975648015889
700.965356225873
700.960497449202
700.959323050314
700.953101256235
700.944101659009
700.944031384321
700.935480267648
700.935096391356
700.931975857252
700.928245345611
700.920220197722
700.919639064603
700.91805248642
700.916855990644
700.912940852245
700.908067115521
700.908013607081
700.906132971552
700.899651411112
700.899211707847
700.89659224679
700.89122494045
700.891201452222
700.889245509727
700.888718623251
700.885533098594
700.881611127686
700.881075796394
700.880162088138
700.861894224489
700.852441649294
700.848673906439
700.843409524122
700.826097411499
700.826067030058
700.816335126987
700.815566349704
700.80933606694
700.804679554691
700.80406434734
700.803797511415
700.797682767255
700.782137622161
700.777872967889
700.777800462377
700.777351864306
700.775327022368
700.774364015113
700.770899577078
700.770308140333
700.769922135801
700.767381970898
700.767113079956
700.765871458805
700.762462473288
700.75943179986
700.757259322511
700.756877251671
700.754131318668
700.751647717435
700.751158118752
700.750146069621
700.748245077205
700.746952946397
700.743609855856
700.738830368604
700.73131423176
700.730722495226
700.716220506161
700.709075148322
700.708976846821
700.708804806237
700.707646152002
700.706016189781
700.700540848897
700.699867282672
700.697346222217
700.696739672603
700.692413703601
700.691366041953
700.691311086413
700.689250725835
700.684862272621
700.682525464247
700.68149662938
700.677459007874
700.675048547399
700.674166474792
700.67076290515
700.665446474975
700.664596537751
700.663832871492
700.657647707186
700.650860110511
700.641687582604
700.641191863257
700.63093436324
700.626340273653
700.625167076644
700.623325982704
700.622280783528
700.615632319624
700.608809697853
700.606990196855
700.594968364265
700.589754892369
700.589491269976
700.584556545292
700.582914509598
700.581837412621
700.579490784023
700.568595106185
700.565292081778
700.562162101872
700.557393343186
700.55723749772
700.556681987775
700.554497446662
700.552109860023
700.542302243522
700.537536613287
700.533576479805
700.529211900541
700.527679177666
700.521363601805
700.520348756886
700.517596219224
700.516108534108
700.515960896406
700.505914591624
700.505395606669
700.501796383041
700.499418342495
700.496174525712
700.491037532909
700.49073684267
700.489656249578
700.488690026066
700.488208773296
700.487342779453
700.484604466166
700.481120865525
700.47958665781
700.47862477682
700.478354616105
700.477149794695
700.476292625738
700.471762932206
700.471486414493
700.465537589247
700.464359571608
700.463427385066
700.462932486583
700.459873209018
700.457931570838
700.457884368503
700.45493168919
700.453342474852
700.451346968479
700.450795402243
700.449093931121
700.446316489272
700.438520742293
700.436562891483
700.434350372711
700.429059746413
700.427792178991
700.427649871119
700.422638761049
700.422618332846
700.422560252701
700.419517339791
700.416488239323
700.414937960625
700.409700040004
700.403582495363
700.40281522868
700.401723667579
700.397450499855
700.396203839492
700.395435126061
700.387029897219
700.386147303216
700.384903411917
700.383861747429
700.382589561915
700.373621097173
700.373424410966
700.371687188565
700.369784776924
700.369093799
700.364051922548
700.357570410719
700.35699516528
700.35580342382
700.354574113615
700.352645323479
700.35252220882
700.352020585756
700.351448394716
700.350549384345
700.345017552995
700.342264254636
700.341775484795
700.339669376804
700.337452659437
700.335747396111
700.331717507693
700.331638085314
700.328090024749
700.322187039519
700.319276482857
700.316888611245
700.31648852073
700.315307839656
700.313351993604
700.311866090105
700.305304821239
700.305059101566
700.304972744339
700.299484175704
700.290540781443
700.289074194982
700.288127390928
700.287066922703
700.286247338591
700.28044258607
700.2794282556
700.279321762178
700.27678920602
700.275051405261
700.270613004486
700.269590462264
700.269305294578
700.264910622803
700.261317696938
700.258948310153
700.255939407247
700.253396149717
700.25221898647
700.247006563311
700.235160218337
700.232893111327
700.23120548327
700.230276989014
700.225179074356
700.224967496868
700.224090958658
700.222989505241
700.221402296193
700.57928716284
706.241364591021
701.831996112974
702.314456387038
701.267551310909
700.778226923796
700.482466727068
701.133697876223
700.376443688139
702.15800087101
700.608863115239
700.85007229366
700.304379110363
700.616059402836
733.77963866753
701.13722682273
700.380457816273
700.484669216572
701.611878156489
700.70925174418
700.888271000155
735.283991123365
700.700100989076
700.977658396708
701.570289445565
701.274931761753
701.918998121101
701.443567183041
706.564993506161
700.989154777089
700.580371942588
700.5575521591
700.251973109359
701.726299784359
701.239634290342
701.560247283517
701.210061514398
701.030097598785
710.558609652644
701.262612473766
701.662995578173
702.140218985979
700.727158642796
701.683715718436
700.49272696707
700.740883360422
719.991048520898
702.114551555955
702.096435610687
700.95870206777
701.789222457494
701.404546011689
705.142609170206
704.881708180177
700.796516986988
711.383097516237
701.184483026071
700.887127913523
701.975729484176
700.628567419562
701.406606631652
701.532810797296
700.800679177254
702.749053382971
700.419735592387
706.154053516834
700.813923935759
700.606823034458
700.792837047659
702.284528653686
700.646678890032
701.566196593279
700.720602599335
700.302393801425
710.139517925182
701.738671338851
700.762094057477
701.232620465898
701.813261697504
701.54992931119
700.678534603977
700.87599217359
700.316932247017
701.253254430703
701.616568965306
700.470026171084
700.56120760139
701.119245854733
701.353888048175
700.880828371983
700.636042526137
700.682647905032
701.160671367485
701.88097787585
701.957246674977
702.010356025576
700.758448355542
701.63858693902
700.732085074372
701.013316950612
700.770885205039
700.636831266763
700.288361304359
700.429801557032
727.747822847411
700.736929366426
700.963918496565
701.51692349685
700.886209971945
701.861197206083
701.377599476214
714.357230072048
700.932767818427
701.160580892287
701.21489375099
702.026486572109
709.332007334135
701.467949986573
701.411893968886
701.809714590468
701.93020617732
701.021561476348
700.943132625939
701.170220506668
700.334103154894
701.033693571919
714.582848408963
701.407281844283
702.074028573116
705.269608742447
700.935057825987
700.663984868268
700.514555231323
700.746230832712
700.269883730568
701.4815692446
700.413313183688
700.584894264788
701.782893074915
700.387765711581
701.481983080363
701.841706199285
700.629636415143
700.300382205696
701.114346475153
702.508393418529
701.436623054996
700.583050774691
701.224788720382
700.622528052223
701.245362011538
700.405917030727
701.221944043869
701.628944474668
700.409818129434
700.896513066354
700.723738076895
700.394964743029
701.125818876837
700.679284227613
700.367355701628
700.264759870475
708.633278877332
700.564428217792
700.652399969027
702.351673038531
700.468613242705
700.224283671013
701.071551399322
740.727646163352
700.484330396148
700.783464362991
701.173819008009
700.518599167376
700.71645214014
700.844614368628
701.611259083097
700.337834561535
700.283740499137
701.300247868547
701.366817634274
700.590398613841
700.22503772664
700.694361874641
701.06949877794
700.634189919659
700.392932918342
701.299395305936
700.471447281361
700.568871554763
700.759850538716
700.683689561929
700.514416269163
701.220420422173
701.375831750467
701.081104430931
701.165209910204
709.105498324965
700.726914750318
700.93054977368
702.139928046049
702.107121554397
700.26649375205
704.481306944403
701.052796397112
701.992608491549
700.472611560014
700.428711078245
701.824065292572
700.898134865257
701.092372635455
701.454597847735
702.200580488685
701.799640094855
712.545892510309
701.307669398191
700.780073414771
700.343519090025
701.164315053503
701.279459702297
701.276471361314
700.383624212105
702.087359351099
700.779068116293
700.974901159457
700.267714287741
701.729820136116
700.227924405181
700.240327928366
700.379018516904
702.258238632218
702.069082833897
700.47686447878
700.708822781285
700.568868318366
701.194992136658
700.928189902324
700.241310428042
700.878731539001
701.296067532143
701.081873100615
700.786733010562
700.870338855364
701.024601332399
701.234294097425
701.036475093387
700.788360050166
701.608995643466
701.450966434203
700.644982160328
700.829126252631
700.574951151045
701.711488842434
701.070431126129
700.276234943868
700.22818160784
714.676565533885
701.539792292479
729.409046465674
701.72999833431
701.143712703117
701.53814400751
702.114964919246
701.217014980499
702.602193928913
700.671445856264
700.801132815593
700.461221046354
700.865521113431
702.006862558292
700.574100057971
701.813059360546
701.658405561506
701.474230559282
702.124299263363
701.206028807695
701.328968000547
700.296691395558
700.779352958039
700.665165199181
700.861703992161
701.878935346265
701.879692199236
701.520115430978
700.464599176899
700.408655767516
700.740325831558
701.151677346174
701.361068073723
701.329914127518
701.212310041932
701.875411355382
701.172545147019
700.508415231305
700.556125100337
700.340231004062
719.956931613171
700.249324006619
701.287781430961
700.267091503403
700.684073725859
700.522069475746
701.356828364637
700.354474240028
700.531971593051
701.408622303532
700.773563941995
701.359538870509
700.544967000654
702.56170307351
701.432482683047
700.796871254921
700.520929773096
700.460195626466
701.795552494965
701.311244035145
700.361758782837
700.88868822172
702.405567985917
700.481359592976
700.282870185163
701.683223348618
701.22641520017
701.507482685745
701.732902869359
702.562848089629
700.260890518196
701.429756672995
702.472783934548
702.016264335482
701.282080706173
701.267034506345
701.729141202639
700.344289779799
702.481335558438
701.954081687642
700.30690315812
701.271735797531
701.882726258511
701.087674300391
700.716644707254
701.118248095332
700.753198605746
700.844321347958
700.257999473542
700.464248963821
700.226831768079
701.171815961398
700.814530737165
701.294549873133
701.500999088404
701.529646049308
700.452153542025
700.435347066676
700.378163124848
700.281077826597
701.690224353558
700.737002574328
736.828146981215
701.60085737836
701.732680077723
701.387770824239
700.444209280711
700.86891067112
700.651667377834
700.962737323669
700.781334777264
701.210797193456
701.011334115263
701.796179159927
700.687140272342
701.323908781897
701.260974575239
704.081966283828
702.153513300824
701.158542819337
701.027570237123
701.514341168511
702.318232655973
700.238647961389
700.359530708644
700.930027772229
700.372643492817
701.417221602206
700.604327855508
700.581691934656
701.288301040569
701.028180136971
702.122142618837
702.193580611146
700.338993302303
700.441574340151
700.227909606907
700.875319693055
700.717576671401
701.103225986951
701.129792761187
702.033761768644
700.744991427937
702.427141385341
726.500121126111
700.915512047558
700.866402547921
700.466387213671
701.987727656505
700.633882382954
700.558120851892
701.561111673541
702.041672708526
701.756619058802
701.342308909313
701.923212635007
701.90268236839
700.80416259464
700.553687710386
701.425759970799
700.521019302003
700.611286219882
700.931177125735
700.89267652141
704.206181281783
700.632960065285
701.831950759913
701.573312230558
700.424568863574
700.891352464733
701.551170513525
700.63217121343
701.959454248016
714.764341066771
701.726276683165
700.376217883936
700.386676279498
702.227019983276
700.616787822444
700.352518274665
702.257649450253
701.500057893381
701.237373730597
701.41077805704
702.00109094668
702.470342827718
700.221085210917
701.043493326463
700.44224651504
700.686249686796
701.916520605067
705.592215060391
700.636554620318
701.116657808285
702.005249564991
701.684110718147
720.24945234298
701.039291393051
700.224088809554
701.596202209712
700.762934269077
700.518393514231
700.55829691668
700.636452101907
700.883400071819
701.528934480591
700.335436232527
701.567758992834
701.376021884395
700.652575536563
700.471763388079
702.126252932648
700.688121916323
702.175327692131
700.228868900883
701.309431129376
700.630609385905
701.072165632473
700.347931278091
701.790463369425
701.015859715729
701.492293523945
700.382769103583
701.896117313563
700.758559947757
700.793107342382
716.492804618236
700.740804798496
700.387720763457
700.64534014496
701.068157561838
702.416781010423
706.573524630099
725.707012194408
700.610480427797
705.14988907206
701.183268084187
701.717633546913
701.749993626268
700.252672054747
701.289412538422
701.212896280087
700.607115636079
700.814000196537
700.568102608233
701.350816360515
