569.842751221607
567.921450281691
566.546767976567
566.500073845593
566.385254605391
566.305590031401
564.88856536411
564.111050451074
564.089471480426
563.710184575295
563.507010048376
562.72608521307
562.716165421297
562.415443066927
562.15935416873
561.991621666347
561.851171883824
561.504053769566
561.417738980592
560.701850368555
560.590198878407
560.315057233223
560.306842333428
560.153321679962
560.04339821264
559.664097595586
559.663400286782
559.655737960028
559.334226323623
558.757470711863
558.614935621206
558.499528342659
558.084959410057
557.966545587934
557.763651200548
557.695432438646
557.460243675506
557.297180966602
557.168993741975
557.063608958395
556.874595661194
556.755691763489
556.697736535866
556.166157030282
555.891527860059
555.817235359522
555.765329379153
555.761092351699
555.742410810259
555.680368972653
555.635496177563
555.630686697072
555.327663866357
555.214429459178
555.091314962221
554.997620157448
554.893774126906
554.76317066954
554.577886277796
554.567137230748
554.364017602408
554.346303577763
554.313508041704
554.304989097549
554.301776440263
554.081506453757
554.017877726399
553.892880443929
553.874541880217
553.870318928757
553.661848769346
553.517243766943
553.511611124929
553.307165504859
553.15308646402
553.006905081239
552.807032125144
552.733826016569
552.652357166029
552.586080857378
552.478014746282
552.447051391775
552.412084987148
552.091959808108
552.077458852664
552.033394666391
552.004953768007
551.983610855084
551.965141057118
551.956545313102
551.912132363434
551.904791114526
551.818918424391
551.765042037784
551.756537975172
551.668246425879
551.627951113387
551.586885194748
551.477973292364
551.374500018821
551.361060220128
551.147683389089
551.146463634084
551.108461536897
550.991468257664
550.956594128567
550.915074382805
550.889323322465
550.842011431439
550.761891089718
550.593019116149
550.125068178015
550.064588298735
550.046692565549
549.977632775631
549.841976258127
549.838907618858
549.828182161239
549.817317903805
549.807651717775
549.795672968847
549.601455000645
549.552547034406
549.400386143255
549.353315963475
548.946186702996
548.846670185009
548.746430603913
548.722594399482
548.707872255097
548.630646850137
548.561768588684
548.490018890219
548.472296649512
548.408674877884
548.345381911199
548.311962455997
548.291172553621
548.201387523828
548.133137320866
548.003238445576
547.961172336101
547.942282511885
547.930829911008
547.706505141638
547.628903887463
547.62818875071
547.62759906825
547.524353640488
547.521092299191
547.502846298375
547.496806075649
547.487163533574
547.430523102601
547.421359726141
547.386331543916
547.301253959488
547.291278183805
547.275832102878
547.26592569351
547.253665282416
547.216250820495
547.028659156234
547.004680774659
546.983616160371
546.949352413015
546.900427723153
546.879703207596
546.871502055706
546.84084337633
546.840376086066
546.829081013402
546.792526891095
546.775180216116
546.775002067334
546.762976719954
546.757819998474
546.695708774952
546.678030936265
546.550331021226
546.498822750381
546.491369474338
546.45431631263
546.361829234415
546.347943675292
546.287509150143
546.279250035014
546.253958484829
546.217425578606
546.146014774074
546.116108590635
546.106547229346
546.029888243489
546.02882933517
545.980929046672
545.898085989871
545.877797010623
545.839558982742
545.801399011742
545.790233795344
545.746859767454
545.710012227846
545.694352192636
545.649547203347
545.562029744335
545.508054601916
545.455714233453
545.401477717806
545.294315588325
545.291388458938
545.242452472111
545.240752287094
545.17650006696
545.027354788301
545.01529870323
544.972605671349
544.954989672836
544.86059070382
544.821101682239
544.681757929683
544.60921356472
544.503160280518
544.448484753159
544.408228236259
544.352152654717
544.347491454804
544.320132073602
544.276231109414
544.252870422968
544.128906664197
544.10244010645
544.073055253998
544.059111293529
544.00415481817
543.948037324673
543.936710927545
543.89649416235
543.881826361098
543.86366691823
543.8370408201
543.79403360253
543.772746655125
543.701593145205
543.701472330717
543.665225545729
543.649327376041
543.600738678318
543.582705384199
543.563480015609
543.445929484067
543.440990233493
543.411534551853
543.410871705083
543.390648423522
543.352987563073
543.278553933652
543.275458936944
543.264001249674
543.229128372273
543.192232062308
543.180059535723
543.172933662165
543.172104592112
543.155373375029
543.138323928917
543.122621026869
543.118610956958
543.083724745756
543.017245983857
543.001661802391
542.877723059134
542.874669744291
542.867364882382
542.853739697343
542.750327441824
542.732206028816
542.725741243922
542.679547889164
542.648952304809
542.635851871657
542.608786450584
542.600344353311
542.567673465997
542.538928059291
542.498238153702
542.476987330364
542.355120255537
542.344480632403
542.302933759663
542.300295445595
542.294754157111
542.262614745059
542.261158949609
542.168755345499
542.141052685124
542.125439891632
542.072841943658
542.063254266988
542.046723984699
542.0296279459
542.021642963121
541.97539577428
541.935900457572
541.878501362778
541.817361811812
541.784158507672
541.772650908444
541.771887077226
541.752955819691
541.746176552094
541.744618384556
541.723453202913
541.675378349049
541.636670753628
541.596315752838
541.592663555018
541.587177501252
541.505852744645
541.432873614905
541.359848497179
541.358093443625
541.310609291205
541.272165407282
541.214956891215
541.183337804753
541.166376989275
541.095288177012
541.061849807182
541.01895222295
540.998279662574
540.990571245994
540.940334294135
540.933283689037
540.885541649302
540.881887627355
540.878244430565
540.835472366498
540.740039331992
540.725805324808
540.699638524002
540.663892873424
540.660140063572
540.651633173886
540.626173356681
540.541101385952
540.501991426194
540.486168762026
540.483586197215
540.469253483316
540.437280376789
540.412798747534
540.362840715992
540.355495196175
540.354316038022
540.319607215852
540.316459681909
540.298684936119
540.258286733698
540.152602121181
540.137682509596
540.112143685575
540.048141821204
540.026743463043
540.017102185915
539.955716219407
539.948941756484
539.896731968789
539.888029627284
539.858515010726
539.856935731886
539.815608054054
539.777989754888
539.762957458627
539.739987446081
539.684000834579
539.666711232576
539.66480120611
539.646494574916
539.64216739622
539.620393053954
539.58218915049
539.568798243936
539.566511590522
539.525571549272
539.505400097872
539.47449996521
539.431742744254
539.428956440635
539.403884082493
539.402875093989
539.28982601026
539.286785115943
539.283247680774
539.269547967508
539.234786738272
539.221928090784
539.216436630307
539.213523965331
539.196261103066
539.19024977896
539.113655961181
539.09495185363
539.071090488078
539.057374334397
539.056942832588
539.04374019586
539.000566463028
538.977780548941
538.974459172315
538.956412643755
538.91345359107
538.912730219615
538.893704992431
538.888526047141
538.876589901682
538.864129829389
538.827977599792
538.812708909689
538.771923002568
538.765358815395
538.76372008556
538.734388043905
538.715704063906
538.712712604253
538.700349504034
538.655341128906
538.651708256163
538.577706316504
538.55937088376
538.499301128725
538.477200762587
538.463129176349
538.441206906281
538.434189409741
538.406672343981
538.393825577634
538.384208959998
538.383070593923
538.350676860484
538.317948649021
538.297134621455
538.244977520948
538.234130726894
538.232172378375
538.221771454997
538.169541703224
538.153784606561
538.12393340348
538.117613894454
538.046849647428
538.017227150214
538.008585993471
537.995701089256
537.983680906825
537.958839599049
537.91554723593
537.914938782609
537.845918157294
537.799747141833
537.784984268388
537.760766184636
537.739183691048
537.735343776446
537.730752667767
537.717683368431
537.706612041758
537.683678181647
537.677064096911
537.652986436776
537.626231038755
537.626129247136
537.623752435456
537.588334681138
537.561811055176
537.559676127915
537.539530898123
537.513036805791
537.487367291856
537.481649759726
537.478872075693
537.476879306514
537.436742227553
537.41650105014
537.408158836468
537.406403122198
537.388856984221
537.384328047518
537.355231147399
537.265433451343
537.219130064727
537.216916885249
537.159761081119
537.124914622739
537.121654800926
537.095296327258
537.073742501205
537.070060613777
537.068113905945
553.053585509758
547.310726061622
544.618938609834
544.817617573057
546.30852963697
546.243955584249
557.788736748101
554.723540403363
560.033467622259
554.126138919033
543.466624535784
555.854380895001
555.753302124747
539.532275935846
541.477693983785
548.71083040461
548.318727407838
541.470197223078
548.883060944519
543.246215510669
555.803813642271
561.232676344855
566.472423995236
539.593935978708
563.831166611935
553.830002310065
564.186448811154
552.573618885048
546.813693170445
552.038168024935
543.446046756756
552.172327224322
543.306459421438
540.889754854831
537.971246625754
557.148181000352
554.33680242513
544.639942315014
545.13325066931
552.452712594217
544.110075327088
541.986196234185
554.353674274915
541.967059812859
544.843584187034
546.930867715414
563.360777501102
538.381649511567
544.181650909199
546.181572996756
549.575341145634
552.495828347034
547.292568333868
537.068243711705
555.957014587879
555.410160863924
548.570515895829
539.109197206015
546.370611983843
563.125938357444
540.846468226931
565.027488717837
537.215799450563
546.767482060637
564.886270590424
546.06034420531
537.45841493664
548.550608993246
542.24749379655
546.712921826963
542.717296347223
538.555874603087
574.394232885496
555.749887523735
547.796664311028
545.599000719045
555.179814767333
551.717472714657
544.707937951314
552.742198108678
539.49071284572
550.527632390748
547.641744187527
558.989682633166
548.620266054212
540.007345355767
549.204261941035
543.028981986802
549.062746770275
537.378224948538
552.29787095867
538.573234445139
564.619884577165
539.663480400806
555.123486039257
552.324377349967
553.074631687152
581.992674138482
542.598597548434
552.040603532219
539.627195966759
544.23323960675
547.288853336046
538.889205638652
547.944904086598
541.673813438699
548.21437393156
543.086069614066
554.196475072031
537.972254176338
550.932504847766
546.264296698136
548.156356058003
540.097471537649
541.523985914677
549.450941404197
543.512745596888
551.206214204674
565.096372807692
542.418239362271
540.770920546291
542.990825174241
540.883414098404
544.777508942538
537.696094026809
554.668552827611
554.663471322869
548.862137809536
549.131048898611
547.538966070471
543.107593131766
563.245607011545
544.601924665089
553.332988469137
552.146430868105
550.061614347766
539.829863754181
547.762022548831
539.714657846523
539.230152615337
541.864848278093
561.785173457651
552.828177234603
547.349282861985
538.672581265171
541.812953922135
546.237073666962
548.412066058931
539.184688426146
548.632927793922
554.775247886831
550.295136774646
555.255079260548
544.355617149557
543.349491915118
546.398030351691
547.6722905481
540.116176163407
541.61742273506
548.499738508371
545.405456552213
554.78660720836
546.040701613748
541.272820116872
575.101123056629
539.216078219693
542.03680165132
561.806427663761
568.125788819499
541.847048079797
542.478336490128
559.339403118111
546.131280727719
541.79682002815
555.542805308689
542.595234899044
540.23654814252
544.352199274668
541.598372607791
579.617372823239
540.240460486824
542.110881935453
545.312532752137
563.009326019682
541.812599642645
559.901896438317
548.075156347165
550.145477596566
542.845861062482
559.680152187236
552.009859076305
545.13868903352
560.220709578699
556.970997591584
547.279267291076
561.878889748134
539.614607602409
544.365270793581
539.180319442233
539.001368791538
537.366542219261
539.571196805265
548.708004220007
568.530919469323
542.884877798927
545.168347324083
568.330010039083
545.453805890302
543.922289149141
547.191882199146
544.197676815813
538.102584682341
546.49868563902
540.668715594318
546.818137350036
550.515750978471
549.035872229548
538.317645142317
541.547046587986
540.152480504914
556.047226484936
539.060676153927
554.692701884234
559.931595875765
561.647682842845
563.715683237741
538.984685242485
560.871081023799
544.509466965975
545.184718174535
539.654961258795
540.184406012274
555.481134295049
550.715480471228
552.132409682256
544.807618544208
551.846182796171
542.232107171577
553.572897540009
569.281279458346
542.750925606471
549.751785139301
542.445503478642
542.604436894321
556.345284530645
544.292669285291
555.449970379074
552.015407859302
567.299353603113
551.01499492753
540.997699355478
548.756976451317
549.880512082002
541.527314331973
540.981732366751
564.243237351583
537.485187437206
558.594596599145
547.393926914491
545.362200037041
552.311877303785
538.119000050511
542.7781924346
562.656188403396
548.04125782733
540.730087730832
544.171699699466
555.2995971844
546.324860013369
551.878790553924
545.86709266102
547.327592106157
551.984546943549
539.412141424711
553.164082708489
549.740593782234
542.931665094323
554.448091658047
550.964081711494
542.667721133624
541.675015428538
541.236269414121
537.91386989442
548.213217843058
541.212927320824
552.936361483224
548.164363398147
537.298239500955
563.160415703089
549.820085579498
554.89798798237
562.018600245562
538.120050562232
545.033573546096
548.418681705884
545.045767316187
538.203700266714
544.54783895623
552.287130982316
558.824708135387
545.602151267211
540.356635354606
537.69742732505
541.545705675141
547.687294093347
569.316277297238
547.210466016744
540.605102528395
538.748560525246
543.703409477248
538.577595132119
539.775652811806
541.584848647244
558.412771717706
558.868981998817
546.165776945275
544.224887241727
559.203999753939
545.031339759235
545.627788750111
553.749342248063
553.142809866145
561.711580897458
537.931086619793
543.085217997609
571.093153861336
555.448163356228
561.385927185821
538.877801526528
544.410932581476
545.964454266771
537.235280681684
543.927727945177
546.997429456925
541.167517963115
545.61175840636
557.69371166004
547.494451729951
543.304949110979
538.352601363262
537.434724409246
543.19163430807
561.977971177929
549.637233125129
547.241390411929
556.68692536376
545.063526669524
548.349930229953
538.479601835638
554.447657742614
554.621781499109
550.033526786935
554.991210896701
537.248188624222
557.128780241746
541.089561829803
562.014031900901
555.885357436687
538.834071833951
558.585067152458
538.137248624869
545.516801466112
561.520440263873
559.027167427217
551.544574978407
544.759393810948
549.543250786144
553.22657156351
550.891098055814
545.548633608529
551.17450959848
561.513157101583
539.390827490152
537.586427449692
547.956545181888
566.840785875427
550.682660023202
544.819050622439
551.455840063233
539.254221763697
554.556675686521
539.735402047787
554.70583773562
544.318559393603
561.366302586792
537.398527491288
543.226619310566
545.94317376911
547.127924632343
541.557444909059
561.631749403991
550.685366180814
550.723197199462
537.895829492783
546.814348748459
547.52152882165
548.483009395349
550.039742753355
539.770790675504
548.459694808017
545.037798412329
539.466713243175
549.138861612359
556.116648858524
555.301097762501
541.218410554401
544.268301168004
542.40151601388
542.045168166133
544.838976445718
540.185799154809
556.784456741899
563.000420261508
582.003853245729
554.608016936721
539.509648769679
562.065269868193
546.90690360385
537.251498800046
541.704280209285
557.857817655238
558.681247760749
543.831535126147
550.312271862764
539.041505967162
544.402450600864
542.691558588208
545.858934306959
545.869816089196
557.037857397464
537.425111775233
546.877527507133
541.710784363022
537.151705516375
547.762781464767
541.088436601777
549.381891646951
548.749137753092
540.653302101053
545.264645966643
537.073279503627
549.159965245176
545.803666179782
549.511124033339
559.272605006236
546.339736284903
551.049204698076
566.540170715665
537.744383514862
545.756334076749
550.877516477866
555.373957704856
540.983841176399
541.361552422504
559.822360666797
539.16768270944
556.967149605719
562.475125290441
538.43293586894
552.177419431289
549.677287943231
541.569295311601
539.6866780315
556.569532894769
553.750254039096
557.868823070455
538.550871050482
547.29181482022
560.884555022636
557.180140187194
538.889885890507
547.498385807859
540.742178306813
552.025841410342
557.341091602919
542.798098655781
540.793968012274
551.113120860948
537.308945411774
558.935471916556
549.034451699596
557.548401168788
538.634091389392
543.690786745002
546.873128570794
545.715481968572
543.432220125882
540.420519334168
537.988117344452
539.36056087164
545.504320798041
552.411330949451
547.887780934426
538.983305052532
548.515616450156
537.469014785411
540.252584412279
539.87838309814
540.958567606398
551.81943544598
544.615533367473
563.463213906997
