1087.03496749535
1086.88742673085
1086.60505113208
1086.58317002514
1086.55410018795
1086.54152448614
1086.49809521349
1086.43149270165
1086.42695082965
1086.388584251
1086.38348058524
1086.35748239296
1086.33976597208
1086.30076369664
1086.28522642654
1086.26030310445
1086.20916230557
1086.18474198339
1086.17262136317
1086.1568119066
1086.15666981644
1086.14725349881
1086.14384950875
1086.11679890373
1086.10165880242
1086.09771351333
1086.07507284467
1086.0547112607
1086.04256602134
1086.03785128612
1086.02065413646
1086.01115377943
1085.99381613148
1085.98109942102
1085.96954869346
1085.95965934697
1085.94711386924
1085.94315558209
1085.9278418997
1085.92216278905
1085.91514970817
1085.91328266095
1085.90776242891
1085.90218891977
1085.89947698955
1085.89486175937
1085.89019411614
1085.88311090255
1085.86825600692
1085.86767116331
1085.8571111197
1085.85226347319
1085.8466719969
1085.84235244394
1085.84049759244
1085.83870258542
1085.83777341721
1085.82649091265
1085.82529098617
1085.82278808972
1085.82224471333
1085.81794725493
1085.81504728801
1085.80868863031
1085.8085314269
1085.79702583351
1085.79591135205
1085.79257979968
1085.79140543259
1085.78680729277
1085.7818508495
1085.7790809642
1085.77851702595
1085.7775455758
1085.77646580717
1085.77292168414
1085.77289269226
1085.76937626166
1085.75780264936
1085.75615210365
1085.75250739828
1085.75156980413
1085.73938665527
1085.73466603995
1085.73297966696
1085.7261525947
1085.71934236403
1085.71887485488
1085.71535310029
1085.70957736617
1085.70217924467
1085.69930206896
1085.69865104663
1085.68543086007
1085.68399413466
1085.68188754473
1085.68181769673
1085.66954095667
1085.66549613163
1085.66130490265
1085.65775542185
1085.65420401474
1085.65229169568
1085.64528320881
1085.64025154127
1085.62813404064
1085.62803633536
1085.62058150594
1085.61022251949
1085.60813164324
1085.60716255005
1085.60178655287
1085.59414745879
1085.58840399767
1085.58700827781
1085.57712774441
1085.57459495338
1085.57372061366
1085.57345198095
1085.57341932204
1085.56777946317
1085.56558875023
1085.56546675467
1085.56411747817
1085.55938193537
1085.55790709189
1085.55477331125
1085.5482636255
1085.54767363931
1085.5429422114
1085.5394444359
1085.53914510532
1085.53652710201
1085.53410908896
1085.53403154673
1085.53286901763
1085.53059272198
1085.5223548665
1085.5208588554
1085.5173841733
1085.51722754098
1085.51085330586
1085.50945160621
1085.50648903563
1085.50609737347
1085.5026493677
1085.50228849438
1085.49842341152
1085.49508599439
1085.4936476369
1085.49312820043
1085.48762981799
1085.48660213137
1085.48234072285
1085.47919599559
1085.47368251654
1085.47102263228
1085.46639726849
1085.45597985314
1085.45588589628
1085.45293774349
1085.4452153181
1085.43764091356
1085.43314615922
1085.42666056243
1085.4264245785
1085.4176165187
1085.41741039078
1085.41300434284
1085.40887802448
1085.40852661716
1085.40609617083
1085.40473149214
1085.40413763935
1085.40213401243
1085.40041891488
1085.39932259587
1085.39683216122
1085.39608382771
1085.39001880202
1085.38284410369
1085.382653931
1085.38004916094
1085.37203071861
1085.36968566185
1085.36889648876
1085.36826084432
1085.36494551399
1085.36283731729
1085.36138675961
1085.35824189579
1085.35322974263
1085.34958350044
1085.3428791199
1085.33859218555
1085.33732214022
1085.33586991587
1085.33459322917
1085.33329911016
1085.33188657921
1085.32993560484
1085.32666583767
1085.32615048729
1085.32344902603
1085.32173144056
1085.32095411665
1085.31732760923
1085.31336940467
1085.31169721003
1085.31029184855
1085.30843498003
1085.30515066745
1085.30509636097
1085.30431267326
1085.3021854054
1085.30042818228
1085.29895353083
1085.29701390902
1085.29596811134
1085.29249166266
1085.29088006523
1085.28986670702
1085.28984695838
1085.28797010964
1085.28750303845
1085.2847897728
1085.2844664202
1085.28409527659
1085.28064584357
1085.28026262388
1085.27477199969
1085.27447854555
1085.27368171065
1085.27185787847
1085.27156810546
1085.2711875512
1085.26162812526
1085.26127327157
1085.2608608157
1085.25916192415
1085.25904472672
1085.2584395677
1085.25782976796
1085.25768298595
1085.25561883153
1085.25166709084
1085.25091695457
1085.25044124239
1085.249371732
1085.24902048389
1085.24850355224
1085.24842289671
1085.2454543924
1085.24545051524
1085.24513107782
1085.24481259235
1085.24421310591
1085.24015076645
1085.24007093177
1085.23985798419
1085.23932913215
1085.23913973036
1085.23478959126
1085.23263878185
1085.23153187889
1085.23050573139
1085.2302733827
1085.22958179148
1085.2278418496
1085.22405223095
1085.22258672606
1085.22147097054
1085.21964804942
1085.2194466744
1085.21929220702
1085.21617784845
1085.2157926542
1085.21361355174
1085.2125812534
1085.21194196077
1085.21188118545
1085.20931020441
1085.20897482785
1085.20239771269
1085.20221382346
1085.19847121222
1085.19720599973
1085.19658248185
1085.19606036514
1085.19490819232
1085.19488873565
1085.19380051253
1085.1932061305
1085.19219311784
1085.19020352728
1085.1897686861
1085.18929713369
1085.18470151246
1085.1822257633
1085.18183623753
1085.1804645961
1085.1804322915
1085.1796600286
1085.1795230471
1085.17743272562
1085.17082535895
1085.16950916877
1085.16897084949
1085.16819956457
1085.16606571452
1085.16564890498
1085.16368451888
1085.16246005856
1085.16145027204
1085.16083235716
1085.16035553632
1085.15665607916
1085.15371976384
1085.15173062835
1085.14878468559
1085.14867569914
1085.1477076186
1085.14660449747
1085.14552642913
1085.14443542868
1085.14273326424
1085.13817047285
1085.13696911219
1085.13639514709
1085.13428231233
1085.13341468501
1085.1301320707
1085.12981793635
1085.12913276212
1085.1289680103
1085.12862601072
1085.12778916142
1085.12524636051
1085.12246771358
1085.12244474864
1085.12191835928
1085.12130440446
1085.12117449623
1085.12101627891
1085.1190175581
1085.11799168019
1085.11763784555
1085.11742198837
1085.11552713738
1085.11520156894
1085.11496496378
1085.11066875619
1085.10825008135
1085.10723618609
1085.10723430327
1085.10313583109
1085.10245691799
1085.10156676188
1085.09810973401
1085.09760986899
1085.09759788061
1085.09702922169
1085.09542101647
1085.09385172036
1085.08636007164
1085.08635756518
1085.08210677171
1085.08113649236
1085.07940958871
1085.07883408155
1085.07660873613
1085.07646742082
1085.07589493506
1085.07399652189
1085.07384787402
1085.07267892579
1085.06973939673
1085.06949703858
1085.06923702777
1085.06920414101
1085.06781008043
1085.06721929503
1085.0663945134
1085.06553604499
1085.06398061484
1085.06375881046
1085.06186039132
1085.06162072758
1085.06124345048
1085.05993081043
1085.05610372487
1085.05495091708
1085.05352233691
1085.0534388058
1085.05333582918
1085.05330269177
1085.05144557822
1085.05101662053
1085.05083061402
1085.05075089816
1085.04982456907
1085.04719596701
1085.04599682864
1085.04438438377
1085.04398959052
1085.04218112185
1085.04215005863
1085.04143503799
1085.03985891648
1085.03948652965
1085.03913053707
1085.03846814771
1085.03670618292
1085.03618681893
1085.03571552589
1085.03452841037
1085.03451611189
1085.03353268421
1085.02743989266
1085.02731359751
1085.02562473677
1085.02278142899
1085.02213378037
1085.02170901467
1085.01950890333
1085.01840523438
1085.01793961608
1085.01772546531
1085.01669524315
1085.01527583839
1085.01386210256
1085.01230894519
1085.00989494139
1085.00948816979
1085.00542471679
1085.00355272384
1085.00313234252
1085.00264354425
1085.0013224297
1085.00124196232
1085.00091942101
1085.00070873087
1084.99954241209
1084.99918359093
1084.99915125746
1084.99859373524
1084.99686757689
1084.99649335032
1084.99465189588
1084.99298448311
1084.99180867891
1084.99145938589
1084.99075627727
1084.98947414606
1084.98811867853
1084.98782270232
1084.98722930936
1084.98715512816
1084.98686515487
1084.98629649124
1084.98615582351
1084.98462597534
1084.98375825231
1084.98188051171
1084.98125230768
1084.98093059107
1084.98063651889
1084.97852893736
1084.97614601002
1084.97558567523
1084.97536920613
1084.97499305449
1084.97342707594
1084.97234413188
1084.97230971687
1084.97193583935
1084.97186915124
1084.96939703503
1084.96883259797
1084.96800276581
1084.96771562279
1084.9673068174
1084.96718565317
1084.96490717324
1084.96471441497
1084.96449109515
1084.96369061549
1084.96301497062
1084.96082469426
1084.95947866651
1084.9593315233
1084.95840565818
1084.95748967257
1084.95707081367
1084.95627375118
1084.9556578129
1084.95486794442
1084.95368409237
1085.66352280128
1085.69763385272
1085.1325542058
1085.21291142693
1084.96384417521
1085.19734062981
1085.13345181145
1085.37211356414
1085.01720878807
1085.35961013513
1085.97763549388
1085.41914614399
1085.15636943382
1085.36062980265
1085.61841605589
1085.39971102398
1085.65884630928
1085.00952264484
1085.44277567588
1085.14159631911
1085.80926193699
1086.76034995224
1085.68848552029
1084.96136177647
1085.01900341042
1085.66915301698
1085.80462930644
1085.23794489861
1085.27454225198
1085.27250352075
1084.98310804959
1085.09280757197
1085.86292095956
1084.96996198727
1085.12416165936
1085.12974661673
1085.58975894646
1084.96390871775
1085.05763687701
1085.32513879993
1085.20937168279
1085.05014306023
1085.13292111322
1084.99707037385
1085.43769752314
1085.03112172364
1084.97213597499
1085.06378349727
1085.14384375553
1085.36818141085
1085.53627258778
1085.0954313954
1085.68431257484
1085.22466501417
1086.53245753129
1085.75207248056
1085.56393785216
1085.86441470767
1085.26380435233
1085.30767340998
1085.21395291384
1085.15406856235
1085.19755740952
1086.37795308421
1085.98028557301
1085.25061971897
1086.06640675415
1085.87887488748
1085.16500963748
1085.08256741267
1085.82734391642
1085.39121568584
1085.00443507034
1086.09815425303
1084.95350108905
1085.7562418708
1085.29067483854
1085.80656823909
1085.26727348878
1085.80185111684
1086.02259862957
1085.81032337255
1085.10177777
1086.05857461251
1085.26562349007
1085.41078716496
1085.39563099681
1085.26205952144
1085.6697314407
1085.29200550396
1085.92163680935
1085.72974372708
1085.21620661672
1085.12813372719
1085.47236037448
1086.98337510278
1085.08892519199
1085.27435488368
1085.10336915593
1085.38699187907
1085.27361053729
1085.61391875201
1085.36979496438
1085.04319002789
1085.75940167807
1085.27424847048
1085.41750526361
1084.95588411268
1085.4109924128
1085.37122884921
1085.32793621225
1085.00932386552
1085.68766995751
1085.68136572231
1085.0637078395
1085.07266640731
1085.47563140858
1085.03602124121
1085.21986587821
1085.05709448635
1085.09488626368
1085.66507651457
1085.87789962485
1085.23983490163
1085.00016502724
1085.57089054749
1085.2728889062
1085.14682892827
1085.22393151655
1085.14016168902
1085.27932611116
1085.35974670726
1085.55114551737
1085.83703947575
1085.15388214584
1085.6994475649
1085.7067404167
1085.30069608841
1085.15428721027
1086.02657869921
1086.16264592639
1084.98005967518
1086.36480711319
1084.99392280724
1085.12797514458
1085.58335083917
1085.34665774063
1085.56524027365
1085.09449995987
1085.31339151651
1085.87529792161
1085.32691456016
1085.12823697749
1085.12591401506
1085.85652457825
1085.36683436865
1084.97723803054
1085.35445692533
1085.5310861063
1085.1120365219
1084.95703560346
1085.72431048622
1085.43980829304
1085.13963092776
1085.06821613659
1085.22373547374
1085.70386820862
1085.18643228676
1085.35668093553
1085.41675340929
1085.52400777424
1085.09525324561
1085.2989360194
1085.34610557248
1085.38865469679
1085.57753803513
1085.41001711822
1085.39873614405
1085.11037174768
1085.50752408352
1084.98617771644
1085.5116067029
1085.05104340352
1084.98199628828
1085.35723867386
1084.99394125863
1085.63651962619
1085.42354099872
1085.17375248377
1084.98950140773
1085.74807747901
1085.12986277567
1085.48903373161
1085.09259395629
1085.0948065025
1085.32114142714
1084.98383239128
1086.17174693819
1085.03273197996
1085.61236897555
1085.69469002227
1085.63683477708
1085.93386041783
1085.99073497092
1086.21681227243
1085.05287892841
1085.05992278547
1084.9972152368
1085.46062460827
1085.15259825521
1085.34155530819
1084.97225232214
1087.20850068524
1085.82016439752
1084.96046944858
1085.03964031331
1085.20131511327
1085.09511154332
1085.47008205422
1085.81991671402
1085.08158539516
1085.39843462816
1085.73843129977
1085.15767216554
1085.03337991779
1086.55849573515
1084.96917533167
1085.75707411926
1084.9749964564
1085.10128102821
1085.07753255758
1085.22753704052
1084.95493012317
1085.11975129854
1085.34595176144
1085.83061087741
1085.64073650745
1085.95005045126
1085.22260715972
1085.13176801195
1085.56718309512
1085.73260156675
1085.67823120052
1085.68252235714
1085.32593931806
1085.7919297038
1085.21712563848
1085.17210498502
1085.27915854087
1084.9815893289
1084.97101078027
1085.35391397643
1085.04599646793
1085.01695074301
1085.32268609489
1085.46104966527
1085.05766225512
1085.58558233473
1085.12911986547
1085.14719723716
1085.03552240749
1085.24237435675
1085.00476626202
1085.04410754768
1084.96227649185
1085.54728862961
1084.96076913118
1085.26252195321
1085.14744326926
1085.22072096781
1085.53460814146
1085.22616438788
1085.95346544369
1085.03484222049
1086.65275142767
1085.16489098065
1085.07555991002
1085.66884889069
1085.5114951215
1085.30848399391
1085.64815232281
1085.09512154033
1085.84777562691
1085.17712275117
1085.88312582591
1085.54295947277
1085.17714473755
1085.19490919587
1085.82088649929
1085.05365060465
1085.4858321498
1085.18131281179
1084.98068662663
1085.0745321958
1085.10352830072
1084.98972177164
1085.49282356035
1085.99132828729
1085.44193562795
1085.45075074475
1084.98204031248
1085.07548922987
1085.66089196347
1085.09112978115
1085.1417685621
1085.28795922291
1085.10362137865
1086.35586771655
1085.09689080871
1085.06234992574
1085.28540790064
1085.22707487818
1085.57790151682
1085.0423226662
1086.29813669122
1085.14710985069
1085.19903964372
1085.46157021209
1086.06097597784
1085.4166628886
1085.15536713678
1085.02009951991
1085.65904397545
1085.09831899542
1085.17162873862
1086.25870850745
1085.24241448203
1085.00155588827
1085.20395322397
1085.64677491857
1085.0017031004
1086.00803592609
1085.74910360631
1085.6732397222
1085.66988880896
1084.99273184169
1085.23624560639
1086.00138023619
1085.34358998021
1085.74549936792
1085.90569146812
1085.03467329854
1085.55494232744
1085.14953905707
1085.30441299394
1085.17331954484
1085.14273412953
1085.05182395185
1085.6933347791
1085.26827181634
1086.10725486802
1086.52067271264
1085.08733449513
1085.0731978878
1085.79051163119
1084.9986199566
1085.16809669185
1085.06436703545
1085.16629417006
1085.18147801681
1086.56557332703
1085.26833474309
1085.82439298791
1085.45852096801
1085.23201924201
1085.0437813856
1085.19287675537
1085.29857519137
1085.57994355875
1085.21044270327
1085.24151184567
1085.41172724739
1085.9206634782
1085.00524897971
1085.14268760794
1085.02341339659
1087.14899256994
1084.96644414429
1085.31688171133
1086.19913082572
1085.03828780937
1085.10689701544
1085.89920988438
1085.28552203748
1085.28370823775
1085.89622960826
1085.3286549969
1085.10921369215
1085.10389055082
1085.4493434356
1085.06059807819
1085.29443971827
1085.58552816128
1085.54460777607
1085.08274015894
1085.53925676981
1085.12433660306
1084.95452103054
1085.20445047387
1085.12145177626
1086.52177119327
1085.1964837344
1085.29140928334
1085.51035888115
1086.4628385645
1085.22744261205
1085.0999595548
1084.98737634285
1086.04090985662
1086.15135711769
1085.16009633292
1085.41390143954
1085.5440747063
1085.17703433903
1085.50275170333
1086.20891724526
1086.32252393409
1085.94136798372
1085.07568235513
1085.21432965586
1085.19920560664
1085.05974161804
1085.80260559499
1085.98587641333
1085.37642777928
1085.5237015018
1086.18825154313
1086.20191590504
1085.28569650978
1085.73910208728
1085.5542202468
1085.29343813653
1085.29552455869
1085.38725120315
1085.30837577294
1085.35825071803
1086.457960076
1085.22714019213
1085.71881616252
1085.37013677522
1085.39802060003
1085.31400320376
1085.48707972346
1085.16545295703
1085.14079840257
1085.40511114561
1085.00158515341
1085.10284103797
1085.24493127933
1085.55352525328
1085.20263311037
1085.31597394935
1085.12556323609
1085.08659572556
1085.77039457629
1085.46228300265
1085.09745526151
1085.69082960957
1085.11768151926
1085.02373921679
1085.33325404063
1085.20508959913
1085.06403740533
1085.23655585135
1085.06624504126
1085.03673140917
1085.32770779388
1084.96092965843
1086.05125894731
1085.68191398387
1085.04136586397
1085.59979726773
1085.10190880948
1085.13152612472
1085.10699779689
1085.38375962396
1085.48056506558
1085.24952629521
1085.93772540962
1085.3232536615
1085.64125301783
1085.04679631929
1085.00397560626
1085.11923499575
1086.06184316843
1084.97894666853
1085.16138108791
1085.09381155755
1086.09879293518
1085.34723223773
1085.05784040286
1085.08976648886
1086.55138803042
1085.84208258956
1085.07079911924
1085.32818331743
1085.01004579243
1085.88249812588
1085.51259872879
1085.54479920222
1085.46461493184
1085.38262196406
