1087.79345745893
1087.66323514438
1087.66127299048
1087.58188731831
1087.54652694097
1087.51537486008
1087.46448938747
1087.45750614826
1087.44639392949
1087.38439017661
1087.3699490538
1087.34366950405
1087.32888546943
1087.32811927109
1087.30639878795
1087.30460599551
1087.30308868793
1087.29647403452
1087.26797746023
1087.20916746676
1087.20850068524
1087.19522740437
1087.18918715106
1087.18112072798
1087.17869593311
1087.17514788917
1087.17242250973
1087.17234970016
1087.1678949614
1087.15925122699
1087.15734048405
1087.14899256994
1087.1426725579
1087.13793698567
1087.13595030267
1087.12540743428
1087.12464397387
1087.11743585559
1087.11032426794
1087.09609151416
1087.08382442742
1087.07232189021
1087.0651161149
1087.06420225478
1087.06374374501
1087.05774732844
1087.05615011962
1087.0537546095
1087.04780538977
1087.03520983319
1087.03510082656
1087.03496749535
1087.02970270153
1087.02826396051
1087.0086263323
1087.00446933742
1087.00238947066
1086.99365791896
1086.99243297876
1086.98815621347
1086.98406474252
1086.98337510278
1086.97891749943
1086.97525402035
1086.9669515619
1086.96434123902
1086.9613223859
1086.95990514854
1086.95969078015
1086.95650307581
1086.95486732176
1086.95406252261
1086.9513425241
1086.94913237513
1086.94468585776
1086.93875185361
1086.93605276377
1086.92946419492
1086.92141703626
1086.91988669904
1086.91608759802
1086.91007170455
1086.902650398
1086.89192064288
1086.88742673085
1086.88698307007
1086.88484696784
1086.88243369979
1086.8816265239
1086.88115891783
1086.8804507718
1086.88018981757
1086.87999939557
1086.87855695157
1086.87777323844
1086.87194299219
1086.87088537659
1086.87041452871
1086.86914121965
1086.86910965365
1086.86714465679
1086.86298854508
1086.86251827233
1086.86223419843
1086.86029455983
1086.8593305791
1086.85839428074
1086.85818302345
1086.85758592588
1086.85650512306
1086.85639417541
1086.85463345144
1086.84952847751
1086.84883107339
1086.84877214542
1086.84836321706
1086.84365920595
1086.84359166635
1086.84299655587
1086.83948353648
1086.83942963505
1086.83834458845
1086.83811505258
1086.83547443293
1086.83178644899
1086.83014603553
1086.82733781559
1086.82538234868
1086.82480915917
1086.82356374133
1086.81743094297
1086.81652084411
1086.81538647934
1086.81394421009
1086.81276361399
1086.80698660585
1086.80232490389
1086.80110942418
1086.80002519016
1086.79596861227
1086.79579498127
1086.79441879753
1086.79096237091
1086.78970797875
1086.78755496494
1086.78711968137
1086.78558600398
1086.78525337402
1086.78144613167
1086.78078764506
1086.7800714091
1086.77682004093
1086.77535953723
1086.7739317697
1086.77246580078
1086.77047586821
1086.76162943234
1086.76121374668
1086.76034995224
1086.75682741071
1086.75591054444
1086.75272121221
1086.751927563
1086.75004939113
1086.74975765689
1086.74885673295
1086.74749006239
1086.74341597665
1086.74337001369
1086.7394488404
1086.73750976728
1086.73114496049
1086.72742826818
1086.72723612798
1086.72648959399
1086.72374835644
1086.72185601966
1086.71969810508
1086.71937543231
1086.71852109052
1086.71769571748
1086.71747293945
1086.7163640265
1086.71579630775
1086.71258501855
1086.71225154119
1086.71199729699
1086.70997903937
1086.70856219582
1086.70833956552
1086.70820679947
1086.70795043142
1086.70769041516
1086.70462654524
1086.69853722062
1086.69657826229
1086.69453786765
1086.69283006175
1086.69047316278
1086.69035355101
1086.68763532099
1086.68732726854
1086.6862268338
1086.68555912399
1086.68550277893
1086.68512539586
1086.68487540931
1086.68303611277
1086.68210395574
1086.68102534586
1086.68096945521
1086.67952520315
1086.67767330994
1086.67551145687
1086.67438072191
1086.67404009711
1086.67392876272
1086.67112563485
1086.66882390393
1086.66624190001
1086.66559637556
1086.66479749949
1086.66207734628
1086.66126800363
1086.66110231239
1086.65993642116
1086.6592896585
1086.65403436143
1086.65275142767
1086.64977202486
1086.64893030141
1086.647552807
1086.64694359729
1086.64587981231
1086.64523086044
1086.64456464011
1086.64094232609
1086.63697549899
1086.63599367541
1086.63507838894
1086.6349798951
1086.63422803729
1086.63401494447
1086.63036399568
1086.62725538566
1086.62620027717
1086.62611463846
1086.62532513112
1086.62396789245
1086.62321860073
1086.62073006498
1086.61942578245
1086.61324233244
1086.61100681785
1086.61074593083
1086.610697067
1086.60992891633
1086.60806607371
1086.60681271157
1086.60505113208
1086.60412784315
1086.60365807723
1086.60243781973
1086.60031155434
1086.59861638619
1086.59816265465
1086.59785880836
1086.59756062523
1086.59739963334
1086.59702606952
1086.59535268576
1086.59498221634
1086.5940910056
1086.59242200029
1086.59237529272
1086.59190686537
1086.59175019281
1086.58890180672
1086.58875479045
1086.58867667243
1086.58732422462
1086.58479034605
1086.58317002514
1086.58284356504
1086.58262201923
1086.580659641
1086.58019752446
1086.57914068856
1086.57871049496
1086.5770838648
1086.57478417721
1086.57058482416
1086.56938817328
1086.56831361772
1086.5664712616
1086.56598597376
1086.56557332703
1086.56546018686
1086.56495974278
1086.56431292669
1086.56281099535
1086.56238390449
1086.56197351746
1086.56185561924
1086.55978123264
1086.55917340315
1086.5590553498
1086.55875189316
1086.55849573515
1086.55789180149
1086.55470878444
1086.55410018795
1086.55356498204
1086.5534396619
1086.55328041322
1086.55166872077
1086.55138803042
1086.55045385173
1086.55001210146
1086.54975693102
1086.54956704127
1086.54933728465
1086.54873236987
1086.54780114795
1086.54637086074
1086.54602472711
1086.54502437423
1086.54199267856
1086.54152448614
1086.54076554581
1086.54041541757
1086.54007711774
1086.53959124919
1086.53919391498
1086.53895846879
1086.53585870921
1086.53581169192
1086.53286482921
1086.53245753129
1086.53190833764
1086.53129248454
1086.52775567123
1086.52588302265
1086.5256685356
1086.52554514032
1086.52467747045
1086.52177119327
1086.52067271264
1086.51989266332
1086.51784914691
1086.51656665692
1086.51638818798
1086.51630302517
1086.51555814168
1086.51472878462
1086.51458257656
1086.51365270971
1086.51322898155
1086.51311053393
1086.5123487416
1086.5119673542
1086.51020518616
1086.50723798953
1086.50506425795
1086.50502185062
1086.50493990859
1086.50264427471
1086.50222137113
1086.50168902088
1086.50160610583
1086.49930034546
1086.49839443588
1086.49809521349
1086.49779351831
1086.49716158333
1086.49691346685
1086.49594498374
1086.49470809352
1086.49188967358
1086.49081476655
1086.48852049342
1086.48772384173
1086.4871911573
1086.48718102253
1086.48634172656
1086.4860463607
1086.48509819002
1086.48454172148
1086.48395221362
1086.48030840713
1086.48016715159
1086.47944571131
1086.4787514991
1086.47828651943
1086.47798655156
1086.47558625595
1086.47443010691
1086.47309630933
1086.47302328782
1086.4704651918
1086.47035302501
1086.46966438131
1086.46912573853
1086.4689131351
1086.46805613882
1086.46619605859
1086.46603936457
1086.46519326975
1086.46444898605
1086.46317842573
1086.4628385645
1086.46280176469
1086.46252730102
1086.46023026832
1086.45963727991
1086.45899380656
1086.45842298266
1086.457960076
1086.45711908972
1086.45680032406
1086.45595211705
1086.45543237862
1086.45542638458
1086.45419380801
1086.45306114845
1086.45267525378
1086.45215025095
1086.45191967791
1086.45164022249
1086.45096993459
1086.45059616832
1086.44981897481
1086.44910081947
1086.44902093142
1086.44899271405
1086.44883267307
1086.44799938288
1086.44590747811
1086.44516495656
1086.44506003169
1086.44309043468
1086.44289502023
1086.4426294825
1086.44239518401
1086.44143936989
1086.4408096207
1086.43948493861
1086.43902609768
1086.43892830762
1086.43823220322
1086.43805310884
1086.43790525058
1086.4365070441
1086.43473242239
1086.43429895551
1086.43292126752
1086.4327046316
1086.43192288826
1086.43189930204
1086.43149270165
1086.43066607683
1086.42892600717
1086.42836281453
1086.42828738928
1086.42695082965
1086.42589024494
1086.42547022984
1086.42459551955
1086.42219000875
1086.42096511574
1086.42088563956
1086.42087805133
1086.42002576807
1086.41996156173
1086.41993740048
1086.41888288794
1086.4178161688
1086.41702551508
1086.4136686111
1086.4135532756
1086.41354955155
1086.41354302216
1086.41342542671
1086.41303103595
1086.41294154757
1086.41225720016
1086.40944234289
1086.4077487105
1086.4075222524
1086.40633813881
1086.40633056554
1086.40630353354
1086.40437895247
1086.40397925297
1086.40328937314
1086.40301128954
1086.40252535856
1086.40222342847
1086.72731668988
1086.41759787169
1086.65007508018
1086.57313223364
1086.71024351313
1086.41750295879
1086.62284806193
1086.56430696016
1086.47839190652
1086.90603432524
1086.80979569537
1086.48049714424
1086.57495356125
1086.88315721701
1086.468832181
1086.54956690332
1086.54621880678
1086.73289658353
1086.55428296987
1086.75627271065
1086.54946717389
1086.48654875956
1087.27516067471
1086.8699006051
1086.46473069797
1086.71481390535
1087.12651419857
1086.41940042088
1086.77210576598
1087.15270555994
1086.7621172759
1087.17741515852
1086.51481132745
1086.72320071383
1086.62750737916
1086.44024665786
1086.53214278131
1086.47449182403
1086.4065430974
1086.79904822282
1086.98090439628
1086.91698893049
1087.12262874498
1086.69932469933
1086.87329788006
1086.52211728301
1086.73770688719
1086.58005059956
1086.51184310917
1086.76677943791
1087.20598936003
1086.51121926312
1086.51533930541
1087.07379146426
1086.57405301892
1086.85499338187
1086.52883095086
1086.93547736624
1086.99060354427
1086.44698494863
1086.91870847768
1086.48174923839
1086.80300787289
1086.51158169394
1087.00895718454
1086.71749060333
1086.58351998359
1086.7552992886
1086.69673467561
1086.42715010412
1086.97044310625
1086.50865677506
1086.44200446232
1086.52087544463
1086.71195866574
1086.9867209342
1086.48838518491
1086.86432854237
1086.56536027238
1086.84792327708
1086.50739440944
1086.43356102684
1086.48019074246
1086.43703327857
1086.63231663653
1086.51091661577
1087.03426370139
1086.40572585152
1087.01987660423
1086.61581268959
1086.41655476169
1087.06226033277
1086.74213404704
1087.11501430551
1086.91620000252
1086.42197568542
1086.62409091259
1086.63540657248
1086.57279213434
1086.80099533301
1086.96783326071
1086.46515648298
1086.45463539947
1087.15917631672
1086.94920724246
1087.12373895299
1086.54546254631
1086.53144096502
1086.4925084239
1086.61147669189
1086.6645837497
1086.80905760976
1086.60414184201
1086.82355700591
1086.49181558934
1086.44297582159
1086.82462438118
1086.54960530755
1086.6983541444
1086.53466422569
1086.56279168608
1086.40604957555
1087.00750792203
1086.46948792549
1086.73636509079
1086.53553542135
1086.80998669269
1086.60346752236
1086.46391017513
1086.56335847765
1086.76657306717
1086.47967008497
1087.04751801098
1087.05961462012
1086.66970070168
1086.67623688881
1086.52867991445
1086.8898361356
1086.98721445056
1086.78644324559
1086.54162924154
1086.54061920026
1087.22233974624
1086.73735072375
1086.48411636133
1086.85521450063
1086.65301581761
1086.51361489328
1086.8130901463
1086.48018736298
1086.58082585734
1086.4584661808
1086.61088953351
1087.05258002075
1086.53375062821
1086.95888999919
1086.56599144193
1086.40609896469
1087.34522391401
1086.45513899766
1086.69091888298
1086.53921783073
1086.60451056562
1086.91828668717
1086.45603262494
1087.06772088882
1086.6274871159
1087.46992119858
1086.5192125255
1087.04500151139
1086.87682496051
1086.62468691988
1086.55316975815
1087.08386146576
1086.70907306046
1086.54646672646
1086.60607466706
1086.46520927878
1086.78774934467
1086.59973638135
1086.40264677172
1086.8146911746
1086.41877709571
1086.40718917425
1087.76915129411
1086.55789860859
1086.60426929415
1086.70850826163
1086.71857145206
1086.46567696054
1086.40326442542
1086.89426027719
1086.70180591073
1086.55954881638
1086.82184921038
1086.49842224179
1086.42758051272
1086.85441808847
1086.62089059337
1086.76753460223
1086.5257776471
1086.68314286572
1086.77990481054
1087.51782651892
1086.68559850945
1086.94205780268
1086.68709101162
1087.33815904057
1087.04545543351
1086.44288234966
1086.58917494148
1086.83141023857
1086.48867012079
1086.59136014562
1086.4394968412
1086.4873600818
1087.08659999366
1086.4303911342
1086.5452643008
1086.65424312409
1086.78263255814
1086.49751086348
1086.40289619866
1086.71661404411
1086.75003820262
1086.41829735498
1087.00056233083
1086.80438106861
1086.76120243123
1086.71848185648
1086.65458112635
1086.41432411723
1086.5191445519
1086.4947941298
1087.24152659752
1086.4554904881
1086.67780825171
1086.66783138929
1087.03279798975
1086.58722811784
1086.54740534764
1086.42029849279
1086.52352816016
1086.52628679753
1086.51590083718
1086.59435856941
1087.22166345484
1086.51391535391
1086.50627494851
1086.47616456769
1086.47075427097
1087.19019350378
1086.8141157995
1086.42149735677
1086.5801349742
1086.41999092414
1086.59121926792
1086.77788348131
1086.42596637178
1087.07175679569
1086.42231894036
1086.9646979651
1086.5528977279
1087.09609179911
1086.61916074352
1086.86045858229
1086.68547345078
1086.88627133642
1086.4311301232
1086.65194785472
1086.4718640295
1086.40204933075
1086.93553770638
1086.43611316808
1086.70435629703
1086.78055969644
1086.82631022096
1086.63374438854
1086.53091267181
1087.28614041008
1086.80361179508
1086.48919390545
1086.49566760302
1086.47630975834
1086.61243858935
1086.4434628182
1086.79504598402
1086.52022288265
1086.46722977719
1086.71540127647
1086.45034635656
1086.88370263404
1086.59593417063
1087.45522106969
1086.92577331086
1086.44644315745
1086.41813608333
1086.76436034411
1086.86535843076
1086.52259318224
1086.82982764669
1086.41629849481
1086.9149803515
1086.56680407306
1086.96170629152
1087.03727334353
1086.92472373682
1086.51783465383
1086.41807052218
1086.74765538737
1086.76518812095
1086.5470601527
1086.66142014307
1086.8899710175
1086.54290198016
1086.57924534116
1086.42024272514
1086.88997182333
1086.53739217327
1086.52106920493
1086.80615273752
1087.33982179918
1086.52078259779
1087.69036459856
1086.54175386497
1086.46906413416
1087.13996270109
1086.62379932396
1086.54802173437
1086.49871304494
1087.00396828937
1086.49559221453
1087.47165881392
1086.54181088649
1086.49883925512
1086.8036339348
1086.544062947
1086.562123344
1086.47087885481
1086.53969785649
1086.42285120589
1086.46908815878
1086.42005034826
1086.53539551295
1086.45026985781
1087.09376233812
1086.65116342036
1086.60583133736
1086.7243553065
1086.74237120502
1086.86790428456
1086.97768716277
1086.66369144091
1086.73031730664
1086.43171005624
1086.78748576003
1086.43821355931
1086.62061812371
1086.67261581329
1086.40741742683
1087.03146985099
1086.4731285825
1086.73084646123
1087.2219232735
1086.41566327371
1086.66298763154
1086.42260921748
1086.44634085413
1086.61396214588
1086.65324168554
1086.61821690843
1086.50324109471
1086.52231997923
1086.42603383048
1086.55530192587
1086.45278895992
1086.45882742665
1086.55289907003
1086.85704132573
1086.64904050458
1086.60695528318
1087.16590128739
1086.68119033349
1086.93876529497
1086.44635767022
1086.9386060512
1086.40458949869
1086.76369828301
1086.57073346792
1086.70376463687
1086.48745082288
1086.97938233456
1086.97296416727
1086.47808317496
1086.40295364855
1086.43835414228
1086.96584500176
1086.52406078405
1086.62291138684
1086.99856063226
1087.17730475347
1086.65759910202
1086.84072771553
1086.56873343905
1086.51831111894
1086.94956340469
1086.55425563332
1087.14800748551
1086.43529535199
1086.80107561413
1086.79787252281
1086.57080424859
1087.07250370212
1086.75671850318
1086.702412799
1086.68122878272
1086.61882240882
1086.54660566451
1086.42326435882
1086.72773482326
1086.55966979012
1086.56206203046
1086.57600670198
1086.57763329344
1086.65667092869
1086.48346435113
1087.22750699758
1086.46686267291
1086.48133837105
1086.42916029428
1086.95774519909
1087.00240022314
1086.97518456166
1086.76845144735
1086.54195877412
1086.61585676471
1086.55815278687
1086.49561256215
1086.90175502611
1086.93532273565
1086.83719504234
1087.15012851307
1086.79436332398
1087.15297381806
1086.51288693101
1087.11411936816
1086.93607679587
1086.50484592602
1086.62385667908
1086.49745038141
1086.51743649802
1086.40234918221
1086.4136419452
1086.52966428249
1086.78516301047
1087.26518063121
1086.85621747712
1086.49026301339
1086.70866148511
1086.55014642692
1086.54019692236
1086.7657097907
1086.68052113534
1087.33220869376
1087.19561248304
1086.73125205816
1086.99230488211
1086.45923925455
1086.66360591523
1086.55258107558
1086.51910049344
1086.87103135747
1086.46355570127
1086.53386613679
1086.4230015224
1086.65484762943
1086.7192579091
1086.70119169476
1086.45343879686
1086.55775261005
1087.02859184911
1087.00652777285
1086.42164743898
1086.52859077942
1086.63506723814
1086.64692086847
1086.49004095039
1086.43781490956
1086.44780863502
1086.44674068313
1086.64781452977
1087.00982476878
1086.8550646361
1086.46981783403
1086.53905795326
1086.62890247059
1086.56040819445
1087.08164065482
1086.72680317948
1086.44052978003
1086.7328076734
1086.69729498114
