1056.42983481611
1056.27117193073
1055.33626386396
1055.01142278946
1054.9436607107
1054.9029826629
1054.71940121388
1054.61810661339
1054.51772025898
1054.48709555633
1054.41735899772
1054.38542723623
1054.29379971359
1054.15154132936
1054.04863433576
1053.946580407
1053.93286324305
1053.90843659982
1053.89214407239
1053.76854167927
1053.67580609684
1053.49849015468
1053.49716737602
1053.49340931438
1053.4699662043
1053.45625219361
1053.3448155402
1053.22221313025
1053.18378419677
1053.09725757536
1053.04064810578
1053.03607286594
1053.0335900116
1053.03265083834
1053.01844392897
1053.01812786243
1053.00328308468
1052.99302360306
1052.98286684978
1052.97266237099
1052.91290636952
1052.90724546814
1052.88920641588
1052.83211501065
1052.81735191188
1052.80524130999
1052.74999826213
1052.7469202483
1052.72593682522
1052.70765147355
1052.70577637403
1052.70501161745
1052.69918973635
1052.65599884579
1052.6377990481
1052.61722239913
1052.60522465149
1052.57546010762
1052.57108988251
1052.56872929199
1052.56527616821
1052.55063077954
1052.54171033679
1052.53694838432
1052.53630808066
1052.52848016707
1052.50652012075
1052.50230148971
1052.49716060051
1052.49082832469
1052.48802510717
1052.4831712731
1052.45562776969
1052.44412857147
1052.42736109601
1052.41029054622
1052.39695421246
1052.38954780768
1052.3776825553
1052.36025257925
1052.35324679346
1052.35158035951
1052.34062642611
1052.33936827656
1052.33436575075
1052.29505549086
1052.29248096872
1052.2888990202
1052.28320227789
1052.27729938285
1052.27538502704
1052.26119208688
1052.26023533165
1052.24383945998
1052.23119843818
1052.21997462472
1052.21915808177
1052.2182878045
1052.21415258604
1052.20089211893
1052.19664940218
1052.19390520922
1052.1900797584
1052.1813970808
1052.15048953683
1052.14567801559
1052.12960424416
1052.08101558271
1052.07420829825
1052.06730015985
1052.06564837242
1052.0592532899
1052.05285573173
1052.04599102541
1052.04543397131
1052.03792238923
1052.02869860548
1052.0258642429
1052.01765348096
1052.01159579884
1052.00558953683
1051.9983508966
1051.99626980476
1051.98097900983
1051.98027839149
1051.97591340649
1051.97562428419
1051.97215978987
1051.97193013412
1051.97138492127
1051.96119882416
1051.95859401354
1051.95657229969
1051.95474666893
1051.95391576084
1051.94222439655
1051.93418847927
1051.92792263617
1051.91937667372
1051.91061146428
1051.9082488701
1051.9080049053
1051.89291138401
1051.89244606451
1051.890577863
1051.89050484886
1051.87451437755
1051.87320042162
1051.86226932326
1051.8466852847
1051.84597676432
1051.83713992632
1051.82927989867
1051.80025481216
1051.79116340902
1051.78923658011
1051.78764035371
1051.78578695238
1051.76918237336
1051.76904568815
1051.76474330468
1051.75999722791
1051.75632144731
1051.74833782206
1051.74254849767
1051.72986431882
1051.71516999889
1051.70276968288
1051.68580406792
1051.68479812915
1051.67746782124
1051.67633185973
1051.67531056218
1051.6739522302
1051.67360275786
1051.66612402742
1051.65551385834
1051.64907280809
1051.64773233595
1051.64553013953
1051.64171035333
1051.62230866787
1051.61746217579
1051.61143446433
1051.61087083133
1051.6061070005
1051.60426574448
1051.5964943849
1051.58861818388
1051.58805771963
1051.58644038444
1051.58368128883
1051.58313383998
1051.57859583503
1051.56251920354
1051.55865794781
1051.5532102049
1051.54410430374
1051.52255434544
1051.51709213099
1051.51214700947
1051.50653678575
1051.49784028891
1051.49102631437
1051.47589817897
1051.47526759611
1051.46611926765
1051.44877546488
1051.43841718739
1051.43229858753
1051.43025545683
1051.42542237376
1051.4158428602
1051.40632832069
1051.40610297248
1051.40314784143
1051.40143549391
1051.39957287742
1051.39446392413
1051.39308742046
1051.39285352823
1051.39004441463
1051.38219649002
1051.37405981406
1051.37201966302
1051.36688467082
1051.35838148699
1051.35726959772
1051.3548676293
1051.35361731172
1051.34882630447
1051.34521251696
1051.3353844291
1051.33319898976
1051.33300314501
1051.32909646112
1051.32567104759
1051.3251247613
1051.32232771073
1051.31344601602
1051.31292329313
1051.31210849096
1051.31177194587
1051.30946713155
1051.30721337033
1051.30390676639
1051.30239969208
1051.29367627365
1051.29248547495
1051.29184371596
1051.29012033012
1051.27276098411
1051.26386707016
1051.26265502511
1051.2587439228
1051.25822728746
1051.25621767137
1051.24966719479
1051.24412766351
1051.23177406158
1051.23119695388
1051.23082080353
1051.22978249095
1051.22600229014
1051.22472997417
1051.22419432681
1051.22353383029
1051.22349255238
1051.221695337
1051.22095384481
1051.21814989385
1051.21120760673
1051.21075574207
1051.21073852072
1051.2058384593
1051.18842532891
1051.18564603274
1051.18128918598
1051.17666427587
1051.17456315595
1051.16902291325
1051.16378044548
1051.16358556117
1051.16148556437
1051.15401699388
1051.14050745753
1051.13674093791
1051.13422946864
1051.12749327482
1051.12285210195
1051.12254069183
1051.1195477902
1051.11772210508
1051.11759883026
1051.11425160336
1051.11316383236
1051.11068590452
1051.10921037661
1051.10789319092
1051.10730540823
1051.08617859644
1051.08294486838
1051.08057510131
1051.07743402328
1051.0739887716
1051.07188138615
1051.07109819589
1051.07032667747
1051.06883863931
1051.06504513386
1051.06201983157
1051.06177523162
1051.04031496519
1051.03374388754
1051.03359088885
1051.0317977907
1051.03068494298
1051.01522875162
1051.01201331406
1051.01140835697
1051.0100609
1051.00973071223
1051.00774833052
1050.9979744247
1050.9947524116
1050.99468192278
1050.9893523562
1050.97232054116
1050.96949819026
1050.9663077879
1050.96031247796
1050.95711082249
1050.95448283684
1050.95395451605
1050.95214943836
1050.94988135075
1050.94793377189
1050.9473295189
1050.94705940309
1050.94027229899
1050.93665102234
1050.92802892046
1050.9230520845
1050.92079232458
1050.91959895733
1050.91924601346
1050.91867924994
1050.91758486995
1050.91672438631
1050.91621447001
1050.91591852759
1050.91442703952
1050.91210436004
1050.90657660201
1050.90134511443
1050.90081649099
1050.89878093148
1050.89650352448
1050.89595511991
1050.88716216361
1050.88568086921
1050.88422439595
1050.87962894096
1050.87620091619
1050.87603145968
1050.8682601055
1050.86281322636
1050.86057957852
1050.86026923371
1050.85798969734
1050.8570241364
1050.85292693719
1050.8520455406
1050.85114351582
1050.84892383586
1050.84237304552
1050.83987292743
1050.8357445698
1050.83520857829
1050.83360862642
1050.82955835127
1050.82770707873
1050.82579370361
1050.82537326995
1050.82423636673
1050.82283617927
1050.82151360985
1050.82146791836
1050.81824894814
1050.81629258165
1050.81210541181
1050.79884361216
1050.79841898645
1050.79811540058
1050.79755240059
1050.77551248665
1050.77502373939
1050.77457111274
1050.77387917307
1050.76766493996
1050.76621604443
1050.7617766663
1050.75400608441
1050.75282860006
1050.75212055916
1050.75141748236
1050.7506830576
1050.75041958696
1050.74985640996
1050.74860248291
1050.74767618518
1050.7391642405
1050.73784043216
1050.73783664272
1050.73760615773
1050.73694047732
1050.73486862336
1050.73194133511
1050.73160765266
1050.73052829158
1050.72800316295
1050.72604798989
1050.72582253881
1050.724055097
1050.721592966
1050.71490491395
1050.71327463333
1050.71077491305
1050.70590280825
1050.70484020839
1050.70152905702
1050.70070741061
1050.69781382702
1050.69665476115
1050.69613537128
1050.69396852506
1050.69347858033
1050.690647766
1050.69055381069
1050.68588401587
1050.68238342921
1050.68204392295
1050.68080315236
1050.67860681887
1050.67793851609
1050.67752372574
1050.67349736554
1050.66950469398
1050.66788895209
1050.66513610708
1050.66295997977
1050.66276586175
1050.66146804748
1050.65880357874
1050.65491747008
1050.6531694237
1050.6461708851
1050.64543071041
1050.63810797228
1050.63070654288
1050.63049572591
1050.62702368037
1050.62318902885
1050.62195786595
1050.61882371013
1050.61609436834
1050.61570849308
1050.61300825437
1050.61255470678
1050.60861625281
1050.60138211518
1050.59946685225
1050.5994591725
1050.59794532903
1050.59625342477
1050.59617111036
1050.59532063509
1050.5943570944
1050.59200282044
1050.59110044658
1050.59052658589
1050.58935475946
1050.58907453026
1050.5861856728
1050.5807662458
1050.57803546713
1050.57635286616
1050.57511538562
1050.57229534793
1050.57226783684
1050.56451552547
1050.5590851277
1050.55580274703
1050.55304451935
1050.55036103448
1050.54988631786
1050.54911993455
1050.5479808307
1051.81224016583
1050.97122865779
1053.86447140293
1050.64766722405
1051.48576825745
1050.7156813039
1050.87464000181
1050.55981599856
1052.88071598663
1052.6929510354
1050.77669555089
1052.13547380236
1051.00349903764
1051.21453641713
1051.46945484248
1050.72390525487
1050.94758308995
1052.31986571401
1051.41738830582
1051.04403632589
1051.06906467856
1050.90432292802
1050.58633262263
1052.61599925029
1051.82291195283
1053.16511123039
1052.29849570767
1051.05265596765
1050.72553938611
1052.26484958777
1051.94049123046
1050.74492674246
1050.77626014339
1051.07002044852
1051.09448876668
1050.87257310018
1051.34896352486
1052.23613715921
1050.55587971001
1052.10315870016
1051.08793103134
1052.51855781684
1050.74819941664
1052.68043807467
1051.36234826106
1053.42958471439
1052.5334715143
1050.63239808419
1052.47027336535
1051.90150632982
1050.5665032084
1051.14145641996
1050.63242931842
1051.10007605142
1050.56599444795
1050.96429331812
1053.27862388164
1050.57537413367
1051.37877110551
1054.06620413661
1051.20329279209
1051.01986629223
1050.61077417298
1051.43669931788
1050.5983777164
1051.9417006921
1051.37647840729
1051.48699324397
1050.77554033036
1051.26659940384
1051.02731979012
1051.55016617696
1052.00793027857
1051.06435059619
1051.30535650142
1051.17662141447
1050.56347840442
1051.87093708834
1051.29700258456
1051.52016231099
1050.75163057071
1052.05793844571
1051.69886395352
1050.77193687678
1051.99242892008
1052.61916718566
1051.43466218074
1050.74318705833
1051.11026561692
1050.6651897692
1051.29106311107
1051.16136250467
1053.44421002182
1052.59729665135
1050.82924175387
1050.57097039112
1053.33171401812
1051.63469098353
1050.65790052988
1050.9253004617
1050.86185766961
1052.07151641503
1051.06701120353
1051.03776361006
1050.87081584413
1050.94952852789
1050.66614197239
1050.5802775296
1050.89361219157
1051.36181773964
1051.84813530091
1051.07186498058
1052.16412604384
1050.64657080059
1052.96428752272
1051.36863022437
1051.00399475664
1051.00139849447
1050.65816803018
1051.08000300076
1051.82267973512
1051.51721280049
1051.69253689926
1050.67003932853
1053.79550874904
1051.35244770749
1053.00757932515
1050.74190639428
1051.88387474399
1051.21586968719
1050.88014604084
1054.26180623379
1051.0587325794
1051.73877328633
1051.22466960088
1051.61508650999
1052.16407883404
1050.57823091966
1051.73031345201
1051.90835321945
1051.842948055
1057.22816365364
1052.63832872513
1051.50879820907
1051.71140657722
1050.83593212831
1052.8343647276
1051.88648760619
1051.14537859171
1050.82646099439
1054.69398853328
1052.25775604536
1051.30120261927
1051.0308885771
1050.76480230224
1051.97449082425
1052.25823464272
1052.04246691113
1051.22364894788
1051.47588598392
1051.40445439013
1051.5579751879
1050.74545115382
1052.23685441011
1050.56861676422
1051.55144368
1051.07479422702
1053.14177475392
1051.96512085762
1051.32437787369
1051.92311025119
1053.8039803917
1053.28463861269
1050.63640022101
1051.81990849251
1052.81810428681
1050.73052575737
1050.68150768883
1051.66659530368
1052.93946943667
1051.84748871839
1050.75856891213
1051.0289154251
1051.23075602713
1051.50497039277
1050.68316680198
1050.9206612975
1051.1932354393
1051.38696877334
1051.70924312865
1051.42267588422
1051.00609760552
1050.76384136649
1050.57005745768
1052.27945579868
1052.22909004013
1051.57231658844
1051.98079422231
1053.01563813502
1052.37100895946
1050.77347490591
1050.83874212034
1051.13862394144
1051.67459913209
1051.66962340571
1053.42434391467
1055.59783827775
1051.29691702578
1054.7342682697
1051.26258448058
1052.59985757786
1050.7004341975
1050.64762469062
1052.6346229234
1051.12852358247
1052.35815257331
1050.70107166043
1051.92141360641
1050.95734154802
1051.45566567135
1050.6848336965
1050.94418838289
1050.918583522
1053.45987452638
1052.55702664909
1051.66403255217
1051.22921883871
1052.85941116591
1052.31069738154
1050.70850801672
1050.63192699486
1053.07615615367
1051.691235842
1051.29774747939
1052.29821667269
1051.43685013503
1050.7878005197
1052.47764425462
1051.57159746779
1050.88081503934
1050.96934484265
1053.50410769732
1051.19228107709
1051.0233025382
1050.86142406606
1051.12863402913
1050.57840715975
1051.11558607552
1051.55972095511
1052.70635817639
1050.75966132563
1051.61856261147
1050.81464901034
1051.24370776871
1050.91663185678
1050.85544484631
1051.58048589553
1050.87715320261
1052.55961761333
1051.30927307479
1054.74046149893
1051.07147523744
1050.8129937608
1051.01245811499
1052.5335601031
1050.94368024912
1055.07080581471
1051.38348907064
1050.58668391086
1052.10927956594
1051.20585473233
1052.00363464638
1051.04179273027
1050.95296131413
1050.6950484235
1050.63549522143
1051.10005492364
1055.8882009607
1050.85547501821
1052.4590644729
1051.11062579619
1053.11983936513
1051.36901480374
1052.34180125589
1051.69945490951
1050.93484472983
1051.23846411249
1052.39284617731
1051.10879283043
1050.56097447796
1051.24656847482
1052.5400748084
1056.64318329936
1051.21354119936
1052.35971323005
1054.07487282096
1051.93239991675
1051.05676417412
1050.63599237661
1054.02286767643
1051.17911785722
1050.7031784189
1053.04896243977
1051.33143521572
1050.86664075371
1050.70784573246
1051.0974952231
1050.90865882854
1051.39188221362
1052.05061920968
1051.32424091842
1051.79042808512
1052.86859517913
1050.89697231511
1052.40223478154
1051.72207464143
1052.46992120909
1050.9075877187
1050.96221961733
1052.10247324279
1051.42497570561
1052.02905413648
1050.66818501698
1051.78825558481
1051.77088124337
1051.95636773809
1050.64785661333
1051.8017288745
1052.12201895721
1051.21304697347
1050.76077202622
1053.62873967946
1051.32759853714
1051.4402245089
1050.59870771431
1051.79204571018
1050.90100176191
1051.05298969621
1051.38822974019
1052.32937803953
1050.79607467165
1051.68360311581
1053.52900312899
1052.73000609439
1053.3068585992
1053.8108542984
1051.37382871656
1051.15123934769
1050.6885609874
1050.90752938975
1051.58614030642
1051.20957556619
1051.22262758146
1050.68626910042
1052.11767614277
1053.39489486842
1050.9645456506
1050.69669196294
1051.2099105963
1051.50450779912
1052.21583908198
1050.93965465642
1054.33325994485
1054.79950749581
1050.74739041689
1051.55399369995
1052.66174646956
1051.92372184831
1051.84428686194
1051.35596220652
1052.58384105665
1050.90143366798
1050.86395997677
1051.34442601017
1053.54561512563
1052.09229967402
1055.04074770129
1051.49346928454
1052.11248063577
1050.61202197875
1052.82237075185
1053.46874671183
1052.37302047715
1051.79516552233
1051.11124292782
1051.54479408256
1050.64891866389
1050.62851334631
1050.95701865723
1051.52977935709
1051.40643634513
1051.21093345427
1053.8263017796
1051.58283190028
1052.31202798577
1050.78455229894
1051.93681446013
1051.82014043539
1051.6975885113
1053.94114887065
1051.58104244558
1052.5493206941
1050.97242333523
1053.38755139711
1051.32236658
1051.04839700588
1052.23651150587
1051.219397393
1051.29653202484
1051.40060116174
1052.29055745319
1052.79922166067
1051.70803514807
1054.09085085378
1050.75273954236
1050.8855704525
1051.06433823315
1052.20453375219
1051.83615213164
1051.07464561536
1051.31450028742
1051.40455624824
1051.34599702032
1051.75292190149
1052.8225527165
1055.59767160943
1051.62115569909
1051.02808166815
1051.46161663922
1052.28015745243
1051.1714965309
1053.94663139578
1052.10041707163
1051.62799558537
1052.86058668459
1050.88237937693
1051.33917881783
1051.0048546581
1051.19283662074
1052.17877404779
1051.32977837002
1052.04611581254
1053.09457801515
1052.15867530734
1052.52216215231
1051.72721117289
1052.58524571503
1050.6556079893
1051.35518490249
1050.77359280934
1050.84622008851
1051.41766273786
1051.83437471783
1051.05968553846
1052.46581446289
1051.70264855211
1051.49629532129
1051.21111317405
1054.49680856972
1051.24683180116
1052.17399934561
1050.7288594655
1051.05407733882
1051.51186482477
1051.49830131487
1050.74933573959
1052.62612512142
1051.27508477688
1052.61526323257
1054.4083891814
1051.9679997544
1051.96598462136
1050.6467360572
1051.56627702547
1052.18420780974
1055.97204612955
1051.95872649456
1050.76857007474
1053.45595099278
1051.95582568174
1051.37608013605
1052.50805590724
1051.47491850691
1054.23075635787
1051.00692485441
1051.1379459555
1050.59707160508
1051.93741076076
1053.01929227087
1051.27009500854
1050.67651787148
1050.7273968993
1051.54756455061
1050.96908869687
1052.26468352945
1051.38555582166
1050.78769440566
1052.31320792191
1051.19745156215
1053.24955027687
1050.93733016593
1051.53504761631
