664.460447936126
664.068716283302
662.994459340586
662.887179634865
662.170552243181
661.98106606103
661.228228109404
661.149017233051
660.936983218193
660.783073804068
660.654823720394
660.551169756773
660.158471754597
660.101888843832
659.970231676948
659.600633866405
659.596687098116
659.319651805003
659.025326456634
658.888512379671
658.878554919959
658.860173853601
658.778708703703
658.704214229963
658.330288259951
658.193593028338
658.08062541087
658.078567045648
658.019571242596
657.943028453543
657.881950353312
657.815083971788
657.812496665883
657.784694709261
657.722199882344
657.662745939223
657.487080439129
657.39194459398
657.15912597933
657.10143844771
657.069109372984
657.051395845877
657.008791849905
656.998698069275
656.969172585955
656.96870026229
656.953163108775
656.845858157389
656.82722864262
656.744836512067
656.705670200157
656.691063224117
656.657806837261
656.546201263402
656.506102240579
656.462751804591
656.354895743885
656.342004859234
656.341132880411
656.320518350533
656.201311242341
656.153247423337
656.104473725954
656.075740047276
656.075333457963
655.97767905202
655.95927822952
655.890384681725
655.786856642474
655.745049062807
655.732183853947
655.71599365829
655.601030673306
655.555552943946
655.542342100349
655.47603561623
655.466386721473
655.412720522643
655.371533865469
655.287610558007
655.244298547162
655.228058400539
655.213243089931
655.180329000628
655.096561204322
655.08227730572
655.058741720539
655.058204334165
654.978786743351
654.925196904536
654.854743496442
654.832106402286
654.798345000779
654.716285857479
654.70949995577
654.696569150176
654.68919628916
654.662763935819
654.645465820686
654.610531658747
654.558528119741
654.532954907887
654.479631238488
654.469714729882
654.467458995306
654.398331774878
654.371722748103
654.37119571177
654.363218215465
654.328722520487
654.32680357012
654.309148169309
654.246257927443
654.23192874356
654.231259041725
654.205644340251
654.183570701097
654.176799182489
654.176453506655
654.161000297542
654.134627102638
654.089522957671
654.071680359978
654.010619598227
653.991170170697
653.974854062452
653.967140133203
653.958604920655
653.884506224442
653.841016359796
653.836757253779
653.812988359832
653.782501375135
653.757153043683
653.695575707432
653.657628008822
653.653699629802
653.632514131526
653.608043543425
653.589445559009
653.540827147681
653.534036897199
653.506695555777
653.493825939391
653.459077161179
653.44575737073
653.387788644246
653.365605605768
653.353484080196
653.314918034718
653.293101124276
653.26521386958
653.246430044535
653.194804734491
653.16344142079
653.143538007922
653.132747682688
653.103723170839
653.094147519685
653.091378327618
653.091315251151
653.081892728213
653.056477233388
653.044510711213
653.020594894318
653.001499580305
652.996418151859
652.962355762
652.957811891638
652.949012361484
652.93863488143
652.887005365805
652.880812863141
652.849518170118
652.829687706358
652.823779802716
652.764488990281
652.740680222128
652.719890564381
652.687133988156
652.685447478265
652.641292774907
652.576284900902
652.575153453934
652.527659499054
652.509616894002
652.495913822822
652.489524138532
652.474900310962
652.44624600746
652.419537441067
652.408639555592
652.388103846074
652.363137245707
652.343744040234
652.338351100438
652.337217642547
652.326554193956
652.325293532546
652.323480842174
652.304367318648
652.298875976076
652.279732986579
652.275366496097
652.271148054544
652.202398474956
652.136692115359
652.135925781568
652.119247668672
652.11797725778
652.091585744274
652.068413292603
652.045399833877
652.042067993707
652.030809359152
652.01395859775
651.994947971858
651.992727879827
651.990194227105
651.989130144804
651.970649446406
651.926347363687
651.922801369439
651.895431141015
651.894627773846
651.868878034078
651.854519435896
651.853058404209
651.851788619343
651.813808327089
651.812949279377
651.811832779036
651.798141136839
651.754248454279
651.752788352471
651.720951740714
651.719342674918
651.717240707341
651.673553610095
651.655159434429
651.653350497543
651.641961875149
651.607652032161
651.580655058936
651.532556203972
651.530005466063
651.521976472262
651.519443579401
651.514141734691
651.499107930712
651.495677414588
651.47981704098
651.430872870774
651.404718090891
651.398407426669
651.381923368806
651.359751528159
651.335374953436
651.317163347484
651.288576900501
651.284459168069
651.279542117444
651.264060385246
651.241869423479
651.241381273232
651.179134343441
651.173426987717
651.143409109627
651.127894775065
651.12446914795
651.105690520185
651.088228700347
651.06705313362
651.0438703712
651.035670007919
651.023540004079
650.99847424522
650.998378833147
650.994835688147
650.989692004143
650.979582234967
650.972202018023
650.95508166138
650.933775173227
650.909106946734
650.908079602713
650.905391791324
650.903442438902
650.902784291411
650.844150698937
650.819361156932
650.819304276023
650.812832804004
650.796614104264
650.787423179407
650.770813763857
650.761207840217
650.747830897652
650.746796699875
650.737593172682
650.723434682761
650.691802954746
650.690179921955
650.687821992318
650.64814138944
650.635119048662
650.62654043755
650.624503845671
650.60076351616
650.501533535985
650.485105718174
650.482817401515
650.481000048013
650.442586398663
650.423818872145
650.411692339115
650.408688266062
650.402927099602
650.379782460198
650.372733603459
650.356638331137
650.355518930562
650.352326447742
650.347653888165
650.32904640804
650.292056453223
650.278021630601
650.260031398604
650.241905957212
650.227317427686
650.180255739015
650.124394345903
650.117454588297
650.104354330833
649.996720128529
649.99011987475
649.98648394564
649.97042960532
649.963283084898
649.936061549661
649.935547998985
649.918566429909
649.916167710237
649.913261218386
649.872574188392
649.862025855743
649.85369403365
649.819727102532
649.8126468731
649.807909230277
649.80110032634
649.790733468537
649.784824717166
649.772167524569
649.76534250193
649.756702900846
649.727682979847
649.701893305115
649.699350382127
649.686298134917
649.672667796353
649.672453961756
649.667845256489
649.659251068719
649.657435747872
649.62170719061
649.616341747231
649.616042372931
649.615369194627
649.603636216297
649.578312367144
649.566985879102
649.542012257112
649.538461948831
649.529764321811
649.518539125789
649.514389586359
649.509428448629
649.465815748346
649.461977381924
649.445388542469
649.438756778513
649.39362270241
649.384939511265
649.369556919244
649.338026625783
649.31617662503
649.305721116422
649.300699797766
649.24969220418
649.238336758868
649.23041110647
649.227790853749
649.219048316884
649.205129060723
649.190049157193
649.157524265904
649.146474119205
649.1449668464
649.109114053476
649.092450267795
649.089822749357
649.088081760425
649.072197603695
649.046624360459
649.023917197963
649.017398402518
649.008898952075
648.990751786776
648.987597210907
648.95790178415
648.949837478316
648.944291390609
648.944174382995
648.936188044386
648.927941693726
648.906594048474
648.902518834881
648.899553523296
648.890685527282
648.880356584788
648.870449914514
648.85459673104
648.852501995534
648.820123234
648.818343528109
648.809271115941
648.784028940663
648.775969432064
648.774673863973
648.761465921116
648.75934576404
648.756312781862
648.732478995475
648.729227953333
648.721950547996
648.71984416816
648.715675021719
648.706995218852
648.670454382099
648.651600211917
648.638228202195
648.631322897106
648.6262368253
648.6180927456
648.604771072698
648.599030562137
648.598063987088
648.591525264938
648.582842810171
648.576197002767
648.571861767425
648.547888782942
648.529576626834
648.51292339686
648.511540039007
648.489966861745
648.483052201248
648.480871934475
648.479072503642
648.459177671887
648.458592141288
648.453667691221
648.430140230331
648.420912538041
648.390786905467
648.388913458266
648.385942650211
648.38250723228
648.381394136746
648.380268651283
648.362236885959
648.352261519379
648.345851601241
648.333202276559
648.330122815338
648.320859487912
648.303211968279
648.302734646167
648.282234955688
648.273835080243
648.263875028987
648.258165275834
648.257745797936
648.251547886623
648.240564948667
648.237636481988
648.23362039285
648.232435008732
648.23198183124
648.216031506453
648.213333364242
648.209205223582
648.197488411389
648.18351145378
648.169170401209
648.168108545108
648.162836682563
658.355138550436
649.375874993664
659.49786503675
649.342781185866
656.339397702806
657.014816636012
651.5116201911
649.117936050477
652.720350636066
654.294570055773
649.999817052464
649.408995136102
650.329129298996
655.488936024123
653.292227044916
654.175960640398
653.154825330037
654.576483990421
657.09806947721
648.763611762562
649.602852629388
660.598343466597
649.680944436826
653.442636529812
654.018859997907
650.876552600626
654.046220884983
658.43105402151
649.485768659803
649.552159245864
651.549264947286
651.612086307933
665.94712698486
651.26959695215
651.922759520628
658.737352108386
650.805795124891
654.88458182304
651.606717305742
648.253682709902
650.900855710794
651.329377588954
658.854124917827
651.727960584659
658.638071011537
650.423955486241
653.630941194023
654.892191666774
649.093341061944
658.084102539097
657.468944074669
652.303106182201
649.906664612329
650.364204396626
652.114113763527
649.724382431685
649.542642810305
655.778346614528
654.629172728283
657.17806907568
653.004435445453
648.460069314537
649.868575467499
648.305162999795
657.053001960897
661.605553747027
653.282366741571
656.85268591668
652.718575577836
648.223034792057
652.901484353254
649.575272432661
648.560755443196
653.32862259162
648.622576314829
659.196208974246
648.863781453484
653.442352269366
657.883611185662
649.945333345846
651.576746986001
653.269272743203
651.206295949739
648.639884093617
656.097386139248
652.657493633983
658.861030348953
652.991761734342
648.166409343586
657.454175966749
657.022510193666
653.421027445176
653.103603469039
654.644400321819
652.78161763214
654.202254342336
655.904346054112
650.358569921626
650.011245656152
649.3307872138
649.60271375815
650.463107344446
656.983172199445
654.547556788064
657.464627144014
651.311565810323
649.727139685479
652.577779198363
649.282667197116
656.658965267755
656.008030274846
654.486370941592
660.529414231389
652.23364254709
654.258049643564
656.283016723759
649.694603557789
651.909300917485
651.742831167508
648.992960330624
648.278494926826
651.959584683825
655.922959931606
651.489652511113
651.127331354319
648.381542874549
650.163154097995
648.943068929544
652.97581043789
656.4958867053
649.830055781651
659.19974086894
658.23944660719
649.551717958073
651.052935137948
652.612476969959
657.610294165802
648.741188507345
655.409284512849
654.58239252814
649.369524923122
648.693279785942
662.86126910888
659.279074787996
653.132440410395
652.535007940284
650.790642797265
648.503569467069
653.526671857845
648.521318185274
654.642166847708
656.262116503995
649.579010154477
658.476449334546
652.792052402636
658.431624887776
651.507666790216
654.610012186935
648.168708184177
654.334945942548
651.172410627902
656.895991988631
650.742434690946
655.012812486231
652.459348905688
650.732449245504
656.080788296435
650.973205475187
657.037440138185
649.184053375525
658.150988549595
657.898460941437
652.908014795903
657.39442254548
658.590645260349
655.613212255562
650.038831676085
652.240574167832
652.847717191319
659.910105116567
648.681926638042
655.639604163413
658.638046011073
651.571066497039
653.953680852923
655.218554901815
651.514510906253
654.788199410869
658.025908634103
650.067314119841
652.205969986587
653.41204947758
651.618221740385
651.105444177115
648.247999648387
656.832876531641
662.145253573058
651.833755726232
656.578024586258
649.107618011861
651.864025254023
649.059272247037
651.482424546797
653.740344447466
648.623038027817
652.404707252029
649.991664803627
651.275441446221
653.517616665178
648.321983461278
656.627661861478
649.218227248237
649.422058222715
655.633393928104
650.612610047181
653.145448123051
656.015843008941
652.386799928958
651.624673039222
656.697640263929
653.391430138674
653.24717877856
658.186134102408
650.672127538862
648.831789613615
649.245173373034
662.18959812792
653.666864218173
654.597822334254
655.801527944617
649.496259890152
653.314166666799
649.362761116528
663.899310810131
651.088069127485
648.881916173536
657.148346675701
653.451511324716
661.478527351658
651.982521633592
657.47036991499
654.861723010087
651.379768017801
657.696544581328
654.541352616141
648.636922777959
648.921733793753
652.009332735253
648.718869925383
653.418046861567
651.770354679974
654.255637656721
656.600111517394
650.330837355726
654.832757711508
650.367256896382
669.388278321923
651.634940337688
654.516189398231
650.30071427798
655.769506460892
658.91296980539
657.179700785312
649.471090715817
656.903116802712
652.415019644493
649.048524976114
652.595673362654
659.443546989159
650.794399506106
650.13318782471
651.679339765215
659.408812604193
651.98062589191
659.539477307627
649.947745106946
652.572123887852
654.336859887549
650.130178494859
648.714217292681
649.002854603314
649.846508072911
655.408882970543
648.327115327166
648.432307577766
657.935107370859
655.188105748203
655.872341602746
657.59262821285
653.745496633956
653.846726562758
648.845129058399
653.15450684216
653.361692087233
656.008715004447
659.476696983526
653.764869170469
662.321001391741
651.689437140745
648.271544492293
650.823853365492
654.393337064457
649.875144156999
661.193418467023
649.465739710242
663.972102854527
652.750657254247
655.594036018992
650.148036242804
648.143347656116
652.26870351144
652.077710319047
659.839849661729
652.574898984367
653.237601505026
649.423241258808
657.497373044684
653.585442492198
657.930103342261
658.416041333823
655.425373437262
658.53414127927
658.353537046068
653.679532105663
652.503096500627
660.623751250431
651.767553303917
651.846419349961
652.974856977181
659.327423999431
651.818594594752
655.675729295171
658.121802553711
649.516228372463
649.284542121231
654.625815134656
651.568484735631
657.458805956012
649.152594443931
653.722639075944
656.799052374997
651.078537744193
654.637335416644
653.339020667821
652.319484074987
649.64666789143
652.284215506706
655.794822622358
651.644110958553
650.693037044295
653.036685266676
650.084144807544
652.303299805603
659.910851290366
648.506750877726
650.748941036448
659.266451606006
649.630136614432
653.97452382307
648.832324268061
655.944612136288
651.439902169455
649.272489736968
654.123532536065
656.814325349953
654.04576294576
649.703585087193
659.689015379675
653.388009069716
649.995838931725
654.05649924095
648.828516755698
652.323023813277
655.640949542706
654.818024268483
654.502983995719
656.687318362224
651.457454993372
651.394637530224
650.377075921262
659.280816244222
648.890824107153
651.428321275372
648.147026041992
648.224223322711
648.416787642973
655.325002203176
652.325752314384
653.907170550799
648.785263684626
650.573148919223
651.16536369677
656.641412149899
654.751902061028
660.450586883497
650.410266197107
652.163494553511
653.09367071731
650.228301821833
649.283497956409
651.113091848565
661.177310273444
649.49505492295
659.140610057769
650.135017955424
655.392677392954
649.841429590961
656.412465566039
649.253795900676
654.567617592706
651.616411465681
649.552666694
650.693903810732
660.526425748153
651.171947088785
649.371275936724
651.429285130148
651.888924269468
654.248773784571
656.49661242977
653.990762729736
653.076021918675
653.211684328979
650.501352513849
652.764474195722
651.01448143379
657.877556954334
655.004502001698
649.191622733675
652.769719493656
658.235662151178
658.529695275799
649.506877061065
648.299514724873
648.988149273171
662.795457472347
652.329652904826
653.112152590299
650.27430710817
648.717423706097
655.379900612813
658.074512421848
653.140849956754
651.435653489581
648.448970663195
658.224668606972
660.262239658961
658.32982716543
651.296304060377
657.190916222206
649.698613715601
654.207371258217
651.23810424064
654.587946882031
652.728330636556
658.159534883428
657.098848173142
652.296286087561
653.555125316456
654.045769931026
653.281806846049
653.757653122447
650.14391703674
653.126190364092
654.261435959799
655.823740931544
655.88033698642
659.326930156757
661.935444768377
663.477227263422
656.355003555251
649.913157518048
656.013090824379
652.964792807568
651.088243272874
656.036687939425
648.321522984658
658.547521125746
655.502731879752
662.452539792423
653.344392888444
656.17066692186
650.323657142223
649.264717364146
654.562228899847
652.219706013187
653.465079592204
657.042137977997
648.385413971171
649.788095962389
653.830180604103
648.662128616365
653.952095421712
650.721129651323
648.342806557345
654.15844667166
649.592671045856
657.008233818513
654.371566597134
651.654580195626
648.23817727508
651.23346023379
