1059.11514617889
1057.45005164921
1057.43859046132
1057.38909176635
1057.22816365364
1057.06729088664
1056.88350955566
1056.79781695161
1056.64318329936
1056.45097672291
1056.43829445081
1056.42983481611
1056.32629427093
1056.30416373007
1056.27117193073
1056.16452336388
1056.14374820113
1056.13569202105
1056.12037630273
1056.11369771279
1056.02454139135
1055.97204612955
1055.8882009607
1055.86915185165
1055.81750061557
1055.80315111194
1055.80026556732
1055.70596251866
1055.60840850058
1055.59783827775
1055.59767160943
1055.49654790729
1055.46845829271
1055.43806788572
1055.33626386396
1055.3183460459
1055.30676247038
1055.28614116364
1055.27882444973
1055.20229522284
1055.07418224186
1055.07080581471
1055.06119767886
1055.04074770129
1055.01421935666
1055.01142278946
1055.01086665999
1054.9436607107
1054.94120959176
1054.9029826629
1054.89506082679
1054.82907015154
1054.79950749581
1054.74465056524
1054.74046149893
1054.7342682697
1054.73142549164
1054.72745990908
1054.71940121388
1054.70748623205
1054.69575552835
1054.69405458394
1054.69398853328
1054.67630419304
1054.6713738524
1054.66205101829
1054.63459208115
1054.61810661339
1054.61159916017
1054.5990103486
1054.5720977249
1054.56746800448
1054.56400264338
1054.52916014731
1054.51772025898
1054.51714362796
1054.51353369953
1054.49680856972
1054.48709555633
1054.48646890422
1054.47455785511
1054.47171167497
1054.46267150195
1054.4534402944
1054.4482707601
1054.4407567627
1054.43159631464
1054.43138106858
1054.41735899772
1054.4083891814
1054.39549087818
1054.38702988569
1054.38542723623
1054.38373840656
1054.33325994485
1054.32681309387
1054.30108991373
1054.29868177097
1054.29379971359
1054.27353980816
1054.26180623379
1054.23473200914
1054.23075635787
1054.22164042993
1054.2104018976
1054.2026477928
1054.18976600831
1054.18550562218
1054.17158254044
1054.16675393388
1054.16311287905
1054.16262930258
1054.16232281376
1054.15154132936
1054.14801203268
1054.1462686033
1054.14489322736
1054.13416442976
1054.09776339058
1054.09240244608
1054.09085085378
1054.08661770162
1054.07999537939
1054.07487282096
1054.07371175034
1054.07036965102
1054.06978158756
1054.06929753527
1054.06620413661
1054.05941394766
1054.04863433576
1054.03301447319
1054.02643453981
1054.0254765218
1054.02286767643
1054.02167094798
1054.01758968227
1054.01123239436
1054.00588118834
1054.0055500039
1053.99385779857
1053.99173154807
1053.97992444238
1053.9728704594
1053.96976137078
1053.96185293375
1053.95966558847
1053.95716931619
1053.94739860871
1053.94663139578
1053.946580407
1053.94114887065
1053.93600234636
1053.93286324305
1053.93025854011
1053.91611706016
1053.91599917644
1053.91580687427
1053.9108498341
1053.90843659982
1053.90675856208
1053.90417869997
1053.89927179376
1053.89214407239
1053.87520347678
1053.87409773817
1053.86460766305
1053.86447140293
1053.8644186797
1053.86028277827
1053.85960431587
1053.85793937186
1053.8574023555
1053.85538506797
1053.83083716925
1053.8263017796
1053.82380351535
1053.8108542984
1053.80563798525
1053.8039803917
1053.80192945311
1053.80136894333
1053.79562620471
1053.79550874904
1053.79277644087
1053.76854167927
1053.76587447546
1053.7643080891
1053.75468927474
1053.75459019372
1053.74170064733
1053.73599187449
1053.72993793523
1053.72204303893
1053.71855650993
1053.71490746519
1053.70945059746
1053.70400523124
1053.69100209961
1053.68491844056
1053.67595520778
1053.67580609684
1053.6606991973
1053.66041966638
1053.66016591421
1053.6592252016
1053.65159590605
1053.65040202734
1053.64337978544
1053.62873967946
1053.62338258449
1053.6228533664
1053.61726919473
1053.59898599619
1053.5959745513
1053.59181188438
1053.58996715026
1053.5829574247
1053.57504685748
1053.57267629022
1053.56142826426
1053.55258759838
1053.55142159644
1053.5507812943
1053.54561512563
1053.54371323079
1053.5430015411
1053.54164803603
1053.53695726221
1053.53147374428
1053.5291095934
1053.52900312899
1053.51637685121
1053.51493854495
1053.51135416135
1053.50736334768
1053.50552651266
1053.50410769732
1053.49849015468
1053.49716737602
1053.4953531723
1053.49340931438
1053.48807663413
1053.4699662043
1053.46874671183
1053.46601279056
1053.46411519141
1053.46234253035
1053.45987452638
1053.45625219361
1053.45595099278
1053.45230068063
1053.45073221959
1053.44837896935
1053.44598189366
1053.44421002182
1053.44081309476
1053.43753092425
1053.43049571118
1053.42958471439
1053.4260564093
1053.42434391467
1053.41812925661
1053.4167699522
1053.4149871589
1053.40993971201
1053.4078120718
1053.40729009746
1053.40259247454
1053.40163545994
1053.39489486842
1053.39202787159
1053.39020717338
1053.38755139711
1053.38703203874
1053.37417757663
1053.37129627799
1053.37103696636
1053.3695561376
1053.36006658042
1053.35388279573
1053.35230064039
1053.3503871156
1053.34649862793
1053.3448155402
1053.34137840344
1053.33706603988
1053.33200529178
1053.33171401812
1053.33104092988
1053.32948418866
1053.32860400238
1053.32818130235
1053.32503735275
1053.32170812567
1053.30843376846
1053.30764789831
1053.3068585992
1053.2991444383
1053.29675403233
1053.29322512419
1053.29258714353
1053.28843879012
1053.28463861269
1053.27862388164
1053.27590569278
1053.27541671874
1053.27416176365
1053.26957643999
1053.26287367971
1053.26242145683
1053.26093853394
1053.25993024898
1053.24969537831
1053.24955027687
1053.24786400722
1053.24544689448
1053.23989096466
1053.23844206435
1053.22797579719
1053.22221313025
1053.21960745857
1053.21287326759
1053.2099199008
1053.20933158507
1053.20792646273
1053.2077855024
1053.20763765226
1053.20438286774
1053.20110753568
1053.19751710725
1053.19665399714
1053.19630719308
1053.19236309073
1053.1894275438
1053.1875631912
1053.18739891657
1053.18408115634
1053.18378419677
1053.17791982389
1053.1776986769
1053.17664028049
1053.1759245543
1053.17285099301
1053.17247776424
1053.16765796563
1053.16739126323
1053.16731785755
1053.16511123039
1053.16501775436
1053.15920389619
1053.15713161686
1053.14983322976
1053.14827006957
1053.14709982284
1053.14664043949
1053.14177475392
1053.12335535703
1053.12314197105
1053.12005768183
1053.11983936513
1053.1156550438
1053.11149375753
1053.10600523309
1053.10575679746
1053.1056781429
1053.09725757536
1053.09586561622
1053.09457801515
1053.09383924648
1053.09361561896
1053.09283374688
1053.08988432327
1053.08517396613
1053.0811216717
1053.07821579427
1053.07637438632
1053.07615615367
1053.07042917567
1053.06839685172
1053.0642825316
1053.06419877008
1053.06283706914
1053.05648193424
1053.0543670923
1053.0535559805
1053.0518883242
1053.04896243977
1053.045928067
1053.04525232573
1053.04069325185
1053.04064810578
1053.04046095414
1053.04028133824
1053.04013520032
1053.0395681167
1053.03753209432
1053.03739724759
1053.03607286594
1053.03582132872
1053.03445788922
1053.03405764521
1053.0335900116
1053.03335542002
1053.03315261671
1053.03265083834
1053.02926420303
1053.02888831728
1053.0275349812
1053.02667622515
1053.02283427685
1053.02078558349
1053.01929227087
1053.01844392897
1053.01812786243
1053.01585560494
1053.01563813502
1053.01485198856
1053.01472859054
1053.01175337899
1053.01165849315
1053.01037402496
1053.00757932515
1053.00536833172
1053.00428083643
1053.00328308468
1053.00247026287
1052.99731867315
1052.99331773672
1052.99302360306
1052.98663056433
1052.98286684978
1052.98015827837
1052.9767558627
1052.97581968939
1052.97266237099
1052.96585446829
1052.96428752272
1052.9641511718
1052.96079421302
1052.95999343896
1052.95749524268
1052.95738704763
1052.95723703318
1052.95580420734
1052.95442855196
1052.95307706128
1052.95093176093
1052.94694343863
1052.94551421834
1052.94350980669
1052.93946943667
1052.93738950426
1052.93570840893
1052.93540927141
1052.93480778716
1052.93211119862
1052.93140493181
1052.93105977546
1052.92882609998
1052.92376347528
1052.92207967
1052.9143931417
1052.91290636952
1052.91112104168
1052.90724546814
1052.90265677521
1052.90233995342
1052.90209268207
1052.90197501941
1052.8997718614
1052.89944183821
1052.89711987651
1052.89605012495
1052.89009277175
1052.88920641588
1052.8889324434
1052.88645810543
1052.88566796171
1052.8846349521
1052.88071598663
1052.87915942079
1052.87603193477
1052.87394172646
1052.87285991168
1052.86913231612
1052.86859517913
1052.86723494905
1052.86436896498
1052.86293442891
1052.86216325893
1052.86158702653
1052.86058668459
1052.86056946061
1052.85941116591
1052.85707729466
1052.85248138697
1052.852423091
1054.45698502307
1053.79612463971
1052.97726344514
1053.52472757045
1053.4541195039
1053.64365435725
1055.28058884478
1053.88127405586
1053.37284094293
1054.06125065583
1054.66538812249
1054.99512140606
1053.02395343053
1053.91328760259
1054.34830331129
1054.03446741549
1054.28520057191
1053.40148014433
1053.67117556817
1052.90015546215
1053.68480167246
1053.56583388818
1053.88662784308
1053.59289775753
1053.38723509977
1053.39043681922
1054.41692966939
1053.61688302076
1053.0886693126
1054.92468113037
1053.06143786118
1055.27705160434
1053.60344348843
1053.43727103771
1052.99649161868
1053.10900151342
1053.68081259366
1052.86038489631
1053.37607944583
1052.93383836694
1053.48770839825
1052.87023356863
1053.00315068125
1054.09220606662
1053.03692391417
1052.86855606847
1054.67207651166
1057.25119595612
1052.8915852444
1053.29520010284
1053.94270492567
1053.83728243523
1053.24172645657
1053.49187437075
1053.90854664149
1054.5881904669
1053.77536336928
1053.51235433629
1053.82765323718
1053.00699751717
1054.97284057888
1054.11708379135
1053.1007230767
1053.88560897909
1054.5795185006
1052.86421280496
1055.49686822361
1055.23218601006
1053.28391152755
1052.939256769
1053.91667083287
1055.48833053838
1055.28459985501
1053.3132961585
1054.92828352221
1053.47182926292
1055.07690206625
1053.66001153074
1055.14806744271
1053.17702357367
1053.91122150455
1054.89901896331
1053.58296360877
1053.1477964533
1053.14226519677
1053.42839124113
1053.52895699524
1053.3542407792
1053.64893427035
1054.12907350859
1053.07658623564
1053.49310862549
1053.14669803251
1053.59403986018
1053.6573345459
1053.0230375542
1053.65936436173
1053.61225709979
1053.3257604196
1053.39453182781
1053.47858854882
1053.25657519358
1053.35056389491
1052.9001560338
1055.20657665684
1053.59107894467
1053.2256934739
1053.59222968443
1053.80696939142
1055.15085708611
1053.22136774127
1052.89877236354
1053.00776992453
1055.8439336116
1052.95619802067
1053.6703884399
1055.9789000101
1053.06519189702
1054.18881303899
1054.06844161204
1054.33068817637
1052.98874694246
1053.34024789384
1053.80176497125
1053.22648086694
1053.40328321062
1053.97681788703
1053.64089071299
1054.42040024572
1053.54195597116
1054.30926771639
1053.0181399498
1053.27429291811
1055.12551029071
1053.71736138458
1053.44921714409
1053.01205014372
1053.79702033778
1055.05953357676
1053.36451490122
1055.40960015744
1052.93605262672
1053.73694976122
1053.50208785822
1054.50225847683
1053.29799978518
1052.85514507622
1055.45711798617
1054.32247223841
1052.97253332372
1052.87181284058
1054.85885435251
1054.51071606859
1054.72003867959
1053.58072607261
1053.26601591828
1055.5714100717
1054.50807201987
1053.29111532189
1054.51499138639
1053.11786420281
1053.7883280479
1054.10309390243
1053.28513858257
1055.3946499293
1053.32119701971
1053.3920239257
1053.93110585186
1053.68087788145
1055.19255796552
1053.75760245754
1053.10785988168
1053.19160575858
1053.63671881565
1056.19991056898
1052.89713346949
1053.28072610304
1053.86711656192
1053.20047559445
1053.70358339617
1054.04616859641
1055.16992293906
1053.73401224239
1054.14051649613
1053.68893082773
1053.11883925616
1053.00801461276
1053.51314457119
1055.76119291318
1056.32972201382
1054.19648242504
1053.21126819793
1055.99919454046
1054.24140823879
1053.07424323505
1054.30852396187
1053.53249672556
1054.00787675506
1053.66698099345
1053.07053490684
1053.50360803846
1053.29785980179
1055.26187875613
1053.20881218449
1054.14041926618
1056.10644145897
1054.46401153252
1053.4383135245
1053.73480736694
1052.97849420307
1053.6153167002
1054.97672688521
1053.15655912099
1054.28054348635
1053.3063167033
1054.18357742463
1053.58227350811
1053.01226793154
1053.26362651799
1053.3354534037
1053.09678491899
1052.92916586347
1056.14925416426
1054.52966267013
1055.22595627293
1055.53285039647
1053.45000320479
1053.0007813868
1053.20850438512
1053.881450545
1054.85736436231
1054.28919901154
1053.23856822498
1053.60111320123
1053.52959829808
1053.29089813759
1053.13032308871
1053.68904682972
1054.75106206688
1053.7577106924
1053.02329179944
1053.36531438207
1052.99752856896
1054.59925427759
1053.26646044553
1053.96860933717
1053.17977691968
1053.08486439362
1053.12265456958
1053.22526661892
1054.90808256927
1053.67431828814
1055.26855397532
1053.82517987371
1053.3910321624
1053.94785334442
1052.90996600069
1054.32885415725
1053.44533148944
1052.96605592329
1056.44027428893
1053.89104542693
1052.90357929671
1053.00434284073
1055.16880300162
1054.63369487944
1052.96892195459
1053.54118661896
1052.92004589399
1055.62984840163
1053.11810222931
1053.00828216834
1053.63299490339
1052.93545411447
1053.24264014601
1053.70563612953
1054.3984610083
1056.70264612642
1054.81511732285
1053.079878042
1053.03786846997
1053.15315119864
1053.30710503472
1053.46370308647
1053.7693359452
1054.55223014101
1054.42750317992
1053.22972721436
1052.89210927974
1053.74516498861
1052.96726787725
1053.00028178603
1053.27586828263
1053.17654882551
1053.25386856327
1054.61253978093
1053.75512317962
1054.14100636318
1053.57848247382
1054.75729666567
1052.85160255393
1052.98993029773
1053.28691787732
1053.13309184587
1053.55525274704
1053.46183433003
1053.09522043064
1055.33243982549
1053.28526280831
1053.79017253588
1052.89957940173
1054.72332713967
1055.05547242211
1054.56021936602
1053.93373429456
1053.16539296588
1053.43442647593
1055.02665065891
1052.88914407427
1053.10396728022
1053.60933847627
1052.89983405897
1053.11593329097
1053.71976093367
1053.6829203452
1053.43389168471
1053.62325059557
1053.7553281278
1053.79552852112
1053.46671417201
1053.11826905631
1054.85439366714
1054.58727521875
1053.57660641748
1056.16956787112
1053.42139758457
1055.33620264742
1054.88387172806
1053.8072825703
1052.90055455655
1053.63358435859
1053.56309863295
1053.0239616905
1053.7833630251
1053.66087378018
1053.11275440449
1053.52178517975
1055.03480169115
1053.52854171709
1054.33878983002
1053.05163442759
1053.02882764401
1053.85594701164
1054.30759586269
1055.7742488495
1052.91015956766
1055.46452359239
1053.23711927332
1054.09521139494
1054.02438796821
1054.40469434483
1054.82689123879
1057.88553972613
1053.26617959533
1052.92422919099
1053.74574279095
1054.08361237916
1052.98696531226
1052.99142489268
1053.05458386392
1053.02282693175
1053.66223617209
1053.31377277725
1056.21499790969
1053.88560406994
1053.06169617737
1055.69826969189
1052.9391458614
1055.43082520587
1054.12293743522
1053.65264489683
1054.69787042096
1053.27247663971
1053.12890810028
1052.92304122537
1054.35619498158
1052.97251244284
1055.25095909531
1056.40735541438
1053.67264964372
1052.99859191209
1053.33083545561
1054.02432604962
1054.12697206622
1054.96811985376
1055.68218924531
1053.35277176242
1054.02482420126
1055.05088615472
1053.14238608594
1054.070599538
1054.08700204209
1053.40769511036
1055.33928244506
1053.19255736991
1056.76466601518
1052.88692992603
1055.28494305049
1053.00336329225
1052.85521617223
1056.02943620034
1054.13339709397
1053.18919278021
1053.08793173675
1053.73677453392
1057.28893654937
1054.59166201463
1054.34914805991
1053.90846025013
1054.08530502286
1053.53939692165
1053.22062600432
1052.92992608015
1053.9764341995
1053.2250301828
1055.84403647309
1054.16744660438
1053.13654793517
1054.98328508246
1055.35186832056
1053.24723822491
1054.33266649385
1053.14433781171
1056.14886424984
1055.50711741282
1054.93495331552
1054.84178720662
1053.04346013045
1052.9659051333
1053.34485070167
1053.05421318008
1053.30429021204
1054.02634408849
1052.98986995875
1052.88111234764
1052.97338779313
1053.25034030607
1053.37738152508
1053.26706505789
1053.24705903432
1054.84269081007
1054.07507069572
1054.51860579194
1053.08766374346
1053.67114046224
1052.9305311368
1053.06115579925
1053.21816263642
1053.02859685822
1053.52647582079
1053.70855957363
1053.08379566142
1053.12563401141
1052.96264085283
1055.74035557777
1052.99001915957
1054.48528032357
1054.61178458457
1053.05320763655
1053.40631600285
1053.03004833666
1053.01698892181
1053.1180542998
1054.13321727578
1055.89400694534
1053.799661769
1052.97971841018
1053.36293764273
1054.62209841513
1053.72142952059
1052.9252786098
1052.87252202125
1053.54197466024
1053.18384819259
1052.91068198268
1054.44880108032
1053.01178066668
1055.89305420597
1053.40888950461
1054.81278420042
1053.33556621021
1054.34162957783
1053.53449568315
1052.90425695985
1053.10991676954
1053.12386454277
1054.05300475517
1052.91149233217
1053.11942197111
1056.73692403343
1053.65625443971
1056.70490211174
