845.575205563095
844.202136933089
841.885039375304
833.851275339311
832.335403266413
829.024346606425
828.751717722551
828.663404803265
827.683258771773
826.23799821244
825.239554803853
824.371952223475
824.249276412836
823.242716758137
822.733180862707
822.211577835018
821.783007301284
820.569950094869
819.321008972959
819.255444873483
819.21960110006
818.868567589064
818.849258861205
818.773243364666
818.668368847355
818.336185079811
818.192304603733
817.553261573254
817.090355467422
816.977133309327
816.619325186566
816.45215307024
816.292291294086
816.075325544327
816.024598057581
815.792572046139
815.646954420738
815.645830978549
815.595452257465
815.160099893453
814.968443013764
814.910231401093
814.866971738405
814.785261474556
814.532392213111
814.115485890186
813.973459878042
813.817069009182
813.662839458444
813.482595330012
813.286160736262
813.044488881116
813.029627227727
812.953901672145
812.91229774196
812.891865455376
812.708951053507
812.580436889435
812.534397248199
812.498386809898
812.493534123039
812.434153339919
812.366749898075
812.354335079108
812.336370242585
812.186687463703
812.02129604885
811.927193625779
811.912423396714
811.741846396463
811.526498937543
811.316744413707
811.103231422898
811.028714642798
811.014395061922
810.997264480651
810.869499180849
810.782572306328
810.707071202911
810.642675217094
810.533396005945
810.522402136553
810.343864817188
810.321505089061
810.311390193853
810.304340861227
810.239745186123
810.210219386281
810.200776368063
809.8863727477
809.761034196016
809.674282695571
809.61865057639
809.488603592986
809.395843083841
809.347386530825
809.235577984816
809.176056698098
809.164261238199
809.142182434506
809.068015782584
809.056215600912
808.999192455269
808.97023803122
808.915600157403
808.899818957426
808.886015481754
808.858551941631
808.618945827898
808.584958732516
808.463377773593
808.378092559267
808.368678928079
808.281885736564
808.205883649254
808.172804173489
808.07308788512
807.983401870658
807.90495960649
807.834883324575
807.734533237189
807.727112614277
807.66925631059
807.66507001635
807.659341626594
807.655381019947
807.622575127956
807.617530788184
807.603387587036
807.542700329577
807.46777003853
807.436662085109
807.426294570848
807.389517282462
807.378126213734
807.33717878118
807.290773996845
807.279622943096
807.2336623445
807.225826470417
807.175562846113
807.122446191081
807.055891224085
807.03801603367
806.954232055176
806.890515311628
806.764797913913
806.607689950938
806.606966522404
806.562045967739
806.508265098772
806.427017936245
806.377723611668
806.358162564062
806.327849452901
806.231650050191
806.215584992138
806.158809438246
806.14413507124
806.129349175488
806.124255507746
806.007173582482
805.909060702888
805.893048419875
805.890275807813
805.839930667163
805.758985355572
805.724759798052
805.723495935568
805.70281707308
805.590174704606
805.526822969424
805.452044202618
805.376274311856
805.369371547203
805.275182938133
805.23863070277
805.211955607583
805.161011488231
805.152348362935
805.08671708954
805.048231749243
805.044029836804
805.026378594576
804.925192781434
804.869215519005
804.856320516509
804.852943811524
804.808083388537
804.788955743699
804.76163082844
804.718847356974
804.666353895373
804.648604157104
804.639179034668
804.637979019464
804.599647980669
804.598876299162
804.539741755493
804.416267162427
804.260260670808
804.257929376183
804.23377289856
804.185232744516
804.15095926429
804.145249014245
804.118632118689
804.109206107909
804.026225016247
803.943387666671
803.935596770238
803.915415109867
803.90940486329
803.854108343234
803.853324099727
803.793025738004
803.790295011281
803.771147612936
803.737225828618
803.686559875784
803.676289637476
803.661817647665
803.6169002414
803.615061330062
803.610441540815
803.578550927333
803.52839686098
803.487111587815
803.474238415938
803.469309232427
803.436890226468
803.418291853183
803.36617943306
803.324733052627
803.292680467074
803.271357915248
803.264212259103
803.198666965172
803.19813511953
803.192473597058
803.189084385927
803.1750885119
803.107769960932
803.015057751091
803.01325806414
803.012182416522
802.990557139508
802.970064285613
802.964804249327
802.93147772393
802.931206973335
802.913175954756
802.903253112083
802.835285069156
802.810672929182
802.791074033218
802.766085797381
802.742195097884
802.737034223922
802.734892145716
802.67439202312
802.654861723098
802.603778991066
802.601744485046
802.599749637576
802.561746014225
802.513922181061
802.484284598135
802.465556117849
802.412096509716
802.397450792535
802.390684299658
802.380901358865
802.376420246803
802.332105202456
802.328297838713
802.312840369708
802.259124748754
802.237351123116
802.193938587467
802.189025022072
802.180577417023
802.145747508203
802.130178067511
802.123367520449
802.111788057239
802.077313095249
802.066048234735
802.051413018381
801.970363388968
801.922164557281
801.917810573725
801.799638234856
801.769363178644
801.747740069885
801.733168883689
801.731250495756
801.700981059785
801.687608926117
801.656848139808
801.65517221428
801.647091532627
801.632332518559
801.588958294856
801.511051553814
801.506600687064
801.506023952903
801.491562982837
801.395945021672
801.374192982397
801.298148583429
801.288927343276
801.282515974539
801.274110845605
801.266621493741
801.266372495461
801.214267558263
801.214237088727
801.191989819289
801.171153412015
801.145171695676
801.057445741462
801.05557396395
800.99296727965
800.949544422196
800.949476740298
800.901345553727
800.877799249174
800.846050231731
800.790792146625
800.76168313582
800.711018382845
800.705346863848
800.581521802231
800.576042615995
800.558245558652
800.551190457363
800.535123231927
800.515015334495
800.441756740191
800.428094782554
800.404993829846
800.389736459366
800.321802744589
800.30937692113
800.257327794707
800.23789464775
800.177655179429
800.170957388606
800.134807883963
800.113205713699
800.110725752582
800.09559990795
800.051333287121
800.025826125313
800.022913015145
799.989139936638
799.980254746073
799.903085613412
799.891321796178
799.830408946814
799.780663895335
799.770927798557
799.750114472294
799.743633099708
799.704281820339
799.701334987396
799.694939105447
799.684400987647
799.615051017151
799.605329847798
799.591816509945
799.524998163847
799.476207798501
799.450695526285
799.444946200757
799.432917377367
799.429112755652
799.386606071178
799.384976182565
799.383453819731
799.375794264411
799.31901370791
799.316485848414
799.30544033449
799.292083805437
799.26905962628
799.264925231766
799.248970239156
799.233930424428
799.214542037122
799.185266493615
799.181856554926
799.156501128285
799.151628188753
799.148480612942
799.144505956271
799.131171448884
799.11625790524
799.107969829471
799.095965565456
799.07575432615
799.039755574413
799.031552545259
799.03087530014
798.975153334732
798.969401082035
798.948603544855
798.904652066886
798.89935787145
798.866080978061
798.843871734418
798.833389675054
798.806072692522
798.74786239332
798.707985086993
798.702959584471
798.663250090901
798.626698061409
798.584254184993
798.580167657578
798.489563600463
798.480104030797
798.475465286867
798.404550540938
798.40004250902
798.390789795483
798.365781795715
798.320881566447
798.303087053029
798.298869911852
798.279386682414
798.267122432405
798.254068276126
798.208751961898
798.181516283455
798.16448596913
798.14590979931
798.142532748883
798.113482980785
798.09949006803
798.097091566811
798.086803676666
798.08011247097
798.071542858917
798.043736758186
798.037539499788
798.036278633304
798.023695366659
798.021451367223
797.996789172412
797.991711021834
797.976797697176
797.968505850694
797.964299450024
797.964036409605
797.922311893998
797.894945453674
797.856498326324
797.805777891454
797.707743955266
797.703840530334
797.697538863472
797.67254973584
797.667370448138
797.665487646779
797.643841068081
797.638207506164
797.617274989797
797.584287895028
797.58091912351
797.573699649088
797.551433441383
797.542538009958
797.521995320643
797.51787236161
797.471802352728
797.471592249931
797.455225938746
797.454462677135
797.443718416332
797.436240300703
797.434051548039
797.418259416847
797.40420620452
797.383968368014
797.378912083805
797.354888253763
797.319527260761
797.297045472424
797.221340898145
797.192241129411
797.184793071213
797.184745941996
797.168581949609
797.166823541983
797.163461468125
797.138476246602
804.176810123026
815.58482829772
798.647480938478
821.72288843494
823.236359918031
799.52668879481
810.572236962043
812.317813324274
798.53931234943
805.402791515059
805.879804501881
798.455986963725
829.129878203603
812.993158260413
807.288370533073
798.011443330206
798.409855309641
817.20956617916
801.238697136283
819.961596088095
803.972415663349
797.74799864697
808.019678802402
797.11288177959
812.452315820777
813.892218204953
799.572832519146
803.011958157771
798.587322396873
805.400390625802
798.025468307899
798.179429365873
798.616879237041
797.953054707713
804.912824806964
811.224427788957
797.345437830192
800.248719820957
807.253584318343
802.69016601445
799.829299705791
813.375874783984
804.859701465802
810.093829996808
797.471380913654
802.64865473636
810.269940971901
822.042879822721
798.083514462026
821.663291661115
798.297000882427
801.652201263335
801.469638129698
815.24544989971
798.667299561476
808.13912622653
822.279483941145
811.734137302705
811.281842605177
812.347758976327
801.629946684621
809.851098394468
800.53063559173
802.570127944319
800.419520897002
820.166816803538
815.030792587174
799.229810585773
802.082142295283
814.453538225039
803.463255068688
805.644260006332
805.172575949303
811.115195821926
806.924342640536
812.558490734475
803.941333331073
809.368098882474
799.220468813285
818.739317408178
804.485838707286
810.535770928369
799.900267289256
799.679447884136
815.775283153049
809.324827382086
813.758237316105
798.126927421286
803.794315901424
823.667517603253
805.879841387944
798.733108140071
803.199435610225
802.211504231123
807.703330894151
803.472527435188
797.135285404379
811.870771260022
797.848809355864
803.910999025488
800.934475235701
846.302915791279
805.260069432748
820.196830592939
804.345104046479
802.868127430125
798.349793534215
802.201888176508
799.570455943055
800.755338572227
814.3725534815
811.242876732026
798.742723319367
818.450716791381
812.744240876017
800.222562903894
810.976114911691
808.694451670968
797.711660453846
812.063400651922
803.352695401093
812.921574270184
800.388690168476
803.397017742734
809.997214807198
803.473231575344
825.100493948603
799.466940812397
802.928819390906
805.474138958144
820.260729688261
806.767765533438
824.735684337763
801.273618534125
806.964013355584
801.934531030579
798.399036025945
799.200662029061
814.001271332886
807.687260891574
808.318427937839
805.568700148308
798.274416690118
804.465551769975
800.585410935276
804.329720065876
806.563290936336
804.930393823224
804.532586166973
797.66048041461
800.973714599885
811.297622722131
805.487671654789
797.67771429864
798.410343731461
797.485218446835
797.502232061989
855.677545020887
806.431045230033
810.962436021458
801.907809551603
805.739659534614
798.588437467036
798.608049355813
801.939586149458
802.236141663488
808.052248109585
805.371401764253
801.675281531492
816.285367967433
809.970048500925
815.01120462103
804.522640581032
798.356585802532
804.78916592628
818.487761142501
811.011889340668
797.920689012163
803.907475846287
798.879045681036
799.977678366562
815.73788943278
808.693344652264
803.873194732751
811.623359788795
817.22608212838
803.240836378865
806.145012618285
805.115863704568
800.612176280543
817.071459310011
822.362258290274
812.229526160599
808.704340953169
802.910037642719
809.130227225123
802.812733009286
800.778292534877
802.687346781591
812.468513716179
802.523273589977
804.456411523706
807.685757130966
804.488227225705
801.346484295716
805.489458940776
805.64249087186
804.231437526089
806.312614378703
805.831840284299
807.97665810711
814.43633709635
798.460711821805
826.394900004263
811.018749462701
797.88737786554
802.628095625889
818.391844602961
814.121201350147
807.617692548805
808.712149822509
806.448819959841
798.200202300128
806.839105184269
804.142350795206
800.117704587813
811.07627791295
797.100933965991
801.736967732775
807.752415005571
799.003074872814
804.406620360098
799.700080409
801.260400488229
815.651629221542
810.690080554594
797.994132567386
802.01023547983
801.447224940054
805.624372154417
812.0361752185
799.343427672471
809.40178220753
798.65556901967
813.683437458077
801.392561779754
801.894504264212
799.699234286102
798.282874297434
799.058386414606
814.988094865863
817.283785903121
799.888221382419
799.207334651925
811.498165517194
798.026205800894
807.114626751308
826.262007180132
826.495115302517
812.722460107301
812.41545825035
799.579050326139
805.54446337989
806.355299917456
813.381004945894
811.467870156405
800.920199419435
827.753453680417
805.342668401838
801.05940626522
800.561449732988
804.215419095988
797.111974330172
808.477430133675
805.096237831441
805.436155630851
801.195994443816
802.248509933552
797.386947139192
823.731270128778
823.432251996517
799.475606064556
802.053571865694
797.26077376919
799.922034516235
805.199233638351
811.459269130533
813.133499054437
798.120870112124
806.770665961921
829.071336107933
805.642846286905
819.165256576254
802.989905648467
800.813027564977
800.291491277028
800.745806181964
799.531685948613
804.989694728045
797.486213400132
807.526779854892
804.526839465593
811.712610436966
797.47885441179
802.039521806205
799.528710647329
802.804036712334
797.179230046953
819.565044706438
797.358010657232
803.100246131991
797.714324966891
798.648131216619
799.706306038009
797.248074998639
814.128598834002
804.878439441639
799.454452140214
804.526822799915
810.708756298921
806.237021756915
807.156829426095
805.583598595239
817.352679507811
818.266986393045
805.985659549375
801.128336662295
798.612119258213
801.827598382485
810.233767667405
802.344084679737
811.348336758148
807.254464955437
820.015370688608
815.111424587669
798.437733381592
816.59976879137
797.395916480195
800.743055007099
799.98106093155
805.024942564593
813.756555859865
801.771858874306
814.788537911843
802.477071786618
809.549829781961
807.072843572946
797.694579697296
810.868269880256
809.948432216226
811.346924034719
798.62970016729
800.440685877345
799.08116577822
801.720781342473
798.345962658389
805.894373425048
801.970849194281
797.171083166215
813.662985749156
803.068728226088
806.046320975635
805.686123943027
814.422374452062
807.029941146039
800.437078487493
806.865478417324
806.497456002582
798.739035752899
814.373925700958
814.815362444315
813.267319367758
813.427413691912
800.970838490538
798.765998112097
801.960884447828
812.940593063292
800.074724110259
803.903602346076
807.811496077549
804.991189640018
826.07334876902
812.88053476192
802.77086018874
808.733876567507
808.540762465265
805.140964092725
807.018742836821
803.317909707419
801.696711764814
806.834384693663
801.360912126094
808.482163098369
802.048821320265
808.104823298623
805.313443353847
808.137000590521
819.086935743537
799.480578466741
799.144198381048
802.650804463988
809.920561030368
809.976653637802
814.19592184712
802.517396801782
800.958424856404
806.774888449741
799.656484878803
815.578916066032
828.964419361345
797.046837363255
798.992391269084
814.662259572842
800.554705108025
812.435286321866
812.127878938517
818.548606942134
801.762734995834
812.774253022702
797.774791206252
808.366846587024
809.489736450201
804.483384676441
814.68871367033
798.621202387845
801.359513233503
798.347186578069
821.100318503483
808.628420567118
804.976627589107
817.823137560511
805.468523240072
807.684611058794
806.603657642323
802.499807178285
797.508139397715
800.683021452038
816.123690645615
799.580933606094
800.825122905331
806.289619237205
812.003092818255
816.338844562971
798.2481866051
828.748448670113
805.178128749301
804.773210152409
808.355253770405
798.787340033128
807.134737971272
813.753112411541
819.954201525386
811.015023631105
811.521437403959
797.656576551281
803.768755445291
797.289944712736
802.894850785974
797.157058276031
799.765948690639
798.116872661713
806.604764004196
798.653079914411
803.082033296912
811.427757056929
816.070221176621
806.233442761223
815.122234037979
804.516947369292
809.732199138774
803.448874337797
801.660564069232
798.623781902067
803.900737597268
803.709537226355
809.872708817103
807.825631212172
805.989009164348
827.12873018836
802.126622895973
806.452111526269
802.991516035287
798.666768158666
812.33219136977
804.572015633446
804.191880216029
802.293240063618
809.558777138211
803.730015467365
804.171556952889
801.534674520627
798.173555667687
815.646688239545
800.10461964673
813.785210036075
820.626707608732
801.445043439108
805.861364843572
858.169238597888
811.848763450088
797.459901988947
804.743406439555
