794.08607458841
792.487239516449
788.098345561609
787.719218453763
786.656959290254
785.898049638715
785.559234896798
785.411390990714
785.408406616
784.98612228128
784.565125640752
784.290714704009
783.855882705041
783.037592161158
781.892043197369
781.798739822649
781.584243852663
781.224181814662
781.148770431347
781.099995580192
780.807851793004
780.658736755446
780.433388144811
780.370656516939
780.356585950398
780.350281435856
780.201877382912
780.196464923342
780.120679302405
780.094491177266
780.056808192499
780.047038771236
780.007085779058
779.838942903584
779.704817877497
779.613048544547
779.598821385124
779.535368904206
779.499185928223
779.282795731737
779.083224821863
779.019566982327
778.982084881789
778.817472450187
778.726321697328
778.675584592889
778.618769157991
778.606570930855
778.56486921463
778.382822136952
778.353659166813
778.309818626091
778.253118425383
778.209382442938
778.208805650112
778.187144597193
778.145782513021
778.083746049281
777.966365098884
777.797034835125
777.759074579393
777.743093371655
777.734495275389
777.51622748678
777.501145700266
777.478563542778
777.413361800373
777.240334181495
777.230898128381
777.19016545805
777.064570941774
777.059426572256
776.79922941749
776.796114429848
776.745301966329
776.717336466908
776.657270402365
776.645238208058
776.63007579621
776.607641595568
776.598595260226
776.589474969792
776.537192242755
776.529792918678
776.513440198749
776.501588276491
776.474059202055
776.413351492643
776.382314954119
776.369571871549
776.341520236926
776.311368268803
776.305260806113
776.195561333113
776.006010311769
775.976338986343
775.975554086175
775.963827829851
775.842188195207
775.839791978404
775.825002525902
775.789939596356
775.742695809021
775.730489716998
775.673156825159
775.579866227143
775.527600353018
775.506785893588
775.413683366409
775.405919666016
775.366563438978
775.364441344283
775.249406619931
775.167631094364
775.152306075615
775.139685112467
775.127473004254
775.046812893236
775.03621508094
774.979562097117
774.900254124676
774.889230345057
774.878799889883
774.836093671154
774.829284990144
774.825843170649
774.822710427123
774.819743453793
774.819478179918
774.78510324892
774.784262186745
774.781325778349
774.75241653162
774.750012745572
774.680045531348
774.632052469813
774.566584639866
774.551238252044
774.536729350957
774.501238862394
774.495461597645
774.495013793764
774.488711090004
774.455054777676
774.384981101508
774.31938074374
774.303894743879
774.293083521118
774.288125397389
774.282819028282
774.22270156267
774.14139074807
774.138240828627
774.130028291983
774.094628102431
774.087541985949
774.070198283327
774.017485574193
773.957479378927
773.930183345579
773.925220777242
773.892825780201
773.846319209999
773.836716634454
773.804837759756
773.784319336903
773.778352788995
773.777905189273
773.768513561794
773.767519428907
773.755372238713
773.754896973017
773.752941753291
773.742445757492
773.700366819974
773.685538628825
773.67963398386
773.661484622273
773.647646765196
773.620342661847
773.61588768008
773.615810739361
773.558671050941
773.556566990908
773.549292994921
773.53010172016
773.514320947368
773.505712439197
773.480086808947
773.468864233018
773.461322091801
773.453784638623
773.45257892921
773.45162090301
773.437665896896
773.415898548708
773.414057260634
773.389586197488
773.385606123764
773.36732418985
773.337892965641
773.326816410537
773.324763738234
773.316331212553
773.308512122229
773.266637295572
773.263183147016
773.227803856162
773.225196940309
773.224772092333
773.209107367301
773.171459204334
773.169650105044
773.16155128047
773.154854764812
773.132701720852
773.126384493685
773.120171198458
773.119376132063
773.108670081951
773.031011147532
773.023428321685
772.978134345832
772.971416005738
772.929675926238
772.909475960769
772.908847412018
772.904210535777
772.90373897695
772.833410949856
772.819934435331
772.79668954473
772.787000073846
772.742305871456
772.676846335699
772.665557987538
772.664435516021
772.652278849159
772.626304931096
772.592448002324
772.579449804887
772.554839443052
772.539389472312
772.510197516324
772.509085663356
772.478793119037
772.426184393267
772.3889158191
772.358877531371
772.343293638266
772.319412140157
772.263677098334
772.255959990508
772.211467581276
772.197553968428
772.193794825228
772.164810713057
772.158807172193
772.148120951166
772.092007031479
772.051810337568
772.03731728608
772.032246987989
772.028852063846
771.982766152137
771.965163601942
771.92835639289
771.924387777842
771.918423744301
771.916603795547
771.916279241118
771.91091360914
771.897927925033
771.888280407368
771.863720476752
771.851997024424
771.817239886448
771.794858724342
771.782341024053
771.775000304679
771.757299630683
771.749290638075
771.714693664841
771.687823537012
771.67581023072
771.638862354793
771.627820337986
771.624914959494
771.614743147318
771.611922238737
771.606789967525
771.589176801115
771.587601619033
771.583444798171
771.576574772624
771.571042054628
771.568865964823
771.566203613603
771.540591892279
771.517618048125
771.516261616284
771.500121264984
771.482415560038
771.476104494072
771.463487970457
771.451579767973
771.442059328422
771.409817709498
771.404487254367
771.394060326242
771.370491715195
771.350686957941
771.306072408846
771.26557528808
771.261634417457
771.209424663891
771.188580272251
771.172574024607
771.156524213004
771.150382770587
771.096712590139
771.065768971321
771.051041151205
771.016478188928
771.01542768527
771.01402069499
771.008986541524
770.990204296096
770.981630824103
770.979303929054
770.964560961223
770.953201080481
770.950320470899
770.940331663919
770.936318749197
770.933794818006
770.913700275994
770.896525242787
770.884743616274
770.87229621388
770.834962848939
770.830938506306
770.829741578722
770.828453219295
770.824765342804
770.820833035414
770.805290149953
770.796114617087
770.787190478721
770.786086721926
770.785558621681
770.770114785269
770.765065018446
770.763713804909
770.755488825861
770.741107767077
770.73639147298
770.735446090628
770.726797479334
770.72494227785
770.6904344032
770.686648665283
770.682622396642
770.630456981944
770.62680592443
770.624284918514
770.614390940915
770.610903811182
770.574307587427
770.57196994769
770.563916222002
770.561446048011
770.558200351998
770.554335591605
770.547300509352
770.533455963868
770.49993476782
770.480328299589
770.430838569005
770.415502089679
770.400475005349
770.289905529904
770.268432782572
770.260334600875
770.248360864061
770.245621010419
770.234333577775
770.225473230814
770.222278046598
770.206928312049
770.187266667429
770.185805240727
770.182402275374
770.14904836582
770.137110468696
770.134826914066
770.123982716307
770.093129137902
770.092756116244
770.037503844869
770.036050599938
770.030147974427
770.022054526696
770.021464706324
770.016944930062
770.016722877368
769.992677687391
769.941922654813
769.941625723704
769.941566358546
769.937882524298
769.932923076387
769.927540061911
769.909371133317
769.874021014347
769.850409349644
769.850082342126
769.821387666563
769.819381086789
769.816446339181
769.807258302134
769.79964717972
769.787165488671
769.785463507874
769.777594789171
769.775502759108
769.764038939674
769.756746494572
769.728035701044
769.725110599243
769.712306655577
769.707773069999
769.698275644333
769.677014779204
769.658550458675
769.654336653562
769.647096409185
769.646611309872
769.64457779109
769.643993791246
769.622906497437
769.60311954848
769.58012016296
769.569845501218
769.563171129014
769.535808098433
769.529639407606
769.508385984869
769.506195622728
769.487887590348
769.473139706416
769.456147263134
769.429344468596
769.389767827554
769.389175095823
769.349838163612
769.297744720626
769.294531733716
769.284097353995
769.250556931121
769.233658476266
769.193801452173
769.189069652691
769.186738130755
769.182785862822
769.162404291285
769.137176457083
769.134300899907
769.112271465722
769.097857357311
769.097451199523
769.093092237148
769.08975855727
769.045817437572
769.019615843195
769.017585104371
769.011000797332
769.007042152997
768.96749946875
768.966754974312
768.96564665567
768.9579380415
768.957749878721
768.956833066098
768.946359134265
768.944629884639
768.942706033368
768.923696701179
768.921934507744
768.894321014393
768.890484943146
768.884619679945
768.878759075957
768.865769251738
768.83056771558
768.818330603551
768.817289365807
768.801799963618
776.363587415206
775.100880790572
773.916254109558
769.676390093631
778.67782065167
769.275811946746
770.356862106182
779.862787303742
782.847855708993
771.368733900657
771.0091495777
781.518226520442
776.66395425889
775.3313658451
768.998779990893
776.301332171103
771.790377949362
772.877299615311
769.598105161341
776.137722089826
776.578198710073
775.627700216821
769.58436046846
775.74000985198
779.244801569757
773.828064109596
770.221089083504
777.181445110963
769.514936221062
774.648401307032
780.234119138126
769.761096016582
771.051531419266
774.333257395912
775.351568836389
785.593280951112
781.002345935144
773.488013161166
771.347612744221
769.216265402472
775.393134038544
774.710538044886
770.943876675228
771.675021681691
783.430696069517
775.638524370609
777.902487174487
778.873666408471
773.706836223786
777.839111673942
789.617966740322
774.416653434793
771.34177698478
784.74800914459
769.232464009445
768.850858047788
771.4477032164
770.566608309932
779.58108845668
779.391767952427
770.04151360755
780.45628161862
776.492986581842
769.08962041851
776.389225470136
769.164022884807
770.551287774731
781.811560000365
774.958477782263
771.360597338906
774.551089166546
775.00408808755
773.588052111239
769.314686320898
777.240462727498
772.512936801458
774.563588837087
783.024346513536
768.815285339305
772.822153417912
769.530774793297
777.114338830243
777.140387148945
771.183289625568
770.308465644127
770.289298027347
783.056564535451
768.840115165603
780.444568228063
771.403357725319
772.836358933684
790.717128270962
776.262817572908
776.195896424243
773.630552599018
774.460594376653
778.391850211442
774.771992776402
773.71275503964
775.725066005402
777.315162398738
774.41841862581
772.510503479913
770.550818509683
777.300337899629
770.315164272283
772.202383321911
771.8909865848
777.908340748401
769.558417459579
771.318563281683
778.112971099543
772.187592908952
772.922047090229
780.220603160591
770.933124559304
769.723648473842
777.243975337572
769.434706706598
771.445271429489
768.895057432698
770.28013594091
771.047751768576
774.782865523889
771.883477233116
775.546882591088
775.431550316853
770.337033171605
775.989715237775
779.48538136244
771.58407212979
769.702473106554
770.330987386969
776.055709767261
769.964274534669
782.896365151575
784.906332305464
769.31863334876
770.136769266515
776.753396270508
774.625125727149
773.154955611725
769.734982300182
771.212828225005
776.125040974616
773.342270444677
771.903311772836
769.873285235597
775.364069485001
773.232821130707
771.52766269139
772.32951521023
775.025730545211
769.083478818238
770.534310136113
773.708652380231
774.791500282954
780.052319678626
769.981911581835
771.223602053909
772.716095054958
775.907975273532
782.364902171179
775.650771331378
771.260112309204
774.727130058766
774.990648357441
770.448727209058
772.408373978818
773.728257268659
776.036042765377
773.215802283892
771.2819656041
769.380241234727
782.613457023046
769.107280192157
776.778422114181
775.421585445562
773.923769975059
774.848492778389
778.441064259084
770.643000572676
772.443457528345
770.627321818312
782.35874150063
778.143828962969
772.428817538258
774.059877576038
777.417064563235
776.296836329637
772.041239277102
775.645487429746
769.87362642468
769.863658861671
771.167284387231
770.151467215064
772.370995053998
776.358749939753
769.55616704255
769.290825482959
774.006962235468
770.438376550454
771.626361125343
777.026749860147
775.22552786937
771.206008400051
772.644523658048
775.514709621879
768.852915141332
772.600373770498
776.889821425059
773.048850554709
769.199050423403
769.057453311722
774.552158292644
777.344324874716
770.744176817334
769.178757798298
771.702894992503
774.22250513238
774.107961529309
784.089420973048
780.125765312322
769.686216005986
771.458900367604
773.102339685208
773.254903268926
775.163067115797
776.030598798728
779.198203378217
771.169026794278
773.511648339764
774.205214362025
774.326194992048
778.043082313963
774.311840520584
777.089708888834
770.28206466039
770.386068638478
775.703179588155
780.741615654244
771.446706547312
774.818220725027
773.049910740689
774.928230077506
770.047394469922
770.856917664547
771.059457601007
771.536938426661
772.20715987595
778.881586708856
775.803072384532
769.619735831881
780.066041853075
769.499014473968
775.754506030243
769.135459642675
769.109291324116
770.698655399771
768.949870365843
771.29381438421
771.250411803716
773.661513282679
777.148675190408
774.174857958424
773.120632906372
769.550216583939
770.663344582233
769.864441463747
769.372930764693
770.686120130498
774.40614305905
777.757351358106
770.842227263898
774.002648132459
770.759748721359
776.643651212907
772.827632500784
780.721437869412
770.278146258579
768.863114981806
774.137924104772
772.200703923261
771.960700997567
774.115682126995
771.257027938703
774.767862555266
769.645071945188
775.703295039254
770.428100365328
770.062217265809
770.214574056697
774.885472171236
773.974188093927
772.811382762579
784.879504591089
769.124227786668
772.362766448761
769.718707670102
770.124759960922
769.607702506388
778.680735537204
770.69658513697
781.811555285965
775.08454266307
770.470717395516
774.583945040646
772.445335927311
772.623013948669
769.520868547273
779.072780803343
776.161954440415
781.338714297243
772.216045317555
770.401303451461
774.473545001973
776.691380277385
769.933269414461
770.063196931442
781.223768792048
772.179711426048
769.419860959
776.424399802542
771.125136313135
769.918979711335
774.252481834542
776.883306775365
777.618965131724
768.850286994706
768.970376475442
768.793978309153
769.214549183064
772.002256246396
770.147245804229
770.537688174807
769.806792559321
774.910228524364
771.414115354545
769.68655242718
773.923735301662
771.29939609253
770.363483563425
777.172293531262
768.865873579409
783.73880721734
771.700893257465
772.335230338836
770.23279165243
769.958264478238
776.32865685934
772.303555173579
769.42156910495
770.409247641102
784.380149347446
773.187845540301
774.197541929949
777.986853235366
774.611586032371
776.264082215058
775.768533244994
768.870977878959
772.514847462161
769.173876209748
771.666787500275
770.113469647329
768.942896993149
769.009500925897
770.678677716298
774.2968318559
772.184313528443
773.598953961013
772.714595243947
769.647894421502
775.537514820955
770.680593995887
769.290560186245
780.790650527081
772.003057203674
769.212660796384
770.355327195288
772.832929224686
770.591171698825
780.780559250775
769.735460367504
771.643696859017
770.385498115895
772.419645872161
777.230843210324
785.73563005342
769.345636177912
769.915291052359
776.28277826583
778.684306680134
770.520576785134
771.59659576912
774.198832713127
775.561853477003
769.905250095051
773.719507738487
775.398685871382
770.962620610328
779.742611817041
769.468074147197
771.05000586901
774.811086489166
769.87330157876
769.726429976699
786.28060159416
771.015669826612
778.523358703265
775.010370064665
770.118799523699
773.496806129387
771.359789586064
769.814504998366
778.562217170608
769.981599793828
770.390947504003
769.437253531105
774.015202407489
771.181979698358
781.745750697699
769.854623360594
773.37315712162
776.917169262328
771.527479684232
771.470054328243
777.449416389571
776.503826065749
785.061410489196
772.377134669593
770.454294408404
768.809763278778
769.949594721569
768.821546314004
769.733720170311
776.861722182556
780.042006167072
769.55198358723
770.867734139393
771.844138180817
771.860623535215
769.032167048282
771.462904655424
771.316557864608
772.742614568118
778.98712637728
772.630966853963
773.8402350381
771.267437908282
776.605344922879
771.856925603193
770.460692205817
770.544310351294
771.758514645843
779.357305515181
770.6060720756
769.336668197348
773.683025977338
773.28539170649
770.575703254832
771.698793358613
778.510509699912
768.887752564543
773.593309294631
778.424821939554
771.687492368073
769.182135886541
774.132458715937
773.849817873093
775.90915057957
769.394880030542
773.30579946137
779.983438270075
779.703922516158
778.091020539152
770.428528303528
775.05065214404
769.350854907376
774.659198692258
770.259233597589
778.812185782722
780.204322971667
771.223065145247
769.157843705144
772.0251760656
770.417943560734
780.136950590028
776.315809479115
774.154695374685
770.477414861066
768.902186109524
769.323274138188
769.948419712398
777.886744912157
776.189004911169
769.866781013897
773.968713725683
778.553585824892
772.513441993321
769.701803413099
770.888722373992
