1086.58317002514
1086.33976597208
1086.01115377943
1085.9278418997
1085.89947698955
1085.84049759244
1085.82529098617
1085.79591135205
1085.7261525947
1085.64025154127
1085.57459495338
1085.55938193537
1085.55477331125
1085.5208588554
1085.48762981799
1085.43764091356
1085.41741039078
1085.37203071861
1085.35322974263
1085.32666583767
1085.32173144056
1085.29596811134
1085.28750303845
1085.25768298595
1085.24842289671
1085.23932913215
1085.23153187889
1085.23050573139
1085.2302733827
1085.22405223095
1085.19658248185
1085.19380051253
1085.17082535895
1085.14878468559
1085.14443542868
1085.12524636051
1085.11552713738
1085.11496496378
1085.10313583109
1085.07399652189
1085.06949703858
1085.06375881046
1085.06186039132
1085.05101662053
1085.04719596701
1085.03571552589
1085.00989494139
1085.00355272384
1085.00313234252
1084.99859373524
1084.99075627727
1084.98947414606
1084.97558567523
1084.96718565317
1084.96369061549
1084.96082469426
1084.9556578129
1084.95368409237
1084.94480470282
1084.93371305378
1084.93229441803
1084.93069881424
1084.92810843318
1084.92521970751
1084.9230521588
1084.91390634904
1084.91292686794
1084.91152677719
1084.91097228716
1084.89449922355
1084.88896177096
1084.86800245829
1084.86293562794
1084.86253016632
1084.85582426742
1084.85551743365
1084.84773293489
1084.83766000644
1084.83489603418
1084.83464120275
1084.82700504102
1084.82621010227
1084.82578925385
1084.82459966082
1084.81482669676
1084.80907948121
1084.80265296062
1084.80210996196
1084.77029814492
1084.76951684941
1084.73990762347
1084.7372747092
1084.72881512367
1084.72214176711
1084.71358946777
1084.71106835494
1084.71013872847
1084.70304637455
1084.69463663088
1084.68477681017
1084.68355081189
1084.67914901122
1084.67529500429
1084.67398003615
1084.66829331704
1084.65410093427
1084.65390320705
1084.65077720004
1084.63957891102
1084.63454786337
1084.62091136239
1084.61861581556
1084.61420266425
1084.61338390325
1084.60709596611
1084.59673522541
1084.59182156014
1084.58883976992
1084.57748728133
1084.56960997235
1084.56708021296
1084.56005499215
1084.55559250709
1084.55325218085
1084.54977828826
1084.54602687981
1084.54482001692
1084.54418135948
1084.5424871428
1084.540629654
1084.53831248025
1084.53780257827
1084.53777965151
1084.53775306045
1084.53588122343
1084.52913635978
1084.52778794614
1084.52729929901
1084.52396099315
1084.52253120299
1084.5128955198
1084.50731802704
1084.49920386547
1084.49147772797
1084.48160743182
1084.48004513503
1084.47964872322
1084.47918610606
1084.47634362243
1084.47155443792
1084.46889295794
1084.46784695664
1084.4622503685
1084.45604399842
1084.44641418454
1084.44407211114
1084.44018318122
1084.43411390683
1084.43298261786
1084.43235032374
1084.42106909277
1084.42105836654
1084.41361468621
1084.41104810526
1084.40957862038
1084.40954109668
1084.40598246216
1084.40115252459
1084.40085113024
1084.39365391474
1084.39041776784
1084.38603860016
1084.38498067949
1084.38406893394
1084.38163429279
1084.37807914582
1084.37549695043
1084.37481459335
1084.36999231805
1084.36757617718
1084.36718728935
1084.36617798076
1084.36435335091
1084.36202429383
1084.35880700201
1084.35669312767
1084.35358537438
1084.35307927648
1084.35218323665
1084.34619075708
1084.34423128705
1084.34385536424
1084.34202075674
1084.33750116092
1084.33586262411
1084.33143573103
1084.32773580716
1084.32682476544
1084.32079294091
1084.32069721983
1084.31178511017
1084.30087599193
1084.29962923377
1084.29879897004
1084.29567762372
1084.29293922768
1084.28511178406
1084.28340640633
1084.28163150852
1084.27996951482
1084.27701842117
1084.27602222228
1084.27104353495
1084.27037780565
1084.26775937305
1084.26303759651
1084.25971747999
1084.25518211879
1084.25419362945
1084.25400724129
1084.24321625364
1084.24197667914
1084.23923161094
1084.23844839166
1084.23781329626
1084.23658040202
1084.23504096928
1084.23222463626
1084.23113797091
1084.22906952487
1084.22898786932
1084.22896836001
1084.22888180858
1084.22850924399
1084.22642399799
1084.22607903354
1084.22442067354
1084.22089241046
1084.21788875124
1084.21673261468
1084.21462631163
1084.21447681524
1084.21432449871
1084.21279069118
1084.20722289263
1084.20582472343
1084.20483266681
1084.20448285721
1084.20354380756
1084.20199124991
1084.19852810279
1084.19326987587
1084.18900968469
1084.18773328468
1084.18759875524
1084.18562478904
1084.17845285219
1084.17499175551
1084.17246374646
1084.16798570997
1084.16763378829
1084.16473101697
1084.16175854805
1084.16076172605
1084.15989621986
1084.15920280526
1084.15894773171
1084.15800301513
1084.15656082936
1084.15635290629
1084.15577550249
1084.1531636995
1084.15275808368
1084.15054747941
1084.15044337014
1084.1473154198
1084.14389283958
1084.14348117209
1084.14329724486
1084.14288093548
1084.14282564739
1084.14227497582
1084.14151426996
1084.13668955146
1084.13160086281
1084.13050162227
1084.12660491993
1084.12649752885
1084.1204574879
1084.11966422767
1084.11734700166
1084.11577073269
1084.11522600072
1084.11318883133
1084.11191116427
1084.10940346765
1084.10721677797
1084.10353275562
1084.10315724864
1084.09883814557
1084.09866386668
1084.0981496463
1084.09253859838
1084.09093833713
1084.0902582764
1084.08931619247
1084.0869238432
1084.08613633405
1084.08495199783
1084.08437674943
1084.08082684412
1084.07904400173
1084.07843206953
1084.07786162466
1084.07630766014
1084.07512664646
1084.07357996957
1084.0705208681
1084.06429548673
1084.06269982648
1084.06170849283
1084.06073620424
1084.06048791762
1084.05781069247
1084.05544646821
1084.05514676373
1084.05498701904
1084.05213981674
1084.05139752648
1084.05122312835
1084.0498898584
1084.04858050087
1084.04849347139
1084.04773423389
1084.04577065236
1084.04541343289
1084.04518684463
1084.04326912764
1084.04258217976
1084.04226805615
1084.04194531083
1084.04073183577
1084.03726900081
1084.03540398577
1084.03438060919
1084.03368152369
1084.03197221728
1084.03070558209
1084.03045257973
1084.02749424247
1084.02604551126
1084.02512752984
1084.02371798958
1084.0230407481
1084.0222823185
1084.02046841078
1084.02034116362
1084.01942856582
1084.0151177478
1084.01508576459
1084.01272156529
1084.01120275601
1084.01000514033
1084.00971286158
1084.00741756046
1084.00324306139
1084.0031895505
1084.00088592147
1083.99566188305
1083.99393989058
1083.98730492854
1083.98298562479
1083.98101699624
1083.97995326478
1083.97982148213
1083.9797423845
1083.97959968749
1083.97901778452
1083.97733713273
1083.97459438644
1083.97453469039
1083.97329377284
1083.96895240399
1083.96881527878
1083.9687694748
1083.9658707014
1083.96373649957
1083.96371692644
1083.9607503856
1083.95847171832
1083.95716758623
1083.95316581316
1083.95217885302
1083.95162227057
1083.95149885328
1083.94345100388
1083.93999706737
1083.93916941173
1083.9298497222
1083.92963055842
1083.92872101687
1083.92815040236
1083.92599408687
1083.92484558038
1083.92451208644
1083.92311200022
1083.92127035488
1083.91997177876
1083.91349430089
1083.91273766682
1083.90884169165
1083.90533264614
1083.90468224399
1083.90458115352
1083.90116309026
1083.90028370883
1083.89866529402
1083.89770427629
1083.89734711123
1083.89715928194
1083.89480694115
1083.89441060207
1083.89406289798
1083.89357722367
1083.89248544126
1083.89223339036
1083.89062793651
1083.88782892542
1083.88712746592
1083.8868964023
1083.88673837005
1083.88590352001
1083.88589281721
1083.8842371835
1083.88373600526
1083.88369768434
1083.88168457414
1083.87984011315
1083.87878730662
1083.87749468477
1083.87653659622
1083.87441216359
1083.87199253236
1083.86854983817
1083.86564388229
1083.86529206815
1083.86363826365
1083.86286548528
1083.86226192768
1083.86087540678
1083.86064281533
1083.85798117792
1083.85728264505
1083.85678630328
1083.85569809126
1083.8556740534
1083.8541005294
1083.85280322219
1083.85199061276
1083.85168742758
1083.85127568792
1083.8498696474
1083.84914954043
1083.84868161924
1083.84623800128
1083.84601567922
1083.84472456936
1083.84332663979
1083.84310805536
1083.84296697706
1083.83952595533
1083.83440875791
1083.83330609647
1083.83253855879
1083.82667491213
1083.82630824305
1083.82087381978
1083.81947879723
1083.81807400008
1083.81755331274
1083.81683831058
1083.81520380412
1083.8108330308
1083.80733174722
1083.80690424234
1083.80554615416
1083.80535490889
1083.80464479894
1083.80411035469
1083.80392296415
1083.80087037699
1083.79982574681
1083.79975816423
1083.79948622866
1083.79878559961
1083.79790517997
1083.79778807985
1083.79754760847
1083.94300792819
1084.22212584439
1084.2601367849
1085.28984695838
1084.21416639075
1083.81396143563
1083.91123979424
1083.84954473177
1083.80070134737
1083.83425389921
1084.96883259797
1084.20593015381
1084.49684463748
1084.55188896125
1083.86429455831
1083.87667598551
1084.76644300823
1084.52953884159
1084.17241769542
1084.66175700174
1084.90063164818
1084.1662363792
1083.84388606381
1084.29648239031
1084.32552481154
1084.58498949625
1084.03263299871
1085.07660873613
1085.73938665527
1084.40218086912
1084.34799740462
1084.15954814054
1084.16678734546
1083.81235712082
1083.99031701518
1083.902123952
1083.94817198644
1083.84432970729
1084.21489786888
1085.57341932204
1083.83148581201
1084.28041119187
1084.1406726754
1084.20406062566
1084.04885430019
1083.8243936448
1084.31504973141
1083.92727204296
1084.00607343915
1084.90373613184
1083.87046065958
1083.9464613415
1084.53892433943
1083.96257340125
1084.17627925845
1084.772135731
1084.9255086166
1084.18186109313
1085.29249166266
1084.05783677163
1084.16907680411
1084.71804471501
1084.06201493862
1083.96896073066
1083.8131780618
1085.5173841733
1083.91125186414
1084.09047052058
1085.03670618292
1085.05993081043
1085.60178655287
1083.85359951572
1085.01230894519
1084.3899373331
1084.07457312051
1084.34725601614
1084.45371923413
1084.14597137451
1084.06381003056
1085.98109942102
1084.03827140017
1085.07940958871
1084.50618493232
1083.8215297419
1084.23227798928
1085.38004916094
1084.008716395
1084.71983764864
1084.14485481089
1085.78680729277
1085.28026262388
1084.19530277907
1084.15086017604
1084.72193891771
1084.5177233784
1084.06807357699
1083.89921029425
1083.84756125241
1084.82949230637
1084.23373760148
1084.54849627385
1084.1538748448
1084.04802135035
1084.9593315233
1083.95128294961
1084.21386828106
1084.30406824091
1083.81103932512
1083.98041919007
1084.05968737499
1083.88526746961
1083.95088528245
1084.36795824949
1084.15786330302
1083.81703175181
1083.94375937736
1085.14867569914
1083.91639295702
1084.02716277204
1084.23219348892
1084.19625966425
1084.11850001019
1084.88041958486
1084.9195710558
1084.67544426461
1084.69088052064
1084.27678027423
1084.71745501867
1084.36634884277
1084.37383438926
1084.18149033657
1085.00264354425
1084.09320050337
1084.10993059625
1084.82994165536
1083.88070761507
1084.56659150425
1084.19170959602
1083.99547492833
1083.82465991991
1084.634273982
1083.81398316545
1084.52791690801
1083.94160050068
1084.5235751291
1084.73341232883
1084.48699499889
1084.13580815793
1086.42695082965
1084.3816488976
1085.06721929503
1084.02060641312
1084.06444631131
1084.9215073242
1085.06398061484
1084.61250795062
1084.05483582041
1083.84951251234
1085.80868863031
1084.60582469518
1084.20734944132
1083.81854491261
1084.03109342822
1084.15200201734
1084.54347827661
1085.0013224297
1084.56481323224
1084.0077084726
1084.84713838332
1084.13310445986
1084.32120214216
1083.79716773832
1084.39112948123
1083.80495376612
1083.96159451441
1084.01205212141
1085.04398959052
1083.89466860923
1085.2711875512
1084.28914750933
1083.96107844064
1085.00070873087
1085.0663945134
1083.93347826744
1083.90887149569
1084.52773774898
1084.34583129682
1083.98685242926
1083.87210486768
1084.89229629818
1084.08827336945
1084.08256486419
1083.93426906955
1084.31401705516
1083.80618879773
1084.68964851501
1084.34329515976
1083.9532240763
1084.17536963133
1084.07217617942
1084.93994733721
1085.24513107782
1084.5369831238
1084.13204555844
1084.13663660303
1084.85342621639
1085.2608608157
1084.22458967462
1084.07556554159
1084.42134993212
1084.33476801234
1084.22031686355
1084.15427261549
1084.16416206804
1084.13496763753
1083.8666376663
1084.09563818762
1084.0200084702
1084.8876263619
1085.73466603995
1084.337394568
1085.53652710201
1084.82422037164
1084.03302918342
1084.55295704304
1085.23263878185
1083.86668944449
1083.91989096235
1085.20897482785
1084.0771478661
1084.23094179705
1083.9567948135
1083.9518929011
1084.25377947528
1084.00381411081
1084.71073884051
1084.06551221059
1084.58118211567
1084.5853952535
1084.53976631514
1083.80853424192
1084.63678955511
1084.4973142175
1083.85914607714
1083.84787790516
1084.48107952184
1084.50911205395
1083.91765605647
1085.21929220702
1084.58199786863
1084.52504549293
1084.32782941661
1084.6093408002
1085.03985891648
1085.33459322917
1083.89304992144
1084.73513121928
1084.45545189576
1084.11776557551
1084.22716886993
1083.84859134592
1083.91665579788
1084.84835982607
1084.43849334613
1084.21287361441
1084.14619992407
1084.14487284163
1083.82821016634
1083.98159877669
1085.01793961608
1084.47738515352
1084.42906002637
1084.26638691451
1084.2154884368
1084.30163561818
1083.83231956644
1083.87063642647
1084.12533626387
1083.84036525316
1084.02562672732
1083.92796309877
1084.2274040203
1084.43174958757
1084.65175365544
1085.56411747817
1084.36593415327
1084.97342707594
1083.83419227043
1084.3768647941
1084.23671194092
1084.1362923375
1084.15470187188
1083.83189718752
1084.65330181326
1085.2584395677
1083.91529830991
1085.27368171065
1083.86863293646
1084.19523356305
1084.40757647958
1085.15665607916
1084.92539406064
1084.33589082606
1085.06923702777
1083.85668601762
1083.9907776504
1084.37873318504
1084.51948808978
1085.10723430327
1084.80035146103
1083.89350533236
1084.14171001874
1083.89230971686
1084.16272621491
1083.82469872678
1083.863529548
1084.95486794442
1084.03087972533
1083.8234445645
1084.02590454883
1084.13953392448
1083.97922158176
1084.08265585942
1084.25992174118
1084.30558380377
1084.67837442223
1084.27770831961
1084.81985866617
1084.43762547897
1085.61022251949
1083.90705429449
1084.67511725907
1084.04016934194
1085.11763784555
1083.90861701446
1083.9717439759
1085.07384787402
1083.83798624697
1085.23478959126
1083.93459183702
1084.25022399667
1083.8535874472
1085.11520156894
1084.44375050077
1084.68602895905
1084.30990447506
1084.20507077033
1085.40473149214
1084.96449109515
1084.97499305449
1084.03530241714
1084.40883382126
1083.87881544984
1084.40517113021
1084.23315992573
1084.64142499066
1084.07638130832
1083.82384919651
1085.14552642913
1084.15804394284
1084.14209075692
1084.17220934845
1084.24661511401
1084.75734541667
1083.84810723737
1083.83862302628
1083.81822023228
1083.99860213756
1085.16819956457
1084.17668148351
1085.28064584357
1083.80935902656
1084.40575231438
1084.71940019474
1083.99118644895
1084.5046406876
1084.33096763381
1085.24015076645
1083.84361021337
1085.03353268421
1083.87639763081
1084.07928470438
1085.77851702595
1084.08249834451
1086.43149270165
1084.25238376645
1085.23985798419
1083.80133827414
1083.95567446211
1084.18814196977
1084.26192995439
1084.35290391597
1083.8160923204
1085.92216278905
1083.86614073924
1083.9424563941
1084.10966509481
1084.15620260923
1084.86182741084
1084.14988999307
1084.08689627041
1084.28605499664
1083.94798294669
1084.20345956033
1084.85838027908
1083.96951472093
1084.62009200186
1084.27317513307
1084.35579544338
1084.24568850266
1083.86629475603
1083.96025233846
1083.99341425471
1084.05903089988
1084.28217026443
1083.89047717961
1085.04438438377
1084.81854375823
1084.14737467002
1083.86489365117
1083.88403512518
1083.95877259677
1083.8006252332
1085.53410908896
1083.80662853468
1084.21007912632
1084.17703138303
1084.53295849939
1084.15757052545
1083.90866088275
1084.59055800772
1084.00572715763
1084.34575016227
1084.39240216301
1084.54917860232
1084.5227106036
1084.29975721007
1084.412569557
1083.92791616457
1083.93659312016
1084.45335009694
1084.57596834205
1085.4264245785
1084.06440828944
1083.92994761771
1084.28456613836
1084.08028046289
1083.95670513463
1085.21361355174
1084.53705037435
1083.86923309819
1084.56028325483
1083.92040598599
1085.03913053707
1083.89646550001
1084.50326061611
1084.74744524348
1083.89552440209
1084.66357094822
1085.27156810546
1084.33866329766
1084.06607907598
1083.82184123097
1084.87785109822
1083.91308731139
1086.388584251
1083.9483559045
1085.7818508495
1084.04063273072
1084.34685287413
1085.53914510532
1084.16379895594
1084.1200210135
1084.07182568082
1084.40790201286
1084.46045232828
1084.7088725016
1084.26518796423
1083.82407907315
1083.85592225984
1083.87742162174
1084.10415323342
1084.0040912605
1084.5206067818
1084.12439597947
1084.20848730738
1084.6692005309
1085.36968566185
1083.83577815381
1083.79924170162
1083.88094414496
1084.56129620087
1084.30296152737
1084.05074122199
1084.01043100472
1084.05973167182
1084.65809263608
1084.50313979803
1084.12379419307
1084.49259740007
1084.1049373916
1084.31216292183
