1054.48709555633
1054.41735899772
1053.4699662043
1053.45625219361
1053.01812786243
1052.80524130999
1052.70501161745
1052.69918973635
1052.60522465149
1052.49082832469
1052.33436575075
1052.29505549086
1052.27538502704
1052.2182878045
1052.15048953683
1052.14567801559
1052.08101558271
1052.04599102541
1051.97562428419
1051.97215978987
1051.97138492127
1051.92792263617
1051.89291138401
1051.83713992632
1051.80025481216
1051.75632144731
1051.71516999889
1051.70276968288
1051.66612402742
1051.64773233595
1051.64553013953
1051.61087083133
1051.58368128883
1051.51709213099
1051.50653678575
1051.46611926765
1051.44877546488
1051.40314784143
1051.39308742046
1051.39285352823
1051.38219649002
1051.37405981406
1051.3548676293
1051.35361731172
1051.3353844291
1051.32232771073
1051.26265502511
1051.23082080353
1051.22419432681
1051.21120760673
1051.21073852072
1051.17456315595
1051.16358556117
1051.11772210508
1051.11759883026
1051.11068590452
1051.07188138615
1051.06504513386
1051.0317977907
1051.03068494298
1051.00973071223
1050.9979744247
1050.96031247796
1050.95711082249
1050.95448283684
1050.94988135075
1050.92802892046
1050.91959895733
1050.90081649099
1050.89878093148
1050.88716216361
1050.87962894096
1050.87603145968
1050.8682601055
1050.86026923371
1050.8570241364
1050.85114351582
1050.83360862642
1050.82579370361
1050.82423636673
1050.79884361216
1050.79811540058
1050.77387917307
1050.75282860006
1050.72604798989
1050.71327463333
1050.71077491305
1050.69665476115
1050.68588401587
1050.68204392295
1050.67349736554
1050.66788895209
1050.66276586175
1050.66146804748
1050.65880357874
1050.63810797228
1050.62195786595
1050.61609436834
1050.60861625281
1050.59794532903
1050.59617111036
1050.59110044658
1050.5861856728
1050.55580274703
1050.55036103448
1050.54702657003
1050.54381701386
1050.54259770071
1050.53194200593
1050.52633319656
1050.51741191794
1050.51018989373
1050.50372461678
1050.47806769471
1050.47336661532
1050.47178673652
1050.4672701016
1050.46252070184
1050.46139900251
1050.43773481009
1050.43537957048
1050.43121127778
1050.43087482719
1050.42539601714
1050.4159370004
1050.40855806068
1050.40044994307
1050.39832723808
1050.39712370759
1050.38712241397
1050.35756887152
1050.35415402549
1050.34829709053
1050.3303444437
1050.32549690835
1050.32275699209
1050.31959510965
1050.31096097527
1050.29594311252
1050.29259637438
1050.28235762016
1050.2438516549
1050.24138845045
1050.21445028479
1050.21180144487
1050.20985145431
1050.20861293177
1050.20527845176
1050.19133821469
1050.19076765272
1050.18367089018
1050.18270777366
1050.18265719768
1050.17588420436
1050.14941378154
1050.14932325734
1050.14177670355
1050.12331491022
1050.10757712408
1050.09970476243
1050.07909736256
1050.07760708761
1050.07736511964
1050.07707350939
1050.06194094461
1050.0264908138
1050.01970661828
1050.00898584307
1049.98951653767
1049.9842077596
1049.98221439621
1049.96756316872
1049.96430442746
1049.95810331901
1049.93858563661
1049.93247866279
1049.9322133013
1049.9292773869
1049.92570029327
1049.92533038298
1049.91748300475
1049.91745956368
1049.91193020432
1049.90437995552
1049.89748851046
1049.89167151901
1049.87565919552
1049.87485592977
1049.87438931586
1049.86473707961
1049.85287984212
1049.85252513905
1049.84613674694
1049.83021185423
1049.82563267005
1049.82365043879
1049.82106323267
1049.81926741881
1049.81623804257
1049.81387099887
1049.80804283484
1049.80514043503
1049.80458329291
1049.80175946646
1049.79112000208
1049.78793517732
1049.7832642667
1049.7818193682
1049.77921640085
1049.77163008338
1049.75980402532
1049.75816915256
1049.7518989697
1049.74886824433
1049.74798373163
1049.7356138193
1049.73040507504
1049.72564675834
1049.72457257128
1049.72361684847
1049.6915562024
1049.68610098385
1049.68550850224
1049.68206071191
1049.68043033303
1049.67131291707
1049.6688291535
1049.65396011547
1049.65378883774
1049.65026768718
1049.64899289579
1049.64309553112
1049.63292201922
1049.62964158029
1049.62734909004
1049.60508131738
1049.59894505769
1049.59752396664
1049.59425865321
1049.58923296415
1049.58871731745
1049.58475625291
1049.5741200085
1049.57312212985
1049.56869162666
1049.56576508182
1049.55938398288
1049.55843535643
1049.55607850374
1049.55501504092
1049.55007528887
1049.5444706846
1049.53911939892
1049.53444531839
1049.52586988925
1049.52586114936
1049.52501669212
1049.51026961141
1049.50610806222
1049.50510828924
1049.50077648113
1049.48246736055
1049.48199795997
1049.47940768971
1049.47753817675
1049.47154797721
1049.46500952569
1049.46480866284
1049.4604204299
1049.45850161635
1049.44690665048
1049.44294871205
1049.43269925576
1049.42703134149
1049.41456350789
1049.41330989352
1049.40977380285
1049.40688653434
1049.40204694064
1049.40175493433
1049.39346701035
1049.39175895227
1049.38649877837
1049.384784264
1049.38084700908
1049.38013163891
1049.37310591127
1049.36875705696
1049.36786495708
1049.36042623271
1049.3600637858
1049.35427075941
1049.35347767774
1049.34698662736
1049.34362674364
1049.34301494977
1049.33697477926
1049.33487204054
1049.32982381385
1049.31990241196
1049.3156751166
1049.31458315504
1049.31091195923
1049.31079819712
1049.30958112548
1049.3064648447
1049.30162086242
1049.29979248829
1049.2915713057
1049.29127925986
1049.28993703539
1049.28691028713
1049.28652290755
1049.28574469383
1049.28469254723
1049.2837419902
1049.28174441967
1049.27953632058
1049.27883008407
1049.27600346886
1049.27573732812
1049.27441117125
1049.27405138468
1049.27214185372
1049.27100035944
1049.26349331935
1049.26346855531
1049.25894820426
1049.25484880726
1049.25360977214
1049.24850528013
1049.24187762663
1049.23345296696
1049.23297895942
1049.23071350116
1049.22904142746
1049.22282014591
1049.22189454986
1049.21752303832
1049.21642567364
1049.21465242488
1049.21365360699
1049.20899170339
1049.20897357531
1049.20796591622
1049.20680297437
1049.19525060047
1049.19520174555
1049.19136312548
1049.19130298975
1049.18993034934
1049.18417743282
1049.18000273254
1049.17951658995
1049.17618568116
1049.17507582886
1049.17420241859
1049.17086778863
1049.1686549646
1049.1628701922
1049.15252228586
1049.13843581607
1049.13617542519
1049.1284966221
1049.12671233213
1049.12616690617
1049.12607049647
1049.12606855802
1049.12488083286
1049.12480795636
1049.12335982173
1049.11241496533
1049.11178986838
1049.11147776423
1049.11032401679
1049.11024432932
1049.10946710229
1049.10096454471
1049.09572756735
1049.09510199518
1049.0919439801
1049.08768255905
1049.08055779047
1049.08042596419
1049.07905173499
1049.07717362064
1049.07648024523
1049.07581035145
1049.07457580389
1049.07365718013
1049.0698189006
1049.06072031165
1049.0564375154
1049.05604767422
1049.05520217321
1049.05409095281
1049.05355779632
1049.05265905787
1049.05125784636
1049.04971703917
1049.04805566731
1049.03912434467
1049.03808448665
1049.03596897211
1049.03459676797
1049.03440235042
1049.02347670841
1049.02237228165
1049.01771605531
1049.00793750971
1049.00746188324
1049.00566844038
1049.005214558
1049.0042843097
1049.00219095853
1049.00205232014
1048.99495910403
1048.99244048482
1048.9912137606
1048.99120085037
1048.98795461699
1048.98770465246
1048.98576273051
1048.98532804644
1048.97353355166
1048.97202573898
1048.96970034461
1048.9677457992
1048.96579258633
1048.96519321286
1048.9648508982
1048.96304178914
1048.96176913202
1048.95451314784
1048.95040057063
1048.94907109852
1048.94703148183
1048.94469417862
1048.94087015085
1048.94010844211
1048.93650214479
1048.93480615001
1048.93373881809
1048.93053411786
1048.92783248049
1048.92740412064
1048.92708848081
1048.92011644917
1048.91804321436
1048.91735319198
1048.91445744094
1048.91316741513
1048.91191194751
1048.90909467297
1048.90493036375
1048.90433740046
1048.90046727698
1048.9003288291
1048.89853452613
1048.89750347705
1048.89325140939
1048.89095242962
1048.89094779062
1048.89083241757
1048.89025639662
1048.89016012458
1048.88453168035
1048.88300158639
1048.88138994075
1048.88013815947
1048.87985330831
1048.8796296034
1048.87796036249
1048.87659656631
1048.8746507679
1048.87339242122
1048.87288830472
1048.87070994225
1048.86818950477
1048.86570888765
1048.86157808842
1048.86110478773
1048.85870794178
1048.85630167426
1048.85526232234
1048.84701484489
1048.83243363141
1048.83081564264
1048.83073548084
1048.82951252151
1048.82896486717
1048.82782613157
1048.82045415536
1048.82008294985
1048.81893268995
1048.81890698728
1048.81662698246
1048.81271557314
1049.52558965923
1052.07420829825
1049.54773233518
1048.87296100974
1049.9863915828
1049.04552478086
1048.98811712283
1048.93606132001
1049.5057433995
1049.48263209472
1051.93418847927
1048.88231796643
1050.04441827132
1048.84516397834
1048.99509542282
1050.35834808957
1049.33517619926
1049.24037261587
1050.67860681887
1051.95391576084
1049.67392594455
1049.83482527337
1049.19143399079
1050.73486862336
1050.84892383586
1051.89050484886
1052.19390520922
1049.27595259306
1048.88654016874
1049.33374900138
1049.2667379393
1050.91758486995
1049.30049521465
1053.04064810578
1049.1493604128
1050.47880305586
1050.47277110534
1048.98429184195
1049.10424052768
1049.95017758087
1049.1728473229
1051.52255434544
1049.99009547948
1050.34009131916
1050.73783664272
1049.0203693277
1048.92905772523
1048.8739660509
1049.62418795198
1048.83456667712
1049.45900655431
1050.12842770284
1052.35158035951
1049.68589576505
1049.71981087648
1050.06497187435
1049.65446011165
1051.221695337
1049.89068121772
1049.39529269594
1049.90538445402
1049.17586895869
1049.34766617408
1049.89459875783
1049.01547389157
1050.37718376031
1048.82297864543
1050.70590280825
1049.20805520149
1050.34891309244
1048.84279520253
1050.37887884498
1050.73194133511
1049.29588369521
1049.19576154229
1049.972203631
1050.82537326995
1049.31221749112
1049.37949377692
1050.46087691842
1049.3482258697
1051.91061146428
1050.21729288828
1051.98027839149
1049.29971609912
1049.51087318348
1051.96119882416
1050.56451552547
1048.96007043456
1048.84923793199
1049.09642040944
1049.23438201036
1050.74985640996
1048.87880373637
1053.76854167927
1051.12285210195
1049.85064440596
1050.59052658589
1049.57347673451
1049.09405134669
1048.9634014771
1053.09725757536
1050.03621276522
1049.25499356954
1050.38722314155
1051.22978249095
1049.62589061861
1049.6007460143
1051.40610297248
1049.97258705684
1051.67746782124
1049.70666018282
1050.12714430959
1049.0708213389
1050.66513610708
1049.2839898078
1049.17540186574
1049.42406410365
1051.91937667372
1051.0100609
1049.40222059427
1049.06315855646
1048.85872071008
1048.96179720284
1049.57051788721
1050.40392210941
1048.95898560694
1052.81735191188
1049.29648565174
1049.10000820632
1050.20739199788
1049.32949669487
1049.59833787961
1050.25423280664
1049.08767511051
1051.87451437755
1048.85920661355
1048.87163531989
1049.88035867989
1049.46329055575
1050.94705940309
1049.61131207274
1048.88394220491
1049.26721954439
1050.46720369443
1050.75141748236
1049.93535011222
1048.84523193596
1049.2165514931
1052.42736109601
1052.54171033679
1050.02955814326
1048.93575273059
1050.45619372151
1049.76458594305
1051.14050745753
1049.15643785799
1051.95474666893
1049.92220817602
1049.05509058008
1050.9893523562
1051.47589817897
1049.30339596506
1049.45549097595
1049.22202997184
1048.92992280691
1049.48288946276
1050.38019431455
1049.40949858306
1049.63025628882
1049.55875758139
1050.90134511443
1050.3577432056
1051.55865794781
1052.20089211893
1048.81530647339
1048.96091596893
1048.98939819521
1048.85127011304
1049.1961685738
1048.82772874835
1050.10173168396
1049.57447631433
1049.14650028489
1049.78682309341
1051.23177406158
1049.54547557131
1048.96255293829
1048.98154277245
1053.90843659982
1052.56527616821
1050.68238342921
1048.83072811228
1049.59685677429
1051.29367627365
1050.37679059557
1050.23241393369
1049.24948730755
1049.01183454616
1050.73160765266
1049.2941491412
1049.16253635612
1049.69221344149
1053.22221313025
1050.52786707889
1049.83780366533
1049.57785023069
1050.06778106698
1048.92038146133
1049.21878929598
1050.82283617927
1051.30239969208
1050.14529287664
1048.85610323326
1050.69781382702
1048.92856380404
1049.7653188111
1048.86655859327
1049.3654567183
1049.30021610907
1051.0739887716
1050.11560896717
1050.06598386673
1048.85066088558
1052.26119208688
1049.1689276843
1048.86012894597
1049.35035014274
1051.62230866787
1049.30204430574
1048.91192231465
1050.50640013693
1049.26980514102
1049.84373554509
1049.24388516562
1049.44205362326
1048.99216601524
1049.56604416116
1048.88366092996
1049.85698553421
1049.1223065493
1051.22353383029
1049.10486455489
1051.01140835697
1051.76904568815
1049.04713195042
1048.84284734036
1048.99965495625
1052.49716060051
1048.86243773386
1049.34735732402
1049.03579419091
1050.3606765434
1049.89557642098
1048.99946494188
1050.26081708232
1049.1828129126
1049.5185548056
1049.82278286322
1049.50765316721
1049.22834859336
1049.21513034829
1049.11000812747
1049.35086944991
1049.26232525288
1049.99789035544
1051.13422946864
1048.86225385459
1050.86281322636
1050.21590325588
1049.87641389668
1049.17673257202
1049.13938252649
1050.16920112897
1048.93866426557
1049.08798083313
1049.73622497759
1049.27914367219
1050.0545484218
1050.2078866954
1049.76073231614
1049.08339091229
1049.85252442654
1050.54911993455
1049.28720155934
1052.90724546814
1049.58503231288
1050.38980982965
1049.91729743963
1051.61143446433
1050.51348627679
1050.50729181534
1051.10789319092
1049.19167730532
1051.79116340902
1049.71256262306
1049.17248569203
1049.57350860469
1049.94727552139
1050.63070654288
1050.74860248291
1050.07294980298
1049.98691812713
1049.57078429259
1050.82146791836
1049.6803089056
1049.02093648487
1051.43841718739
1051.30946713155
1049.20489822583
1050.09532875574
1049.26680806328
1048.82743280248
1048.85406907848
1048.96839817927
1049.08814735635
1048.84530474816
1050.87620091619
1049.95867854435
1049.36633862387
1049.01446595439
1049.95352104714
1050.39823159446
1049.76833147301
1050.39401627323
1049.24922899223
1048.83665165452
1049.8790451161
1048.91963747166
1049.17106432019
1050.01367265751
1049.22312257429
1051.65551385834
1049.4652304346
1050.690647766
1052.06730015985
1049.06896452568
1049.19316293354
1049.35264364721
1049.5921697963
1049.80558653017
1049.82486143547
1050.22762162123
1049.50060730618
1049.55015638412
1050.34076052462
1049.76235568247
1049.54146124926
1052.44412857147
1049.22159726995
1050.9230520845
1049.94034781683
1049.10821012246
1050.92079232458
1049.48314170435
1053.18378419677
1049.54333361135
1050.85798969734
1050.9663077879
1052.45562776969
1049.94873181137
1051.39446392413
1049.52738539298
1048.88405042307
1051.18842532891
1050.69347858033
1050.10333243606
1050.58935475946
1052.12960424416
1050.06554856168
1050.64543071041
1050.79755240059
1051.24966719479
1051.54410430374
1054.04863433576
1049.90982328033
1049.1384776413
1048.96757265162
1051.03359088885
1049.03495485085
1048.88352129586
1049.30227432899
1051.78764035371
1049.33759772641
1051.04031496519
1048.95950776172
1052.0592532899
1051.9983508966
1049.55675845299
1049.81688799507
1051.01201331406
1048.9012304933
1048.87850911795
1049.2302310523
1049.76131104539
1049.66295945467
1049.12496369308
1051.97591340649
1049.21592769862
1050.82770707873
1049.31260255639
1049.34464811848
1050.28746097861
1049.05204278876
1049.20553294712
1049.68273881833
1053.89214407239
1048.86521002189
1051.35726959772
1048.87969667153
1050.51149844014
1048.8190204401
1049.96716747146
1049.45081542045
1050.76766493996
1049.59993884046
1052.05285573173
1050.88568086921
1052.33936827656
1049.54597016234
1048.82368085613
1052.61722239913
1050.51419579103
1049.03484537559
1052.65599884579
1049.26262825586
1052.99302360306
1051.75999722791
1051.06201983157
1051.51214700947
1049.2374220172
1051.9082488701
1049.39551293756
1049.57503064416
1050.39305362702
1050.5807662458
1049.7464811891
1050.55304451935
1049.24454619342
1049.33117433395
1052.39695421246
1049.15555633566
1049.20547452933
1048.87757045932
1051.67360275786
1049.79046584716
1049.38235778512
1050.45246179361
1048.96171200174
1050.43249492476
1048.84567787021
1049.16725263801
1049.9213362147
1048.84687313574
1050.61570849308
1050.35024147052
1049.54154525054
1051.17666427587
1050.01858120526
1049.08314278553
1049.0624242474
1049.91244038485
1049.80851329338
1049.15320988724
1049.15650356675
1049.41170225014
1050.18046773643
1049.75106394493
1049.84450089329
1049.95003346944
1049.68449715643
1049.02633970139
1049.98029898478
1049.12105403019
1049.93526448139
1050.91442703952
1048.89468775968
1050.84237304552
1049.04315381358
1048.97591585989
1050.95395451605
1049.24323248103
1049.77364423676
1049.60316829721
1049.92368858088
1050.3218080133
1051.5532102049
1050.35653428154
1050.05577436995
1049.06144075005
1052.23119843818
1049.84596212569
1050.81210541181
1051.57859583503
1050.21999362059
1050.54263296755
1051.58313383998
1050.3352354078
1049.86553533216
1049.97815344353
1049.00308390401
1049.87380807617
