545.980929046672
543.948037324673
537.121654800926
535.434316901257
534.855725030092
534.498241137566
534.169338909676
533.685997156566
533.165566112008
532.750040204814
532.305760215018
532.044283669874
531.866262113841
531.721585950139
531.457535095873
530.569877930328
530.438283126087
530.138591028895
529.821277763666
529.785838903449
529.466526280905
529.417670579969
528.890380978309
528.822739161772
528.743092405783
528.555984380995
528.347709453849
528.005856369988
527.960109795917
527.798062810222
527.254791194688
527.220501662059
527.07642499886
526.864079869629
526.844098043394
526.340293687741
526.269498188466
525.868325343482
525.814516108929
525.780156652724
525.776732539046
525.542609104103
525.465484727576
525.445088577899
525.399291368246
525.282368892769
525.267089148905
524.987951946066
524.70738444999
524.509548044135
524.248504269198
524.054867785462
523.950324794574
523.812245750453
523.733625509061
523.720858874945
523.692394711188
523.642770930412
523.587486817736
523.25864521851
523.167434359265
523.020056648879
522.66119077737
522.62528369263
522.566207425904
522.547153915679
522.504105875162
522.467929282992
522.269444614345
522.220497959155
522.21701131348
522.210335591106
522.180386572131
522.056257937817
522.008804669859
521.983468312126
521.959917083035
521.90566137037
521.844000336037
521.835485233406
521.675976917855
521.427845685827
521.427261914394
521.321561456974
521.271539445719
521.212934886799
520.993263206332
520.992522820437
520.858302958781
520.854592422029
520.506715022293
520.455636422373
520.414305737259
520.413562503246
520.35454938551
519.948753128196
519.793918690181
519.586434218568
519.489505884605
519.44017005165
519.38164795847
519.31078865375
519.199564471518
518.989525608997
518.950445216498
518.914252336838
518.908150130817
518.87841111026
518.858277646459
518.823933855156
518.72560036199
518.678745562464
518.660213359364
518.632056148964
518.592084209038
518.465775098433
518.181574128901
518.113211524192
517.605612632342
517.535432305306
517.522590923626
517.48646881436
517.280121723429
517.276102318963
517.226066971159
517.202917768506
517.174477722748
517.161477203791
517.147463322183
517.077733454352
517.070720139198
516.877661757338
516.811183090074
516.714844989253
516.65367058249
516.641990250974
516.61383758858
516.566776167219
516.313135904732
516.265096279504
516.252464997465
516.246909207729
516.240580292162
516.222672468351
516.216855726769
516.215952793591
516.197704639324
516.144565846752
515.868808719758
515.805542826133
515.766272094912
515.617253161733
515.484750804973
515.446213992669
515.382622796342
515.171803198463
515.099375919269
514.991100640757
514.97663323776
514.872328425294
514.783008047452
514.728043281664
514.727790594902
514.716595149616
514.707050055578
514.624153173902
514.612751059227
514.594666224812
514.563709663819
514.542451395163
514.449030681219
514.42515685784
514.404233205656
514.369400333235
514.355168198982
514.353757323342
514.338137057677
514.331344849513
514.278601826452
514.188765705769
514.095798400793
514.016990030543
514.015466055031
514.009605483718
514.001291087926
513.958260601047
513.952265865452
513.89508508647
513.876020589494
513.67350457038
513.556397589361
513.520695675362
513.472198058294
513.40541094273
513.398816327251
513.331452863943
513.246664040321
513.244063139446
513.241336870145
513.231958282699
513.177279559795
513.104936023808
513.104039343952
513.034934292331
512.993576906872
512.98480723473
512.878838205163
512.872529357321
512.864086176547
512.804279176825
512.772743857507
512.72252658543
512.705365655391
512.672504167719
512.649368962419
512.517965777583
512.506455382313
512.485264230997
512.482981318187
512.421078482256
512.389996201749
512.302305225341
512.296658572827
512.287004935849
512.233075400558
512.137579345093
512.12193227859
512.051865862875
512.013060928817
511.979692232693
511.925942488344
511.924284147326
511.816202699532
511.806001966084
511.735932890944
511.716515394628
511.707474612552
511.705843175689
511.647556414585
511.620464399939
511.585298297328
511.575634855945
511.56981630752
511.54610218741
511.531649542899
511.530062209524
511.521953004761
511.486678910092
511.466856953824
511.455827191826
511.441651126609
511.434035849098
511.357913801142
511.313532263631
511.262736711267
511.259483086697
511.179893565909
511.160489637833
511.080179161907
511.064344159008
511.055253683323
510.924728929763
510.894745659001
510.79360584864
510.778153424192
510.737772634301
510.690972927541
510.603892039933
510.565164384429
510.520121207899
510.490215173542
510.4869073891
510.471183359879
510.441853250673
510.35092234706
510.333894399117
510.296010643293
510.237687894013
510.173200421148
510.167277628948
510.133229459295
510.087227218804
510.020607751707
510.01585344193
509.987071524479
509.984042090942
509.963587025839
509.925017011878
509.922843917909
509.877309973464
509.856450372084
509.782073419364
509.766773953717
509.629350643818
509.602404417574
509.570054060866
509.566032086993
509.539464461917
509.513003201424
509.481742316146
509.437165296352
509.393484835591
509.356537817789
509.319358314745
509.293343148933
509.281723274993
509.272462259604
509.263865478267
509.246420581426
509.238149039599
509.203523207723
509.128110492024
509.093429409734
509.08386763976
509.061888522893
509.041676370355
509.036920983455
508.995009809087
508.965184954814
508.885897683078
508.873552931124
508.860294812792
508.777068471732
508.765494947878
508.68888142598
508.642799224157
508.627630846889
508.5938863081
508.495696895657
508.440143940482
508.363789664619
508.34926190691
508.308795321381
508.215477447826
508.212435524649
508.207910351917
508.19255731363
508.18728035279
508.180260079243
508.176023413189
508.176002696581
508.166417541446
508.13337458803
508.071355041383
508.068781156955
508.066161708872
508.063496838862
508.055817701563
508.05315040538
508.03622490013
508.030681060791
507.984446172818
507.972975691196
507.964981841572
507.955346583934
507.944309560817
507.940163945897
507.911441733361
507.908029910362
507.897871897746
507.87333927038
507.848660487627
507.84630243925
507.838683785001
507.79653053718
507.762860745196
507.694324046416
507.524584769026
507.492929733537
507.437670281298
507.435100662852
507.4283214237
507.428155440704
507.420304104045
507.381627999846
507.330929113587
507.328880640885
507.314436396462
507.280463864149
507.274516008838
507.258587236781
507.230435380798
507.223640467651
507.149194081397
507.12998612896
507.112130597303
507.105164925676
507.093578764067
507.092165756267
507.043181224985
507.031132201873
507.023375842753
507.013784587248
506.972231197249
506.938279040623
506.889670496687
506.887967711371
506.887586770922
506.798187722741
506.763787950748
506.75442692947
506.75284123263
506.668608801271
506.652583442639
506.634547555653
506.633438102623
506.622647405328
506.548808328899
506.542550454413
506.529114853807
506.483472527063
506.411253068899
506.400623669102
506.367586081347
506.308478102885
506.293416746094
506.279048867123
506.267903474065
506.20104091809
506.184501729929
506.1609117591
506.126057806708
506.065678040801
506.049543531791
506.014439797066
505.982143633204
505.967435667868
505.963852402686
505.931725330953
505.89303349265
505.878859976032
505.876495138265
505.867983987233
505.867187771498
505.842025542055
505.824902009626
505.815709142165
505.813208686101
505.804248195825
505.781956446693
505.772483382055
505.728062554687
505.72650696123
505.699907723672
505.689843734605
505.664816241008
505.645333738145
505.630138270296
505.595687637136
505.564850651267
505.562087406352
505.534891132158
505.526980824115
505.522085697115
505.518769150461
505.515569513778
505.509221448234
505.483653030413
505.482328689281
505.439573357775
505.438827988096
505.369244995437
505.33948499502
505.336737568777
505.332649792637
505.31767745673
505.294729138843
505.287574783427
505.252410207116
505.237879357497
505.222295576789
505.175834914407
505.156972571657
505.128673380139
505.109504992341
505.10503010007
505.081316928521
505.071757013193
505.031559335571
505.015897544485
504.960287220598
504.92758700811
504.916333613974
504.912166742225
504.900525231709
504.879491780313
504.878168185215
504.839427652479
504.828514135712
504.826027753884
504.814063609254
504.776439307308
504.758809663847
504.740387434163
504.739443495717
504.716625316986
504.66657735722
504.646232227867
524.162162476946
520.385896660851
520.680990297992
526.659537111803
514.189554404421
510.226193564236
529.181725197484
533.305072785687
517.059587405876
505.65510044508
508.13446797674
519.213964028998
515.257657457895
519.711036547164
510.828436381772
504.623375915071
535.935470666573
506.790889811257
513.983350282228
506.521034186273
506.035537297227
536.83913051452
511.917217773139
510.259812089242
544.681757929683
515.135079707816
506.91352554097
512.64165274202
519.344700786067
514.33025249665
518.077649748349
532.317604666188
508.172569956842
504.634485167477
510.24414368165
508.250465970322
511.788499622327
531.392291792266
521.449535065378
509.633891205122
511.59739235392
520.807400943394
509.201265702739
507.363998214035
529.671129050764
515.406351279796
531.501314771234
523.319497313526
507.483031496448
508.779054302182
530.615200795665
526.054833293701
517.354368443997
506.124431173447
521.952342403954
514.033269098332
513.466062901641
512.534186914473
522.035047456044
510.588631585196
515.792294177886
517.69452151128
509.533909307604
532.383115600727
513.456499107758
519.932845085776
506.538756968956
505.790749721777
523.142362833268
518.494500981269
507.114477605568
504.697549572413
521.275341139676
504.815602418728
525.934950745401
522.268707577187
505.113284986732
530.704199488641
522.183753960557
530.942785738511
514.022245148164
508.399744283333
549.807651717775
517.648398023279
505.670443861988
511.086579876082
519.631634095749
504.711815122412
504.927938531066
523.19011159812
508.892555779165
506.760992335086
517.742265925949
509.355673945091
509.194007603803
506.0789238268
511.081503863744
508.331286328801
520.546871054693
505.200847864575
505.644094171947
516.84600886612
520.97037268018
512.317034150641
525.033901447435
511.515808345412
523.270262936264
515.308996123937
523.254356744567
513.43883212628
512.744064018805
517.211594426471
505.214894589258
550.915074382805
510.397638002067
519.805681784141
512.545620651985
517.970736866423
505.813046143495
513.112803615576
521.101631571478
505.615715259338
510.754690352871
509.438283105382
520.151747335966
516.33825698998
532.792773763834
519.77347441188
533.622188540583
513.24146121053
524.338312883479
517.449727896575
526.358191228193
518.595744441224
516.990669567149
508.481660346554
521.522148627674
512.509617380283
510.38586161681
508.578842542994
514.597016425819
509.36346985543
507.955540168173
527.022799314938
507.032017417114
521.365660917507
515.357352531469
505.430955109467
524.33384190065
505.336664659361
521.624578140443
535.182983699559
529.455127036813
508.183691940236
512.191948117008
519.479210757083
531.43693648076
517.810397357767
512.050866761559
515.926060947366
507.935683068857
511.410432788558
512.507983628279
515.511515612795
515.27563391585
505.096363894608
517.290619045779
523.664111954504
518.844218261472
515.676032055709
522.177416615937
508.150419602341
512.726799595872
522.574559787183
518.341066741187
517.63924259625
516.138230946538
521.150084577089
511.436990903367
510.149157600325
512.385405599722
528.287194779987
539.646494574916
527.418693518506
506.177798199299
522.290349940255
508.541950578679
511.432937859078
505.399805388478
514.643609094426
507.461271690621
521.653880767885
523.25094026915
506.870401414151
513.411411754216
517.893975364098
505.40333052923
539.000566463028
514.727928105881
505.934175179076
510.630336084652
515.438606832896
522.570861285243
512.604936995483
511.675320596905
517.943506453562
529.747343453741
514.296653549016
508.046867801093
522.944424751737
539.09495185363
514.657348270673
535.593096372017
508.969375818244
518.12619978912
514.982451299608
517.998526165596
530.308335450568
515.486990377152
515.50948187093
525.055744961362
521.561044638407
506.150951406147
518.482576356333
506.989052089632
516.271069316002
517.297936587804
512.570952301085
524.562784039318
510.668045130566
513.976099981729
517.246917791044
517.328953613608
505.655828915231
506.515938032347
513.502472737231
518.697846757647
518.223381631351
505.669935463997
511.623535498472
525.968999542416
513.373568116925
511.100543120146
508.562005985454
511.643980049776
504.597461337129
510.98383305223
526.126239943654
515.248483098767
509.135429402031
523.880475074957
521.416091321511
508.289262726773
527.780443124647
509.886968391489
507.930169491937
524.312955114215
525.464905822687
505.738451780488
508.777419108174
512.438352243929
517.920285571974
514.522424608823
510.889950911631
525.954253760638
513.953173748796
514.111245607745
519.205235128162
520.257387751191
511.549688977856
505.311690079463
514.528033955843
508.357731939577
506.85422558858
513.725679345725
509.740106710767
523.822899418344
505.193992904774
527.688966683548
515.525792579189
508.424360307449
523.747500022473
508.547926393509
514.689382732374
519.609279056974
528.662037666956
510.568497817206
506.907379239079
510.394723341175
505.23951506428
508.224772157445
515.079483107012
514.893406315727
510.040946469294
524.075087309215
539.620393053954
513.364629073866
533.661339903285
507.161599961322
505.777282926313
512.383091362434
518.291691578682
510.953630783967
527.238260462857
518.60577944967
518.807821128174
506.400904625344
511.471063286039
512.344180521808
512.174026022509
521.109781958128
539.684000834579
515.517250611431
514.132719726706
523.586827138397
507.717214065883
511.693339318671
504.851293208372
513.890048337341
506.311420626425
524.576804491086
519.73216472355
513.526821964315
513.4712377583
505.923613888873
506.410203076177
514.531243495039
513.008739053997
512.017061205895
526.356364009985
516.611879906071
522.823663958125
504.968364575906
517.465868438801
523.12281630291
524.337168567646
519.690860085194
505.051276432359
505.314266134556
533.198001140241
535.125446161439
511.995893093271
539.057374334397
520.853013294043
513.450154498565
507.285340908369
506.426145867403
517.43792932522
508.334810870887
521.073643081534
512.902062836828
506.329833865356
507.495330515626
505.169873210066
521.607593147784
520.003909841306
521.813751061332
516.052202134731
523.497768804208
506.488041095206
504.98235503588
526.97872470232
519.251911857978
521.430221012998
511.472883901985
526.371806622369
509.128019249761
509.684736197671
513.74347863905
536.785140534345
504.770019811056
527.002778445081
533.783783921193
518.459337805758
525.526830393956
526.468805920642
512.9923743657
507.198536214358
508.218229789953
519.750023425276
510.477651746781
504.722789233314
506.245534107965
506.879544924121
513.718704656239
515.273507724
509.044989137372
512.262539476454
506.861744777905
512.306432705723
509.582526389254
518.375611639337
505.305656592319
518.626311709501
515.751829101878
516.673836715068
507.682710890668
527.006205921693
512.264104719571
508.226295927918
527.242053119431
512.071762858348
516.569502916256
525.502026139248
513.896798430247
527.323790806411
546.146014774074
510.602055021753
515.468850043046
508.13273999436
531.224531743883
516.943926283053
505.005088369189
528.690763795947
505.141201601926
518.447321672473
518.368675946362
518.060668981594
510.740865580317
518.184367946054
519.771305066776
511.193679578722
511.458512095705
512.791062833158
504.976380400012
508.733176830571
515.421466194094
511.32220546076
536.184490174097
515.781735446883
523.045636000895
505.293109776994
510.519382762195
504.925681123122
528.579031539824
517.157542823917
504.928481833827
531.822801124935
523.710060905128
527.235903049449
516.314084577498
514.773339754761
515.168448556812
518.01773346045
530.713242146262
521.860255414979
517.625896100197
525.186106076368
517.600675186392
535.781274041921
552.077458852664
521.220359055779
547.521092299191
506.310382259807
509.014843844046
505.291707579632
534.432876380765
517.988482498805
518.553820319977
509.986762137378
540.354316038022
508.119745466885
516.838436608895
509.062740769786
514.421069913841
508.068616339919
516.861626910998
505.600293716746
504.608529465256
517.74121217064
519.940651461749
517.259383715014
510.242345605906
532.682626731781
514.806276119444
529.651039775648
517.101277504466
508.9923532737
505.238539867707
516.020800297643
515.863362318601
515.317571674953
537.355231147399
527.173690415473
517.223856235669
506.462431254657
527.09692472375
525.061184428294
507.878287879778
517.813402065394
514.471832913926
532.279687165773
505.385128498689
510.99098690011
510.647342019842
511.841321977768
523.397089891925
527.043709523608
525.930159390972
524.282972893338
513.364250685569
506.775939269847
