613.398163480258
608.22870044124
606.478503986667
604.99097849566
603.709993523245
600.929219970102
600.609681244963
599.791582385724
599.154965838648
599.050303175401
598.96923988769
598.789596307995
598.714030732773
598.587042868554
598.435620786767
598.378086181329
598.003622616369
597.800238599989
597.419384470634
597.230002738241
597.205917787854
597.072364896038
596.894087601054
596.845155100979
596.727525594862
596.247195769403
596.234242002563
595.927772670361
595.717071362679
595.615977984753
595.495300634002
595.361930791294
595.23459924551
595.112599933991
595.014142400669
594.982076776525
594.895724519302
594.864988971863
594.652013473618
594.64048729612
594.483467923028
594.18945012409
594.12615480141
594.074259043798
593.863542578114
593.816291753036
593.806808014313
593.797307536388
593.519372300003
593.41888752461
593.352086467312
593.167344157251
593.154497334612
593.132016819014
593.082535882024
593.038559569757
592.839253988621
592.695390884554
592.68992913528
592.651954290004
592.463211676715
592.272899368709
592.037151327117
591.938385110866
591.87823962628
591.428362505534
591.421471701414
591.360008999511
591.324630761841
591.238971223731
591.173723840979
591.140799740405
591.02889645889
590.898164526567
590.889346102956
590.770505617589
590.715969551912
590.447820090507
590.40704445133
590.292243058316
590.257700428645
590.123614601544
590.105117946392
590.022212144907
589.95572817588
589.826777790952
589.821351893357
589.761614009035
589.550637532833
589.460924501873
589.386560921163
589.366153357763
589.231553804015
589.179440208263
589.06141262147
588.962609646617
588.94077604007
588.913359505498
588.73071886483
588.560335218058
588.559725152889
588.540034269374
588.522934314769
588.360898533274
588.355176212638
588.288122953605
588.264757688566
588.201768729443
587.954786140351
587.947761753537
587.911460747954
587.857590653695
587.834956215263
587.810005581325
587.79611383977
587.758287039307
587.706725147942
587.681595206223
587.681357327596
587.652035800461
587.624226019438
587.511210022991
587.483713160396
587.462452480478
587.325387166435
587.284486578773
587.229057989027
587.158331825255
586.969906018338
586.930998070462
586.916136850922
586.763976273849
586.57824964884
586.565002232711
586.353613884109
586.344169096205
586.187458158346
586.144010974713
586.136211479558
586.090486109724
586.077274726473
586.063189382709
585.967575559809
585.95044324766
585.932787645753
585.930122998648
585.893675726302
585.853743576081
585.832888906883
585.820060101575
585.809102304309
585.797866982541
585.796345492516
585.792697047199
585.701167927322
585.697725791147
585.673987247163
585.657243234694
585.636635038386
585.620164771491
585.619678581642
585.591287522579
585.584470646953
585.583169417257
585.562340752853
585.559316768652
585.519628903303
585.503304128984
585.501231994711
585.486636444123
585.413355422921
585.382322182846
585.367749992545
585.339369757067
585.325618365779
585.320313093812
585.280282629357
585.212526655637
585.20739863227
585.151043305162
585.132869161245
585.113178873946
585.059316003753
585.043267489356
585.006464269444
584.999265283628
584.968710588448
584.921737800669
584.891569538215
584.879015414691
584.869369865453
584.8469816202
584.810836908116
584.738775264195
584.666143586745
584.621476071208
584.599899870586
584.59963538419
584.58615522848
584.539252395322
584.520178651542
584.481045926158
584.455651721897
584.334308436089
584.288052282611
584.261591959767
584.251693200867
584.239701370814
584.218426229565
584.198141533778
584.130528497554
584.105750371822
584.063422575404
584.028910159795
584.004208905051
583.966939501581
583.957208036518
583.927787800851
583.926751859264
583.924206166476
583.84312230852
583.836588309426
583.830812852274
583.818415201003
583.720117355599
583.633700971153
583.60194533831
583.583596118129
583.559020008361
583.54960254508
583.530707171978
583.473148958499
583.401337235046
583.317772872649
583.297413730691
583.294352473278
583.281422577562
583.250031760851
583.203376737676
583.179684289836
583.08267738677
583.008359822903
582.984834404145
582.979697694811
582.921446615848
582.893095335244
582.893045664607
582.86397707586
582.813427858383
582.800764340469
582.7744838166
582.744239019638
582.72847192836
582.724750852302
582.688958742374
582.674816456198
582.659564423655
582.609787867998
582.479718077643
582.477339034626
582.460692845696
582.450168703388
582.40712224639
582.388806452748
582.385453772482
582.385348752089
582.367659256002
582.328047380652
582.321339943543
582.265318431152
582.197839362421
582.181322381204
582.130455552527
582.117849361925
582.067569590016
582.065955784842
582.054981660613
582.038551011491
582.012426079678
582.003853245729
581.997220854151
581.995713055153
581.992674138482
581.974404154913
581.953753497676
581.951795463739
581.928053384494
581.922186707316
581.895959840938
581.895680082223
581.884526593848
581.831448663692
581.807350210161
581.794084220394
581.757513958457
581.724213601788
581.717618967657
581.709933200699
581.70355712863
581.685977436745
581.678683035412
581.618323522984
581.559249961695
581.544116131896
581.488913835323
581.475240883397
581.458783551455
581.450084711183
581.405242813912
581.380998820721
581.355236243721
581.319225081426
581.295201615463
581.293257523067
581.288743783934
581.207804666342
581.150952734541
581.119501389978
581.092197215949
581.091342730945
581.065583528033
581.049195643729
580.999690787151
580.985142301834
580.984791098685
580.933965836794
580.896244940289
580.896214761085
580.87601211618
580.845178128514
580.825907484443
580.817285148446
580.782248662016
580.738742068796
580.728061012786
580.716099355992
580.707639721601
580.698911778686
580.685047537988
580.640117717271
580.600320328171
580.594040011063
580.587706393454
580.585434370436
580.560413266886
580.554758728178
580.550789148156
580.539628420457
580.538453560713
580.517190682891
580.50303001752
580.478800072864
580.46261991971
580.455519604263
580.448894258781
580.437854113736
580.435966673828
580.434286210118
580.408313733502
580.401657375792
580.383001920494
580.34831205481
580.3471844526
580.316749354528
580.302700238122
580.291702404624
580.272842398562
580.258198502664
580.226277596147
580.214182653397
580.200673127002
580.186185455247
580.171196822395
580.12508542665
580.101640679855
580.089792167591
580.072291347302
580.063315401705
580.038048176403
580.035152864611
579.991000822555
579.980761673235
579.975504224986
579.952767159197
579.937959201673
579.874882674094
579.866488867415
579.795558200851
579.756983978505
579.727718968866
579.717874358131
579.678635320605
579.617372823239
579.603960151652
579.600260266511
579.579541916902
579.578153944667
579.547246988591
579.54470418089
579.536349030771
579.520351136833
579.502991757573
579.500845468873
579.483035074848
579.477605797733
579.473590649825
579.472868203047
579.461278825118
579.444669952325
579.427490140018
579.374951354943
579.371851885923
579.370110718194
579.337806737597
579.335327745848
579.326150746338
579.31382982037
579.311393272541
579.296113319172
579.287733876419
579.278501359034
579.271226905889
579.251264924539
579.240785234604
579.239730710296
579.224705757975
579.213314196564
579.208905740065
579.187231616436
579.130228281963
579.098575137543
579.082342452409
579.046590308321
579.039781151482
579.026379535526
579.010996732028
579.007014788493
579.005935729631
578.99397043988
578.925406983541
578.919783391245
578.871987946723
578.806624783914
578.79688334983
578.792820046365
578.789210640525
578.766026552946
578.76524410508
578.743283091301
578.738514657211
578.737398307263
578.732945872013
578.712719720403
578.708077452956
578.698019157867
578.695561124299
578.693950292236
578.69083375633
578.626086372966
578.595473819071
578.589638640525
578.588907084379
578.553670194609
578.505027159206
578.471777582337
578.47105067053
578.450025116561
578.441881049768
578.412920122058
578.396439965314
578.370838482538
578.35577793282
578.35456390574
578.333272823082
578.318544793781
578.27638105028
578.2476557934
578.23697398662
578.23192727239
578.211237513499
578.2055201132
578.196009599542
578.192306626963
578.168982855794
578.106054947526
578.096636276338
578.061452393139
578.041573194379
578.040692936383
578.039373910616
578.02092989461
578.020360578509
577.999480035148
577.996600769296
577.995114262787
577.972130348002
577.96920666458
577.908053136293
582.956941394339
594.156412983578
580.966483266925
583.357364769547
585.957598402533
583.75048809183
584.199833014612
604.154071997155
578.593107755272
592.447748822413
580.251835219189
589.807051044676
580.44024922121
586.204087874806
577.959068757033
580.65458613727
583.716712725214
601.285677580143
581.16518095907
594.228908874961
579.00331272924
597.291872126351
581.527891997074
601.158142344968
579.613808738546
589.780015118603
586.467786036045
590.517376099918
578.461443029162
584.667292737351
597.322380813489
582.080602359369
596.321134463439
587.971631570569
581.180962672327
591.753584903316
582.33771633327
585.037300576675
580.730361078039
600.525979800847
580.349652216824
579.665682007
585.393830005853
588.498694518395
589.723234794333
581.051071578803
583.24593288087
585.664835352262
591.204394270758
593.469491358649
586.523635962815
578.553230337842
579.130626204991
581.750210478214
595.246410652421
584.740318336464
584.991577362885
579.57413949169
599.272261750179
580.49166083304
593.976208948231
589.583361206384
594.899313996023
597.474935188093
582.647492365186
579.062617154334
588.858165908995
592.479312536084
590.266756564424
586.083427354894
584.662733087773
580.321993624431
585.776366368154
578.498283574878
590.778188627775
596.137452181495
583.823658569829
592.514829405531
579.758785512581
586.667465548562
587.629663385864
579.698736205868
580.919581965102
600.402370919262
579.470557971067
581.000663157594
593.971362254066
594.052188885703
597.990895801781
588.514658844372
584.072606256208
579.878268766348
580.657835525081
590.107239017241
578.748062906814
588.221041365956
602.036039685771
588.071679516104
587.588359663665
586.289745131258
593.946793541635
585.473822082969
582.232414840728
588.756801742823
597.883815705154
584.191151466235
602.117676053316
579.868175699034
582.371401546596
594.509408973736
591.828808304747
578.670219421187
580.381797940761
606.832709976724
585.799173031508
586.788121998069
593.543305705153
586.800349972844
582.812524994741
590.821481378428
584.777901749474
593.437805649296
583.463088449122
581.944173853439
593.938254938515
581.371623915089
578.457311550094
588.142270590621
596.137605536181
584.787995421686
592.124842643828
581.000389114429
580.085288998788
578.472058301308
587.547613388717
579.210219759792
582.898469719598
603.237895188452
587.895413449514
588.826309254089
588.592564766681
581.380048043699
588.816687580716
577.94519112008
593.028562427565
592.95447947291
584.498406147542
589.402612388018
598.430463215286
578.299789880871
584.696161546586
581.272555066697
586.738534389649
596.071441952606
591.12490861219
582.000233571406
587.108396011228
579.012953528786
606.135374980739
588.737081088082
587.777964579345
599.863635720963
587.736802280335
580.048485859864
585.998442173845
579.210933029026
583.471638910847
600.031105119469
578.813893781582
581.81100890101
579.107704727781
584.658777923083
579.85416806929
581.095623814782
579.687677408665
600.618630185928
598.94534696554
593.067185573284
581.349010339879
582.729574762451
579.429540042659
581.699270814041
593.25254804365
601.798805969188
582.463553804827
579.821785554881
587.235496401995
583.785238005954
588.500089630081
590.24334062092
585.544703889718
582.622581788438
583.512768318979
584.050154408231
582.439815341403
589.377172959365
596.86981890671
597.029700222488
582.900665589326
601.296859192396
586.291628931195
579.658720153142
586.310749790195
580.907349578255
584.56843218055
584.483492693621
591.592865965299
591.070836835221
591.830345304898
588.988907634288
579.99174810123
579.607620476626
583.707285941584
591.542208329255
585.477184786364
581.992063044744
580.661306692053
586.29925609358
585.133715022089
582.796380961323
581.441121212592
578.581563033191
587.511765873194
579.588524266335
578.54415284705
580.702605812507
586.856000088639
586.577061088754
590.448242893095
579.182406805997
585.169410846505
585.558020657222
603.472555651159
582.913955847206
579.815545109877
592.840640342141
584.075547112432
581.644874974921
590.477356453493
578.783423913432
581.651879611968
593.379272698558
583.447359211403
579.521009126357
613.960192969162
597.882417186279
587.688702854619
582.182590527506
588.27648397056
591.344447622829
578.553361367578
581.100307268948
579.87587656469
582.08463856352
583.399672754293
600.128029211163
595.837259439575
586.714865446764
589.002483702573
607.94205290027
580.627099223067
581.073655995056
588.416129163335
581.939571721513
580.65010385888
595.935882555832
583.793151349965
579.753707837621
579.463482855916
594.015440875602
578.436836893619
582.336698363322
595.394882438988
587.678109249916
586.125156228357
606.10098399741
580.95096877463
582.473367067033
595.471166505411
580.816170825812
605.01031268392
595.480206151726
583.479753355868
585.596789658313
597.67348905038
583.091905875939
580.887559448704
580.544021299967
582.921568541435
582.64173282463
588.457183391252
587.353369784664
596.713567432253
588.36873954047
581.766871523307
579.382640832884
587.512037758096
583.716876372307
578.042693722558
580.316278970624
578.142381275137
579.650106232588
582.386739348179
580.265567980984
580.943434288994
581.740961350657
580.30173373724
591.483814830844
586.622585168136
578.253608982354
583.161954636441
579.423256172311
583.096248983393
592.287985895514
581.061079088747
587.950964271372
587.322668442369
604.170783439954
578.172393021061
579.630879440548
585.451821644596
593.475260645884
592.997103238565
578.452213885986
583.20698081575
584.337297084273
594.819819513153
595.933119079664
578.656755797927
588.845101124048
579.720381543587
595.632054198393
580.726626031567
577.894733825451
585.265966270595
587.763166920219
588.389649564458
587.09266904412
582.658455198363
582.209548499472
578.194464432064
582.432973874419
580.085452149121
590.098634666227
587.450541394225
586.034456443945
591.529984049514
582.145367393982
585.038653714249
595.275549088683
608.318489858369
595.68109433288
594.627208337497
583.061007749909
593.61418779836
584.611635386538
584.804150017851
582.083083737988
581.898955535152
588.077732323738
585.330491473968
582.946942368285
579.724953276317
578.407491384949
592.68169016302
587.140811199665
585.121520659422
588.130085331598
581.817580042225
591.681557583582
578.275472158654
582.712081424711
598.216240631005
584.162745816238
590.159141290553
588.244003324197
584.318242168981
587.403158084123
579.020924812959
590.464554931859
584.349788961671
580.410129430544
594.306242697716
588.271521580349
582.553959433035
582.372803385651
582.976575844124
581.910266655801
582.623153452761
588.812939001804
587.928423080011
588.660642818719
580.933447207754
578.922480874307
578.56026445987
582.899033281476
594.022653327146
581.897944851259
581.406496751298
589.296405321295
582.876035498998
578.707784705289
598.62466435054
585.844787054951
579.298023718046
585.573500411117
578.576469580403
591.248900479698
587.70431262946
585.516384277588
586.224554624155
580.663594350474
585.40816723362
585.077539399731
580.587756975893
588.80644223643
582.521504926052
583.776754493398
589.956400803031
581.786382810814
597.406071696454
598.917765471942
581.181153637213
585.267241387086
597.13798212433
578.975811932541
584.916783046238
579.967820011788
585.224738889987
581.489186255554
578.606607129416
585.148885365983
582.007540439171
579.52420131432
590.149526145789
582.006206962036
579.688092065371
583.920424495214
591.522296575812
592.331323170882
579.213925270709
587.956704263965
578.884223227985
591.602448197246
590.077694349555
583.808569567715
581.115862527775
588.360429532262
589.072639973551
586.749357530466
583.808214003495
579.416917426557
583.079634431421
583.510108026219
601.23464520753
600.756105706141
581.186270137627
583.719756060643
583.012376899241
579.989961309456
594.545380816657
585.933065519143
581.834230554987
590.402572181743
585.473018719604
586.654904216723
578.815539215751
589.583707740525
584.88466256206
582.406442196173
588.854039862058
580.320894176032
594.532463801395
588.780985686412
579.460927947792
591.047654617563
582.041634194867
589.834924458199
587.675657890595
584.617277137308
593.102658986821
581.266596129797
586.267438733115
588.224938778279
581.448209231087
583.657659994073
587.960686517211
583.207548366953
598.008783310751
601.013804441359
596.201155183865
589.38160657952
587.840521489775
583.747382528849
580.14172570112
584.150816913182
599.189198072541
596.491208803116
582.550997121458
581.115173533999
579.625053997012
590.846118185727
