1054.48709555633
1054.41735899772
1054.04863433576
1053.90843659982
1053.89214407239
1053.76854167927
1053.4699662043
1053.45625219361
1053.22221313025
1053.18378419677
1053.09725757536
1053.04064810578
1053.01812786243
1052.99302360306
1052.90724546814
1052.81735191188
1052.80524130999
1052.70501161745
1052.69918973635
1052.65599884579
1052.61722239913
1052.60522465149
1052.56527616821
1052.54171033679
1052.49716060051
1052.49082832469
1052.45562776969
1052.44412857147
1052.42736109601
1052.39695421246
1052.35158035951
1052.33936827656
1052.33436575075
1052.29505549086
1052.27538502704
1052.26119208688
1052.23119843818
1052.2182878045
1052.20089211893
1052.19390520922
1052.15048953683
1052.14567801559
1052.12960424416
1052.08101558271
1052.07420829825
1052.06730015985
1052.0592532899
1052.05285573173
1052.04599102541
1051.9983508966
1051.98027839149
1051.97591340649
1051.97562428419
1051.97215978987
1051.97138492127
1051.96119882416
1051.95474666893
1051.95391576084
1051.93418847927
1051.92792263617
1051.91937667372
1051.91061146428
1051.9082488701
1051.89291138401
1051.89050484886
1051.87451437755
1051.83713992632
1051.80025481216
1051.79116340902
1051.78764035371
1051.76904568815
1051.75999722791
1051.75632144731
1051.71516999889
1051.70276968288
1051.67746782124
1051.67360275786
1051.66612402742
1051.65551385834
1051.64773233595
1051.64553013953
1051.62230866787
1051.61143446433
1051.61087083133
1051.58368128883
1051.58313383998
1051.57859583503
1051.55865794781
1051.5532102049
1051.54410430374
1051.52255434544
1051.51709213099
1051.51214700947
1051.50653678575
1051.47589817897
1051.46611926765
1051.44877546488
1051.43841718739
1051.40610297248
1051.40314784143
1051.39446392413
1051.39308742046
1051.39285352823
1051.38219649002
1051.37405981406
1051.35726959772
1051.3548676293
1051.35361731172
1051.3353844291
1051.32232771073
1051.30946713155
1051.30239969208
1051.29367627365
1051.26265502511
1051.24966719479
1051.23177406158
1051.23082080353
1051.22978249095
1051.22419432681
1051.22353383029
1051.221695337
1051.21120760673
1051.21073852072
1051.18842532891
1051.17666427587
1051.17456315595
1051.16358556117
1051.14050745753
1051.13422946864
1051.12285210195
1051.11772210508
1051.11759883026
1051.11068590452
1051.10789319092
1051.0739887716
1051.07188138615
1051.06504513386
1051.06201983157
1051.04031496519
1051.03359088885
1051.0317977907
1051.03068494298
1051.01201331406
1051.01140835697
1051.0100609
1051.00973071223
1050.9979744247
1050.9893523562
1050.9663077879
1050.96031247796
1050.95711082249
1050.95448283684
1050.95395451605
1050.94988135075
1050.94705940309
1050.92802892046
1050.9230520845
1050.92079232458
1050.91959895733
1050.91758486995
1050.91442703952
1050.90134511443
1050.90081649099
1050.89878093148
1050.88716216361
1050.88568086921
1050.87962894096
1050.87620091619
1050.87603145968
1050.8682601055
1050.86281322636
1050.86026923371
1050.85798969734
1050.8570241364
1050.85114351582
1050.84892383586
1050.84237304552
1050.83360862642
1050.82770707873
1050.82579370361
1050.82537326995
1050.82423636673
1050.82283617927
1050.82146791836
1050.81210541181
1050.79884361216
1050.79811540058
1050.79755240059
1050.77387917307
1050.76766493996
1050.75282860006
1050.75141748236
1050.74985640996
1050.74860248291
1050.73783664272
1050.73486862336
1050.73194133511
1050.73160765266
1050.72604798989
1050.71327463333
1050.71077491305
1050.70590280825
1050.69781382702
1050.69665476115
1050.69347858033
1050.690647766
1050.68588401587
1050.68238342921
1050.68204392295
1050.67860681887
1050.67349736554
1050.66788895209
1050.66513610708
1050.66276586175
1050.66146804748
1050.65880357874
1050.64543071041
1050.63810797228
1050.63070654288
1050.62195786595
1050.61609436834
1050.61570849308
1050.60861625281
1050.59794532903
1050.59617111036
1050.59110044658
1050.59052658589
1050.58935475946
1050.5861856728
1050.5807662458
1050.56451552547
1050.55580274703
1050.55304451935
1050.55036103448
1050.54911993455
1050.54702657003
1050.54381701386
1050.54263296755
1050.54259770071
1050.53194200593
1050.52786707889
1050.52633319656
1050.51741191794
1050.51419579103
1050.51348627679
1050.51149844014
1050.51018989373
1050.50729181534
1050.50640013693
1050.50372461678
1050.47880305586
1050.47806769471
1050.47336661532
1050.47277110534
1050.47178673652
1050.4672701016
1050.46720369443
1050.46252070184
1050.46139900251
1050.46087691842
1050.45619372151
1050.45246179361
1050.43773481009
1050.43537957048
1050.43249492476
1050.43121127778
1050.43087482719
1050.42539601714
1050.4159370004
1050.40855806068
1050.40392210941
1050.40044994307
1050.39832723808
1050.39823159446
1050.39712370759
1050.39401627323
1050.39305362702
1050.38980982965
1050.38722314155
1050.38712241397
1050.38019431455
1050.37887884498
1050.37718376031
1050.37679059557
1050.3606765434
1050.35834808957
1050.3577432056
1050.35756887152
1050.35653428154
1050.35415402549
1050.35024147052
1050.34891309244
1050.34829709053
1050.34076052462
1050.34009131916
1050.3352354078
1050.3303444437
1050.32549690835
1050.32275699209
1050.3218080133
1050.31959510965
1050.31096097527
1050.29594311252
1050.29259637438
1050.28746097861
1050.28235762016
1050.26081708232
1050.25423280664
1050.2438516549
1050.24138845045
1050.23241393369
1050.22762162123
1050.21999362059
1050.21729288828
1050.21590325588
1050.21445028479
1050.21180144487
1050.20985145431
1050.20861293177
1050.2078866954
1050.20739199788
1050.20527845176
1050.19133821469
1050.19076765272
1050.18367089018
1050.18270777366
1050.18265719768
1050.18046773643
1050.17588420436
1050.16920112897
1050.14941378154
1050.14932325734
1050.14529287664
1050.14177670355
1050.12842770284
1050.12714430959
1050.12331491022
1050.11560896717
1050.10757712408
1050.10333243606
1050.10173168396
1050.09970476243
1050.09532875574
1050.07909736256
1050.07760708761
1050.07736511964
1050.07707350939
1050.07294980298
1050.06778106698
1050.06598386673
1050.06554856168
1050.06497187435
1050.06194094461
1050.05577436995
1050.0545484218
1050.04441827132
1050.03621276522
1050.02955814326
1050.0264908138
1050.01970661828
1050.01858120526
1050.01367265751
1050.00898584307
1049.99789035544
1049.99009547948
1049.98951653767
1049.98691812713
1049.9863915828
1049.9842077596
1049.98221439621
1049.98029898478
1049.97815344353
1049.97258705684
1049.972203631
1049.96756316872
1049.96716747146
1049.96430442746
1049.95867854435
1049.95810331901
1049.95352104714
1049.95017758087
1049.95003346944
1049.94873181137
1049.94727552139
1049.94034781683
1049.93858563661
1049.93535011222
1049.93526448139
1049.93247866279
1049.9322133013
1049.9292773869
1049.92570029327
1049.92533038298
1049.92368858088
1049.92220817602
1049.9213362147
1049.91748300475
1049.91745956368
1049.91729743963
1049.91244038485
1049.91193020432
1049.90982328033
1049.90538445402
1049.90437995552
1049.89748851046
1049.89557642098
1049.89459875783
1049.89167151901
1049.89068121772
1049.88035867989
1049.8790451161
1049.87641389668
1049.87565919552
1049.87485592977
1049.87438931586
1049.87380807617
1049.86553533216
1049.86473707961
1049.85698553421
1049.85287984212
1049.85252513905
1049.85252442654
1049.85064440596
1049.84613674694
1049.84596212569
1049.84450089329
1049.84373554509
1049.83780366533
1049.83482527337
1049.83021185423
1049.82563267005
1049.82486143547
1049.82365043879
1049.82278286322
1049.82106323267
1049.81926741881
1049.81688799507
1049.81623804257
1049.81387099887
1049.80851329338
1049.80804283484
1049.80558653017
1049.80514043503
1049.80458329291
1049.80175946646
1049.79112000208
1049.79046584716
1049.78793517732
1049.78682309341
1049.7832642667
1049.7818193682
1049.77921640085
1049.77364423676
1049.77163008338
1049.76833147301
1049.7653188111
1049.76458594305
1049.76235568247
1049.76131104539
1049.76073231614
1049.75980402532
1049.75816915256
1049.7518989697
1049.75106394493
1049.74886824433
1049.74798373163
1049.7464811891
1049.73622497759
1049.7356138193
1049.73040507504
1049.72564675834
1049.72457257128
1049.72361684847
1049.71981087648
1049.71256262306
1049.70666018282
1049.69221344149
1049.6915562024
1049.68610098385
1049.68589576505
1049.68550850224
1049.68449715643
1049.68273881833
1049.68206071191
1049.68043033303
1049.6803089056
1049.67392594455
1049.67131291707
1049.6688291535
1049.66295945467
1049.65446011165
1049.65396011547
1049.65378883774
1049.65026768718
1049.64899289579
1049.64309553112
1049.63292201922
1049.63025628882
1049.82326792432
1049.8992530915
1050.77551248665
1050.34829542605
1049.6908124221
1050.40460609677
1052.3776825553
1049.90193540591
1049.88807294171
1049.97703909447
1050.54560726404
1051.39957287742
1051.890577863
1050.75400608441
1051.8466852847
1050.37849016824
1049.67152721947
1052.06564837242
1051.22472997417
1053.49340931438
1050.73784043216
1050.05843610162
1049.71774900696
1054.61810661339
1050.28978817619
1054.38542723623
1050.16312725624
1051.61746217579
1050.57511538562
1050.37852093687
1050.60138211518
1049.87099105593
1050.0209095646
1051.43025545683
1051.13674093791
1052.21415258604
1053.3448155402
1049.99460305834
1050.27247217137
1050.15196992618
1051.16902291325
1050.47513038639
1049.8556185036
1049.9188477778
1050.47978534192
1051.21075574207
1049.84977295047
1049.98145597947
1050.94027229899
1050.72582253881
1051.11425160336
1050.94793377189
1049.64396872102
1049.99149160239
1049.69230749186
1051.08057510131
1049.7270574351
1050.81629258165
1051.43229858753
1050.91924601346
1050.17511655703
1050.76621604443
1050.0366285325
1050.88422439595
1049.98643933783
1050.04129061763
1049.96047958971
1050.36446004351
1050.06575438567
1052.04543397131
1049.82156583951
1049.77493290061
1050.5943570944
1056.42983481611
1051.87320042162
1050.21069254443
1051.34521251696
1050.61300825437
1050.85292693719
1051.21814989385
1049.81692556161
1049.9994808963
1050.31318354099
1050.37084853309
1050.01762754933
1050.59946685225
1050.66950469398
1049.73225614139
1050.53283373911
1052.0258642429
1049.71919389592
1049.73797950884
1049.87606958145
1051.31210849096
1050.05106426915
1050.9473295189
1051.40143549391
1051.67633185973
1049.81896879955
1050.25728970853
1050.72800316295
1050.7617766663
1051.10730540823
1051.68479812915
1050.38763027808
1049.9028992354
1052.1813970808
1050.25230489621
1049.81131734466
1052.03792238923
1052.74999826213
1050.69396852506
1052.72593682522
1050.68080315236
1050.49222694121
1051.10921037661
1052.50652012075
1052.41029054622
1052.21997462472
1051.74833782206
1049.79890518658
1049.64237627468
1051.39004441463
1049.86564770874
1050.95214943836
1049.63078130222
1051.47526759611
1051.5964943849
1049.98416935365
1050.59532063509
1054.71940121388
1054.9436607107
1050.6531694237
1050.320683106
1051.84597676432
1050.38488535804
1049.68329060465
1049.94490603998
1051.40632832069
1050.20558819284
1050.81824894814
1050.7506830576
1049.87951968758
1050.42284281461
1050.57229534793
1050.28349615445
1049.88123300108
1051.67531056218
1050.721592966
1049.65895274594
1050.3140232704
1049.7746022468
1051.68580406792
1049.66721451012
1050.12314691432
1055.01142278946
1052.53694838432
1050.19270828697
1050.28539084734
1049.76632134892
1051.95657229969
1051.03374388754
1050.62318902885
1051.15401699388
1052.02869860548
1051.22349255238
1050.99468192278
1050.57635286616
1052.57546010762
1049.73538603065
1049.7341132946
1052.91290636952
1051.58861818388
1050.12942707457
1051.72986431882
1052.01159579884
1050.27969889363
1050.09307696564
1051.98097900983
1050.7391642405
1051.58805771963
1051.60426574448
1049.90729696675
1050.2634067372
1049.68969881463
1051.35838148699
1050.70484020839
1052.4831712731
1049.66199521394
1050.57226783684
1049.88970597716
1051.34882630447
1051.33319898976
1050.91867924994
1050.45485977108
1050.30167029731
1051.18128918598
1050.26813716107
1051.29184371596
1053.93286324305
1050.08513584088
1049.96711991316
1050.91591852759
1053.03607286594
1050.91621447001
1051.82927989867
1051.42542237376
1051.30390676639
1052.97266237099
1050.8520455406
1050.0393656347
1050.50081087079
1052.36025257925
1049.95370970824
1049.69923323988
1049.89694749243
1050.59625342477
1049.82931297005
1050.93665102234
1050.75212055916
1049.74835886436
1049.64973006673
1051.07743402328
1052.01765348096
1049.83963158355
1051.06177523162
1050.51796653629
1050.38685446996
1050.67793851609
1051.49784028891
1049.80794179764
1049.85087051644
1053.01844392897
1049.76752105888
1051.16148556437
1052.70765147355
1049.80961924524
1050.86057957852
1049.87692414973
1054.15154132936
1052.53630808066
1050.90657660201
1050.40878396575
1050.83520857829
1050.91672438631
1049.84787609638
1050.08952296036
1050.04327029911
1051.86226932326
1051.64171035333
1049.84593930315
1049.80672150669
1051.08294486838
1050.27669959222
1050.33272312188
1050.40281225148
1054.51772025898
1050.23545246879
1049.97175986054
1050.29651317964
1049.91248445203
1049.68459070735
1053.03265083834
1050.8357445698
1049.88422190302
1049.86601543592
1049.85208422086
1052.34062642611
1053.0335900116
1052.52848016707
1050.5395413904
1051.29012033012
1049.98003982897
1049.97325848277
1049.67105805596
1050.05270185454
1051.97193013412
1049.74288188827
1050.35656543538
1049.79624807784
1050.2936010611
1051.37201966302
1050.69055381069
1049.95064376426
1051.31344601602
1049.6405410301
1051.2058384593
1051.76474330468
1049.71079756123
1049.94939277004
1050.57803546713
1050.11195967426
1050.77457111274
1050.2664398702
1050.74767618518
1049.6950480764
1051.74254849767
1050.31879275679
1052.1900797584
1052.38954780768
1053.946580407
1051.49102631437
1050.70152905702
1051.16378044548
1050.82955835127
1052.50230148971
1050.61882371013
1051.12749327482
1049.81696481702
1052.24383945998
1050.20889083767
1050.25117598492
1050.26993014729
1050.12353601609
1051.11316383236
1052.70577637403
1050.54128775058
1050.89650352448
1050.83987292743
1051.94222439655
1049.67988485905
1051.08617859644
1050.5994591725
1050.5590851277
1049.86209500828
1049.76829794585
1050.82151360985
1050.77502373939
1051.95859401354
1052.19664940218
1051.29248547495
1049.81695564867
1049.72241134249
1052.7469202483
1050.07725528207
1050.73760615773
1052.56872929199
1050.69613537128
1049.99405440062
1050.10771803921
1050.71490491395
1051.4158428602
1050.02355534332
1050.04479697431
1050.18915597938
1051.58644038444
1049.74270867741
1050.62702368037
1049.79222605129
1050.73694047732
1050.96949819026
1050.09004992369
1049.91385638167
1050.0995079036
1050.73052829158
1051.26386707016
1050.02292721826
1051.07109819589
1051.78578695238
1049.79243118789
1052.6377990481
1050.25070995928
1049.68869999592
1050.07254744283
1050.09654330739
1049.67024167876
1050.13284802674
1050.4470075543
1050.67752372574
1054.29379971359
1052.55063077954
1049.82248385846
1052.35324679346
1051.64907280809
1050.52189767288
1051.78923658011
1051.06883863931
1050.70070741061
1049.7481597035
1053.49849015468
1055.33626386396
1051.24412766351
1051.56251920354
1050.89595511991
1051.32909646112
1052.2888990202
1052.83211501065
1050.54988631786
1050.07252470717
1049.85065483489
1051.25621767137
1049.75448190909
1051.6739522302
1049.85510850795
1050.11908888166
1050.32807246074
1049.8507843832
1049.84302202533
1050.14370606994
1050.26838016009
1049.73456474035
1049.69939528855
1050.63049572591
1050.39210739438
1052.98286684978
1051.99626980476
1049.7000806309
1049.94878250378
1052.27729938285
1050.36503800546
1051.76918237336
1052.48802510717
1050.44340017998
1051.25822728746
1051.22095384481
1050.50102772579
1050.724055097
1052.21915808177
1051.2587439228
1049.89416811381
1050.24023723369
1049.66058758633
1049.83681622662
1050.61255470678
1049.69740062485
1050.21112867214
1050.79841898645
1050.9947524116
1052.26023533165
1052.29248096872
1050.35011661797
1049.67736012518
1049.88872397434
1050.042104756
1051.3251247613
1051.31177194587
1050.12081844412
1050.07123748091
1050.18587831621
1050.24534130559
1051.33300314501
1050.39706666848
1050.3148842544
1051.18564603274
1051.32567104759
1049.76868829472
1051.1195477902
1049.94865547143
1050.12059108494
1051.07032667747
1051.6061070005
1054.9029826629
1052.57108988251
1050.5479808307
1056.27117193073
1051.23119695388
1050.10230326462
1050.37150203539
1049.89822691091
1051.9080049053
1051.36688467082
1049.68801990107
1053.67580609684
1050.15089243214
1050.58907453026
1050.65491747008
1050.13177113206
1049.90589547637
1052.28320227789
1051.30721337033
1049.79356638839
1050.41686208186
1049.81453509825
1051.27276098411
1052.00558953683
1050.91210436004
1050.59200282044
1050.66295997977
1051.00774833052
1053.00328308468
1049.78105256917
1050.75041958696
1049.64520434257
1049.83915120115
1051.89244606451
1049.67511902153
1051.01522875162
1051.31292329313
1053.49716737602
1049.78116572266
1049.64857585412
1050.6461708851
1050.07921699393
1050.97232054116
1050.09069514619
1051.22600229014
1049.69027977094
1050.05141872031
1052.88920641588
1051.12254069183
1049.63308016852
1050.33151265724
