705.596204750602
696.859854943167
690.424885252476
689.098520964618
686.088047662524
684.013766227845
683.8852716446
683.662068955176
683.647414130989
683.400648086328
683.38685104114
682.820766314133
682.591530577089
682.497745003405
682.348332125216
682.335369172039
682.303265409796
682.284884946561
682.228042540288
682.130919591701
682.087418842492
682.024166101876
681.962301821337
681.774155077545
681.672928969886
681.600235870466
681.513210281916
681.363900303624
681.298893177101
681.220112759852
681.205544543398
681.11332069607
681.068418867014
681.056238285108
681.035003618753
681.014537741552
680.996610263541
680.961275395184
680.935933928418
680.876137667387
680.863588022008
680.850129991266
680.844050003658
680.8119380336
680.763394713671
680.754174602918
680.751276279187
680.710060929687
680.707479443439
680.700093080427
680.654936053014
680.624210920094
680.607860858873
680.601902886631
680.598938652419
680.578131696933
680.558671995834
680.541260720552
680.529049960135
680.504451562605
680.491853537163
680.461052309765
680.43647960411
680.370481440427
680.33953195047
680.336080260128
680.323679543792
680.323145149276
680.315570095753
680.300890706279
680.289778441959
680.28667202619
680.281247160642
680.248969620072
680.246529270124
680.241371389666
680.23908628885
680.23646312148
680.221405738325
680.212709722993
680.185240013695
680.174193090395
680.161529356264
680.151823615705
680.143052743224
680.115322866849
680.11049593087
680.102430188705
680.099877534168
680.065272106653
680.032125766806
680.018016214137
680.013069012426
679.97685972788
679.966541094374
679.960228084798
679.912275785169
679.886889001064
679.860146870305
679.828564921488
679.827330257016
679.822709050092
679.821360228355
679.816893681076
679.811560479878
679.801290823542
679.778315199198
679.776999012669
679.774514257825
679.773711946256
679.768599673803
679.765431498624
679.757934313349
679.74838286757
679.745083595131
679.735573473917
679.724526509259
679.701209756426
679.699090298114
679.6965659993
679.694880122578
679.692541400984
679.686495744335
679.674199528173
679.657771239182
679.650016742027
679.649871172489
679.648711448556
679.648209163601
679.643859744433
679.631073636943
679.630797372751
679.618028808647
679.596289084063
679.583115924781
679.565422038886
679.561252214133
679.560195991672
679.56013842876
679.556016611669
679.536859825967
679.533918964862
679.532893039928
679.529358832163
679.52823460636
679.527821510324
679.521192436912
679.509274713512
679.482343455838
679.471588904804
679.469682252319
679.46720746268
679.464824774401
679.461327412971
679.460246118956
679.43109678252
679.40648736788
679.387588459006
679.35780521278
679.356745539706
679.354697824991
679.340211998609
679.335812585414
679.330448205347
679.321804126642
679.306521783232
679.296705411063
679.296650323751
679.263506653085
679.252522761891
679.241895884025
679.240562720304
679.229163611956
679.224706047541
679.220340507502
679.218575093686
679.216866607113
679.216179183846
679.213065652527
679.210375628749
679.194982013197
679.183131468831
679.175649480425
679.174947323351
679.17069219433
679.169418883827
679.155516658766
679.153296328039
679.150979748783
679.145953594345
679.144070380067
679.139388036436
679.135673231976
679.133350831599
679.130701614602
679.129715906011
679.124857463439
679.123475530153
679.104250976983
679.100618143387
679.10031963132
679.098204905593
679.097945420429
679.09727018688
679.09237655281
679.080426551119
679.08002789714
679.07145441962
679.061076558617
679.059296396113
679.059181168546
679.051307006591
679.050587499432
679.045822954876
679.045566625808
679.035554672276
679.033983425731
679.025183951488
679.017765140182
679.014147262009
679.00849114857
678.999428004281
678.998428792042
678.998313284704
678.997806869012
678.979240050502
678.974774252304
678.973467124737
678.955407292509
678.954272600713
678.94574602204
678.943737469298
678.938244879308
678.937322460798
678.936456422261
678.933731357959
678.931966527913
678.92523438819
678.919984732528
678.917308499022
678.91420887873
678.913626718639
678.908464914517
678.903963762469
678.897047930152
678.889334666954
678.886869483477
678.880411451205
678.87776776146
678.873598577699
678.866746361196
678.863435064511
678.862294928101
678.858091484486
678.849256384737
678.84921555204
678.847701315777
678.847376796422
678.8470921574
678.840800141795
678.839970744591
678.838000176548
678.835983054697
678.829245009644
678.822637130933
678.820715028072
678.806875059523
678.789509589869
678.778165972551
678.773317974135
678.772339505564
678.767266426212
678.76297421087
678.757217686049
678.755275117937
678.753002678169
678.750367281675
678.747625311735
678.744429208306
678.740914222863
678.737696089041
678.73717392172
678.732484851699
678.72018483563
678.718090383165
678.707313947668
678.700597789258
678.698052456933
678.692367093329
678.690958082075
678.684104243255
678.674632292028
678.674230811141
678.666124154263
678.662441295665
678.661706647268
678.654851263945
678.65032601167
678.645464710973
678.632454943949
678.632353532737
678.630348822645
678.626757106754
678.622884141532
678.622617617389
678.61815075973
678.61565074391
678.614944830619
678.610509392005
678.609508856401
678.608662902339
678.606338374966
678.599879225834
678.599359102591
678.596374942182
678.593860217032
678.593820724439
678.591851969342
678.590360743933
678.583520960389
678.575541611414
678.57509849168
678.572783441042
678.571596002198
678.571233833881
678.566700958365
678.560109199644
678.552738214597
678.55212230189
678.550773378694
678.547740436279
678.54622961559
678.545820605309
678.544721293432
678.537634043907
678.528836936274
678.519112461193
678.512402693049
678.508411281508
678.507281009021
678.499764165157
678.499335555386
678.493490140616
678.492511301388
678.483416258858
678.482914469679
678.480675179737
678.479537462599
678.478405870322
678.472575940821
678.470914773318
678.470889115988
678.468948564815
678.46850805243
678.462853974904
678.454879606868
678.452202356199
678.451595698928
678.443921414871
678.441757250706
678.438090531452
678.437545744897
678.43516855612
678.429269967344
678.426643554823
678.42040586616
678.406200226086
678.389814722733
678.385081393305
678.381494486055
678.378984906719
678.374408738681
678.369179781215
678.366277672335
678.344357516541
678.34079650775
678.337182589291
678.336530871193
678.33486905676
678.328227257169
678.319483270247
678.318034225666
678.311742930432
678.306377704653
678.3055346266
678.302606036783
678.301403579134
678.301227141086
678.300799980461
678.300434791454
678.295135193783
678.28745979308
678.28057759033
678.277021705474
678.276201728673
678.272628391359
678.267639506961
678.263982982383
678.263680925345
678.26182414947
678.261557782008
678.257338150251
678.256922328799
678.256714611831
678.255218019115
678.252666680197
678.251758627412
678.249912972307
678.247524169555
678.243953784065
678.243807286398
678.239074749518
678.234551919091
678.23343134721
678.233163983515
678.23226658562
678.230198636227
678.228349489955
678.223873523502
678.22120608159
678.21945671334
678.21904073329
678.218664180512
678.216210673839
678.21339161928
678.212353949001
678.208758269076
678.208274583731
678.202335978244
678.193329433419
678.191551395246
678.191098126116
678.184348022227
678.183905306625
678.18214334146
678.181645510559
678.177943306857
678.171715804949
678.166614516789
678.164941828946
678.164679956278
678.161365664975
678.156836292287
678.155609754636
678.154359462691
678.154036438587
678.151080043272
678.131243461184
678.12974925011
678.124596001529
678.122843079006
678.105447599203
678.101681646388
678.091071888732
678.08993863128
678.087118793829
678.083359368718
678.078488042297
678.076765724938
678.075506142654
678.072233471314
678.071511082315
678.066560711775
678.066410995599
678.065722960376
678.065667189944
678.056580633951
678.052503220587
678.049989684687
678.049587267135
678.048534935451
678.048206027083
678.046157714465
678.044263266899
678.030947776062
678.023493547296
678.019159853514
678.017737449625
678.017734781981
678.016778720311
678.015579618563
678.014459298379
678.01348210555
678.009610563195
678.00864190904
678.005306997032
678.004517109778
678.003060619624
677.997552081009
677.997498726141
677.99696930634
677.994371015791
677.990796709303
677.985962282167
677.98433113575
677.97801706012
677.977876951892
677.968862121039
680.057733972086
678.985086690129
679.245783162149
678.704387414457
679.836648110983
678.110142439028
678.368181764678
680.168574387884
683.46598729178
678.344322920606
680.809170684047
680.210497456902
679.147613325147
680.967394607451
678.640283216736
680.811483328307
678.312674809966
678.047008686028
678.260124924888
680.047433797088
677.965222642691
679.376050576853
678.528008249799
679.652491039
680.071712290677
679.644788070238
681.626013060544
678.047656902781
678.913059521557
680.15718902065
681.625133070753
679.190202299815
678.037512310608
679.183484808243
678.39135093306
678.8426730294
678.864791838255
678.890683065324
678.011478168665
680.307037879954
681.064580911758
678.261841095823
678.920263332256
679.304054844138
681.979475504742
678.957038875504
682.912247237454
679.50039196528
679.649137056187
679.024553157791
678.523311301831
678.76522118752
679.033556442971
678.722390149673
678.080491380494
678.438382306881
682.186433399431
679.077989370962
679.559833447123
682.83878657403
680.380051719272
678.998927057344
679.899221497003
678.643651828834
680.921235760342
678.81242306738
678.011406092305
679.122819382645
679.676685012718
678.894278898445
680.481891962144
680.084136445238
681.537607285144
678.04738513427
679.288267999422
678.997823646707
678.947478302728
678.613449969907
679.755627862178
678.816420863473
679.571969255834
680.786139917897
681.378625686661
678.151456978499
679.777483777718
679.193926605499
680.249891959616
678.284259324187
680.60034817318
678.353320710205
678.965031360939
678.880855288007
680.807899282186
683.184845202212
678.729682545706
679.448376971147
679.966155749654
679.596107699661
679.543794860454
678.610925462315
680.848957915542
678.994715059288
678.183462995422
680.452337741234
680.639713640759
679.672450845914
678.575308029313
678.444945728119
678.105799273881
679.478286567796
681.069989213612
681.418411141125
678.448981856665
678.756545248452
679.369345933841
678.317656728243
681.844784240081
679.205015979586
679.493918514992
680.048240574389
680.37969677768
679.35833595848
680.999862543105
678.2220819065
680.193129308475
679.242633829179
678.722385358028
680.279828905764
678.064553633434
680.866978399391
678.141705502563
678.586843264185
680.181142558935
678.33538672587
679.334137405002
679.281469786794
680.384051835713
677.973873923287
679.400640114833
679.250284835682
679.855616738624
680.089278707192
678.809526850955
682.865622387068
678.164563189177
679.761282093289
678.815347586843
681.844439217198
678.000811750217
679.507601419454
678.401703258598
680.122130142335
678.050559446401
678.067793845347
678.056667068593
678.455080671229
679.287855947808
678.208864961839
679.341404278209
681.31044080925
680.410694923624
679.528722325195
689.810739412879
678.058979613001
679.615062786354
682.145881314478
679.602252473266
678.848454510362
679.236005223717
678.347752270284
679.543341960242
678.243469528414
679.439809167107
679.329845204969
678.212943407095
680.243278515866
680.783544150452
680.442750678894
678.710128964629
679.461295821384
677.969097332751
681.345763376364
678.904421515141
678.952802658054
680.295982387549
679.17818804713
678.122701367666
679.009122565732
679.823356863865
680.195641789441
681.189194643331
677.972516600858
680.057745353863
678.026673522952
680.124149373004
681.463878505518
679.073967923254
680.399649250301
679.094922922576
679.133269895092
678.716172243764
681.035191943529
680.206966863208
679.935207381394
678.772178022316
678.144347633548
681.650600171452
680.179353674652
680.197777300714
680.507882892045
679.987447598167
680.965637232645
679.552536189925
679.996148483739
681.323068777804
678.117578485871
678.145077491956
680.407014798793
680.425169058404
679.378065943833
679.275279132247
679.790109545081
681.053867834819
679.087250641172
678.040837523116
679.156481858912
680.46876977371
679.003791972853
681.050317703101
679.445766264781
678.961889477985
678.091675988259
677.99431201357
680.2929808379
678.288098674062
679.541499597728
678.725502322815
679.388379791055
679.764308881713
678.672870401459
680.132235224754
678.260302822278
678.748725411541
681.161937063707
678.44807529381
678.282025706967
678.953951833669
682.569194367513
678.937565233254
679.169629899859
680.518764947484
679.367569924716
678.311521502722
678.343015482145
678.527123898214
689.099259201899
679.789532953156
678.872440955618
678.383428372455
679.924183214912
678.085465911604
680.087906631486
680.003044267656
692.752878538487
680.305239540443
678.228043037285
677.972210358918
680.867806578668
679.785603253006
678.393232315885
680.871142328398
680.405859181706
680.433625735069
683.343320751521
678.233480669368
678.488397311008
679.74851082545
678.51122719304
682.406542964703
680.640361007343
680.216057995234
681.622988780443
679.582155422044
679.587030143656
679.881448884551
680.541158491426
679.661204153839
678.060722876749
680.214706807046
678.622800445281
678.058089596686
680.237569454233
681.105183284467
679.274498893251
678.321363540339
681.997757755861
678.177033162833
678.012842001156
679.578733648252
678.119100989476
678.794458617267
678.508619777075
678.614859486317
679.166064172119
679.208125037685
681.020572304455
679.446757700132
682.336456696892
678.817052821236
680.084636864037
679.007700628255
680.942775430626
680.148295611624
680.378183520932
679.400863414742
679.968764183799
682.968438475979
679.95790636807
680.422182800815
678.422091788874
678.949604246411
680.776003624459
679.136740803835
678.897993002336
678.234671679166
680.40737512578
678.248148229686
679.130762871581
679.242531198622
678.300183743252
678.213028086745
679.551079142007
679.720311017667
679.70938903751
681.196762355324
682.258410162164
678.81430997419
679.887240800884
678.390791254084
678.301547167149
678.506361258575
678.556590123866
680.292669145097
680.561974531385
678.11173103282
680.661264438877
678.307132338082
681.196771129252
678.280828321664
679.283579222785
679.699627919547
683.854389194707
678.673056270046
679.417620596592
681.070079566856
678.558690707637
683.207426066612
679.189314888965
679.045834334033
678.625084316873
679.847817419287
679.742611729708
679.41607701172
680.284580333047
679.668529069301
680.882726938273
681.35341475063
679.965244257081
678.747091584779
678.996593401191
678.314127248402
678.40321569612
679.766321599887
679.301843408456
680.465069005387
679.224245977234
678.469008092862
680.393217660437
680.268257213125
681.44825540284
680.023251284445
679.580952298359
678.374195478125
679.650969236473
679.62998184787
687.709200010639
680.75592207448
678.392452237938
678.536073396739
679.043754023657
679.05747625464
683.384102783579
678.151379157608
678.268965861958
679.669243499794
678.96415668007
678.987024827541
678.093511707264
679.350611967804
679.529176305029
678.601762380081
678.689996875429
680.948847571698
680.528083234859
681.865800140225
678.618577519994
678.341392407833
678.483390040517
680.391152283028
678.781292927802
681.182991018884
679.548872052155
678.309640867165
678.948857781832
678.446943376592
678.725187666515
678.679032784275
680.904385706205
679.177234088095
681.705541851884
678.192765496382
681.000755543142
679.671184338767
678.470869134459
679.675387999154
678.332831693845
680.879941623668
681.151891171378
678.087525936668
680.006980466923
678.051794756263
678.071192015064
678.706373252679
678.322003879579
682.33242100128
678.672222554597
681.018834878944
680.509563442274
679.518358063173
679.131657586735
678.52532287595
678.646530818934
678.598685548739
679.415462394039
682.006957003133
679.13699843148
679.054460469252
680.23888030398
680.265561685341
678.064346207133
680.323976690729
678.183126951717
680.994197209655
680.357193107747
681.953002663601
678.376502630081
679.003746369516
679.929704186785
678.293976090876
679.863307130621
678.977159220593
678.995955191698
678.397752475153
681.908594174544
678.738981439762
678.987406406032
679.625444338965
678.956098557976
677.982841283362
677.979617510762
679.013059714027
679.783187629244
678.02084078954
680.469539822152
680.589249181893
679.471955797775
680.747584944555
680.872495720788
680.481038941945
678.473985983635
680.492511963801
679.272329740893
678.614056114126
679.135351294214
680.10173255769
679.412143003997
680.382879250762
679.136918358424
678.820241171662
678.194209264989
680.078503331102
682.415752417066
678.716260234961
678.908234062122
678.155262914838
683.172173663351
680.480014103667
680.703884621058
680.803632805122
680.964910380638
678.169527809687
679.972404643521
