1027.74592271524
1025.31572054863
1025.01351345
1022.43836613637
1020.34625167905
1019.17384889409
1018.89004859901
1018.63728795804
1016.918626973
1016.72086556353
1016.20618555257
1016.04511440417
1015.84654741403
1015.33027252359
1015.25579224576
1015.25397612122
1015.21212232608
1015.09944090951
1014.8203878875
1014.78798685264
1014.10568190111
1014.0060672566
1014.00538816679
1013.86204211273
1013.78710511443
1013.77327467105
1013.71868102765
1013.65352875922
1013.61797063693
1013.44786091714
1013.18672906633
1013.18232606026
1013.00499553082
1012.85606201643
1012.72690692613
1012.46955534813
1012.39116635349
1012.36534963351
1012.28352344679
1012.23365299914
1012.08060953845
1012.06177096599
1011.75294997083
1011.65609197075
1011.59315793766
1011.48256497676
1011.43666611877
1011.33602245597
1011.27181180762
1011.22346047365
1011.20362706398
1011.19222830658
1010.97886033769
1010.88630837129
1010.81993954392
1010.79679946586
1010.62537484614
1010.57798525334
1010.49683075736
1010.45877188112
1010.37250015906
1010.23538317526
1010.18639299991
1010.16235208939
1010.15980900952
1010.03529017923
1009.99312289116
1009.93200582013
1009.85782042455
1009.80693985811
1009.80351028608
1009.73852415891
1009.68178234321
1009.49457216042
1009.48938021532
1009.37932106146
1009.25748653745
1009.22983753405
1009.17515515476
1009.14310209857
1009.14290401312
1009.03146318879
1008.96146484041
1008.9594795394
1008.94258477358
1008.93316110039
1008.88238048562
1008.82158574716
1008.79135331005
1008.78768994996
1008.76660343965
1008.73622054303
1008.66887298617
1008.64171319283
1008.64163540194
1008.6347451661
1008.62338284334
1008.58107857672
1008.55082911837
1008.50792411161
1008.49114746368
1008.47283825058
1008.46541662059
1008.44321686587
1008.3465342682
1008.3226581093
1008.24549125745
1008.21051726446
1008.19862427094
1008.05261112468
1008.0211395103
1007.99049183601
1007.9791481599
1007.97580322681
1007.94139794864
1007.93284185734
1007.87365837316
1007.81750081437
1007.78853937483
1007.74920540735
1007.7024880117
1007.69999624651
1007.69736487557
1007.66667219233
1007.66567916934
1007.57448950142
1007.55881538018
1007.49993037227
1007.31419838253
1007.27979894287
1007.27274879966
1007.26729495175
1007.26212993293
1007.19211278136
1007.15154282593
1007.14030279928
1007.09688048319
1007.07574893793
1007.06870289803
1007.06509203633
1007.06212432654
1007.00936966304
1006.96299723989
1006.92179492607
1006.87256829173
1006.87051491081
1006.84657812449
1006.74400532532
1006.74150242244
1006.72279619974
1006.67349900476
1006.64861325308
1006.62742411002
1006.60015659299
1006.59753046933
1006.59392687554
1006.57189234094
1006.54789804252
1006.52510652607
1006.48955426508
1006.46587222097
1006.45780331057
1006.43015243961
1006.42204822513
1006.35787564603
1006.33654601921
1006.31058560774
1006.30235620409
1006.26597661982
1006.18020293516
1006.16330275638
1006.13633858185
1006.13206738131
1006.12472426162
1006.1088674727
1006.05587137925
1006.03511349203
1006.03164657538
1005.99324353251
1005.97751925034
1005.96794978709
1005.93217852748
1005.90189097217
1005.87431665711
1005.85382173889
1005.84282436021
1005.80762925564
1005.78411619538
1005.77062591514
1005.75164851324
1005.57731858105
1005.52871245941
1005.41228798865
1005.4104449286
1005.38822892494
1005.32242677244
1005.30178113608
1005.27557389148
1005.2735977707
1005.26085955648
1005.25679150271
1005.24531626223
1005.24474960814
1005.23464551194
1005.21127924853
1005.18830478167
1005.17880003373
1005.1602760502
1005.14825628335
1005.14548006525
1005.13847888899
1005.10600902761
1005.07868385069
1005.07823293003
1005.07694310312
1005.06831316344
1005.02410936613
1005.02355668404
1005.02191077787
1005.00340315546
1004.9933069767
1004.93162792213
1004.92577839151
1004.90974772193
1004.8690491616
1004.86321572581
1004.85728088621
1004.85073580432
1004.81110511165
1004.76456295876
1004.74701520824
1004.74293429479
1004.73366281161
1004.71149349565
1004.70779091544
1004.6705883813
1004.63489531635
1004.60949137285
1004.58382821262
1004.5823627587
1004.56254042542
1004.54585004188
1004.53803644152
1004.53189297777
1004.51321419018
1004.47392131874
1004.47216659148
1004.45661510288
1004.45242657021
1004.44147895304
1004.43963167069
1004.41140222005
1004.40064909733
1004.39220084608
1004.34968955409
1004.33147408921
1004.30899856433
1004.306051703
1004.28167750249
1004.27890838622
1004.27544274002
1004.25455004407
1004.25191115434
1004.22336079024
1004.21916873878
1004.21312328588
1004.19232738297
1004.18863998586
1004.16795969177
1004.16789757487
1004.14314421859
1004.139823126
1004.10763933651
1004.05520607555
1004.02173280987
1004.01398211297
1003.99506961142
1003.98823427247
1003.98786555372
1003.96621893238
1003.94091712311
1003.90907369534
1003.90613096786
1003.87377554662
1003.85568264398
1003.81307306124
1003.77776741403
1003.77326212083
1003.76849439835
1003.76388717733
1003.76005289028
1003.74897321384
1003.73909269983
1003.73566976814
1003.70084632833
1003.69367312559
1003.69281707454
1003.67875856495
1003.67539360365
1003.6607069262
1003.65974789664
1003.64653619078
1003.64633045452
1003.6104818369
1003.60202013837
1003.57501855155
1003.55709121972
1003.52665849133
1003.49033437588
1003.48934112328
1003.48176716508
1003.48015574797
1003.45649090873
1003.42741431772
1003.41047875296
1003.26356179767
1003.24377007906
1003.2344015131
1003.1925995816
1003.16991135005
1003.14539937675
1003.12039531879
1003.11023018445
1003.09915853796
1003.01934371026
1003.01112643208
1002.98324633509
1002.97912015565
1002.97154720598
1002.95704410283
1002.93536940283
1002.91487787031
1002.91178835023
1002.88861307611
1002.8869244494
1002.88064168469
1002.86711528208
1002.85755451005
1002.83675403348
1002.82973574384
1002.79018693678
1002.75575388781
1002.75266447552
1002.73770393927
1002.72463769697
1002.70305007891
1002.69714922768
1002.69252812028
1002.68610969523
1002.66356689498
1002.64284718349
1002.63504386248
1002.63103607976
1002.62489664444
1002.59710305985
1002.58638186716
1002.57078346587
1002.56857664216
1002.52879968695
1002.52838121616
1002.52191216659
1002.50648340962
1002.47850948347
1002.46725342128
1002.46445631866
1002.42301946315
1002.41856287867
1002.4184509477
1002.3885217279
1002.38693357502
1002.36141240767
1002.35461066693
1002.34388114081
1002.34091585279
1002.34058997605
1002.32437066584
1002.31396071965
1002.30718552389
1002.29736873064
1002.27518629278
1002.23605956417
1002.22551569913
1002.22099570574
1002.21089356297
1002.20705140111
1002.20137817905
1002.19974109637
1002.17571788174
1002.17533937878
1002.16579823003
1002.16396164135
1002.13814496931
1002.13151950588
1002.12393515254
1002.10540906884
1002.10481916859
1002.09328791554
1002.07417023434
1002.06185829849
1002.05785224734
1002.02399867193
1001.98979373328
1001.98386044821
1001.95924648586
1001.93899924837
1001.92722650284
1001.9076310094
1001.86060717012
1001.85755159461
1001.83096827589
1001.81596765054
1001.79750720105
1001.77330099034
1001.7443863241
1001.72311119996
1001.71754274001
1001.71147538812
1001.70440615623
1001.6917584549
1001.67607930623
1001.67422423658
1001.65679163833
1001.62975485861
1001.61930209858
1001.59902121107
1001.5955909715
1001.58964409015
1001.51974369691
1001.44621662582
1001.43790565019
1001.43324367495
1001.4247450903
1001.40366002628
1001.39944674943
1001.38522613693
1001.37755147852
1001.37230712718
1001.36461346108
1001.3474051819
1001.32645801416
1001.28466892314
1001.28293546037
1001.28118708897
1001.27442601782
1001.27007032916
1001.26944455338
1001.26365946826
1001.2438555845
1001.23983244458
1001.23110785
1001.20731011252
1001.19436244354
1001.19302844968
1001.17901987967
1001.16262894896
1001.15947980713
1001.15152940918
1001.12796459893
1001.11962076636
1001.10364749329
1001.10284287558
1001.09809345824
1001.09487158976
1001.07357896719
1001.07240046218
1001.06817789331
1001.04771265697
1000.98597407737
1000.97929946532
1000.97561462997
1000.9611821036
1000.93627818675
1000.9347495868
1000.93017640747
1000.92651097123
1000.90608590327
1000.90335773029
1000.89691287647
1000.89590408586
1000.8865599536
1000.87070674224
1000.83904330772
1000.82848478192
1000.82501890413
1000.82270661955
1000.82082330443
1000.81955145531
1000.81434968195
1000.81375709294
1000.80914942934
1000.80657299827
1000.80371353289
1000.79538078342
1000.79206823147
1000.79169192396
1000.78007509632
1000.77480429196
1000.76973788291
1001.90354706052
1009.31978496365
1009.13277499547
1001.55004522338
1006.07835188059
1005.84717325252
1004.5600299195
1004.38961851022
1001.61539846503
1008.87415516979
1003.37514674343
1003.80750928733
1005.0104255729
1007.41581772993
1002.93990783619
1001.02980000147
1001.34355862714
1002.28630909886
1003.92537104603
1006.33860695713
1004.08105678846
1000.7821017488
1001.15382938856
1003.57031147441
1014.93187159493
1003.72453022463
1000.97271733972
1006.39117330819
1008.34252984837
1002.43979551871
1003.55144715434
1005.98148552488
1001.13208626057
1012.95837129804
1003.1980769452
1006.44329913969
1004.47432363586
1019.2577708099
1001.63388614556
1017.48583661919
1003.05024294149
1005.56206132834
1001.52076294895
1004.25554117177
1009.06844843936
1012.54500805763
1013.31499028015
1001.02231506718
1001.1020168287
1006.49143581933
1007.02271466422
1003.45254418666
1003.7831574107
1008.0086547428
1007.20461338652
1002.80412494239
1004.35930899911
1002.92367441014
1011.6668518543
1012.46431974048
1029.3534790849
1003.92589418276
1005.59146999115
1005.48578363716
1001.72372417619
1018.64524373899
1010.20429655529
1004.45920942258
1002.43282530826
1018.13212688542
1002.99228736921
1008.82969223767
1016.2980507999
1005.90410288913
1001.14274736048
1001.2053793275
1008.87014387938
1002.75273387185
1001.45055111433
1006.30502940874
1002.83532621499
1003.37342775274
1006.78003027549
1004.02898336569
1003.96831830053
1008.62720673441
1003.13815549028
1014.13345119418
1007.40302409316
1001.974232981
1014.51888559805
1009.28657280349
1002.1113931218
1003.16015652262
1000.93131214743
1004.62535971003
1003.73347642745
1006.39701968759
1019.78982851145
1001.40268844533
1002.39514684626
1002.7677401035
1011.39791765071
1002.16467723597
1001.6379707454
1001.47576256772
1002.33538777435
1002.62050516681
1016.65450814311
1000.85813707436
1017.41482856279
1024.6066571107
1001.88618486602
1004.26593232976
1004.18075086745
1010.2290595894
1005.79559184154
1015.4801769736
1005.37832080824
1004.29545171725
1011.94073541104
1007.91905737854
1006.92863769453
1005.60889349141
1004.75282981653
1006.30127461005
1003.83614278298
1003.57129522048
1006.63993252361
1000.83459837622
1010.26059092682
1002.86476478624
1003.73894384421
1004.64164787015
1009.26019916905
1010.95746530434
1006.5753116005
1004.73958354891
1002.94156137021
1002.27360082084
1003.60598753299
1001.43185222323
1001.86448652047
1012.84773805999
1003.9438619394
1003.16039329085
1011.55266300235
1002.24142869574
1002.36102774442
1003.39318024808
1005.32304561496
1003.19008591786
1011.3207085009
1002.01778513936
1008.8902856685
1003.87806641366
1001.70573920206
1005.40234548893
1005.11766825828
1012.40408122329
1015.66465438547
1004.41471705643
1008.24623840523
1003.27489341349
1002.64707875294
1012.66133577605
1010.41970641036
1004.60630316263
1005.74544786152
1015.96706542087
1007.01945550334
1001.37624757088
1011.38965366512
1003.5203784192
1005.93587635557
1005.88463324923
1001.27113116133
1004.21112594939
1004.88284364128
1001.96941145338
1001.07693220446
1010.65145401838
1006.09435838219
1005.47879382321
1004.1651185173
1002.07888414703
1001.42604969566
1005.35715528788
1001.42718486371
1002.69120700757
1003.43379085046
1003.93534612729
1005.79140203622
1006.68488425546
1001.24008739009
1004.68413479709
1003.27709931963
1003.79901865266
1001.07621616593
1001.88617106118
1005.78975585076
1005.76105705795
1004.12215723947
1014.53355035806
1004.36501815313
1002.44881948056
1013.94017210706
1000.84824061909
1004.49454702747
1010.03731298995
1010.66184602748
1007.27901257867
1001.09377097941
1001.4975444398
1001.29795404773
1005.62481044513
1001.80273316618
1013.28627792323
1005.3913629363
1007.56244207906
1015.43523270315
1009.56742036052
1003.33448020994
1001.99711613568
1004.41173268282
1001.27871864792
1003.77195407606
1014.14095847788
1001.62688802524
1007.93383028597
1003.42632285111
1005.94422049922
1001.04096832047
1007.18801050052
1005.09220460771
1005.51297743701
1007.90901448334
1015.86522411704
1008.62734797075
1007.27371651783
1001.43651265132
1005.21910909615
1007.00680707542
1008.85044268796
1007.98064526825
1002.14268120736
1009.92379155814
1007.97227729841
1010.5512151072
1002.64078462566
1005.1010110223
1003.86498956074
1000.87587701254
1002.23486673449
1005.00213837656
1005.40878169045
1006.61119571608
1002.59120759798
1011.48746377359
1002.84439648783
1007.67439209721
1003.09363265011
1001.21469745691
1004.115059406
1002.56360137774
1005.00924006509
1009.46874037558
1004.56130141472
1002.01126518173
1012.39168792851
1002.51228853906
1007.59672174185
1004.91469665537
1000.96929118658
1008.52924792627
1001.09835345475
1002.04277716909
1003.34499149507
1008.11995439148
1002.6384055254
1016.76902392993
1009.97169435152
1014.42697254383
1024.49429256677
1000.90107402231
1005.58532627349
1011.13365882598
1005.27261560612
1001.23070611791
1006.9272991803
1001.82001409948
1001.27040699421
1003.12638799412
1003.60733158976
1002.47905606672
1014.59594232256
1000.98552283459
1009.86578128207
1002.56208857413
1001.07171078227
1002.60182277248
1002.40659274849
1010.52109423832
1001.41581717357
1007.94120427098
1005.5936360665
1002.24291006444
1004.46118938671
1000.91631299533
1002.62873319581
1001.90454116038
1009.50997035026
1001.14752488032
1008.54282722288
1003.70543700693
1004.59354908017
1000.90094893423
1001.25722677395
1007.31759351639
1002.73867268374
1006.64658635056
1008.39948454874
1009.10289055148
1001.46077054356
1004.59214638589
1008.56044917565
1009.09531169896
1017.40219709992
1006.48225760852
1002.97532572676
1003.09538683925
1002.35136442364
1002.71656561484
1002.14302612622
1006.94452319692
1007.11948868967
1003.4740212925
1010.81167992741
1003.30473704533
1008.40985113252
1007.84303128484
1003.16275315538
1001.60128594606
1001.23777758083
1003.94381743906
1003.16343768224
1016.68382117995
1013.38536599143
1000.87506633749
1016.01786968845
1005.02975677633
1003.50496111901
1001.4642378772
1001.4501936508
1008.41454602251
1019.5306164958
1002.19387077697
1014.4851957829
1001.45513295119
1002.9551041749
1011.24263767855
1004.92899778751
1005.33649310106
1001.91904006084
1000.80731338415
1001.97849686191
1003.25457640294
1008.35508248803
1004.58417775112
1001.7652711746
1000.76226958598
1002.22273056675
1006.05496337945
1002.54741526839
1006.5162668998
1009.64253327078
1001.19161783114
1004.74648773252
1011.37706289793
1011.3013740054
1004.8344370891
1004.20085202226
1001.48693926044
1004.08771403677
1005.21054127788
1010.53073444254
1003.62478295001
1003.5921900953
1003.6711485362
1010.92722951963
1005.99675217062
1001.00350854268
1015.73100574996
1003.86445926172
1011.14328377848
1003.77481573301
1006.36322084454
1001.30974046891
1002.08460306939
1004.84280374081
1001.91879748022
1021.14261077086
1000.8621655729
1005.13078179555
1001.87825733907
1015.68893303405
1008.35586083187
1005.55522754008
1012.28664016344
1018.16203292779
1005.15610926444
1007.26823215147
1003.45962030088
1005.05160573331
1001.46874072525
1008.01032909039
1007.75384593918
1008.77297812496
1008.41700734494
1001.04411841572
1003.9624799576
1001.39310579267
1002.93183498591
1012.89869521312
1007.9537205677
1002.59193613473
1005.82333006523
1004.62696512379
1013.61843819788
1003.70644000068
1001.02589664491
1003.55806848472
1001.95723302292
1012.05157630513
1009.28298056399
1006.06137434136
1006.0037533646
1020.84617216323
1011.05754486196
1000.97677948255
1015.41958120448
1004.1475681794
1000.79853147467
1004.38751910375
1002.23496936262
1014.97612993309
1007.7453396923
1010.37669424955
1001.93789293263
1016.56531406844
1014.58794983827
1001.79250368513
1004.71087310543
1004.9689170613
1011.89698394015
1002.29724235096
1008.37821910531
1003.57656911442
1003.46398769153
1006.28353900405
1008.34369001639
1012.14454304184
1006.32726032598
1004.25210458742
1008.09269628782
1001.72037536568
1002.4227504646
1003.36503364038
1006.20159808672
1013.01608544371
1001.97295265446
1001.88459143173
1006.21109229741
1004.20739085644
1003.0506350497
1018.4679368685
1005.6026827648
1014.96106060914
1014.87094596405
1004.37234781918
1002.42861291279
1005.02236902196
1006.14228283492
1004.69624203407
1001.64405028066
1012.82292957499
1001.56827501255
1001.91225949074
1001.06523236524
1008.42907207855
1011.22998084239
1008.68989407593
1003.23604361069
1003.67924072538
1005.7633062538
1010.42335216838
1007.03701816707
1001.03944049736
1004.75244286709
1008.98998403435
1003.16765260803
1003.25689095781
