1041.93354172389
1041.01023385375
1040.29006908207
1039.89774461281
1039.72928544136
1039.26663556336
1039.2553644082
1038.48657253341
1038.47115866901
1038.25102571068
1038.12823327131
1038.10704578494
1038.0548408203
1038.01249238863
1037.86060745952
1037.5452687043
1037.52613305047
1037.5132195697
1037.50040311048
1037.49380076309
1037.4597605696
1037.28080562307
1037.21896871287
1037.15020426207
1037.14018859759
1037.11451939257
1037.107598135
1037.03728042438
1037.00729780868
1037.00631488076
1036.9689499574
1036.95305352808
1036.92457985644
1036.83705589573
1036.78487007766
1036.64794758632
1036.59493136665
1036.54342941519
1036.49674259898
1036.41232116736
1036.39172043419
1036.38456456992
1036.38240962995
1036.38104237992
1036.31802744826
1036.27909781787
1036.25630553503
1036.25378979176
1036.2456920625
1036.22976972253
1036.22879046075
1036.20465490031
1036.19011828084
1036.13039034114
1036.05931691401
1036.01656860593
1035.94341265116
1035.93827062371
1035.92935915515
1035.87637558906
1035.85677574145
1035.85193836159
1035.8423122865
1035.82868187222
1035.81631776102
1035.78201925954
1035.77862216702
1035.77205289943
1035.75022600694
1035.72801642615
1035.66050856645
1035.6570894642
1035.61096958254
1035.60417171449
1035.58495851557
1035.56924120568
1035.5377724629
1035.51554198404
1035.48744537558
1035.44235332656
1035.43823501469
1035.4192140864
1035.35806280748
1035.3421719973
1035.2669304996
1035.24071203943
1035.233935575
1035.23123324608
1035.23118873358
1035.18161104232
1035.15371233086
1035.13542448054
1035.12336448905
1035.05629198739
1035.05291936728
1035.04867456701
1035.03547186433
1035.00289761866
1034.98629318618
1034.97961697248
1034.9633545395
1034.91687266668
1034.89158883901
1034.87898523401
1034.87122626601
1034.8323558895
1034.82728200395
1034.81629728085
1034.80154550209
1034.77811887077
1034.77101129885
1034.76413840661
1034.7370550878
1034.73463058002
1034.68466453205
1034.67179967318
1034.65155376582
1034.65111043801
1034.64236430375
1034.62443953948
1034.62215615663
1034.61181450975
1034.58603374627
1034.58087862262
1034.54763516177
1034.54085946659
1034.53543020121
1034.52090838098
1034.36592284331
1034.35718870335
1034.33316419859
1034.31188089088
1034.31055297914
1034.31004138905
1034.29612328561
1034.29598330174
1034.27904035167
1034.26923981464
1034.26668894888
1034.2391957261
1034.22816560574
1034.22154411478
1034.21562732941
1034.20619135407
1034.20057183375
1034.19222755218
1034.17927726973
1034.17705901007
1034.16245043459
1034.13418439304
1034.13274705299
1034.11909464116
1034.10763857511
1034.10437763416
1034.10081391807
1034.09350050015
1034.06669478473
1034.06558257731
1034.04473681797
1034.01942632777
1034.01596115
1034.00647956275
1033.99740264348
1033.98092673501
1033.97634193024
1033.97503049098
1033.95555276205
1033.93812774572
1033.92860628415
1033.89939933378
1033.89524579127
1033.89425728544
1033.85889071826
1033.81221110104
1033.80135021472
1033.77859962572
1033.75332812517
1033.73676079378
1033.73614094195
1033.73260174831
1033.72492522358
1033.7236370971
1033.72127099942
1033.71152219019
1033.71139025122
1033.70542879405
1033.65640885598
1033.63921670853
1033.6377252193
1033.57273570513
1033.56255134823
1033.56050056271
1033.55244463802
1033.54777326362
1033.54523764795
1033.53581821475
1033.53077511285
1033.51074653926
1033.51028775394
1033.50464731042
1033.50215104419
1033.47581851675
1033.46504175429
1033.4644588933
1033.45967031332
1033.45788494497
1033.44763121021
1033.43595267538
1033.43493939978
1033.43405695884
1033.43118218302
1033.42114176166
1033.39568868203
1033.39288716674
1033.37325674838
1033.3703683313
1033.35797510654
1033.34102137251
1033.33076810773
1033.31220494188
1033.28669441186
1033.28064707518
1033.27020874106
1033.21487622687
1033.21299540942
1033.21098623881
1033.20992338211
1033.19515260414
1033.18394505746
1033.17796820392
1033.16551652847
1033.15998501728
1033.15612573216
1033.14739506726
1033.14465895224
1033.12777558564
1033.10893308195
1033.10875060159
1033.08475954379
1033.07357959079
1033.05519309328
1033.03879340039
1033.02150406709
1033.02119598862
1033.01754925562
1032.97491117661
1032.95005099263
1032.94388670502
1032.93924773325
1032.93264217319
1032.92593530625
1032.92364979243
1032.90706891326
1032.90552674669
1032.89565347237
1032.89549448315
1032.88947477577
1032.88833014041
1032.88456430109
1032.85091013494
1032.83531047778
1032.83450643226
1032.83137150661
1032.82561473551
1032.82438203964
1032.81516833853
1032.80368664889
1032.78817807902
1032.78772167154
1032.78686937171
1032.78567751385
1032.77939585672
1032.77060994227
1032.7501754871
1032.72849958346
1032.72342696399
1032.72202348272
1032.71799019615
1032.71519648435
1032.71320906098
1032.70789275218
1032.70512310163
1032.69560088312
1032.69327634712
1032.689400489
1032.68868391942
1032.6724391769
1032.66848791361
1032.66833489762
1032.64964643125
1032.64781204485
1032.64611133809
1032.64007319861
1032.63659198899
1032.60722720606
1032.60327506964
1032.58738531973
1032.58417464013
1032.56959239348
1032.56946690759
1032.56581896051
1032.55211664814
1032.55185322053
1032.5473996975
1032.53202490003
1032.52639500677
1032.52261454822
1032.52211038699
1032.51613378599
1032.51307764185
1032.51097987138
1032.51024266315
1032.50794260435
1032.50099193852
1032.49371697488
1032.48799485551
1032.46940436498
1032.46557664727
1032.4634336353
1032.4593851176
1032.45875489029
1032.42764905212
1032.42661772558
1032.41584238629
1032.39084530405
1032.38944830156
1032.38277420567
1032.37871897106
1032.36984932657
1032.36621943682
1032.36238157561
1032.36142574771
1032.35545508884
1032.35298311592
1032.35135807612
1032.33695821516
1032.33059933569
1032.32725859643
1032.31335212335
1032.30777228828
1032.30576989937
1032.30392344668
1032.29681723402
1032.29400155912
1032.28861758442
1032.2849121837
1032.28459225073
1032.27657162415
1032.27070508588
1032.25532558985
1032.23718971397
1032.21980653953
1032.21805735539
1032.20143424698
1032.19768412042
1032.19179954921
1032.19067770403
1032.19000082454
1032.18900330313
1032.18380001349
1032.17837540047
1032.17648718828
1032.16854304233
1032.15812721618
1032.15543849779
1032.15142803574
1032.14754340959
1032.14518262974
1032.14375738838
1032.12969788999
1032.12712543939
1032.12651544072
1032.10639375657
1032.0997097978
1032.08954169054
1032.07587065298
1032.06196960932
1032.05720223065
1032.04256718024
1032.04105760319
1032.04038310481
1032.03884354741
1032.03710411969
1032.02397081317
1032.01846413351
1032.01652714647
1032.0096570359
1031.98686917576
1031.98474121473
1031.98407893454
1031.98243472244
1031.97255173044
1031.96560455552
1031.95346598926
1031.9532973671
1031.9520164588
1031.93547027532
1031.93412330555
1031.93334180847
1031.92465496111
1031.92397484168
1031.91685337448
1031.9104872318
1031.91043425634
1031.89740430818
1031.88555310188
1031.86550226588
1031.85898865379
1031.85386915135
1031.84884430008
1031.8424595568
1031.83505776928
1031.82512976783
1031.81565317831
1031.79646874481
1031.79644768485
1031.78661609143
1031.76447467821
1031.73890174955
1031.73291828312
1031.71941173844
1031.7166909292
1031.6886824223
1031.68223234435
1031.68045119358
1031.67216549897
1031.65078349407
1031.64193240773
1031.64147595069
1031.64062669902
1031.63931046695
1031.63672029016
1031.63656226121
1031.63569129108
1031.61912911117
1031.61745344375
1031.61666720725
1031.60737141372
1031.60444205897
1031.60267942425
1031.59339792759
1031.58140849516
1031.56718593302
1031.56181577767
1031.5597966164
1031.55518612405
1031.55213629567
1031.53624863417
1031.53517550713
1031.53455970997
1031.52954363646
1031.52909980524
1031.52838868975
1031.52270480151
1031.52204430798
1031.52197240049
1031.51554978409
1031.51455435755
1031.51220419618
1031.50628357372
1031.5040620749
1031.50060828583
1031.49302412744
1031.48900751286
1031.48741083761
1031.48385509365
1031.47627160383
1031.46584808283
1031.46511313998
1031.46175368134
1031.4540747809
1031.45372787449
1031.45131568102
1031.44854836843
1031.44583323902
1031.44370053389
1031.43930702304
1031.4317221685
1031.42869796978
1031.42750296557
1031.42513167904
1031.42166770446
1031.42063011725
1031.41715070379
1031.40485728412
1031.4004195741
1031.39778485492
1031.39577117104
1031.39130801327
1031.38779351148
1031.37875557429
1031.37481914588
1031.36808486995
1031.3620858612
1031.35693355685
1031.35574132377
1031.35507348984
1031.34815918083
1032.75467235698
1035.87024250789
1036.21220668524
1033.75503471842
1031.94907532275
1033.80233426232
1031.63867124797
1032.50469033503
1034.27270800375
1032.09998282585
1034.51976987163
1031.82368644066
1033.17118263922
1031.41267911548
1031.8424872223
1035.19474578134
1031.34961590525
1032.37020369701
1032.39780964774
1034.9706974399
1033.17040992511
1034.01158418284
1031.7381424864
1036.19073207451
1035.89065750065
1034.28131050342
1033.25889604306
1036.28609084491
1033.21251052509
1034.70208219149
1033.41142524719
1035.23496717902
1033.21678950036
1032.36890847617
1032.83844475068
1041.63970088678
1034.62295564882
1033.1216463799
1031.8339153582
1032.88095619127
1033.60407020832
1031.57949057118
1033.56072694686
1031.87400177473
1032.53799563039
1031.50964936777
1038.46415891574
1037.69250421434
1040.1443551561
1033.65863975067
1031.5390413553
1032.92479435098
1034.46642296664
1034.52596563263
1034.57436812509
1033.40937595654
1032.08472442661
1031.78850702496
1036.08004676453
1031.35247696512
1038.30097565715
1032.9102341257
1033.71963140773
1034.55401000562
1032.56628632534
1039.19172241063
1034.33392882801
1035.61417686861
1035.1957033535
1031.53116998951
1034.86316999416
1032.90615918418
1033.71443998371
1033.68085575287
1031.58306771679
1033.86325838604
1034.62946249559
1035.53630352988
1033.56143613474
1031.90087057437
1032.83876188596
1035.3380896969
1038.79659110414
1031.60778810737
1032.81043468112
1033.52166325816
1036.04508895922
1036.02851704475
1032.09106052345
1033.80879228364
1031.47199104291
1031.84043136653
1031.83192094379
1032.06248576988
1032.91913990213
1032.24982911717
1032.68430789026
1039.26928966616
1032.27499423426
1034.48764797902
1031.5080129428
1034.15448381269
1032.40640486634
1033.42267878628
1031.64479726445
1031.80708883097
1031.3891843326
1031.45238053695
1032.7884230735
1031.88343270225
1036.15625467781
1034.91276206349
1032.86932604235
1033.44536746535
1032.06375037332
1031.43044599581
1033.33547995203
1034.08803704903
1032.019852514
1034.75682634658
1031.85446141173
1036.95713033944
1031.95111877014
1032.02449974526
1032.91331158739
1033.25439353254
1033.30749457617
1033.42715742733
1035.58403167523
1032.50853563113
1032.80747737818
1032.24808217955
1031.58806518567
1034.1799372947
1033.22626405103
1035.53679684217
1035.23633421278
1032.51356847669
1031.39383089013
1033.41397852951
1032.11225255466
1031.40851416403
1032.38566897431
1031.74292731118
1034.16588329521
1032.5623138341
1032.60836054255
1032.34193614714
1032.19892086326
1033.60445943307
1033.95828465464
1031.88314598428
1032.12499341458
1035.31728781425
1036.8609896053
1032.16549826979
1037.34383727711
1031.79722178038
1033.37467286313
1033.18308364273
1032.79289964565
1031.49729440314
1041.0344959958
1034.20576568502
1034.88557526175
1032.39918380247
1032.64145108983
1035.68000114358
1033.65000805468
1033.34505063321
1036.28376926207
1031.63200313616
1033.11362633066
1031.75873301148
1032.33834287263
1032.21133485585
1035.29453163418
1036.38268259958
1034.44576927981
1032.12616080303
1036.04747211849
1031.49772043312
1035.42150877332
1034.95575942476
1036.64634850341
1032.0547988848
1032.46932432114
1031.75471901624
1033.26816592697
1034.25730091023
1036.2328752269
1033.56495130438
1033.24190689731
1033.82861696067
1036.16191696125
1035.33952315545
1031.79450994105
1032.72815820132
1034.16107823561
1032.98774795095
1031.60808804087
1037.48520015364
1034.35282227493
1033.36363085534
1037.45698899786
1031.93458118298
1031.85287027985
1032.3936775382
1032.82258163662
1033.63628706545
1034.66058864709
1035.56528617662
1032.60534921664
1033.10116057767
1032.20977934209
1031.47727173479
1031.80235809195
1036.57778910222
1032.46173891641
1031.61151938037
1031.38001494884
1031.81950517067
1032.27053612619
1032.73896237759
1032.42065745164
1036.47487055346
1032.3145048717
1036.31466423788
1032.42693180325
1033.37718737922
1032.97809219972
1034.5241118873
1038.11132830745
1031.84184831185
1036.40360389497
1032.26078550433
1035.93207545033
1032.68758214249
1034.06217573889
1031.63147901883
1031.8365764462
1038.81696642963
1031.78987052564
1032.04770718561
1033.570733077
1034.35168705713
1032.80189416934
1034.97171790479
1031.63371655646
1034.02287087901
1034.52408950661
1033.35825163579
1035.54657738055
1033.79708335703
1031.57106186093
1033.92998505586
1034.71506273521
1035.47214899519
1031.44788994764
1033.54506935961
1034.30452122385
1035.3419811229
1034.24818716359
1032.55779826567
1032.67007058272
1034.28682330346
1036.88739295627
1032.20210625727
1037.40537979439
1033.29303810071
1035.02553148679
1032.59893181448
1032.06315728142
1034.17706962481
1032.86299937465
1032.53111828129
1034.14894938162
1034.46735392727
1034.54542739814
1034.57813480997
1032.27869791092
1034.17924372316
1031.81241293525
1034.68455834828
1036.96505521009
1033.15425172934
1033.47019048996
1033.15409774246
1033.91419515577
1034.03148748874
1033.71545830667
1031.91314384487
1031.97647286977
1033.34715767952
1034.57041905393
1034.11552184348
1034.87818283799
1034.63272769601
1040.61711541785
1034.25702560448
1031.68369153989
1037.16982124395
1032.38130869004
1032.38116352686
1037.21187478136
1032.39956396016
1031.57606269118
1032.10981704644
1039.43638902094
1031.69209858546
1036.13070196818
1032.36193163091
1037.70740871735
1033.49710517149
1031.85740322411
1035.8447351639
1033.10920521146
1032.73298628032
1031.90371765384
1031.6431906257
1034.31957615639
1031.4521023586
1032.06666350823
1036.10313062778
1031.81133300836
1038.93955687852
1035.06763019483
1032.92555551987
1031.67641012845
1031.4180616491
1034.30640893065
1031.75901480241
1037.78025635079
1032.91055544322
1033.83444642642
1031.59207904622
1034.35623916811
1035.43913001387
1032.83409790041
1035.63100806181
1031.75611165472
1034.32663791037
1036.83293468065
1031.66200754712
1032.88090893507
1032.24112900878
1032.87739545753
1031.93085537359
1033.12462718922
1033.24520218969
1032.04478841885
1034.51878252351
1031.73201081501
1038.90439646567
1036.0383297534
1032.3895730917
1032.87591696924
1032.96739260462
1038.54214727457
1032.46526323075
1035.2663116037
1038.58480981431
1031.38034196339
1031.7481237025
1032.89840281177
1033.49814516708
1034.02639906483
1034.79113994647
1034.28454302129
1033.7884175824
1031.52876191625
1031.6978373917
1031.49642540951
1032.23267466837
1033.87495114071
1032.22311518413
1031.93134621257
1031.5365482703
1033.65987644415
1032.06211149363
1033.31875150608
1039.87691185848
1031.37933260842
1035.68520155132
1035.13855345938
1032.77675080854
1036.34359231207
1031.70168786904
1035.24894568468
1036.14031897802
1033.69039755146
1036.03597230007
1031.39824100551
1031.60489351181
1031.62556627381
1031.35241527629
1033.01796688273
1034.57995797506
1033.70837358943
1036.89070562297
1038.05788293514
1031.68831722243
1032.31338057596
1033.44707896946
1033.02781568074
1032.61744149963
1031.99084960053
1038.20260855619
1032.54992228578
1034.68853988479
1032.05352671772
1033.5279416061
1035.58830325496
1034.89753071357
1033.04290522444
1034.73739877016
1033.66902979434
1031.40553914679
1034.25703624295
1032.96450125525
1034.90363051127
1034.45593477414
1035.82619950093
1037.67072266206
1034.08450121013
1033.31638884732
1036.92214934966
1033.21046913952
1032.66614429558
1032.98601467013
1032.06267343136
1031.37580518048
1033.75085440153
1032.81065072222
1036.88461266132
1031.45798651976
1033.85721708408
1036.00940544085
1032.54983613041
1041.22593590629
1036.44792558457
1032.0108384624
1033.78903279796
1033.60940727846
1033.64308189819
1034.78326022377
1032.12249112672
1031.51815575171
1031.41380109969
1032.65849614662
1033.01799619119
1036.16103201818
1031.79266830536
1031.40938621248
1032.16627445744
1031.8010251697
1031.49831135173
1033.31335625175
1031.56367549759
1032.24228082137
1034.34401450467
1031.45047073708
1034.85541758927
1034.47602008736
1033.04513125422
1032.24734948072
1033.40829327882
1038.07476235159
1032.15033531045
1032.49028276968
1032.53189591088
1032.34471817874
1035.00237571229
1031.52399854876
1031.89004311681
1032.39328286895
1033.51457914362
1031.87245397563
1032.22342367511
1032.38339161396
1033.448164409
1035.05066453499
1034.49561246591
1038.45173841046
1031.59862610946
1033.2513806352
1036.63942920941
1034.91645536761
1031.52705448522
1036.40047351828
1031.60441345368
1034.52430254218
1033.43229977325
1032.13156193655
1032.70671802332
1032.70255121197
1034.68194550136
1033.4016754732
1033.50921564797
1032.27472669014
1032.9724075343
1038.73977458128
