742.462568985389
741.318189076464
740.727646163352
740.526779917069
738.329606281991
737.257694420456
736.828146981215
735.489721686504
735.283991123365
734.493849689946
733.77963866753
733.0766999251
732.825019304496
732.600012481834
732.53539632389
732.25116443854
732.07838218812
731.311669155582
731.234963583522
731.094916753646
731.077871230917
730.35985713581
730.201254572668
730.110411519528
729.701373242764
729.470844911663
729.409046465674
728.85201335407
727.99919146673
727.747822847411
727.654463618962
727.556398389877
726.617103212595
726.500121126111
726.260165446748
725.895639256417
725.707012194408
725.668469908172
725.583909437063
725.130669675022
724.507240038369
724.396084247266
724.281789305527
723.934706087903
723.680229751257
723.550782245461
723.428276718675
723.357634247013
723.038487288128
722.844768492312
722.751394175336
722.395576951682
722.173684182074
721.644511037851
721.608119562967
721.437606452094
721.394776777695
721.067888694106
720.731819069851
720.535993440382
720.39914477216
720.262224668915
720.24945234298
719.991048520898
719.956931613171
719.940538643403
719.831844837567
719.76502115085
719.608430081419
719.35905698959
719.325191955023
719.214400634234
718.875406069369
718.413737707722
718.266976343551
718.013675998036
717.86770221991
717.691870705967
717.43877904002
717.171291701485
717.044740321231
716.910062954036
716.59028792588
716.492804618236
716.241879207027
716.144400627377
716.138979029776
716.085443514472
715.660715289311
715.587112324146
715.579381418953
715.568422688324
715.548168548601
715.432564740359
715.414649240128
715.321267032228
715.192387429566
715.034653947105
714.922148328194
714.786558901114
714.764341066771
714.709594617765
714.676565533885
714.582848408963
714.488866539258
714.484152601129
714.482555406519
714.377707482635
714.357230072048
714.321278040654
714.296710211009
714.265303592515
714.2082759293
714.119705188014
714.092652430134
714.091330721132
713.836930265001
713.783785720966
713.39343496316
713.231974911452
713.198096017727
713.158834590147
713.086344043835
713.011611561888
713.008268938872
712.999966517216
712.85261239657
712.699623252435
712.681678132543
712.552114837635
712.545892510309
712.410399272584
712.353646360187
712.31023534026
712.260659152571
712.057602121067
712.034530591089
712.010293297719
711.984994710632
711.935158034014
711.865393576887
711.844871539594
711.818172298079
711.814538436428
711.737079464078
711.731434364427
711.590241626308
711.514481072974
711.437462603998
711.383097516237
711.354628337332
711.323741288933
711.290728326246
711.042924423919
710.946945654107
710.726325401504
710.558609652644
710.483915500784
710.431533966071
710.410591694573
710.374949046649
710.218884790985
710.184213043922
710.178991318806
710.159806623326
710.139517925182
710.039777659078
709.898284737204
709.686565771226
709.576750770052
709.560220338373
709.545336272535
709.480122698746
709.44696667738
709.437032415169
709.428168138351
709.36488525845
709.347504792047
709.332007334135
709.251099469495
709.144635370924
709.134704810866
709.105498324965
709.053611517283
709.024410730978
708.933144741203
708.928928125926
708.908261061546
708.805564033205
708.78614948883
708.759989477616
708.723237632414
708.6511282159
708.633278877332
708.62472819763
708.613515804901
708.498675533228
708.454883411409
708.415075751624
708.313238078848
708.301484800675
708.211363418918
708.137224623314
708.006606737783
707.963454401029
707.936930394456
707.897110865601
707.784052524905
707.759136337539
707.556075783387
707.432457855469
707.249054222268
706.977213844424
706.975981812925
706.952012760258
706.732670475706
706.640143724291
706.573524630099
706.564993506161
706.562380521028
706.531446902154
706.506281006843
706.378782687065
706.30446046599
706.295728463035
706.271995038245
706.241364591021
706.154053516834
706.130025621578
706.120185579634
706.023792952673
706.020226615985
705.983841690799
705.957974025649
705.834807987158
705.781388888872
705.596204750602
705.592215060391
705.549933971323
705.49298512934
705.477300697878
705.269608742447
705.264167082656
705.237855825843
705.204620797946
705.14988907206
705.142609170206
705.103784566536
705.090808055711
705.09032929692
705.073843434974
705.033008107732
705.032057396373
705.028442032435
704.986428105503
704.963394111577
704.926426951995
704.881708180177
704.870574769045
704.799692272565
704.596792261979
704.576662900819
704.576178917879
704.499338050865
704.481306944403
704.357738092072
704.347057436452
704.327272956415
704.301825236141
704.272126191035
704.258603458243
704.206181281783
704.147803082254
704.085322579257
704.081966283828
703.916873181861
703.754769835205
703.696126089362
703.680353960858
703.667784759238
703.667409980735
703.5090286243
703.503906288661
703.415485284643
703.377832268354
703.333415018741
703.19513783238
703.137529188921
703.121658729084
703.064307829533
702.859728563982
702.842257014743
702.792189920092
702.780082910331
702.777724085725
702.773697532142
702.751904588406
702.749053382971
702.715655056327
702.705418365876
702.704748692959
702.701072226641
702.691634908466
702.677550476696
702.671432976019
702.657240823961
702.650104380856
702.645877733088
702.638610887889
702.638046934811
702.634322097086
702.631698616592
702.615408072429
702.615310893306
702.609998298839
702.606405438961
702.602193928913
702.600335102287
702.591249667479
702.589051280605
702.588964390504
702.581894011001
702.579797221407
702.562848089629
702.562327727854
702.56170307351
702.560487106961
702.560003251935
702.559592702972
702.554269468268
702.550451973198
702.535616013151
702.53514597727
702.526342244993
702.517954285042
702.514486204275
702.512105777207
702.508393418529
702.505025764143
702.499845576484
702.498637642531
702.48748413206
702.481335558438
702.480619932743
702.48049687735
702.480426465627
702.480286668749
702.476984729624
702.476612753763
702.475009872892
702.473610640723
702.472783934548
702.470807046213
702.470342827718
702.465980984525
702.460959770722
702.459226501728
702.455412149687
702.454410458024
702.446692975001
702.444566893137
702.444024386038
702.438679462709
702.438616981058
702.432913765693
702.429758818954
702.427141385341
702.425701475583
702.42470850467
702.420390533664
702.417994588317
702.416781010423
702.413891140115
702.413386174637
702.411918289697
702.41181819161
702.405567985917
702.405345108976
702.401581356355
702.400640502103
702.398881770566
702.394668816336
702.39156550673
702.390660262966
702.389192727731
702.385436841755
702.384638980543
702.378848175676
702.375892436268
702.374882439114
702.371755380787
702.369690223835
702.366740069975
702.36462429041
702.36404640879
702.356818333935
702.355997161449
702.352743779277
702.351673038531
702.350664689697
702.349356812718
702.348898568311
702.348697607138
702.347675534942
702.34654903061
702.346471613041
702.340841359596
702.336692667421
702.33625853984
702.334973481774
702.334223382521
702.333242163399
702.332912047937
702.331268935195
702.329994393353
702.329841418469
702.328227395528
702.326726691556
702.326438851057
702.324315283421
702.322228726744
702.322189813276
702.321558862566
702.318325859191
702.318232655973
702.317373615702
702.314456387038
702.308951866267
702.304280149447
702.300607934493
702.295933866077
702.293114852218
702.292151837932
702.290740834035
702.290559848519
702.288414179342
702.28600262995
702.285931354663
702.284528653686
702.28430927772
702.278201550288
702.27652536343
702.274754292939
702.272146020625
702.271243368539
702.269150096153
702.268457556204
702.264992363311
702.262980583498
702.261277869494
702.261074423601
702.25906799244
702.258238632218
702.257649450253
702.256174313646
702.254870672407
702.246671132948
702.246409558028
702.246109092633
702.245960917317
702.245286857095
702.245254431368
702.243383754161
702.243240819298
702.242180835126
702.241477023791
702.237413112877
702.237269856003
702.237228194884
702.236197776605
702.23419499333
702.234027666144
702.231771737131
702.230587144653
702.22939463825
702.228614911221
702.228533216837
702.227087648562
702.227019983276
702.227001049285
702.226559385269
702.226471588712
702.225453675318
702.225342041262
702.22518488385
702.22357931918
702.222300148407
702.219236865201
702.218024360104
702.215672830109
702.214050127182
702.211640668556
702.209840970557
702.209112000321
702.207170006881
702.20651073463
702.204396286743
702.203787732332
703.810613783543
710.245169554133
717.306471276069
709.848118087043
721.400031581302
719.750757675375
714.48305802449
702.261751907234
730.223759098125
703.128237092561
717.158633233559
702.20789368974
729.075444144322
707.15483252877
702.255325210288
725.095598647764
723.903565472944
738.416104789196
709.555960453112
711.065105063788
704.198620363509
702.385837276937
710.258561404733
714.977693837666
718.2533260018
724.724027383737
702.522339497843
717.659933788644
707.965890338515
711.862197096811
706.29473699221
715.564855263855
712.473361049984
741.489368218847
713.267550604915
716.208420361701
717.404354840922
703.430832581364
705.047724823936
702.455808105606
702.462876021655
716.181120991513
711.474532938863
703.910711435902
705.253476104292
703.168189501565
704.630326140845
707.624520182501
715.909863403839
704.944125652716
705.752976998653
702.255309594055
702.485869248584
727.718189479454
710.883521290688
726.235410579946
711.848581971863
702.412892315635
702.654698560436
709.422687650243
709.935793024765
719.9514920433
726.553481384858
702.527242145398
702.250662104144
734.142140052869
702.4486910891
717.648533198253
704.892149358371
702.556125248477
702.31510547039
722.403602928797
732.63633657762
704.84885816365
705.75642998051
702.351302713467
702.463464714002
705.835050233917
702.651330641185
703.043421147242
706.315704026526
702.493181419612
710.614483348939
712.256725203409
702.275569727145
702.246513909263
703.567515852021
702.649053414487
702.222579231206
719.401420254082
723.385212916392
712.827441041696
731.335353365855
704.809131363219
718.430797483592
721.041247543674
726.004455955569
703.879436840956
702.255890441736
707.220343824716
702.226959944804
703.274040257929
712.723669249129
709.740440710281
702.399312590967
714.713550806044
722.554906622309
723.284347380143
723.687678449605
702.255431876132
726.969030813849
706.00092647814
702.556812295333
702.29957172369
725.828391985944
715.697220685384
712.203989820931
704.787634051691
702.52823895575
720.129801844746
702.252711543871
729.15719487677
702.266603634172
732.245486475857
713.638967736308
705.182053083498
721.38394257651
702.464854008551
703.865799449113
702.282746094369
707.596107283597
710.895643194797
716.438044667546
707.84280902213
702.322641297012
704.161587107234
702.198475113799
704.747173898106
702.363651731082
715.979618567948
703.512417603431
704.900700297023
714.400512926135
702.209187365228
717.172763746346
714.199452330376
706.247512836907
711.587521417324
702.334675795707
702.380016663374
727.771136011899
725.002883936484
702.341072995819
702.235872933674
717.108161342432
704.233808242544
702.666252049851
719.227091296641
735.64805612095
727.918561573845
702.261877509053
708.353694569883
718.959305496002
715.168678888005
704.647350441885
734.779479823429
717.688340284201
722.180984717776
702.348408066965
727.404620468225
740.197008341165
713.284483511643
702.454252088594
720.618466325543
711.082455809417
704.72478066156
709.196664673982
732.758989315305
702.792585670055
702.330856337872
719.723838984356
718.541747478332
712.705152785355
702.413217712778
718.937110574733
723.421791442355
702.292840541036
724.133054565515
707.305234594326
717.130774691038
702.272895444834
702.230591871221
702.663363498627
702.236775707929
703.303480422713
714.06000972017
702.257809191261
721.63009567634
705.595943840427
712.234298914193
704.508072479352
702.419131027353
711.844846546398
729.997842262143
724.929624477723
707.809278311033
715.850211637465
709.893300931652
708.608148400778
722.992337484933
706.524417221268
718.810462867069
719.630536972647
702.335626208502
711.821101600937
718.548268359887
702.2042871811
709.669606048313
739.495954521112
714.236201125501
702.207511072735
713.79485902301
716.427639402199
726.83656409778
721.210192720712
717.312583613938
714.610916392178
721.557413602538
702.586980254479
706.073311253034
740.445736007066
703.298271351959
703.172070640886
702.591615907098
702.804936293622
707.278980882735
715.00831050457
702.34227745382
702.801458948099
726.985152444386
704.200005941833
718.043696408971
711.700348402449
704.346484227036
722.71217587136
703.839296443914
705.622103037486
715.749886428949
727.642651595796
709.510526814257
733.164019967875
706.828092865122
705.726573918728
710.460460395746
704.199514097897
733.925197360124
703.201225720928
704.205143279802
702.292559172347
708.850032168756
702.686326304051
705.533203628949
702.198852207989
709.442098656922
722.667015904881
708.313710977715
717.584142056045
734.4359507732
709.95301359465
743.600172271755
718.406046856407
702.216443392368
715.535820044716
718.99391942722
723.88307134993
702.241475735828
717.078166932274
720.837220143654
702.393661457359
731.624154844745
702.418420388918
717.203383406932
716.642537353377
711.419760594167
702.258888180952
702.713497550621
728.498862281716
705.474716879714
708.548927343286
718.089007870656
713.256599790442
702.234352679481
706.322782575078
712.317713012628
718.864714358947
707.351813380197
702.306453308343
710.275273746738
714.04926252257
712.528051153702
708.132356550518
705.144466469579
702.48892311069
711.693894539348
702.732958521889
736.4529616551
702.225705790875
734.166347257217
707.041629325894
709.994268495066
713.381431662392
712.312961334483
704.493090202261
703.907072977008
722.408106503566
702.247710831865
706.791576370698
726.480490897949
712.52884966484
702.313101780631
702.252827920001
708.774007111156
705.575073251081
702.32999783137
708.763524583101
717.049914115065
723.256518401802
706.704620295294
719.288590637328
706.117954555666
706.483608297298
713.581435333701
723.089372538809
704.116536384532
730.783170026094
709.710923412447
704.836177736238
710.708865512642
702.661172933471
742.380211575546
715.793937028203
702.47348196895
712.008879320946
720.058889057261
710.866999214421
707.48833621958
709.935297087385
706.368017049219
720.326397906571
720.347433183501
705.683646215268
702.603914593172
702.628493771341
702.275279203071
708.463728334992
730.08633556035
702.302760131621
717.556205988271
709.289179571696
707.831635404344
721.171227296687
727.394871394202
726.546636456908
703.446654642572
702.661131910346
708.296632268297
716.649672722399
711.17193221932
706.443351100675
703.853220973649
702.44701649747
702.893464772932
719.142308141656
706.474499191839
702.396514413635
711.728261799075
702.311280712595
706.046266677126
709.75319696995
702.209713494322
704.343556960844
714.385346381019
702.274655430828
710.484687529096
720.386572758686
703.058174501318
708.356458546438
707.414693982978
709.198002446422
718.413808651813
704.456797145072
703.394739241161
702.457405717259
714.277766780302
706.119933781588
712.683744022301
705.458112526442
707.426832128167
702.51697990475
721.052744748275
715.414841794599
702.442622076145
719.83032984293
705.806019870945
706.262337637331
710.452419390633
703.485971947937
702.211772564125
702.305623336504
702.324793746765
704.292225958342
709.470006266301
703.737399033585
707.833475048694
716.728728763251
702.315081287144
704.832430658096
710.50480287144
711.659213402566
702.557984975548
704.720976772068
714.005468465992
702.415006528825
702.254487664825
707.890255393093
719.098862108667
722.209143844466
711.241671822406
739.78325609608
731.562493524437
732.668068990529
703.674710059043
721.60821076258
735.381740975919
770.979303929054
718.020594579866
706.987189030046
702.436304676332
707.666128015846
702.714361701133
727.960421033079
702.387215169446
702.447494312314
714.52344081856
704.360811994485
729.678521665081
709.936111223189
707.047576104885
704.381761121585
702.359529788755
712.187876135258
712.912123085361
705.223128778591
715.862553719485
724.957500620036
714.366248878425
702.248630379466
706.762788898909
722.228263544345
710.748947697818
708.765203126694
702.202337177997
743.018328391535
702.353998072408
709.382072773788
712.263686120884
710.203098993391
702.473341774812
709.485266334962
702.543275829188
709.063521693383
714.702532368166
711.52745903363
702.284420532345
702.387682057513
723.520102954912
731.299749121237
733.056101118823
704.352645604839
745.121986898178
702.419918686973
715.896331780045
702.234229694671
702.302017866351
702.260834708121
702.45701985948
706.02127458749
704.390350583308
702.24239377349
707.512202703395
713.818323422355
721.392677109623
710.090144803082
724.130244955523
704.482095096106
702.650836639753
725.802518642725
713.836717485011
708.339633606611
717.811646483727
702.530432531686
717.684431526891
