1088.03823692453
1087.96990303919
1087.95642471735
1087.94746993139
1087.92544226602
1087.91311176969
1087.84288039431
1087.83870656884
1087.79345745893
1087.76915129411
1087.7659134458
1087.69752167369
1087.69036459856
1087.68486670704
1087.68323443161
1087.66323514438
1087.66127299048
1087.65525874163
1087.60709762879
1087.60485366719
1087.59937415321
1087.58532050398
1087.58188731831
1087.56802281976
1087.54672908492
1087.54652694097
1087.51782651892
1087.51537486008
1087.50821168391
1087.50605587032
1087.50514653745
1087.50246768909
1087.50190790559
1087.49886001034
1087.49203634313
1087.4831926517
1087.47680471775
1087.47165881392
1087.46992119858
1087.46776417857
1087.46448938747
1087.46333846226
1087.45846404147
1087.45750614826
1087.45598893812
1087.45522106969
1087.44857470183
1087.44639392949
1087.4295596203
1087.42949361025
1087.39908140844
1087.39176412401
1087.3876011743
1087.38439017661
1087.3699490538
1087.3685501354
1087.36516171389
1087.36312375613
1087.35574385928
1087.35350846654
1087.34884730887
1087.34825541382
1087.34522391401
1087.34366950405
1087.33982179918
1087.33815904057
1087.33220869376
1087.32888546943
1087.32811927109
1087.32558514466
1087.32545737497
1087.32441586136
1087.3217007326
1087.31085685395
1087.30639878795
1087.30530187909
1087.30460599551
1087.30308868793
1087.30160180521
1087.30036760753
1087.29748543209
1087.29738091782
1087.29647403452
1087.29329371377
1087.29192677717
1087.28740524239
1087.28614041008
1087.2829504493
1087.2814533379
1087.27516067471
1087.27489695701
1087.27475105346
1087.2743842079
1087.27282566739
1087.27203373918
1087.2714015829
1087.26797746023
1087.26646264892
1087.26527712784
1087.26518063121
1087.25866117998
1087.2586354335
1087.24751452665
1087.24342370869
1087.24176300957
1087.24152659752
1087.23910585455
1087.23909145065
1087.23104846686
1087.23073374327
1087.23052913644
1087.22822551218
1087.22750699758
1087.22587583237
1087.22370557206
1087.22233974624
1087.2219232735
1087.22166345484
1087.21793261391
1087.21594708273
1087.21041893582
1087.21008993394
1087.20916746676
1087.20850068524
1087.20598936003
1087.20588115354
1087.20252471689
1087.19954200561
1087.19601133463
1087.19561248304
1087.19522740437
1087.19115793725
1087.19019350378
1087.18925668228
1087.18918715106
1087.18752480618
1087.18112072798
1087.17958003578
1087.17869593311
1087.17741515852
1087.17730475347
1087.17514788917
1087.17242250973
1087.17234970016
1087.1678949614
1087.16742697118
1087.16616297739
1087.16590128739
1087.16541962118
1087.16402220584
1087.15948960204
1087.15925122699
1087.15917631672
1087.15734048405
1087.15706547539
1087.15593431524
1087.15577316782
1087.15297381806
1087.15270555994
1087.15097802967
1087.15012851307
1087.15007104534
1087.14943240281
1087.14899256994
1087.14800748551
1087.14487378975
1087.14389736106
1087.1426725579
1087.14147152301
1087.13996270109
1087.13793698567
1087.13595631527
1087.13595030267
1087.13572508867
1087.1332881585
1087.13122031371
1087.13051561024
1087.12687689746
1087.12651419857
1087.12576409005
1087.12540743428
1087.12464397387
1087.12427507476
1087.12373895299
1087.12262874498
1087.12033599901
1087.11743585559
1087.11690122094
1087.11501430551
1087.11411936816
1087.11394836314
1087.11392117791
1087.11032426794
1087.10856970653
1087.10687783174
1087.10476615616
1087.09887928815
1087.0983088085
1087.09735219688
1087.09609179911
1087.09609151416
1087.09376233812
1087.09091269751
1087.0883595196
1087.08721408438
1087.08659999366
1087.08538246531
1087.08433656255
1087.08386146576
1087.08382442742
1087.08164065482
1087.07940308686
1087.07537222565
1087.07379146426
1087.07362654202
1087.07360838097
1087.07250370212
1087.07232189021
1087.07175679569
1087.07148720054
1087.06772088882
1087.06766096969
1087.06661123021
1087.0651161149
1087.06420225478
1087.06413422659
1087.06374374501
1087.06226033277
1087.06212670312
1087.05961462012
1087.05822522431
1087.05774732844
1087.05615011962
1087.05607444987
1087.0537546095
1087.05258002075
1087.04780538977
1087.04751801098
1087.0470097933
1087.04545543351
1087.04539915422
1087.04500151139
1087.04171128518
1087.03958615872
1087.03727334353
1087.03662085491
1087.03520983319
1087.03510082656
1087.03496749535
1087.0347516517
1087.03437054359
1087.03426370139
1087.03334503295
1087.03279798975
1087.03146985099
1087.03018469875
1087.02970270153
1087.02859184911
1087.02826396051
1087.02487229344
1087.02098202661
1087.01987660423
1087.01974966076
1087.01814698885
1087.01285990865
1087.01201698224
1087.01164001561
1087.01082675056
1087.00982476878
1087.00895718454
1087.0086263323
1087.00775072221
1087.00750792203
1087.00652777285
1087.00446933742
1087.00396828937
1087.00315924319
1087.00240022314
1087.00238947066
1087.00224992026
1087.00141752608
1087.00056233083
1087.00043531508
1086.99856063226
1086.99739995543
1086.99610085865
1086.99365791896
1086.99355113791
1086.99243297876
1086.99230488211
1086.99060354427
1086.99030540335
1086.98918737466
1086.98876443292
1086.98815621347
1086.98813803663
1086.98721445056
1086.9867209342
1086.98630850263
1086.98594782361
1086.98591757884
1086.98406474252
1086.98337510278
1086.9821928378
1086.98090439628
1086.97938233456
1086.97891749943
1086.97849400896
1086.97844984941
1086.97768716277
1086.97730714045
1086.97690876685
1086.97641004207
1086.97525402035
1086.97518456166
1086.97296416727
1086.97044310625
1086.96888621865
1086.96783326071
1086.96704623921
1086.9669515619
1086.96584500176
1086.9646979651
1086.96458466325
1086.96434123902
1086.96433489104
1086.96192528357
1086.96170629152
1086.9613223859
1086.96124796422
1086.95990514854
1086.95969078015
1086.95888999919
1086.957757343
1086.95774519909
1086.95650307581
1086.95486732176
1086.95485589618
1086.95406252261
1086.95377787711
1086.95195082652
1086.9513425241
1086.9512219661
1086.95057544741
1086.94980806
1086.94976719739
1086.94956340469
1086.94920724246
1086.94913237513
1086.94797749322
1086.94691170888
1086.94633571168
1086.94496185296
1086.94468585776
1086.94320136864
1086.94206296688
1086.94205780268
1086.94113782607
1086.93876529497
1086.93875185361
1086.9386060512
1086.93858149793
1086.93607679587
1086.93605276377
1086.93553770638
1086.93547736624
1086.93532273565
1086.93471829266
1086.93410514726
1086.9318351469
1086.93101129811
1086.92946419492
1086.92577331086
1086.92472373682
1086.92445821064
1086.92390849638
1086.92314655219
1086.92243187642
1086.92182869255
1086.92141703626
1086.92016383111
1086.91988669904
1086.91870847768
1086.91828668717
1086.91698893049
1086.91620000252
1086.91608759802
1086.91518842497
1086.9149803515
1086.91346540705
1086.91147847583
1086.91138704268
1086.91007170455
1086.90889337188
1086.90802534176
1086.90765222729
1086.90680876846
1086.90624701742
1086.90603432524
1086.90592780788
1086.90412253541
1086.902650398
1086.90212500288
1086.90175502611
1086.90148184575
1086.90114843672
1086.90023163668
1086.89943979796
1086.89871750455
1086.89779627431
1086.89722196256
1086.89680500479
1086.89426027719
1086.8927285066
1086.89192064288
1086.88997182333
1086.8899710175
1086.8898361356
1086.889371265
1086.88742673085
1086.88698307007
1086.88660509665
1086.88627133642
1086.88484696784
1086.88401550192
1086.88370263404
1086.88325484891
1086.88315721701
1086.88248178673
1086.88243369979
1086.88201567823
1086.8816265239
1086.88115891783
1086.8804507718
1086.88018981757
1086.87999939557
1086.87943187795
1086.87872287844
1086.87855695157
1086.87777323844
1086.87726438429
1086.87713188321
1086.87682496051
1086.87678565705
1086.87642557621
1086.87632617799
1086.87607127669
1086.87573594897
1086.8756876509
1086.87367245585
1086.87329788006
1086.87194299219
1086.87155924556
1086.87103135747
1086.87088537659
1086.87041452871
1086.86998739195
1086.8699006051
1086.86937205383
1086.86914121965
1086.86910965365
1086.86842995343
1086.86790428456
1086.86714465679
1086.86697694734
1086.86589688508
1086.86578025858
1086.86535843076
1086.86432854237
1086.86365373933
1086.86298854508
1086.86251827233
1086.86223419843
1086.86209173449
1086.86075210688
1086.86045858229
1086.86029455983
1086.8593305791
1086.85857696306
1086.85839428074
1086.85819252047
1086.85818302345
1086.8576355738
1086.85758592588
1086.85706145626
1086.85704132573
1086.85650512306
1086.85639417541
1086.85621747712
1086.85620415962
1086.85537598033
1086.85531565772
1086.85521450063
1086.8550646361
1086.85499338187
1086.85463345144
1086.85462113351
1086.85441808847
1087.44906232691
1086.97006615628
1086.96274344621
1087.81293683268
1086.87453219712
1087.06278008716
1086.98031823581
1087.42237792577
1087.17210483198
1087.21982501529
1087.05137940164
1086.92017474988
1087.31634153646
1086.8692111042
1087.17164430428
1087.22951720301
1087.06099447469
1087.22031680475
1087.11995369336
1087.14462524542
1086.90469225846
1086.95617673283
1086.92551771462
1087.20117206315
1087.27432451384
1087.59846656743
1087.09129461521
1086.9230616338
1086.99286738487
1087.01637843808
1087.59106157464
1086.91535478518
1087.39663600906
1087.39386190855
1087.18408787891
1086.8879622007
1086.91599436561
1086.96805956183
1086.91523749351
1086.89540190408
1087.09020568295
1086.98253035871
1087.35921472524
1087.3091656001
1087.17246344743
1087.26760230578
1087.50011591404
1086.96379725917
1086.94335388643
1087.47917352497
1086.92228955447
1087.07020029495
1087.11856494628
1087.42535156734
1087.21950243552
1086.95311052625
1087.12817387091
1086.86921706264
1087.55178937061
1086.91483887386
1087.12071312344
1087.27188129265
1086.86675255614
1087.5387665531
1086.94851957984
1086.89250938759
1086.90147164573
1087.30532353004
1087.0769092484
1087.67854331604
1086.85345846785
1086.98197121331
1086.87428226121
1086.88531482531
1086.88838320474
1086.91363154667
1087.12304997467
1086.97657222609
1087.46880782973
1087.72145797404
1087.32525452982
1087.6192935569
1086.92641733796
1086.86452706535
1087.3984288452
1086.96749898989
1086.89821600044
1087.21474492691
1087.07052854434
1087.34829881517
1087.06488502616
1086.99883020304
1086.95270003562
1086.98327338527
1086.85363496456
1086.98463949035
1087.32429190103
1086.9080668118
1086.91922847315
1087.28511582161
1087.44616112874
1087.45733101904
1086.91944868508
1087.17447042617
1086.90595729167
1087.00726867959
1086.85754884512
1086.98488835519
1086.97181122282
1087.12794415646
1087.06856865579
1087.38101509347
1087.44471819979
1086.87017119991
1087.11698660772
1086.89373904658
1087.20662256118
1087.17486037066
1086.94192462489
1087.22218286385
1087.17934668019
1087.2720099619
1087.09078639977
1087.30070763551
1087.16517706463
1087.01005744406
1087.04147425241
1087.35224767477
1087.68532605157
1086.98519012431
1087.06165406693
1087.23405517015
1087.00465396435
1087.07699852264
1086.90937618482
1087.22218479087
1087.17109349931
1087.62679598647
1086.94007308702
1087.11957208469
1087.14634914338
1087.27225022429
1086.98465312554
1087.09565248661
1087.08063244752
1087.27689964476
1087.48837703234
1086.91521660121
1086.96415175953
1087.28971723009
1086.89939585668
1087.11345628934
1086.92617120577
1086.93572124345
1086.88553755494
1086.86217794634
1087.39449303859
1087.41544552374
1087.35328185736
1086.87361149883
1087.6058053898
1087.11286412337
1087.03281680327
1087.00164136502
1087.13168140781
1087.23692929862
1087.10933406808
1086.87249625047
1086.99807586211
1087.15997844491
1086.919372147
1087.15287502335
1086.89930181474
1087.33117361112
1086.98335055449
1086.9361836715
1086.93042796762
1087.36737725549
1086.91882782576
1086.97987201115
1086.96920052214
1087.09480084581
1086.96255910644
1087.09673632149
1086.86972264253
1087.17202211001
1087.65184260379
1087.00288204595
1087.6180889475
1086.91263007414
1087.00065213915
1087.12367855687
1087.47266132874
1087.20060823122
1086.9913685478
1086.99805662315
1087.10015510476
1087.09955570412
1087.20563614376
1087.04568286596
1087.43949476159
1087.01205365
1087.1316418597
1087.01489422251
1086.99795619768
1087.05577531121
1087.24059006618
1087.02803948798
1086.8813594726
1087.8966109849
1087.16028733704
1087.2106445053
1087.23145275066
1087.00357419524
1087.44988329558
1087.36022581468
1087.1216723709
1087.27022751798
1086.88130190909
1087.55138230747
1087.33954368919
1087.84101639072
1086.98953751337
1087.19690837641
1086.96242703535
1086.98377059689
1087.11896371252
1086.92730066937
1087.18034431081
1087.18879612448
1087.4985863874
1087.09663969937
1087.02991013847
1087.07507168768
1086.85363282841
1087.08482308069
1086.90333920569
1087.11400054917
1087.04890639993
1086.90886099893
1087.14548273367
1087.35056983402
1087.24394319262
1086.97957010674
1087.14510034936
1086.89297276946
1087.08279544538
1087.07787327314
1087.72083064545
1087.71648494785
1087.16207144278
1086.94368799999
1087.45333681899
1087.2537713648
1086.93639058051
1086.96648727174
1087.13817829583
1087.49982924438
1087.15118294543
1086.96028876229
1086.887207038
1087.47806759873
1087.08452858715
1086.9389526349
1086.86600713918
1086.96364696098
1087.30848036588
1086.89501850175
1086.89083860253
1087.10941303979
1087.04310178158
1087.65215282916
1087.36992681059
1086.85680657949
1086.919447147
1086.94062719498
1087.06272020648
1087.50938871078
1087.09325875717
1086.92539070409
1087.33031553467
1086.89587063304
1086.91917971786
1087.32484497812
1087.24548319469
1087.03406885656
1087.06179718839
1087.38729320808
1086.88320223035
1087.24095057674
1086.85493091827
1087.27882600531
1087.3403552616
1087.71479528335
1087.15937462023
1087.30461953412
1087.19839151474
1087.0843238136
1086.98559147693
1087.00733401044
1087.98626557896
1086.93835173829
1087.09329030996
1086.98269949283
1086.88746041818
1086.87807683846
1086.86837638006
1087.39400671963
1086.94791617161
1087.08173526073
1086.87981587075
1087.07671699469
1087.04060981844
1086.91352062352
1087.02579522329
1087.13993550454
1087.23830551476
1087.29080730158
1087.3376618993
1087.20664781535
1086.99151260945
1086.87633754286
1086.92859020131
1087.01217630597
1087.24885433726
1087.00934861389
1087.40792767795
1086.93866524758
1087.43670856072
1087.23231601615
1087.27388500652
1087.34022951453
1087.32298480557
1086.87603125021
1086.88488984756
1086.89202644609
1086.91648986689
1087.47316337233
1087.44444674098
1087.21663467216
1087.07012702069
1086.93184592799
1086.95139208851
1087.10562657889
1086.97639983026
1086.92337375938
1086.94410492347
1087.07101755842
1086.99664471146
1086.91762718834
1087.16637930561
1087.03998881404
1086.86102770664
1087.65040754606
1087.41132394948
1087.43324620897
1087.05220792292
1087.29342666079
1086.85515433224
1086.91969464189
1086.93382226469
1086.99434485063
1087.24068506776
1087.22871574256
1086.97859441246
1087.52664013632
1087.42878619334
1087.43770426013
1086.93622616382
1086.86205306551
1087.10592690108
1087.45737780867
1087.37006968816
1087.24421267973
1086.98190726596
1087.17780409706
1086.96799886066
1086.89823721483
1086.92317127161
1087.09927193904
1087.44500353068
1087.23660590432
1087.53611553809
1087.36004264262
1086.88471529983
1087.109777639
1086.90851089511
1086.87305851369
1087.06974619184
1087.14548158618
1087.00292159925
1087.19269658125
1086.89050575547
1087.27705160342
1087.09659057049
1087.0195204723
1087.07829996478
1087.00561866009
1086.9677496406
1087.18664824862
1086.99494682596
1087.02385685676
1086.9242968012
1087.29598226882
1087.29535101694
1087.38292567135
1087.26470155285
1087.07603742284
1087.71402934079
1086.92395232458
1087.00345264772
1086.95245631688
1086.95842585627
1087.45297525999
1087.17173550626
1087.16330695958
1087.34486797932
1087.05121422552
1087.21065745385
1086.94910675743
1087.0063208143
1086.97451191672
1086.94244923107
1087.18946840443
1087.00290227812
1087.03920244504
1086.96171596632
1087.61776249868
1086.89767332583
1087.28387287156
1087.55275534932
1086.89272857203
1087.68789047748
1086.98613549485
1086.90539003258
1086.92066693092
1086.91530051358
1086.88869997308
1087.53647979842
1086.95187514622
1086.94170663996
1087.80330213403
1086.89206763462
1086.95689988639
1087.17626493907
1086.99095719867
1087.10144866826
1087.06104779753
1086.90736062478
1087.40201865485
1087.24049311972
1086.96400557422
1087.01721323724
1086.90515458903
1087.14625487085
1087.15160562848
1087.06636946378
1087.2127730601
1087.18563986512
1086.91538982877
1087.07301014814
1086.92756851974
1087.48361810022
1087.22932263774
1087.32840771511
1087.00234387824
1086.88906587011
1087.02339711308
1087.1876488268
1087.46343656457
1087.18974754789
1087.00504610686
1086.92149139517
1087.45267779142
1086.96410584427
1087.05667585859
1087.40589636081
1086.8598969441
1087.11189488115
1087.20190243605
1087.01715352043
1087.20313228101
1087.36076589907
1086.87840161758
1087.38554908543
1086.88768383214
1087.91799380731
1087.30737380425
1086.85616814703
1087.16910762313
1086.98934644153
1087.02034473162
1086.9852228331
1086.91305771065
1086.91466520768
1087.26579946193
1086.99875372215
1086.96557930373
1086.96855956242
1086.89874552548
1087.20793715682
1087.01763267749
