584.599899870586
582.003853245729
581.992674138482
581.974404154913
581.559249961695
579.617372823239
578.441881049768
577.547276712055
577.375298739348
576.949764739466
575.798082261573
575.122846325679
575.101123056629
575.100993791665
574.925117686654
574.394232885496
573.40913497328
573.377933496769
572.699668230638
572.699287644072
572.690198194346
571.241416063287
571.126055888455
571.093153861336
571.017372986897
570.643944491434
570.441084071185
570.123486740653
570.007627700534
569.936664973347
569.842751221607
569.839080826882
569.53601128743
569.35435070557
569.316277297238
569.281279458346
568.988762076463
568.943164373902
568.834864299555
568.530919469323
568.380768976936
568.330010039083
568.162376267246
568.125788819499
567.921450281691
567.84444494245
567.689640391382
567.382988288592
567.33992162601
567.299353603113
567.138205570199
566.983149383908
566.840785875427
566.625203914503
566.616244041127
566.546767976567
566.540170715665
566.500073845593
566.493643839247
566.472423995236
566.422654296882
566.385254605391
566.305590031401
566.304404442114
566.297139505767
566.204209949247
566.047399140843
565.6944375958
565.677114891972
565.566554648084
565.553424968545
565.503763272636
565.488198436965
565.471224183841
565.436063845191
565.390458486119
565.135250655058
565.101805600728
565.096372807692
565.027488717837
564.88856536411
564.887144548874
564.886270590424
564.688156175901
564.666650435
564.619884577165
564.557361625863
564.460753161782
564.269464834836
564.266211684283
564.243237351583
564.186448811154
564.151881123645
564.111050451074
564.089471480426
563.969714310036
563.831166611935
563.715683237741
563.710184575295
563.507010048376
563.472810844625
563.463213906997
563.360777501102
563.324465638525
563.320579520209
563.245607011545
563.240449884483
563.210960841874
563.160415703089
563.125938357444
563.009326019682
563.000420261508
562.902556130301
562.8933323131
562.858234501505
562.72608521307
562.716165421297
562.689053039784
562.681207914618
562.656188403396
562.592871868945
562.564638385383
562.475125290441
562.415443066927
562.402173452562
562.401654175735
562.355818261846
562.317703954992
562.305005074702
562.301124803539
562.192446023558
562.15935416873
562.065269868193
562.042174361282
562.018600245562
562.016450117172
562.014031900901
561.991621666347
561.977971177929
561.912695433345
561.881562571509
561.878889748134
561.851171883824
561.806427663761
561.785173457651
561.711580897458
561.697948061987
561.687239159931
561.647682842845
561.631749403991
561.520440263873
561.513157101583
561.504053769566
561.503802079973
561.459293707034
561.417738980592
561.385927185821
561.366302586792
561.291680268014
561.232676344855
561.162409579735
561.116197379364
561.020654065808
560.964096970858
560.884555022636
560.871081023799
560.835867704017
560.734374263712
560.701850368555
560.590198878407
560.576182656528
560.518945686702
560.421924729647
560.420452513301
560.416710837081
560.389446493537
560.384140511822
560.355413836125
560.315057233223
560.306842333428
560.28545839425
560.233802434387
560.220709578699
560.182858335647
560.153321679962
560.04339821264
560.033467622259
560.02417966067
559.979857293049
559.954051465864
559.933963600835
559.931595875765
559.903118925744
559.901896438317
559.822360666797
559.780488935041
559.751566430667
559.680152187236
559.664097595586
559.663400286782
559.655737960028
559.654847127334
559.542834128658
559.517229909408
559.510185518007
559.452160256185
559.403607056989
559.393287767061
559.380366683849
559.369454233021
559.339403118111
559.334226323623
559.272605006236
559.253632999411
559.222824616339
559.220061516082
559.203999753939
559.136794423627
559.122375537834
559.109922284737
559.027167427217
559.003271651955
558.989682633166
558.935471916556
558.922773202288
558.868981998817
558.824708135387
558.793524056557
558.757470711863
558.681247760749
558.630187722454
558.614935621206
558.594596599145
558.585067152458
558.545001275273
558.499528342659
558.412771717706
558.341896896446
558.333269955448
558.103379570213
558.09660553078
558.084959410057
558.055120876423
558.043477725897
558.023070381509
557.966545587934
557.903333826667
557.868823070455
557.857817655238
557.839619436077
557.820398048141
557.788736748101
557.776442777254
557.763651200548
557.695432438646
557.694270483505
557.69371166004
557.615619575407
557.577127017209
557.548401168788
557.548164989128
557.529284104827
557.481517615067
557.466100002929
557.460243675506
557.420764960294
557.377828709365
557.341091602919
557.297180966602
557.270168660188
557.235262034939
557.222376056239
557.180140187194
557.168993741975
557.148181000352
557.148049244308
557.128780241746
557.063608958395
557.037857397464
556.970997591584
556.967149605719
556.883878620225
556.874595661194
556.840067955888
556.809843905373
556.784456741899
556.784079561564
556.775851432157
556.768888125472
556.762607646815
556.755691763489
556.749635271465
556.697736535866
556.688891914769
556.68692536376
556.679729510847
556.678726505009
556.606397097977
556.569532894769
556.494753169345
556.461138125359
556.460261637732
556.413843317608
556.345284530645
556.326477911423
556.305271416159
556.226018778938
556.220008067394
556.193131887681
556.166157030282
556.157240115043
556.155921043445
556.116648858524
556.084438253885
556.070680849352
556.047226484936
556.017489262856
555.971613673474
555.965279590854
555.957014587879
555.913413063974
555.908229267212
555.903627594827
555.891527860059
555.885357436687
555.867479758232
555.854380895001
555.817235359522
555.803813642271
555.776798786537
555.765329379153
555.761092351699
555.753444198935
555.753302124747
555.75064860772
555.749887523735
555.742410810259
555.684498995505
555.680368972653
555.635496177563
555.630686697072
555.624622262492
555.588755256104
555.552162886364
555.542805308689
555.528579462593
555.498327709242
555.494092546579
555.485531925199
555.481134295049
555.449970379074
555.448163356228
555.433372061175
555.410160863924
555.373957704856
555.364265632483
555.332239133499
555.327663866357
555.326096161457
555.301097762501
555.2995971844
555.269470779856
555.259085351547
555.255079260548
555.214429459178
555.179814767333
555.176139232406
555.156902435433
555.147286806437
555.123486039257
555.091314962221
555.08348737809
555.082670705512
555.069601643866
555.041673840303
555.019255581034
554.997620157448
554.991210896701
554.984267619266
554.934769842369
554.924036077323
554.915214056411
554.89798798237
554.893774126906
554.883457326063
554.857706841444
554.841574440652
554.78660720836
554.775247886831
554.76317066954
554.723540403363
554.70583773562
554.692701884234
554.677729913892
554.668552827611
554.663471322869
554.646636845369
554.638904103798
554.621781499109
554.608016936721
554.59031103883
554.577886277796
554.567137230748
554.556675686521
554.487591384977
554.483167496812
554.448091658047
554.447657742614
554.41132277937
554.364017602408
554.353674274915
554.346303577763
554.33680242513
554.313508041704
554.304989097549
554.301776440263
554.297088713422
554.281921898998
554.196475072031
554.192809753991
554.188991317649
554.158257371786
554.154818842539
554.138259365805
554.126138919033
554.108988593874
554.106312448731
554.081506453757
554.066971357847
554.017877726399
553.976865014063
553.962722600853
553.921265154445
553.914086001813
553.904208776392
553.895685599139
553.892880443929
553.874541880217
553.872981979486
553.870318928757
553.845844362774
553.833449225666
553.830002310065
553.814478072761
553.81389589852
553.8131739026
553.772378508929
553.750254039096
553.749342248063
553.737877194159
553.721018161409
553.679879896427
553.661848769346
553.572897540009
553.531226817963
553.517243766943
553.511611124929
553.510746880312
553.473105699923
553.434851303857
553.349433247851
553.332988469137
553.307165504859
553.300414515572
553.244681863718
553.22657156351
553.211388973289
553.181707605435
553.175099080887
553.164082708489
553.15308646402
553.151230878027
553.142809866145
553.128407787177
553.11965884464
553.119501290201
553.092240486007
553.074631687152
553.053585509758
553.017472156979
553.006905081239
553.005042001271
553.004016000486
552.969455625517
552.936361483224
552.890058690036
552.886879756118
552.88062492895
552.837133357441
552.828177234603
552.810025741008
552.807032125144
552.779280741241
552.742198108678
552.733826016569
552.673693450317
552.66766540544
552.660546535411
568.791662259301
569.513986723226
557.452590855672
565.258341164878
561.624016131545
572.576731230718
556.289306211519
555.088700306716
573.202923629175
554.2373338967
554.391514286005
560.346954421949
556.599162548149
556.281968324798
564.267409594311
554.317627014802
566.20245632791
561.934859260234
582.479718077643
578.35577793282
571.105482963213
556.490394154646
554.921451567584
565.632767666569
566.45936648267
565.666228370297
569.860099195255
556.632485357044
554.354674866858
563.058295997945
557.707830234116
554.436274689616
559.649062194504
563.947573630376
567.087461374402
565.264221709825
561.361847860934
565.231800135845
557.222151829104
553.149555195149
564.006081077914
557.029708097572
558.356128232012
558.634407387601
553.42991739764
576.173510317004
553.669249357302
561.998688723909
562.568883608905
553.580069929222
557.445101336931
572.434004649131
559.044226387788
571.278852979585
557.811373789834
553.344856464825
580.539628420457
555.422546905548
555.835147381842
554.435962195324
573.626407278174
557.53270537273
574.119405871211
561.151978714657
552.808385434083
556.998736057564
556.083910639602
576.15799781019
572.195098978165
553.442216536509
553.502027966154
561.555070299101
555.787112085828
557.227983058372
573.836308255371
564.861232964171
574.697691494958
553.808297770976
552.740492346628
569.909520554985
554.534126477035
582.800764340469
561.159991330539
568.133924444047
553.069005165908
565.787799445531
556.645115334513
571.609604536411
555.920573395748
558.412949168825
554.296189550771
561.114984582469
556.990496103754
558.60297067814
561.602363064094
565.373529147087
554.134346174931
588.201768729443
560.229802203834
568.976824076839
577.730351124394
566.640727419538
556.718491305924
564.288461101906
555.433873468404
554.693845977007
554.90436324253
558.480533569758
565.282983813844
565.371781772157
556.673664285889
553.935766538841
553.916756258147
553.67389420113
568.07901266932
559.938563833619
553.299802894746
565.255458667755
571.467308218604
558.788083928296
567.170929026981
561.596953456024
554.28638390849
556.469655939614
552.871462461385
564.516917567351
553.714893601942
560.095489575456
576.701956282827
574.286442867686
561.781314168488
554.534465750679
558.075275460993
555.715728725545
559.154573988274
564.450985330593
562.049018797587
555.498762757415
554.8050597403
569.412998850816
563.49748521673
562.44201116086
553.704889004699
582.265318431152
575.792825441512
564.231744265839
558.011446604549
554.923164962313
553.79844171663
554.062662348315
567.071588851853
559.877386966534
563.057491341304
560.407950615058
555.253294942616
572.326022078162
559.584214406232
559.269034665164
554.74945804742
553.83808233454
558.566640729254
554.725839307964
564.857811925624
561.794257396015
570.760440808327
555.200071760235
560.536187659578
560.583986753663
558.026424966595
555.502554636055
571.902711786605
559.835373426417
571.662164863505
575.905730969156
577.842715551676
569.578794365438
563.568173505856
564.727891841498
558.327680146707
564.736481218366
565.815499249486
567.646584150852
560.378750080469
555.034204307457
557.948091272177
570.674401011273
553.020126835299
563.919280200808
558.79701705182
571.525513467021
567.702182698378
560.504089091399
566.611794035841
557.196370165181
554.221912384234
553.488284332647
578.23697398662
557.000778576139
558.162519060494
568.015221950203
554.576113360079
564.579483754822
561.131438071782
568.954297439149
564.913954067625
559.007654090109
553.13825026823
559.384357300834
553.113877090912
579.473590649825
565.602681748918
571.254966552989
567.14138184757
558.070127825009
556.772133220093
557.710157109338
557.256474987119
553.752954332773
561.505433572822
557.053833823563
567.677391339857
558.853178890057
558.639989949049
557.968455813589
562.781593711756
567.957980016951
566.663706177412
569.259006044663
565.908264277971
560.027162219305
567.932848650983
580.896244940289
553.31843269729
563.363393125525
555.703013374657
569.687994098913
560.423810272015
559.092268070405
552.795798047104
556.372221390991
569.850604917618
560.724611543159
562.748351537827
564.784120553132
573.692220174015
559.15098585434
557.264036110567
553.588675667421
558.587112730352
552.78218080818
553.977095886959
567.43139907859
566.741163428156
557.08944464415
558.23121775292
564.641991718391
552.807310648126
554.823329906266
557.721243573549
562.99841701376
555.570786925627
559.414022741808
559.638838611377
561.83990356388
562.197445636287
553.929090038247
563.929145584568
562.825919706428
559.019304093237
558.365856567254
577.612121456037
576.942610728355
580.538453560713
564.68170881137
579.937959201673
556.813671689272
560.022401554275
555.904021409104
557.535527831139
583.473148958499
575.00171947767
552.844349919874
558.61744209881
564.918761884375
565.958592794059
561.277591723602
570.01502153587
575.040117365837
576.839635417253
563.063700975427
563.792159832821
556.643548529424
570.620316792081
555.831051786827
555.343949339029
557.250574896355
572.655832756905
562.284442069376
556.011332579205
560.307756154094
559.954149830927
552.911038966173
562.972786710621
582.012426079678
570.691451650194
558.696089782338
553.266547242938
575.295110963608
562.080549612211
556.444538930814
564.907260718696
558.387166128939
564.116520960617
554.880054439712
560.489520432204
564.135239651814
562.383482375974
552.93790623978
564.889498100394
563.832702169953
560.238463380759
565.075490289195
554.378153150492
559.219317143071
553.675168608612
583.633700971153
554.694254844453
563.435910041328
560.734447094982
556.123471697846
554.14391379152
570.437486160707
554.264349899776
557.264392101095
555.974288341137
570.030738489568
571.368703586712
555.822544087815
563.000408851076
558.16071248298
556.241996310815
553.061047386371
564.436705756
556.850596544195
566.974332590457
554.741373301728
557.40319581244
557.553337142671
567.532626761633
559.550517582774
564.993019294837
554.227393817694
569.728046462177
553.952088207808
553.904875222611
555.296613500598
554.867252405806
571.919751258923
555.82255599508
561.746553911087
562.057783340369
556.06342749319
558.099539532417
571.995672374774
560.854444704851
567.141547064933
555.356605441101
563.621912009979
572.501795428596
556.392095483568
565.164929480069
564.932325816663
555.181433510511
558.910395540725
563.652998357556
558.31415080067
556.139497696938
572.589080339928
552.828285848532
555.796614335735
554.579245990221
554.2388535239
555.419375330256
554.24588883303
562.274819199165
554.457614561848
552.755149108633
569.04976666471
555.880558870439
567.664413067708
553.965896640173
555.048825655878
559.61002652681
565.399840750989
557.299872565164
559.34864268364
569.68102282962
556.877124232701
552.711978397753
565.545701075955
553.757184667602
553.80316757932
556.940898970495
561.55211489706
565.560717056496
554.865808025723
566.089908056352
554.893769388142
576.557325219414
562.782290337373
569.304083743621
565.559819100759
555.97334447121
554.742796175694
555.445564405027
557.068723360661
555.909376679614
575.311634257579
555.539085883461
566.900207006193
568.596932357762
562.325732151762
553.006970693316
553.263866239491
558.609241061788
563.76366398419
555.82304842506
563.323862312687
563.005802056195
572.472694810831
569.399500453261
561.294224527115
569.689080977587
582.744239019638
566.059242113391
577.095187721085
553.683676286332
553.122826133444
573.419521937074
563.114343268298
565.603096384876
574.946653748992
555.208890681745
555.784004584312
564.174129593548
571.312409894062
560.904068690407
553.649669022885
553.17673394836
557.812471023158
582.367659256002
561.227532770708
560.844042550806
554.837944965241
554.183590605514
562.746762458824
558.882968713686
554.501400554311
559.619706376387
565.928326383534
579.477605797733
555.686917873666
556.255232720585
561.947653793976
570.32683900717
573.411267460079
556.299086198426
574.796708486946
568.759981039669
559.608551260431
558.48688994391
558.633274169908
562.73525367888
556.463457321749
566.772412435848
552.731729763425
564.277930768447
555.69003661987
560.934730171618
556.112693167736
553.962632272397
576.247495308518
559.311562670789
567.253048524375
564.901693253383
563.782651534577
557.045867503034
555.947332455138
572.974971767515
558.502937700521
569.449254803269
558.542615382948
568.412453787746
570.813043487873
568.006182745414
562.399193470108
554.452035747548
582.117849361925
553.019038463198
563.986445760172
566.810859258077
558.983115037011
