-2028620.328
-2028558.542
-2014923.976
-1992285.431
-1929597.14
-1892371.028
-1883344.701
-1868636.287
-1778678.684
-1759866.84
-1749026.716
-1728538.424
-1631714.852
-1602425.533
-1498906.95
-1490456.066
-1195922.15
-1142074.557
-1111198.396
-979205.7821
-934005.4771
-933087.4082
-924641.5685
-904321.3752
-882184.2993
-866133.0319
-851413.6492
-818944.7043
-804655.8602
-773693.6522
-764269.8144
-748025.4059
-740823.7568
-723128.1593
-722859.1796
-715475.2198
-715414.491
-696592.7747
-696442.2769
-690657.9438
-684880.6414
-674718.8286
-673614.3276
-670675.2357
-666191.5639
-636142.4923
-635846.8634
-628005.0814
-608421.5444
-593198.7278
-591979.0526
-562500.4538
-547069.2206
-539325.3707
-535557.9252
-533606.9256
-514758.6348
-510037.5288
-509222.3112
-507405.5351
-504909.6282
-488674.3769
-475452.6939
-475039.8724
-463269.7331
-455759.1953
-454373.54
-431624.3492
-431342.4231
-429224.1116
-420281.6828
-416261.6983
-414262.5218
-403073.9354
-386911.3339
-371697.2378
-365798.6755
-357208.7003
-352843.4645
-350818.575
-338991.1115
-337961.5493
-312446.7902
-309880.6966
-293119.8839
-278674.4783
-275966.9747
-265152.9839
-256238.0319
-250626.4036
-247871.7246
-247238.3802
-231476.6227
-213535.2361
-212901.8385
-212406.4926
-208610.3688
-207775.9877
-204184.3858
-199244.8239
-196574.3426
-193545.9307
-185855.3081
-185421.0298
-177858.306
-166593.0055
-162305.6815
-161204.6153
-154177.8331
-148016.228
-140643.7864
-140543.6991
-134151.6112
-133066.4555
-132066.0717
-131953.1841
-130492.5446
-126684.9892
-124301.9142
-122917.1584
-118551.5826
-118012.118
-114794.7791
-114240.2278
-110775.7981
-108654.2894
-105406.706
-105353.45
-99671.28664
-97789.3966
-94581.92998
-93585.65721
-92454.99386
-90778.56023
-90464.60675
-86436.22392
-86122.44234
-84907.20892
-82827.57131
-81116.20257
-80503.40519
-78870.88951
-76650.20063
-74233.97929
-73782.94343
-72029.4216
-70919.28622
-69526.31698
-69059.26784
-67391.75832
-67203.02068
-67081.32498
-66415.30526
-65122.67401
-64333.57832
-63370.14365
-61757.23515
-60514.51009
-60216.95144
-59693.38286
-57852.49743
-56679.58224
-54461.04228
-52818.34495
-52262.62436
-51463.96777
-49992.49731
-49926.05161
-47717.5626
-47653.02388
-47301.1645
-47167.10112
-46714.03259
-44032.04153
-43252.15418
-42764.18987
-41208.80323
-40715.3106
-40566.10888
-39774.76556
-38700.03083
-38635.96782
-38462.66813
-38261.50801
-38165.39443
-37535.97567
-36820.44793
-36408.31049
-36266.94764
-36200.6116
-36075.40145
-35926.60219
-35256.17361
-34798.40029
-34475.65152
-33719.43003
-32696.30848
-32353.47947
-32192.84576
-30320.06217
-29400.66716
-29035.41203
-25542.78336
-25112.53122
-25031.33737
-24952.36997
-23870.56107
-23626.95554
-23179.98134
-23169.32448
-23114.70342
-23105.53819
-22833.0516
-22737.64745
-22030.96779
-21407.11488
-20439.39733
-19059.80526
-18157.41187
-17968.59381
-17949.9481
-16807.16995
-16174.26171
-14707.88449
-13639.92214
-13301.35473
-12877.23911
-12373.05835
-12296.01563
-11939.59475
-11732.63594
-10912.36398
-9616.273007
-9559.879851
-9471.19739
-9167.959878
-9158.267221
-9126.874375
-9052.539102
-9052.03071
-9030.256052
-8818.564326
-8790.946975
-8608.545238
-8463.733433
-8271.784536
-8206.2011
-8149.256626
-8125.85781
-7384.292093
-7375.523521
-7358.647685
-7320.697139
-7320.102572
-6944.987505
-6811.415654
-6794.609476
-6761.045805
-6543.885586
-6421.838898
-5805.393481
-5568.08034
-5488.089551
-5450.668291
-5298.85418
-5241.602526
-5232.657954
-5184.015603
-5135.947007
-5031.981335
-4981.488988
-4960.35816
-4734.937539
-4724.514606
-4499.042359
-4445.644354
-4429.050003
-4161.606077
-3952.827234
-3865.149159
-3810.647919
-3704.935084
-3641.689568
-3591.380038
-3582.259168
-3520.542361
-3468.019565
-3332.348065
-3314.948753
-3264.395645
-3257.671914
-3237.540435
-3211.51885
-3178.133767
-2934.755317
-2722.197575
-2599.571614
-2591.229618
-2553.758943
-2514.873297
-2488.892681
-2476.616862
-2467.589214
-2458.545714
-2355.204152
-2345.513296
-2264.422184
-2148.900006
-2092.168047
-2045.772775
-2045.37531
-2044.348201
-1973.182531
-1944.958522
-1918.454035
-1830.103386
-1826.979683
-1815.000355
-1810.32553
-1785.191521
-1777.47637
-1713.907651
-1561.20007
-1529.43796
-1500.436798
-1459.693414
-1411.660105
-1368.578674
-1353.146649
-1342.098661
-1305.29554
-1262.092355
-1248.5603
-1181.285673
-1173.158407
-1165.630522
-1161.728514
-1086.949985
-1047.327693
-922.1249335
-908.0830329
-897.5878969
-879.4234056
-853.7984423
-821.6595698
-812.9763521
-676.1114517
-650.8920332
-598.0558934
-580.1546
-566.5440947
-529.277995
-522.6458405
-522.5345057
-484.0347711
-453.0406888
-449.6304501
-428.7735103
-427.9870235
-397.9453147
-395.797073
-382.9137517
-361.1640223
-360.4114813
-359.4176841
-351.889464
-342.4808022
-314.145298
-296.7963158
-295.3501093
-277.3896754
-272.8727488
-248.8166332
-248.7411896
-247.6725697
-247.2963183
-246.2733153
-244.2085022
-241.4630855
-238.5337061
-236.816949
-228.8713801
-225.9388611
-217.7502836
-205.2120525
-201.1406845
-198.4541831
-191.1150056
-185.1079442
-177.4955755
-173.7222506
-171.8808712
-170.8895375
-160.0570648
-155.1952859
-152.6546648
-143.2104734
-142.9260882
-135.7838366
-132.6510948
-127.852937
-124.9913442
-122.9601649
-112.0978262
-94.5724577
-94.07612414
-89.7812771
-88.95069946
-83.49485916
-79.78615823
-66.36228986
-63.28955476
-59.37255339
-57.29316709
-56.34433717
-50.07064126
-49.16218292
-44.20548095
-43.50417021
-36.12666336
-35.18908916
-34.40947144
-30.54564412
-30.46629045
-22.94420817
-22.07192767
-13.54204982
-3.027577735
10.43905957
11.96918928
12.29047823
15.02445353
18.28999499
22.15327278
22.47892311
24.82732027
32.19673769
33.82853247
37.16348096
37.34521867
37.61897357
38.57917515
40.03187178
42.57633111
47.92392084
48.35651916
49.80162014
51.07600198
51.4925034
53.98897266
57.59459081
59.48939656
61.43555153
63.71946909
64.50459698
66.57693701
67.34147799
67.34224554
68.15622899
69.0162788
69.63976677
71.22353537
73.10137038
73.75854791
74.39140049
75.08151531
75.11853693
78.40321021
79.88056015
80.90427261
81.13837904
81.41586891
81.77622409
81.81600397
82.22227866
82.25561743
82.29263983
82.37206105
82.50278454
82.64543923
82.70783101
82.87843068
82.89389636
82.97814761
82.99723231
83.11883777
83.12996527
83.22654562
83.23971657
83.30286718
83.31743721
83.38954143
83.39105813
83.40774991
83.46919429
83.47402668
83.4815208
83.48817408
83.51568148
83.52645875
