-2.87978e+07
-2.77141e+07
-2.75062e+07
-2.74101e+07
-2.66781e+07
-2.61438e+07
-2.59817e+07
-2.56813e+07
-2.47776e+07
-2.47548e+07
-2.47078e+07
-2.45665e+07
-2.43114e+07
-2.36877e+07
-2.34486e+07
-2.33789e+07
-2.18953e+07
-2.07855e+07
-2.01298e+07
-1.98247e+07
-1.96387e+07
-1.96042e+07
-1.87315e+07
-1.84627e+07
-1.80669e+07
-1.77122e+07
-1.74702e+07
-1.70787e+07
-1.49861e+07
-1.39834e+07
-1.37551e+07
-1.36908e+07
-1.34573e+07
-1.27811e+07
-1.27277e+07
-1.26149e+07
-1.2189e+07
-1.17142e+07
-1.14991e+07
-1.14524e+07
-1.09961e+07
-1.08642e+07
-1.03283e+07
-1.00936e+07
-9.94823e+06
-9.8653e+06
-9.47887e+06
-8.73658e+06
-8.54124e+06
-8.47965e+06
-8.38107e+06
-8.37486e+06
-8.13636e+06
-7.51611e+06
-7.51539e+06
-7.44598e+06
-7.43607e+06
-7.13491e+06
-6.7118e+06
-6.26948e+06
-5.8499e+06
-5.69685e+06
-5.56354e+06
-5.54412e+06
-5.45976e+06
-5.30366e+06
-5.1822e+06
-5.17339e+06
-5.07061e+06
-4.86266e+06
-4.85595e+06
-4.6909e+06
-4.21225e+06
-4.19282e+06
-4.12594e+06
-4.01115e+06
-3.98109e+06
-3.79373e+06
-3.7052e+06
-3.62618e+06
-3.58847e+06
-3.58143e+06
-3.47182e+06
-3.37194e+06
-3.29361e+06
-3.19706e+06
-3.17609e+06
-3.1411e+06
-3.11977e+06
-3.05584e+06
-3.04127e+06
-2.98529e+06
-2.8914e+06
-2.87144e+06
-2.78876e+06
-2.72859e+06
-2.72216e+06
-2.68834e+06
-2.63741e+06
-2.52656e+06
-2.27268e+06
-2.21145e+06
-2.19503e+06
-1.95469e+06
-1.83733e+06
-1.82857e+06
-1.81688e+06
-1.77519e+06
-1.69662e+06
-1.65219e+06
-1.63614e+06
-1.54727e+06
-1.4914e+06
-1.45396e+06
-1.42777e+06
-1.40364e+06
-1.15044e+06
-1.12163e+06
-1.10786e+06
-1.06821e+06
-1.04596e+06
-1.02875e+06
-994840
-990876
-967951
-965573
-918238
-888451
-819003
-816724
-809845
-790334
-776939
-769977
-761822
-754416
-749886
-735114
-726933
-711491
-709876
-704048
-675686
-667266
-660433
-610452
-607518
-606636
-590804
-581775
-573043
-571566
-534240
-531919
-509403
-490526
-484951
-456778
-455396
-452584
-425759
-406042
-382999
-364753
-348586
-348121
-343905
-339687
-336188
-333733
-320043
-315949
-311503
-305322
-295186
-275161
-264887
-258946
-252570
-251513
-246855
-244981
-242792
-238359
-232608
-229619
-224779
-221531
-220235
-218233
-217438
-215413
-204705
-203559
-196677
-195515
-191931
-190781
-182859
-178737
-177928
-173064
-170020
-166744
-166049
-159010
-151339
-150471
-147198
-142182
-137114
-135123
-132033
-123199
-121980
-119011
-117556
-115057
-114518
-112408
-112036
-111150
-108043
-100705
-97533.2
-85740.3
-83490.7
-82672.6
-82606.6
-80886
-80655.4
-80613
-78253
-76299.1
-73536.6
-69777.7
-69730.8
-67398.1
-66463.9
-65369.3
-63495
-61415.8
-60357.6
-60014.7
-59022.5
-56188.3
-53262.5
-49327
-47946.4
-43474.8
-41465.2
-40002.3
-39799.2
-39266.4
-38478.7
-37850.3
-36887.4
-34759.3
-33029.1
-32765.4
-32179
-29522.5
-27657
-27628.4
-27157.6
-27136.3
-27047.3
-26494.4
-24983.2
-23611.3
-22887.6
-21865.4
-21753.6
-21656.1
-21479.5
-21443.9
-21035.5
-20834.5
-20099.3
-19827
-19743.3
-19109.9
-18675.2
-17744.4
-17741.6
-17499.5
-16818.6
-16389.4
-15628
-15324.2
-13584.7
-13478.3
-13367.7
-13205.5
-13161.1
-13088.6
-13007.1
-12603.7
-11856.4
-11807.3
-11666.9
-11058.1
-10589.3
-10336.3
-10240.3
-10008.2
-9546.78
-9382.36
-8776.21
-8691.92
-8435.87
-8155.24
-8040.87
-7751.01
-7324.84
-7214.63
-7173.6
-7165.83
-6797.65
-6641.75
-6216.75
-6115.68
-5933.04
-5838.53
-5639.9
-5607.03
-5570.78
-5570.41
-5555.99
-5539.39
-5191.65
-5079.79
-4933.53
-4878.43
-4743.52
-4704.01
-4525.27
-4491.74
-3994.25
-3907.19
-3822.02
-3813
-3604.03
-3539.26
-3538.49
-3169.3
-2822.95
-2802.54
-2661.68
-2658.27
-2589.97
-2587.88
-2521.1
-2398.25
-2184.4
-2160.17
-2140.67
-2110.58
-2090.02
-2020.39
-1997.56
-1903.57
-1896.58
-1866.2
-1729.29
-1713.88
-1702.68
-1650.88
-1555.11
-1552.36
-1521.42
-1474.01
-1439.7
-1374.11
-1370.15
-1369.84
-1358.74
-1351.18
-1347.81
-1330.34
-1316.41
-1302.93
-1291.72
-1285.91
-1284.48
-1281.82
-1250.47
-1219.83
-1176.12
-1109.56
-1076.95
-1057.77
-1040.37
-1039.93
-985.195
-978.815
-967.713
-957.825
-935.6
-856.351
-850.658
-843.342
-811.674
-779.104
-778.116
-768.648
-761.655
-714.355
-706.629
-689.195
-683.41
-680.817
-675.787
-648.006
-642.507
-636.012
-631.425
-627.999
-619.413
-592.547
-578.728
-571.126
-567.297
-500.445
-490.278
-490.251
-473.367
-401.332
-399.275
-392.398
-390.757
-390.251
-382.884
-353.567
-334.09
-316.971
-294.848
-288.158
-271.525
-265.562
-170.561
-169.621
-151.311
-146.495
-144.718
-141.949
-113.163
-107.077
-102.79
-97.8325
-94.233
-89.7973
-81.6495
-66.9604
-66.3813
-60.061
-50.3948
-40.6287
-38.5159
-36.8888
-35.6966
-33.8731
-30.3924
-29.6281
-27.0634
-26.6337
-6.5483
-1.81747
4.85202
10.1595
16.5951
29.3428
30.6815
37.082
42.425
44.4542
46.1134
49.1802
49.3011
49.7011
50.3421
51.023
51.8218
51.9889
53.5972
53.6059
54.4214
56.0402
56.4074
57.9696
61.3747
61.8881
63.5711
65.119
65.4845
66.3415
66.542
67.4026
72.3893
72.5097
74.1057
74.2668
75.6486
75.8033
76.0749
76.9976
77.8099
78.1678
78.4609
78.5494
78.8779
79.342
79.7952
80.2393
80.2945
80.4932
80.8598
81.5341
81.7291
81.826
81.9105
82.111
82.116
82.2226
82.2408
82.3536
82.426
82.4823
82.4894
82.611
82.6503
82.6525
82.6865
82.9903
83.0075
83.011
83.097
83.1138
83.1274
83.1766
83.3149
83.3246
83.3471
83.4056
83.469
83.4728
83.5057
83.5198
83.525
83.5303
