1070.26421717705
1069.69550553425
1068.1423573175
1067.21547551793
1066.87231667054
1066.13437512295
1066.02716842787
1066.00681853815
1065.87330477239
1065.71826761957
1064.85817876242
1064.85761804444
1064.75153709816
1064.17298529175
1064.10075811019
1064.07479127194
1063.61153404219
1063.38522812134
1063.17269239353
1063.0858596505
1062.87486298581
1062.6686865673
1062.52952078958
1062.26516043166
1062.25901478956
1062.24704232351
1062.00348426338
1061.9789783761
1061.93710928149
1061.77143897416
1061.74441389799
1061.73688054166
1061.60794942831
1061.53605660865
1061.505588979
1061.47974814433
1061.44611743283
1061.37811083266
1061.36680399287
1061.30294593282
1061.21455459169
1061.1993668672
1061.11945814348
1061.07051090536
1060.98143281738
1060.95802234109
1060.92815220131
1060.90131368459
1060.8282534406
1060.70396868783
1060.68860768441
1060.6779260533
1060.48667337442
1060.45033736967
1060.41348828366
1060.32062688268
1060.30497891257
1060.26519249147
1060.25771848813
1060.25392227252
1060.19657493053
1060.17581730745
1060.14339951499
1060.08461053888
1060.07831046768
1060.01859141709
1060.01203277953
1059.81838418437
1059.77465985627
1059.75728187124
1059.72360465937
1059.69924014121
1059.55899560567
1059.53805514863
1059.5266016078
1059.44017755194
1059.34540271101
1059.28590435217
1059.26205314737
1059.23268779636
1059.17393549585
1059.12493277263
1059.12144553908
1059.11563325551
1059.09769746394
1059.09005151767
1059.04706032468
1059.03269506513
1059.00867381131
1058.94837397058
1058.91394012283
1058.8574674866
1058.62093184862
1058.60856051078
1058.59871626134
1058.57547943763
1058.5730096359
1058.5701131842
1058.51564739976
1058.51512500537
1058.31760904884
1058.30863749089
1058.3060652178
1058.29768086676
1058.27877739344
1058.27124337373
1058.23421997166
1058.22416471567
1058.21688895863
1058.14604968429
1058.1438411844
1058.14151349054
1058.13262319051
1058.12011772141
1058.09105975789
1058.07834015847
1058.05497262627
1058.04650423721
1058.03467888612
1058.01911495531
1058.01755152888
1058.01145635021
1057.97362224744
1057.95981331667
1057.92834209488
1057.92091404676
1057.91018731156
1057.90457484151
1057.81002850354
1057.7750926014
1057.69503388066
1057.68810878586
1057.68323725921
1057.61109936503
1057.60475986333
1057.58390181018
1057.55631418109
1057.52243929826
1057.49839349761
1057.49011447376
1057.47406775079
1057.41829897992
1057.39419238623
1057.39126167747
1057.35657786318
1057.33137000142
1057.32699716421
1057.31897225873
1057.31128983958
1057.29151477984
1057.28577380836
1057.27639469601
1057.26859918934
1057.23127962157
1057.21261459659
1057.2097348491
1057.20964688901
1057.1820919264
1057.16615190779
1057.16048389721
1057.14870328018
1057.01922249573
1057.00690042375
1057.00513362024
1056.99792805653
1056.98223296494
1056.97873407422
1056.97235205451
1056.97111499465
1056.96975211192
1056.92495298137
1056.91819877198
1056.90648262625
1056.89995026578
1056.88137033733
1056.87489375069
1056.82906905156
1056.81642162101
1056.81106412149
1056.80824934944
1056.80688357308
1056.78614122346
1056.76239072215
1056.74265948917
1056.73822241495
1056.69533757146
1056.65755634609
1056.65013607454
1056.6274528149
1056.61777612934
1056.6177100066
1056.61531912001
1056.59396652612
1056.5763358258
1056.55249255313
1056.55147769788
1056.52060644295
1056.47766916474
1056.46483173761
1056.44699070675
1056.41005799418
1056.40414974492
1056.39649920522
1056.36098570888
1056.34839258857
1056.28087775765
1056.26339738587
1056.24632522719
1056.22097872917
1056.22068939404
1056.22028850672
1056.18605658769
1056.16687952725
1056.16588036434
1056.16508175818
1056.16430402033
1056.15838727928
1056.14965658862
1056.14031535984
1056.13174705421
1056.1302615892
1056.11378130798
1056.07741080275
1056.03799503607
1056.02545868613
1056.0174301836
1055.98773762246
1055.96320582334
1055.9289009022
1055.89031879692
1055.86425213291
1055.82005399691
1055.80951363199
1055.79828861716
1055.79816083522
1055.77633895735
1055.74168674453
1055.73109095058
1055.71762762888
1055.71676520393
1055.69318612559
1055.68688495483
1055.67738975211
1055.67324523432
1055.66909124059
1055.65480764842
1055.64773048746
1055.64735207119
1055.62422068093
1055.61662149803
1055.60516255018
1055.60334527637
1055.57850302884
1055.5468502507
1055.53938017059
1055.53428939656
1055.53382575332
1055.50965841994
1055.4884984842
1055.4768827566
1055.47004523194
1055.46753057384
1055.45029035538
1055.42973966195
1055.42671338612
1055.41801993869
1055.41131697525
1055.40045447465
1055.39531510549
1055.37597003363
1055.36252986456
1055.35734470782
1055.34796021312
1055.33891943885
1055.33888520225
1055.33641110063
1055.33454255545
1055.32583120139
1055.30467424125
1055.29319945843
1055.28943362434
1055.26098935427
1055.24185272825
1055.22243468354
1055.21434581382
1055.21141820054
1055.20729258629
1055.20717619996
1055.18661020757
1055.17512520921
1055.17502789355
1055.15968055444
1055.15676054157
1055.15464123971
1055.13217107752
1055.13192116517
1055.10088656714
1055.09406335176
1055.08866436488
1055.082083453
1055.07891641498
1055.07555802188
1055.07486866701
1055.06730892841
1055.05573663717
1055.0413225588
1055.03754538626
1055.03696450841
1055.01872370105
1055.01124355597
1055.00444329187
1054.96822032125
1054.94227907253
1054.93475365778
1054.90447100986
1054.90226314884
1054.898893184
1054.89174441576
1054.88975610908
1054.88584530265
1054.8826791841
1054.88031818652
1054.86193932554
1054.83705450113
1054.79509787151
1054.7904470937
1054.76233399126
1054.75743535498
1054.74046008388
1054.73497059869
1054.725836016
1054.72308921179
1054.72171845413
1054.71857007354
1054.71639958817
1054.70006520011
1054.69808355391
1054.66688018969
1054.65428937277
1054.64305451669
1054.62939528296
1054.61556049994
1054.61478245185
1054.61354142052
1054.60232284132
1054.57260835013
1054.56568142059
1054.55224705939
1054.54933791968
1054.53811697068
1054.53717466863
1054.53159453646
1054.52990586248
1054.51748493488
1054.51445785743
1054.51367380252
1054.50846322585
1054.50764142514
1054.50527789953
1054.50526397326
1054.48362692959
1054.48162034049
1054.47703420566
1054.47013941454
1054.46485741441
1054.45377903692
1054.44760870545
1054.43645176153
1054.42886245945
1054.42164278559
1054.41161520774
1054.40870267856
1054.39725745012
1054.39424067904
1054.38512510032
1054.37770675922
1054.36605035391
1054.35843740997
1054.35565868671
1054.32688393108
1054.32085279861
1054.30357897687
1054.30269767324
1054.26482295472
1054.26228130592
1054.25480585721
1054.25098258839
1054.23279406883
1054.20358031444
1054.18879200015
1054.18850215134
1054.18804160069
1054.18298995244
1054.18246481412
1054.18086981739
1054.17047719042
1054.16846478632
1054.15090506419
1054.14730565908
1054.14507912388
1054.14137656868
1054.13016712049
1054.12257841205
1054.11291578855
1054.09729442243
1054.09559303219
1054.0944889899
1054.09021019579
1054.08219757588
1054.08031894559
1054.07596431467
1054.07292691749
1054.06658437866
1054.05214030233
1054.04734050659
1054.04427663854
1054.02476067069
1054.02357212013
1054.01720886134
1054.00564844636
1053.9971569461
1053.9969549167
1053.99295031966
1053.96967395277
1053.95120240674
1053.9345745099
1053.92775709759
1053.91769016229
1053.91610170755
1053.90358701307
1053.88293325148
1053.88232337114
1053.85690297539
1053.82569810792
1053.81617029167
1053.81170704008
1053.80846975193
1053.80688615449
1053.79747274394
1053.78880338592
1053.78876152691
1053.78002872409
1053.7696793987
1053.76752860707
1053.75899477842
1053.74296129639
1053.72487934566
1053.71346080488
1053.71219267786
1053.71083185867
1053.7105136644
1053.707449159
1053.69281874913
1053.6728045911
1053.66783882527
1053.66262876183
1053.65112841188
1053.64973559407
1053.64775906972
1053.6325961069
1053.62686642243
1053.6258730483
1053.61982800768
1053.61830151736
1053.60247987597
1053.59450692308
1053.58937552498
1053.58209908608
1053.57628061736
1053.56520843991
1053.56131165126
1053.55786338872
1053.5438943946
1053.53445877576
1053.51303678114
1053.49114228535
1053.48912699757
1053.48244775525
1053.46636293025
1053.46091993534
1053.45532297649
1053.44031598707
1053.4278112367
1053.42345128475
1053.42128569435
1053.40852904295
1053.38735386653
1053.3730724532
1053.36703297633
1053.36379707573
1053.36197118928
1053.35980780422
1053.34865409122
1053.33840315709
1053.33175757824
1053.31883469508
1053.3095563677
1053.30864074581
1054.35545732785
1057.3881102379
1058.749161161
1054.30087035189
1054.49998408234
1056.02567435699
1057.11823356875
1055.78363146937
1058.86600594532
1057.04349834989
1056.85043099209
1055.14028818039
1056.16231478091
1056.30388711851
1056.32443612565
1054.55644836087
1056.82242206219
1059.28570169887
1072.74510812924
1053.77327508508
1055.17547188842
1055.4319075201
1056.63716624428
1055.57416371566
1056.54496384579
1054.33184543028
1057.03294866305
1055.41972583497
1053.53821205908
1058.99935217486
1060.25836919998
1059.74744529713
1056.82022724119
1055.14889285231
1062.20985307093
1053.70915522313
1058.24176163692
1054.88865060131
1053.49489985834
1060.91932933387
1054.78487337211
1053.99585358515
1059.73665444723
1056.42086268596
1054.30183197455
1054.67374802196
1053.51470292012
1057.57912747966
1056.77982273439
1054.25817068028
1056.68014900913
1056.73461308823
1054.30717532283
1058.49050082524
1054.96672935386
1062.47253305238
1056.63814360972
1053.90035326083
1054.6538199722
1057.41351159551
1060.41656495067
1053.50759948783
1058.14035832155
1063.60695103103
1054.19892363706
1061.69751857488
1053.38204144005
1054.33786403296
1068.3542412902
1057.88330265069
1055.58366855391
1053.52368644349
1053.80043446138
1061.22994358411
1053.99513388381
1054.47662547603
1053.59034245494
1060.87604966411
1056.22073084025
1064.39518736383
1056.51248362574
1063.18270020077
1055.19080826319
1053.60820814934
1057.14851369795
1054.67931829531
1057.83807051969
1053.39713323991
1060.58784703797
1056.26737302582
1054.09441717703
1056.77783723786
1059.2127295537
1057.08822446161
1053.88566060792
1058.89499281704
1053.97909895019
1062.23356663135
1058.89098053511
1054.1081123692
1059.08869830003
1055.09254572315
1055.23637419207
1058.28883832536
1057.50405832702
1060.13783566037
1059.34779693117
1059.64342342294
1056.61829599691
1056.53325079654
1055.27157496633
1055.21411184623
1054.82366013626
1053.54102940939
1060.6020980963
1064.00379093828
1060.8360171381
1057.92495307766
1055.53154516873
1059.07940928087
1055.80156951559
1061.50621670128
1067.38048467748
1054.20265545451
1055.25972972063
1066.04657701467
1055.71219340188
1064.08868334099
1055.06060478931
1059.59615378013
1054.75445069134
1056.86722399484
1058.8748350284
1053.67955226891
1053.32287652226
1054.38885547909
1057.25415078115
1055.72874877929
1054.9230624752
1057.8662217874
1053.67496031463
1063.76356435885
1059.01737088714
1059.75717882228
1054.35055430028
1054.52825655744
1053.83829260347
1054.73301829891
1053.8825923645
1057.07408358893
1062.79050060151
1053.75426210407
1064.40774403146
1056.26473083385
1055.95836184052
1056.74634539331
1058.42574391696
1058.67592486388
1054.4165995003
1053.47973105487
1060.90622030965
1067.83759089655
1056.08694403663
1057.44031844573
1054.13527423622
1059.32675114522
1057.21165303732
1054.39925570659
1059.97786146251
1055.78476055687
1059.76440535415
1061.08635500225
1054.33114836656
1056.21224565681
1057.89196633967
1056.30380679426
1065.4176029129
1054.55128674181
1053.57417584858
1054.76776619266
1053.7902208915
1054.15626698711
1054.24280322806
1053.73558430584
1054.37968463351
1058.97449033983
1054.05631660069
1053.68857985413
1056.77482153614
1055.3709636227
1053.43066636734
1054.00771142255
1056.24873768396
1053.35752892482
1054.07880037287
1060.76345778142
1061.0905659942
1055.15862016669
1056.12173252469
1059.03149153906
1053.86379240798
1056.73719903839
1056.21163374381
1056.64923238847
1054.9831899799
1054.72171665291
1058.10024077773
1053.59696397563
1062.12636907923
1058.48094887681
1056.64597242704
1060.36436433541
1057.41050750267
1060.90520913054
1056.28198323164
1054.8722894255
1057.28729926472
1055.55594645207
1054.2032368708
1062.51781743279
1053.47405121677
1054.32697169648
1057.36751583285
1059.09337901102
1056.1046737684
1056.05488605777
1057.04227920227
1057.50419317618
1054.57822682364
1057.59870899607
1053.5062752221
1056.04316785816
1054.65261335672
1059.78270287125
1054.21280336153
1054.54991931002
1055.19638185935
1053.67351135423
1053.86905776963
1055.14132025477
1055.57927422966
1053.69755136581
1054.73059309692
1064.39028223306
1054.24926309499
1060.46439316393
1053.39330027369
1053.63198644036
1057.34214028619
1058.7262924134
1056.31239192071
1060.15678668593
1066.34437423301
1059.18096431032
1058.7918258752
1053.71002574969
1054.34331015819
1054.46998220874
1066.10468724476
1053.3970569169
1054.68078984841
1057.75524325873
1056.57407807457
1056.30037930133
1055.78024621599
1055.71774473218
1053.74055925444
1055.53870712675
1057.39933637928
1056.67356076715
1059.20877427592
1062.8321689441
1057.32602110803
1054.88214557757
1056.73654603891
1060.33665603874
1056.14623804363
1053.94197523583
1059.55046954777
1057.50751236237
1056.46260526521
1058.83658146222
1053.39934286778
1055.52487945332
1060.3253693602
1055.21427212438
1055.13483459496
1057.42672826504
1055.57307558753
1053.9082581082
1059.21948627894
1053.64172343813
1054.74498248873
1059.98723521465
1053.8524562098
1056.99831292183
1054.58310150437
1055.81746350716
1054.94595037238
1054.42446390302
1054.97850145297
1053.78890026694
1054.51174795899
1061.17412590065
1053.93754657418
1060.09889121684
1054.63341771236
1054.20556635631
1056.96529731541
1053.83134115645
1055.18204058895
1056.0438071384
1055.64029892638
1064.13122473246
1054.39060761619
1054.51385733354
1053.69875989048
1055.56986306692
1069.64895416489
1062.11223331605
1053.97554032236
1056.0105708187
1053.50148373367
1054.64423741051
1054.97703383463
1055.32926432932
1060.26713130874
1056.82359284781
1070.97641562629
1055.38476259159
1054.12950112803
1054.08868865805
1054.54999236744
1054.1928174598
1060.55633059874
1059.69093934417
1059.69763500282
1053.93462398042
1058.06109751737
1060.57972878081
1057.0615645922
1058.46162157591
1054.90858909696
1054.84406463353
1055.64214961619
1054.89478691834
1056.45890305846
1055.696349082
1053.93403699637
1059.14965676499
1054.31213887083
1053.99398853414
1055.75844799661
1058.42031936191
1056.32154519003
1057.60755379693
1053.53347729139
1056.28851522388
1058.81672810959
1054.52107471026
1054.51811624002
1054.67236355611
1056.64933523394
1054.95189595253
1053.45582906115
1057.72121072222
1054.81199685409
1061.58601868124
1060.00267970682
1059.14801164071
1054.90843732755
1055.80942803456
1053.66508309588
1055.39545737559
1058.11767342591
1058.90915998685
1056.86972907487
1055.59066044518
1053.74835211153
1055.16255959327
1059.78908870999
1057.38988845408
1055.90750811841
1054.89284952578
1056.65854930253
1056.19768694187
1063.79012767751
1056.94915499334
1054.84187214137
1059.45856230793
1055.20229050332
1056.05240016682
1057.93630656126
1054.52715350323
1058.82411265126
1057.56748159898
1064.94476785405
1054.3839003615
1057.34418001554
1054.30758124143
1056.11140283644
1058.37513499023
1056.94139590252
1054.22136334448
1053.95620956675
1059.7955274792
1055.75898316665
1056.86451580387
1058.09010987477
1061.38295348837
1053.91296144507
1054.88034290121
1053.45333813756
1060.08848346049
1053.65120443773
1056.81790510001
1055.75265047161
1055.09864736148
1053.42454162577
1055.42197575121
1064.91311783192
1061.59676798725
1060.65601256322
1062.44290879723
1055.44722562933
1058.10503881109
1057.30876785228
1060.47670828715
1056.91399733784
1054.18034375998
1056.3582911018
1053.65795029965
1054.31311640687
1058.26257599915
1053.33433187328
1056.31024158968
1053.79520002077
1065.66085117977
1054.14073568855
1055.47836602688
1055.72368220076
1055.49707606876
1055.4988178387
1055.49663232111
1059.56326712967
1053.53329314061
1055.42430175927
1053.60007478604
1053.9377796554
1057.8298305131
1058.66520573663
1057.82094104271
1066.39903323586
1060.72613625201
1055.94431300094
1054.57707641143
1056.80844032584
1054.61166464508
1055.82536409317
1061.4931488095
1054.55097610263
1061.80289730103
1055.76186718817
1055.92746807305
1055.93115200268
1061.78603205801
1053.46989081173
1053.44759015397
1060.56067729013
1055.34356793288
1053.70074191219
1054.96898853602
1061.71220929401
1057.67521783213
1053.40529703762
1060.23153886766
1058.69682816428
1053.72943698321
1061.5017164619
1054.34003290309
1053.60054477909
1060.31406890593
1053.44900049334
1054.20927737061
1055.42708080707
1055.47487534384
1053.84827085258
1055.65838378121
1054.43206064651
1053.36353249403
1053.58103832785
1056.10563237335
1061.35215660555
1053.3335477458
1053.36085774214
1055.14659889363
1059.31959206994
1056.77544262958
1054.21572481993
1054.5363026236
1056.31768129031
1056.87971449111
