909.388423117056
896.399956319204
893.052855406433
886.631891922017
886.325134317938
884.38531338375
881.17869677129
879.879547280965
876.591037647266
876.575336331461
876.4170559494
876.086178412619
875.886666625926
873.686148526408
873.516048222189
873.487171469429
873.299881609581
873.221988320844
872.10457633369
872.024736336325
872.000028432872
871.293648033339
870.625487439641
870.33579630903
869.786284191252
869.673036750464
869.068174937238
868.326502905162
867.930755495429
867.829115169586
867.201481297068
866.717082868611
866.602973643719
866.545977840996
866.475461658726
866.353682799617
866.352786015885
866.338649674095
865.588203250302
865.552442022385
865.329556466458
865.07379267398
864.79949351364
864.652145398171
864.55973293475
864.536624191631
864.506394945859
864.325892134034
864.231896732659
864.122656964992
863.829261205616
863.783215997164
863.767015111536
863.633819312015
863.622303859862
863.344521256865
863.151885543561
863.082938831963
863.024011509651
862.761007854162
861.946992606096
861.808938532758
861.525070526627
861.490856388646
861.394467416782
861.292856618099
861.284592885385
861.170946211525
860.998657504322
860.79515769464
860.690036821392
860.61514038022
860.359795854786
860.174932185332
860.079014773475
860.078310446658
859.9395942453
859.93731063612
859.917915965243
859.790958852254
859.76462195788
859.763498726262
859.733400988395
859.588765853849
859.580540391915
859.554089148776
859.47106084879
859.338922017022
859.290388060843
859.147325262244
859.126336808939
858.996282652616
858.682408177344
858.676605278974
858.585384623978
858.408600629411
858.343494110999
858.310329289296
858.215712011504
858.11804035759
857.978921283496
857.962363740217
857.904825492222
857.902505214433
857.8793067575
857.879128229994
857.81210674118
857.617025785495
857.54515036522
857.358128828861
857.287484808339
857.259848776508
857.250707480222
857.121380425117
857.120504112398
857.118339773143
856.915528374652
856.866812617039
856.847903209781
856.707366541629
856.535985273403
856.258492520587
856.109663150976
856.059350462714
855.98005547612
855.968532097516
855.958789495558
855.880884824408
855.85950843872
855.847515532908
855.789055064357
855.783669116314
855.759618538674
855.643500314192
855.619017809941
855.548150232474
855.541215887609
855.4488884775
855.436740465099
855.263514133651
855.232926228595
855.181397095776
855.07076934302
855.036408572049
854.881028262672
854.815328150583
854.775015975579
854.774980822713
854.611017174185
854.559849832702
854.439104150013
854.351448665922
854.316230687762
854.286698491376
854.252084877818
854.129188429225
854.06183906833
853.998300368042
853.99089686314
853.990090411766
853.913202832116
853.900252919174
853.868634997659
853.816531376887
853.795973369601
853.778407534603
853.595557250315
853.545482737163
853.464050149209
853.395654308332
853.372360859757
853.303019808118
853.275844159909
853.25625333126
853.225936393018
853.221435648467
853.137514099162
853.034076950068
852.997789390292
852.886022322588
852.873720693067
852.834654628778
852.755000613977
852.727485042611
852.571893460562
852.484712653025
852.429777705866
852.411946769185
852.401982646154
852.391036207445
852.31069372638
852.264858867739
852.053971135039
852.053033036351
852.04114768439
851.984814238509
851.951553129737
851.929078430377
851.917572581217
851.870331021127
851.868758578044
851.861648979294
851.676424253556
851.642860338897
851.639832379639
851.632385454423
851.631791778511
851.626811877381
851.562596980043
851.503939900917
851.465597537177
851.441634113546
851.357730112027
851.354115558679
851.327784400584
851.326263543014
851.308104362615
851.307148611685
851.291864250814
851.194517007172
851.149898775152
851.127325733357
851.09291225502
850.998805402145
850.918372574281
850.875138503734
850.835307254495
850.801060722894
850.785077434643
850.780968638462
850.757100589414
850.733303903492
850.731801899889
850.701722393638
850.701134889404
850.698023041737
850.664553874266
850.664095793578
850.520091485399
850.475727048613
850.44951564953
850.407413359051
850.382449468186
850.319114016041
850.2720286691
850.252074155735
850.183466108127
850.12316631446
850.104998864931
850.087557597845
850.079261863442
850.078023644171
850.072809214655
850.070162020302
850.057090842816
849.980302859073
849.942592628931
849.935346666909
849.919344065823
849.829045440677
849.798252433597
849.787608968955
849.744725542495
849.72755727101
849.723409489019
849.714040935835
849.704947953707
849.68720701489
849.63030126278
849.60286933823
849.59444928784
849.566770880394
849.565077834189
849.540235480667
849.531368715586
849.521950802142
849.5130764702
849.463381463856
849.316607820192
849.20391850447
849.16928622854
849.097906490451
849.054447321185
848.96197810507
848.825868694038
848.783970628126
848.736020187578
848.696368384337
848.689918045829
848.684949219794
848.670700115906
848.660546800056
848.652686995894
848.601371117999
848.568878873273
848.562824462204
848.562248522952
848.557991783432
848.553375163929
848.552286449771
848.537084718038
848.498789479011
848.481583046175
848.464631195032
848.420446254952
848.402765413058
848.36292729885
848.344666657057
848.279279093307
848.275831416101
848.274561187276
848.274211375125
848.235587879977
848.190920905657
848.184549619357
848.174123315284
848.151837376619
848.118903921784
848.1008210013
848.078454851958
848.010110428063
847.988885602637
847.93442504997
847.93419336928
847.89700020098
847.846392495049
847.839770177515
847.833334681949
847.619463172806
847.615751684104
847.610804017795
847.605191924953
847.585368002659
847.581561652948
847.538542669664
847.478862637775
847.475367356432
847.413431972443
847.412094742255
847.336486191686
847.322497458026
847.290357065179
847.281537373468
847.25772493799
847.21275177883
847.209811703554
847.15610161087
847.1447808338
847.138687755536
847.126754796563
847.005754829915
846.963111677361
846.940554254347
846.92041614915
846.882603376938
846.878681104751
846.849068636615
846.802271730334
846.797369172076
846.648134227759
846.641327935585
846.637337166299
846.557021564185
846.554585754071
846.513921207647
846.498339604392
846.493847608649
846.46667262958
846.446047773434
846.445984750536
846.383110819385
846.379596236908
846.367579740753
846.364422694632
846.360129373338
846.278818840449
846.248418166431
846.238352190111
846.220127161748
846.192732265617
846.161306611638
846.103976083194
846.099492685877
846.084307418355
846.078030532133
846.064478022206
846.058539608772
846.052854624268
846.047268532932
845.993438064964
845.949945075453
845.941601265819
845.909429522744
845.872445510616
845.865808033386
845.848031940946
845.833800640442
845.811712945502
845.804413487456
845.792834473818
845.788322649927
845.766443520728
845.71505016025
845.697729261277
845.676874461945
845.639742349713
845.613142410025
845.576523263173
845.517382416728
845.507832318629
845.498675040044
845.438070080135
845.423820312106
845.376960304532
845.317373618492
845.305723353966
845.292550539802
845.290439786206
845.261168024039
845.236270276249
845.21934266119
845.189141750021
845.188585524778
845.168134669219
845.151791005981
845.139097616597
845.1383606553
845.091276964084
845.071031603399
845.025514701011
845.024780080858
845.022789402922
844.945983724805
844.906066783401
844.90009598059
844.896439621657
844.879543905641
844.872081661753
844.849929121
844.849164598977
844.846702493306
844.846450532187
844.834555920114
844.76717699242
844.752317212838
844.73784301174
844.651811888123
844.648073699965
844.62948481701
844.626830805253
844.621466691532
844.597745806009
844.588180922857
844.577956566298
844.551832552492
844.522666311003
844.484160040134
844.464803021372
844.45736751163
844.453524971891
844.421464024099
844.405358240312
844.398677840098
844.376863638411
844.374232817943
844.368479317921
844.327422656192
844.323245441875
844.309280342235
844.308014079489
844.24399599276
844.229173393397
844.222913674215
844.204138920716
844.194848758342
844.190139047418
844.171631026494
844.16954853297
844.158264592784
844.150058179677
844.134398018289
844.120130296326
844.103436674639
844.102584515364
844.024565999626
844.008117895482
844.000750458674
843.922112521013
843.887143048293
843.824818768123
843.824011291161
843.795646228446
843.784076255651
843.761769064865
843.758488930435
843.746069754655
843.739022647218
843.730021126535
860.288455257372
850.018114843273
849.594702313449
859.080713309055
848.032873789843
865.930996980911
853.548549620426
845.275147321372
849.631219244634
846.040782401429
847.689096483975
853.204134334061
845.411300662291
862.134186377094
850.37882139106
845.41437087501
847.499725277506
850.296778141724
848.250124448495
855.246027999409
846.183288308256
844.822610530641
858.598488974831
854.242729126338
853.577176625746
853.458067633161
844.411684331937
854.643098093214
848.709751797139
876.579759201333
845.279702578482
853.440866268912
849.822573605231
845.687026891565
846.176292763394
879.518379820134
849.803963157516
843.733042970584
853.488921885449
845.91090422184
869.340450972557
846.548136073922
851.922628217729
845.788383426418
854.515350069232
849.286160779134
852.787082222552
846.701039646171
848.189369151899
845.783922218556
857.494765089553
844.603341625905
847.694185629647
856.576571622713
852.697202678852
843.805736867407
849.362144789886
860.981401097137
863.492448674323
845.971697962501
853.106466465516
861.342125559744
846.951620411572
870.020751041893
851.094946152647
868.30216356752
847.136793383051
873.474510854951
843.780685174097
867.894379669182
847.291605463684
849.232614707315
848.379256585617
844.816918797042
862.312549054631
850.620088873837
862.859887675582
856.039445958847
854.4260804748
854.21499291516
852.616849483878
848.640874743946
885.079976610181
860.453743346049
844.598516026749
852.914779191951
847.088339946022
846.752446982599
858.516277893748
851.762385339446
862.24315421743
860.203395345295
853.91509748946
857.599062242949
847.51952540991
847.468536767042
847.016449195048
864.620619816838
853.992888599964
845.397682005422
863.871775575616
849.891129812112
846.432979750385
851.327724545851
851.340280349829
865.328565105332
846.948118492668
851.259479167629
855.108139701706
856.611829624033
878.345616719411
863.075778473459
850.342239214113
845.209788577374
864.451361203563
844.877938868899
851.749045417348
856.608229270203
858.699188559352
856.231368555037
845.843021305139
846.642727501826
848.299448694291
846.885613186796
847.898350703981
852.47842599344
874.393341935507
845.532376671465
850.46534461665
874.047430942996
852.095651201249
853.049720844145
867.145577475948
860.585623066682
862.418483642486
855.995040374549
872.90647975139
849.966321098762
845.625684896796
847.475635374839
867.491822009921
844.417096581245
847.635526958817
851.840724436101
846.993383601498
847.16679781951
850.436655268818
867.72097345398
850.254293460773
845.164772015938
848.147234296008
849.710060656209
851.0272887623
844.00614767786
858.107858430257
844.813878573126
844.044456132302
845.230282508139
857.160442211651
844.421675252606
854.000320520942
844.417937803298
860.627756311213
845.590625781312
860.720386698173
849.566402232693
848.486291027112
846.205269345424
844.485722886571
844.082185963849
844.516992094683
844.250104355262
852.288890190697
857.557754019322
887.010853043437
873.657019401174
863.610615240349
848.329344753566
855.421381421389
844.928739311821
847.85387415842
862.263663511214
844.842040405451
855.934951326785
864.90980760756
844.47605684785
844.47178825596
849.503683465362
855.398212443006
844.0644228029
873.857885271351
844.241242473745
850.576825677907
844.946992333467
863.884469286879
856.91195393364
847.831095330558
869.290319402118
859.932373850816
864.681672995108
845.855831091888
849.08712072142
870.448695500863
855.412645152827
847.236157049312
849.168921129233
852.528807432697
855.226644069254
846.758863252621
858.556900665672
861.949419914808
845.61240516868
854.873230357679
852.241366182873
851.225651765566
847.308161382334
857.727845403098
852.33166245092
856.773758464781
850.130362365479
845.81685254246
856.499534552079
851.395352270625
855.276041174459
849.779584785332
861.699791564274
858.419791832192
863.64153237168
849.400587761357
864.134471222817
845.410625708441
861.915050393877
852.629851416178
851.429752471239
859.105203853324
844.013604958474
845.86495173175
854.834178780736
858.611471960009
854.738800497182
878.532929442508
897.55309995169
850.237750600687
847.486606847155
844.963912304503
851.805337898433
844.068108826427
845.680523786405
845.655426745744
846.256719980578
843.954227050406
846.511235129717
850.046070538052
853.306768805351
845.15885012501
844.489902271481
849.80217684099
866.914699456878
848.393302368328
847.631816491799
852.96723370379
862.396694630155
846.517580986572
858.270587500166
852.800046119585
856.969121480458
851.501948145157
847.863232923653
848.578884998097
878.888709028238
845.586070218625
844.307610843939
850.99899138063
867.610935970784
844.851199647988
845.637147992909
852.820026483528
863.157820451075
852.993734847406
859.897664879373
860.167776302809
867.934192279281
846.547429416397
852.439583119071
864.337405449954
846.733887035838
849.002061693811
847.720422482014
862.599922117422
845.364646716521
847.425854561558
848.152697883084
843.761807065371
846.601168969324
850.254532088192
864.156153983162
844.682006258534
847.158115810962
850.553875293202
855.058705609276
847.383201484155
847.39017131576
866.950646400625
863.05609738637
855.629129524716
855.130961813667
850.844501641517
856.019198757726
871.16269741376
855.980640394974
848.716179260142
845.284754065789
844.190769211343
862.570492858187
853.185924696769
845.339338457686
851.999300712
852.287112383364
848.1085917919
903.016450329874
846.925295109298
848.832088847705
866.418931287747
844.779095778905
845.477610409919
859.492441028575
852.128797337029
847.65618207798
866.066818380691
849.831446424057
849.475502719776
846.36347096791
844.394832835801
862.507265974053
872.356830633172
844.690662675544
848.252408577673
853.058635384446
854.981743659065
847.874769745968
862.831606409092
870.82014545404
854.805663074283
845.813472943081
851.083759074439
857.895322158225
844.17314506865
845.451422061107
861.717413287818
844.478092805034
847.533839643711
844.810480415456
847.486321053975
853.340522581319
843.774441348532
848.74463660331
845.856544308589
858.901454525356
846.241088914563
847.586825928311
843.972749866174
848.180829773734
861.734176921559
845.853675884345
849.949610760214
866.57832672707
850.990043717238
858.334315672426
848.278332008086
854.115877896744
857.876324638493
852.754296322339
846.374343539414
843.784194554301
857.438659338628
854.976709641153
854.936409838251
844.522443787428
866.205495623232
855.129774530654
848.165743605405
847.502804300951
854.125638120639
864.460678664666
866.784782943958
847.090339959072
853.794390860969
851.578787382412
846.958977897568
845.447970808572
846.151485204413
860.439377720811
857.73564972928
850.871984744946
853.234369300831
845.517797926112
862.186504628717
844.045641657876
846.193470527736
853.975983202477
855.087577369466
846.439163511757
844.825946923626
849.751757199602
845.345393191873
864.990122981939
853.597860335964
854.332620665512
847.066018051523
844.099084668096
846.990825110834
866.4327278756
856.835974056461
850.394611106599
849.239198252592
848.049539658882
846.526747607294
852.27988363422
845.253288075776
862.388013183802
844.611776537575
848.087006836438
847.277292166479
861.353077867185
845.219310529203
855.709289478357
849.36778444032
870.689498990892
850.767364140568
847.037680348622
850.433310475605
843.746155868913
847.114111331344
848.415200928609
879.068108782975
857.482764723336
849.535388693941
848.370377822214
849.541286997758
870.697928069028
854.799334836484
853.807311926962
849.321092642543
847.361015278661
854.506513591887
869.393958736283
859.365117373127
855.26172380599
860.006501129754
844.212548307608
847.294158475713
872.038207241975
844.149395550627
847.010751732269
847.6780555352
849.616378467024
850.707283749748
845.203573358041
851.298277098254
848.645831415612
843.707407679979
850.567294978352
854.094928399638
874.131417203831
844.06020260577
864.397066590612
850.568694803375
844.466748274631
882.277768076825
848.461347340706
851.167475414474
846.361949769818
844.757999159668
844.645017111354
852.904191403262
849.419477200103
844.120206103994
845.278292328065
852.266349211482
851.699152099496
845.015288830375
847.748888609359
853.022767123461
846.753053514281
844.754659708477
845.152556999094
850.60923146174
856.011832758087
846.023365627583
851.761175129047
867.623005980666
852.246489742281
849.69195438176
856.983957880087
848.341632205843
849.909960588675
848.783752246534
877.27274466429
854.46649428497
848.197556129694
853.922588520557
848.073527700713
