748.568840098454
746.139438948015
731.247302465367
729.869682130011
725.402670766355
724.038470497752
721.87106542776
720.644493783675
720.326178399794
718.197319645453
718.071902914382
717.653772373788
716.259783739115
715.833281023174
715.621185294098
714.146133286152
714.10783839887
713.918892624069
713.633138098725
713.570103256541
713.37873760507
713.361361702138
713.178132311522
712.624918944273
710.278819131697
709.847107432121
709.548311799967
708.911446816362
708.874796786496
708.742775059064
708.54362994924
708.444561110562
707.819927982831
707.720278337067
707.664600532148
707.450987448901
707.102412641402
707.042047072492
706.739808174754
705.949221002846
705.947813350343
705.774782741038
705.560789706947
705.47999831776
704.534490185861
704.45132211258
704.407596786408
704.404409060647
703.900215224707
703.744443931609
703.64132651978
703.636753728964
703.582353399478
703.564475691927
703.44108546401
703.338837952187
703.325208274894
703.072268853459
702.874777648996
702.856594742437
702.853610608688
702.849608994732
702.839613709316
702.832126158011
702.830759491901
702.82884046429
702.826943577443
702.808204106572
702.801682366627
702.799698513433
702.79334699769
702.787644918296
702.780197571217
702.765076020285
702.763386701312
702.763176376347
702.761016816896
702.758641535895
702.758433829762
702.756154773639
702.755419473999
702.753551058024
702.750939480697
702.75090069686
702.742847787617
702.740391965063
702.736530484342
702.736248053085
702.730351813814
702.726154186858
702.724449573147
702.722871512325
702.715692833062
702.713948923444
702.712746147027
702.711458700448
702.707351871322
702.707133254742
702.706419532401
702.703099736393
702.70254382678
702.702425224433
702.701458540764
702.699653208444
702.697541224383
702.694613752232
702.69401632552
702.691139779791
702.687480370105
702.685453945716
702.685057912046
702.68442552178
702.683485021352
702.67834048612
702.677703555161
702.675989687525
702.674246954705
702.673016719208
702.672492257622
702.672440654252
702.672198151405
702.671631920189
702.671159957581
702.670500097486
702.669078339781
702.668373066639
702.665629536382
702.664010732433
702.663849349023
702.660456470801
702.659968635739
702.657057177765
702.65646053976
702.654896237595
702.653797768529
702.653790300843
702.650937618398
702.650508934223
702.650201549953
702.649423126095
702.647224723254
702.646884508356
702.646846815758
702.645814448162
702.644371871479
702.644253752748
702.64133756957
702.641241827276
702.639997621661
702.639679013482
702.638307515095
702.637993997557
702.636305457495
702.635626788987
702.634103852958
702.631781985781
702.631514400028
702.627808198894
702.622240553162
702.620773846913
702.62011835337
702.619924660085
702.619211517034
702.618673495859
702.618451410951
702.615209284239
702.614930588318
702.614194889408
702.61410033426
702.61328976319
702.612845441694
702.612543831886
702.61212806832
702.611774914685
702.610077579822
702.609470448947
702.607623908865
702.604797503765
702.603267865965
702.603001852533
702.601691004426
702.600646085996
702.598338215624
702.597058864435
702.596858168118
702.596156767733
702.596050386193
702.595497381474
702.593809912374
702.591984347334
702.591392831285
702.588156329328
702.585747220971
702.584832340634
702.582028145436
702.581715195857
702.581677851714
702.581610003812
702.58102851888
702.581015498845
702.580225265813
702.579820895642
702.579101281514
702.57849276624
702.578120525863
702.577141653985
702.577009977136
702.576758341609
702.57620671694
702.573335875168
702.571724243296
702.569331628095
702.568358180316
702.566737029313
702.566436995448
702.56637127768
702.565626030296
702.565330408847
702.564009731521
702.560028026974
702.559854454742
702.559447665499
702.558656552151
702.558268500804
702.557960967562
702.55741682453
702.557029943898
702.556517881051
702.554845465371
702.551995999506
702.551986010143
702.549911474989
702.547938016404
702.547039456249
702.54512824798
702.545112886046
702.544052293289
702.541964364178
702.541206026165
702.541145333234
702.540489776171
702.540379666029
702.538955999482
702.538602089983
702.538436655141
702.538333163421
702.537589103203
702.537588756492
702.535587270971
702.535469152678
702.530682062064
702.53016861122
702.530107183408
702.530089065064
702.529536966394
702.527991907085
702.527228443858
702.526614475438
702.525716210434
702.525661840954
702.525659120317
702.524769302496
702.52294299941
702.522683877963
702.521822828931
702.521668719358
702.521401414164
702.521119527485
702.52067676021
702.520139740223
702.517034966111
702.516474389638
702.51550600853
702.515326376344
702.513940645993
702.513464932741
702.513418880917
702.512538407971
702.512060717042
702.511619560206
702.511530223635
702.511349310944
702.511179575766
702.510742312533
702.510695626945
702.510358052011
702.510093726105
702.508353581433
702.507807283771
702.506979355968
702.506356876519
702.506292127303
702.504839899069
702.504199901474
702.504100846369
702.502839819739
702.50272463019
702.502009452176
702.501953679319
702.501462165319
702.501333792118
702.50033926509
702.499433966785
702.497344823799
702.496621586654
702.496260864137
702.496185237998
702.495715634932
702.495488780011
702.494680369764
702.494268222464
702.494215599687
702.493476298725
702.492987269628
702.490859829933
702.490689357277
702.489389733486
702.489345529069
702.487644214839
702.484742313068
702.484566058786
702.483982892771
702.483879848498
702.482064123559
702.4813854932
702.479809911814
702.479683144111
702.479550408834
702.479136306344
702.479064921881
702.4785387988
702.478406338284
702.47824816888
702.477893268113
702.477581299056
702.476936897774
702.476601045043
702.476490102853
702.476429059534
702.475941473806
702.475795900473
702.47490544413
702.474869413821
702.474813656193
702.47382380084
702.472812884883
702.472785122323
702.471546287694
702.470158430669
702.469305908506
702.467756173998
702.467277479576
702.467200521713
702.467083211702
702.467056784719
702.466824355238
702.466589347539
702.466184295165
702.466162865224
702.46590767106
702.465685248117
702.465676023666
702.463574835058
702.463368087878
702.462945440021
702.462700582391
702.460008856918
702.459459462236
702.459242633888
702.45859544376
702.45854832052
702.458368543774
702.458094491783
702.457435336125
702.457179004461
702.456889952636
702.455407206969
702.453893272912
702.452248694471
702.452196489062
702.451458430683
702.451318934824
702.450985137409
702.450180365736
702.449836574015
702.449144275298
702.448970933013
702.448884954575
702.44870723758
702.448028218593
702.447828809886
702.447646276833
702.447489958053
702.447080664651
702.446946407683
702.446504700171
702.446118399417
702.444873608228
702.444760860933
702.444408469619
702.44383566798
702.443484031215
702.443315132755
702.442927444425
702.442556012244
702.441905357583
702.440882383909
702.440788806006
702.439052735045
702.43852499374
702.438407850281
702.437640980904
702.437618058358
702.437489459978
702.437413820913
702.437004291257
702.436813139955
702.436171541519
702.436011134308
702.435804712857
702.435721316727
702.43485982503
702.434495320896
702.433882912084
702.431412978405
702.43114016295
702.431113964151
702.431006926447
702.43091954496
702.429553135828
702.429186404456
702.428034381108
702.427588604745
702.426701999988
702.426381124595
702.425507217944
702.424723631184
702.423361669923
702.423289814552
702.422928140225
702.422550134287
702.422012353345
702.421472602634
702.419561350346
702.417575225589
702.417410438048
702.417300221508
702.417296445052
702.417209621152
702.417087259652
702.417007512731
702.416863700224
702.41672452684
702.416470939561
702.41642525735
702.415413930525
702.415113409031
702.414530683679
702.414071826194
702.412704417363
702.412419133424
702.411908599578
702.410161631245
702.409825734919
702.408950134052
702.408567104395
702.408436303299
702.408391039163
702.407668397959
702.407373817378
702.407087206939
702.405269171262
702.405218087301
702.404838785473
702.404791105409
702.404455888499
702.404440973432
702.404112576757
702.402792406335
702.402697584583
702.402031312791
702.402029743981
702.401601080879
702.401460982296
702.40100675287
702.400416059536
702.400407577642
702.400012344499
702.399018088848
702.39877950004
702.398105963902
702.398076461938
702.397986955419
702.397932632523
702.397717088476
702.397548473842
702.397405361203
702.397369306423
702.570936696672
702.564467998001
702.616660011341
702.740877131931
729.267568099129
702.41449818155
702.411780976366
702.510315744745
702.788521878994
702.418871400863
702.523792709131
702.438589797737
702.601795103074
702.785362679781
702.44813432274
702.451294028365
702.451868884375
702.687632049395
702.436326807815
703.566228591961
702.546158918076
702.455225320995
702.666776533181
702.708985364925
702.490440979728
702.446692137033
702.403496498554
702.421205239351
702.440351736877
702.626834862934
702.503667646737
702.754697532984
702.454457870603
702.485261692254
721.724180057184
702.620855436807
702.64641910653
702.61574467541
702.461414316214
702.569016732144
702.704010031241
702.483372889837
702.431567741831
702.397345828447
702.634408183019
702.546824911185
719.715909973061
702.541943584395
702.5331972112
702.570150583572
702.468181607299
702.472268584443
702.433466923431
702.98473799854
702.777804670858
702.870151117642
702.680695729849
702.444405877117
724.416261861508
714.195628293447
702.759819638057
702.454513915912
702.549304064483
702.408702597338
702.418117057852
702.487771188151
702.444880291401
702.561132577085
702.610744143781
702.507147763783
702.616587082101
730.666120703989
702.596183325351
702.489668513099
703.721694916463
702.660054443631
702.719530327411
702.739610233235
702.663688269635
702.459769313541
702.620565837069
702.405076917996
702.418150900728
704.589404617429
702.651452045671
702.441702557289
702.418907438726
702.708759849597
702.701120675041
702.439131150199
702.578400838289
702.402270491073
704.953153005508
702.6620069003
702.421124704576
702.417207363065
702.772931694821
702.714975581125
702.709914169837
702.404831539599
702.842742829147
702.464770543876
754.080787762536
702.522856483103
702.475689088336
702.468282616523
702.404874006023
702.495502308082
702.50364100169
702.508611495372
702.499278142533
711.059292694283
702.482236742322
702.431520720124
702.563719264785
702.473173515567
702.516099795083
702.422663865364
702.614708379472
702.729941650061
702.581358588541
702.691343708867
702.870705738756
702.50734993373
702.726065190184
702.642506933393
702.469445422684
702.573036455825
702.64029633434
702.87298087947
702.615244258774
702.591797457504
702.441723306064
702.501060588256
707.673346357938
706.917841869066
702.401876131952
702.436665246919
702.525124823377
702.562392476921
702.521036494724
702.774851333074
702.542693926949
702.572275069615
702.428531210646
702.54931772389
711.61844948733
708.718642666825
732.8281975005
702.422123408795
702.598031075631
702.570072863371
702.42370434914
702.682715278041
702.460641854618
702.407794880178
702.539836176034
702.793435193572
737.882184618297
708.650132019906
706.823165019954
702.47597253353
702.452372772331
702.610965893986
702.61192235427
702.688910621917
702.4797515123
702.502587203141
702.476854415108
702.652423880469
703.657385183142
712.369860990598
702.726863159609
702.402778328486
702.408232997709
702.455684987414
702.424454401324
702.405691754252
702.475066687242
702.48612804946
702.660226482323
702.670976020089
702.53438013464
705.435339511679
702.490602002286
702.591857266591
706.441102000158
702.438936690226
702.561489671473
702.545605905557
743.998584262668
702.777056033746
702.410414316114
702.562245385669
702.578634759043
702.498837120249
702.586760204857
702.433187365099
702.746571247992
702.482918279034
702.471776345481
702.434460281917
702.638144725382
702.471731329539
702.686980149802
702.452355819077
702.542979684732
702.710599556488
702.519683576694
702.414764114284
702.511694779043
702.468975506396
702.566424549029
702.746156561821
702.493105481835
702.531337400421
702.445242192592
702.517952720381
702.802985381216
702.523570573362
702.596797718516
702.571155321961
702.421554346289
708.353691005538
702.448357059606
702.507021662251
702.725751316715
702.603787750251
702.450053598944
702.411587555806
702.696035252247
702.410602870252
702.499502755682
702.623591434527
702.476776939715
702.473074818465
702.556368920502
702.66172817995
702.606560219341
702.541208136317
710.781758107726
702.672627490641
702.47157039189
714.38504970929
702.583969271586
702.46297847729
702.708031623955
702.44456086711
705.594260257149
702.788064990408
702.436311550452
702.573002185368
702.492216924171
702.500286578009
702.490722618189
702.427853510366
702.433326926398
702.452623910587
702.696281040901
703.219451529741
702.800781382977
702.423719840002
702.674818554037
702.458260637537
702.74972806655
702.540672543391
702.700409735663
702.440956993909
702.811028356316
710.109517167327
702.469393270253
702.717524819803
702.609983924021
702.651372995241
702.610750181261
702.62378000613
702.473028167662
702.400054610916
702.58788216691
702.483598566325
702.67213202883
702.723086500491
702.406946970132
702.508554650147
702.637240315625
702.426887702078
702.736611915531
702.445118915487
710.445541513494
702.697909909227
702.399991929166
725.891696658459
702.721215615188
702.573814342345
703.589798570267
724.387945470342
702.397935620622
726.385902233447
702.634549215592
702.494223119409
702.404078170342
702.477193342876
702.547975840018
717.356679707046
702.455723256348
702.729561505927
702.450155473563
702.404438505641
702.648468222738
702.521680766516
702.478046315338
702.483819523639
702.501451132712
702.727956950546
702.709088935101
702.671631670437
702.546469063151
702.467382154172
736.876030954573
702.433280408699
702.427458168938
702.413371042627
702.409067827952
702.54902315077
702.60841825233
702.711200362276
710.793816888087
707.171617100808
702.581035238212
702.542893473031
702.830790440825
702.599160015771
702.429275880189
702.432667035676
707.733792487522
702.426597986447
702.613008895142
702.553192382266
702.658768848351
702.57763856368
702.482171295481
702.530101903981
702.470848297133
702.540655257123
702.628545302963
702.609843572211
702.436658921347
704.658998397105
702.450272201823
702.518415163386
703.031076709825
724.052995948045
702.545077398975
702.632064533784
702.854471798257
702.670415591207
702.476675251162
702.528021128362
702.425364424879
702.573282102698
702.756024684632
702.53776940847
702.553340951782
702.602908800187
702.615113906072
702.614150699548
702.460402386861
702.66198917051
702.61745487731
702.569615359309
702.439135483215
702.521045218406
702.450407637891
702.570395943925
702.530966905732
702.440763856537
702.533816925318
702.555903972925
702.564828117859
702.657595396147
702.409365481929
702.41674215906
702.677554633309
702.600558797281
702.588003468653
702.526672682337
702.416175146232
702.527227035001
702.421882966482
702.53769427441
702.657439855237
702.444098032624
702.427240608016
702.424735605911
702.528661402914
702.622530097882
702.503809391051
702.616878875324
702.417620126652
702.422836890652
702.447405995255
702.453727182563
702.618982713432
702.417139528572
702.764065657243
708.800891481893
702.554825179804
702.559588176445
702.452784345031
702.524392325268
702.402119706174
702.473260684914
702.550203086271
702.667690882726
702.616253123562
702.636993351467
702.479679364227
722.113926908793
702.564730522918
702.569465917672
702.530429173679
702.488225038678
702.59151372365
702.405940359107
702.5011403579
703.652181363222
702.677566059351
702.623247639375
702.522226947708
702.519297168324
702.544468667097
702.49261585228
708.718578399195
702.487345429732
702.457583394971
702.602121424834
702.551724122063
702.652762958934
703.189435042978
702.671824423832
702.581927489309
702.635330125676
702.566538098537
702.537997646124
702.506695846871
702.48564515633
702.420268100821
702.50605078508
702.475043862789
702.67481448459
702.462829102899
702.614565724573
702.525570306358
702.590278087679
702.793706645955
702.703625523711
702.516899848086
702.43187552376
704.441614381671
702.606238462088
702.628140302479
703.711733328185
702.626122771282
702.412068122203
702.587541523685
702.506001822991
702.729252032435
702.450836385554
702.697022185901
702.494853793724
702.752690423867
702.57815864131
702.689716513731
702.504671225798
702.485071904124
702.422542642348
702.517108095242
702.526878738983
702.405543573716
702.653320470468
702.474362538181
702.436619322564
702.539119655798
702.487133243576
702.723037870573
702.470964366418
702.582788585547
702.631283179968
702.410871844661
702.4385826629
702.457998274372
702.399683799006
702.415554313574
705.773926599812
702.434533577216
702.432758266579
702.547090084923
702.715882647319
702.714490497824
702.496499249032
702.597904136125
704.882138687497
