1089.35697832467
1088.70007793625
1088.67902142798
1088.65056553922
1088.02413353774
1087.87216573572
1087.85330123428
1087.75345288715
1087.55353997894
1087.50181503554
1087.38388281256
1087.34802335873
1087.34230904615
1087.30320467379
1087.30149566181
1087.12294503745
1087.12108014408
1087.11505451776
1087.10242409534
1087.08777557542
1087.03524317029
1087.02130097944
1087.01683976903
1087.01409162048
1086.99331493999
1086.97488696097
1086.96572641782
1086.95351743801
1086.9477558769
1086.93471677128
1086.93257357602
1086.89555681754
1086.89250893284
1086.89025256734
1086.88248652387
1086.85074955451
1086.84792692816
1086.84733217582
1086.83212594996
1086.83139412877
1086.78272119237
1086.78120495992
1086.78113333631
1086.78099266334
1086.76550574189
1086.73192620541
1086.72105182794
1086.7207336741
1086.69408686119
1086.6908902325
1086.67778058914
1086.66909847699
1086.6690130025
1086.66491421687
1086.65332595271
1086.60611671234
1086.59896055682
1086.59709168541
1086.59100614678
1086.58815904534
1086.5873343596
1086.57080576635
1086.55559483781
1086.55193030856
1086.55098476241
1086.54960902203
1086.53123273825
1086.51819351903
1086.51793115897
1086.50798991538
1086.49342285771
1086.48608585723
1086.48293648067
1086.4813788142
1086.47848497849
1086.47531899672
1086.47091232829
1086.46828650341
1086.46191994534
1086.45477469388
1086.44854608349
1086.44727260566
1086.44277339013
1086.44192510734
1086.43721778339
1086.43521085175
1086.4176524846
1086.41759573611
1086.40702401784
1086.40648950604
1086.40647069603
1086.40616290664
1086.40566633778
1086.40563149691
1086.38675475994
1086.3817881233
1086.37749553027
1086.37570932465
1086.37333362823
1086.36658465944
1086.3659170847
1086.36248686891
1086.35605491015
1086.35565070225
1086.34647002366
1086.34394401344
1086.34308719256
1086.33291236748
1086.31768725453
1086.29054073104
1086.28643495043
1086.28528382588
1086.28374489046
1086.26365997144
1086.25526289646
1086.25423627388
1086.25107320462
1086.25011254238
1086.24689246756
1086.24452794785
1086.2435561024
1086.23034876746
1086.2252003573
1086.21700004544
1086.20757480302
1086.20458002761
1086.19920813627
1086.19908342228
1086.18778737857
1086.18612761881
1086.18013499701
1086.17844313697
1086.17815420913
1086.1770721302
1086.17326542173
1086.17079417955
1086.16421285463
1086.12228986965
1086.12207601566
1086.12039442357
1086.11745892048
1086.11445563772
1086.10808847395
1086.09829121164
1086.09778435127
1086.08865541842
1086.08569024826
1086.08051926292
1086.0793881457
1086.07322001878
1086.07251743955
1086.06905915036
1086.06601357319
1086.06505769401
1086.06473511812
1086.06286151261
1086.05925651906
1086.05862891561
1086.05762635733
1086.05224345354
1086.04723581734
1086.04048159135
1086.03898942581
1086.03357709271
1086.02627196732
1086.0257299644
1086.01505323102
1086.01381981046
1086.00862087207
1086.00194003458
1085.99905976878
1085.99607512866
1085.98543080406
1085.98537226728
1085.97390083417
1085.97100720435
1085.96820629337
1085.9629544665
1085.95132395794
1085.94800215453
1085.93644237612
1085.93419670909
1085.93074231225
1085.93059050594
1085.92745461936
1085.92625310444
1085.92544756294
1085.92417026331
1085.92340203099
1085.92280193949
1085.91591690379
1085.9150707443
1085.91430364444
1085.91102023878
1085.90234523093
1085.90143339559
1085.89442294097
1085.89396206557
1085.88812474542
1085.88756077458
1085.87815025326
1085.87466640216
1085.86717056828
1085.86665063453
1085.86618991837
1085.86589936155
1085.86254717524
1085.86160677733
1085.86049068019
1085.85951687428
1085.85431044965
1085.84623216477
1085.83629538697
1085.82500691747
1085.82493086086
1085.82331046012
1085.82159619298
1085.81960042673
1085.8081237599
1085.80807459777
1085.80749571975
1085.80055379063
1085.7960967818
1085.79500377856
1085.79252165453
1085.78506909164
1085.78497876727
1085.78487824192
1085.77982163569
1085.77865080282
1085.77662516981
1085.77283559788
1085.77225958549
1085.76889519246
1085.76577562349
1085.7655134819
1085.75099255571
1085.74864916962
1085.74542751531
1085.74464247218
1085.74394680625
1085.74334464815
1085.74334447691
1085.7420947466
1085.74201962288
1085.74130184839
1085.74083288452
1085.72616153541
1085.72483284013
1085.7173823303
1085.7168156836
1085.71625636413
1085.71573038779
1085.70729580293
1085.70383294569
1085.70178147167
1085.70110922624
1085.69193106882
1085.6914082822
1085.6897966681
1085.68467009401
1085.6821685683
1085.68079512254
1085.67937903357
1085.67508016325
1085.66958940535
1085.66562675062
1085.66299480247
1085.65797397921
1085.65653047958
1085.65595852569
1085.65556976372
1085.6512132512
1085.63865278268
1085.63574313862
1085.63466229548
1085.63275600535
1085.63051504364
1085.62623430584
1085.62274539683
1085.62263852383
1085.62083195289
1085.61949154838
1085.6192083594
1085.61495572391
1085.61393743129
1085.61040847883
1085.60487633184
1085.60324606232
1085.59864286389
1085.59401073463
1085.59384553028
1085.5930326898
1085.59162442256
1085.59105438445
1085.58939472792
1085.58833864285
1085.58814581806
1085.58538091477
1085.58079823945
1085.56995727814
1085.5612780152
1085.55873626515
1085.5582898626
1085.55477922636
1085.55295686206
1085.54593983544
1085.54284255963
1085.54233551631
1085.54132592774
1085.54037969292
1085.53879045115
1085.53713091005
1085.53709839055
1085.53093297556
1085.53007754566
1085.52272503782
1085.52135322656
1085.51907684993
1085.51855908307
1085.51635038089
1085.51388773519
1085.51331654435
1085.51211263864
1085.50426342955
1085.49621225568
1085.49592985057
1085.49505540539
1085.49328294856
1085.49215026858
1085.49148823657
1085.48855183561
1085.4883069135
1085.48765966786
1085.4870854068
1085.4860818534
1085.48441238024
1085.47760381208
1085.47608143593
1085.47505284574
1085.47490312147
1085.47161954025
1085.47082496587
1085.46998221176
1085.46912055552
1085.46793938385
1085.46720119787
1085.46618877568
1085.45639415556
1085.45244022789
1085.44803564556
1085.44625159986
1085.44544215947
1085.44341457411
1085.44178869423
1085.44094715294
1085.4392560366
1085.43807321861
1085.43750032588
1085.43747814474
1085.43733130164
1085.43553339473
1085.43232229704
1085.42574702005
1085.42480728254
1085.42071756964
1085.41948222225
1085.41947423776
1085.41929765027
1085.41495298464
1085.41231592836
1085.40871655981
1085.40422867198
1085.40119758546
1085.40112431406
1085.40059534335
1085.39046460634
1085.38867415503
1085.38347135152
1085.38189873754
1085.37958084383
1085.37862014621
1085.37858031012
1085.37646145411
1085.3746158595
1085.37446427573
1085.37058218104
1085.3656844817
1085.36554405155
1085.36533265646
1085.36530361298
1085.36311817505
1085.36276435517
1085.35865641831
1085.35572168861
1085.35367198665
1085.34859312859
1085.34811257026
1085.34354753877
1085.34336443445
1085.34261564223
1085.34240555943
1085.33958558896
1085.33714841592
1085.33582414715
1085.33481492983
1085.33476335979
1085.33065420758
1085.32989512697
1085.32726011503
1085.32138013678
1085.31875434949
1085.31819399746
1085.31758115175
1085.31550773506
1085.31422053567
1085.3128548567
1085.3112945063
1085.30997113708
1085.3091501639
1085.30870022698
1085.30466581742
1085.30446702852
1085.3003904913
1085.29886541744
1085.2985714385
1085.29778382901
1085.29640031109
1085.2934878945
1085.29342949429
1085.29307342943
1085.2925644007
1085.29159643205
1085.29015746659
1085.28893208988
1085.28804258639
1085.28475804523
1085.28462428566
1085.2817918094
1085.28030229567
1085.27993446748
1085.27861796272
1085.27777588457
1085.27659077051
1085.27490763049
1085.27300151233
1085.27148208806
1085.26805783547
1085.26286680385
1085.25711842605
1085.25702120546
1085.25658608528
1085.2531818761
1085.25302159065
1085.24817599451
1085.24804990849
1085.24758388829
1085.24640650508
1085.24593907855
1085.24335225701
1085.24184032258
1085.24114574364
1085.24080481821
1085.23929247517
1085.23915917564
1085.23865555277
1085.23717504978
1085.2359387615
1085.23570016725
1085.23543538178
1085.23443853365
1085.23430863284
1085.23362506169
1085.22781673133
1085.22540577572
1085.22484675501
1085.22455806412
1085.22398117958
1085.22313700527
1085.22295458241
1085.22107660456
1085.21990406884
1085.21940442311
1085.21899036899
1085.21882286208
1085.21477684527
1085.21310668916
1085.21101019955
1085.21083205965
1085.20681859013
1085.20502558355
1085.20484946321
1085.20459499032
1085.20333103951
1085.2030823154
1085.20122522075
1085.20061162901
1085.20043560233
1087.81764925603
1086.74549030906
1085.68336313875
1085.36250614895
1086.15346765639
1085.4630762452
1086.08542767237
1086.40248435009
1085.51140860281
1085.35636037538
1085.57305850898
1085.82993383695
1085.69460681097
1086.38320496287
1085.21647189864
1088.75166368517
1085.54195662092
1086.16673318213
1085.52165074682
1086.30140500533
1085.1999219844
1086.35629649113
1085.99072099232
1085.23097818063
1085.28024678297
1085.29458221383
1085.228461172
1086.06459784484
1089.36543992499
1085.66556796903
1086.15645947207
1085.39306281861
1085.75345165801
1085.91499229115
1085.6994547272
1085.71275771802
1086.18417446733
1087.35678375257
1086.45182434425
1085.42165709501
1085.38322211527
1086.19251068543
1085.95977646908
1085.74132140866
1086.31662739109
1085.67398612815
1085.27222778354
1085.46203048889
1085.40063377696
1085.67286423362
1086.71280642875
1087.61601986781
1086.71929430634
1086.01168359026
1086.6086508914
1086.0737358039
1087.07847645254
1086.33432889583
1085.43287802748
1085.94310950938
1086.80600536485
1088.67040002736
1086.68280351487
1085.70302596539
1087.49662722248
1086.17831966684
1085.41876311271
1085.52987795817
1086.1213402106
1086.93091964413
1085.93641681082
1087.82497515223
1085.53498164963
1086.60675333337
1087.25581937984
1085.99528802906
1086.08165053944
1086.6246318405
1085.25194618042
1086.0060431186
1085.87550496261
1086.32757795291
1086.0465562668
1085.35181506864
1088.05776517673
1085.51216630303
1085.3192784637
1085.21232008071
1086.9173251068
1085.88092667145
1085.29142513158
1087.22883540929
1086.00101438104
1085.55126934587
1085.86035920898
1085.9953287549
1086.23356091373
1086.33071412541
1085.42353786102
1086.28533105903
1085.26601645148
1086.09650277546
1085.92728628342
1085.44714258029
1087.92470027794
1085.51455371642
1087.95713609587
1085.58677980597
1085.83747506941
1085.76413428771
1085.96464902778
1085.31460751431
1085.30171020337
1085.25552798296
1086.89175507389
1086.21894728504
1085.56071729336
1086.63413352522
1086.84614881596
1085.42692142859
1086.44664571736
1085.20028841136
1086.59112385388
1085.61255976683
1085.38160190374
1086.66628674992
1087.19202380509
1085.45749628032
1085.76965577781
1085.67719462476
1085.58182871964
1085.86344542048
1086.02645408088
1087.5483781723
1086.57541126881
1085.70078369456
1085.53315403148
1086.68682316266
1085.65448068461
1086.0487106168
1085.68472189917
1086.48545356096
1085.68671906903
1086.17210220685
1085.4796448706
1086.40373262298
1085.72395858475
1085.33847502176
1085.72213576566
1085.29097568412
1085.97475415701
1085.8099917328
1085.69893448302
1085.94980406047
1085.62250912935
1086.55125531152
1085.44403974996
1086.60682127725
1085.95771091914
1085.64894171396
1085.71326805894
1085.32739038956
1085.28221198314
1085.38382092666
1085.84550188288
1086.63240308339
1085.60854452146
1086.62827571511
1085.95088628038
1085.60092133213
1085.4230103853
1086.84046961507
1085.40308204725
1086.34757927402
1085.64393017016
1086.38723396103
1085.51010568997
1086.28982143398
1087.20927664149
1085.95661058207
1085.59974028367
1085.48627052187
1085.29287328628
1085.81693857757
1085.86750962702
1086.22160414508
1085.45721332055
1086.18015926546
1085.9379724244
1085.54894695239
1086.42423478719
1085.59592697472
1085.61584993758
1085.97051889842
1086.46558374431
1085.34993106607
1085.25578537104
1085.69907383527
1086.46239010053
1085.77947071197
1086.87988120915
1085.99604738071
1088.3990169601
1085.46202211988
1086.52896419158
1085.50836507738
1086.27150326024
1085.61916194803
1085.65097743807
1085.31135662152
1085.58322074663
1086.22466807881
1085.88056760086
1086.51655943574
1087.81452072908
1086.53247455572
1085.33084749074
1087.00661314333
1085.67591368313
1086.66617414682
1086.69153176396
1085.58230712273
1086.04686853653
1085.71508274105
1085.7643973303
1085.38149878832
1085.26053532925
1086.31384133541
1086.25740888888
1085.38476165295
1086.29961655172
1086.07760983683
1085.81575653166
1085.27074594076
1086.00728527491
1086.0556496605
1086.07934321608
1085.73960845517
1085.62702492246
1085.55221184892
1085.84461042943
1087.20088548807
1085.35763781878
1085.2174025577
1086.10171205113
1085.2002770085
1086.16545351436
1085.51679630035
1087.07975919992
1085.25481193097
1086.03331374642
1085.55973143558
1086.26131527558
1085.58318557711
1085.62474302336
1085.54063633279
1085.73851731371
1085.48540398815
1085.23982638378
1085.72145018319
1085.46267381788
1085.76226557218
1085.22515418954
1087.2197781381
1085.62682452055
1086.61436029203
1085.34406809071
1086.20687257921
1085.20988224638
1085.97483331972
1086.9436647836
1086.95221900136
1087.46449142963
1086.31521798777
1085.47439214728
1085.90107479003
1086.46590056401
1086.20886006047
1086.78952332953
1085.3200069644
1085.86594297547
1085.41318368244
1086.72974273604
1085.6213401254
1086.33526511412
1085.20587913947
1085.71041297466
1085.2321740071
1086.10789669227
1085.3043737018
1085.25908784739
1085.77071069211
1086.48147697738
1085.92219205657
1085.97025671813
1085.28924558604
1085.487930744
1086.06167507447
1085.99020640921
1085.58847119649
1086.82216765349
1085.45276903418
1087.08620114845
1085.57662929411
1086.86097575742
1087.16018244781
1087.18034351569
1085.6994451063
1085.42783246579
1085.86259364732
1085.88782010796
1086.23855066217
1085.26951123074
1086.90199623696
1085.59214039191
1085.24458059798
1085.71607004976
1085.36375886939
1085.75067065714
1085.41344269613
1085.59509762532
1085.30439211446
1085.25695172852
1085.25088478425
1085.23385487942
1085.32222484051
1085.34491810206
1085.44852360534
1085.38837549527
1086.46628437254
1086.0927968617
1086.38102445648
1085.41079367268
1085.35734382377
1086.82648907028
1086.02690080001
1086.03803016235
1085.70041122505
1085.96144784813
1086.1388754139
1085.82473698702
1085.30629410234
1085.55024151432
1085.30111945009
1086.13889159777
1087.51508448279
1085.99153143711
1085.61734089486
1085.65546756145
1085.48322048162
1085.80180921696
1085.5972555795
1085.50252464155
1085.22078341646
1086.07988609869
1085.52152747476
1086.68779740975
1085.1981571737
1085.24254242205
1085.66250795628
1087.86652041034
1085.7303767512
1085.32461781964
1085.42336230005
1085.40698724211
1085.50291725119
1085.26795258861
1085.56220309006
1085.96517637578
1085.21103345301
1086.65692209821
1085.97590047465
1085.63738676283
1087.91683430146
1085.50861535333
1086.00874823317
1085.21862388432
1085.63580613247
1086.20701095318
1085.32828124449
1086.63321482297
1086.02497015986
1086.86123239289
1085.75438518769
1085.38115878306
1087.09217956659
1086.33585338733
1085.7899373071
1085.64819599533
1085.8744739545
1085.59889972106
1085.2775662159
1085.43379991273
1086.84431130309
1085.94429936236
1085.35564406504
1085.26047847821
1086.53984572908
1085.70788766496
1086.16889019268
1086.38393057637
1085.39780159966
1085.9278924569
1085.47004519646
1085.68030559571
1085.85169814022
1085.24073635367
1086.36291452884
1086.22045813166
1085.50077333096
1086.52225503057
1086.04895278767
1085.69252885908
1087.93407921323
1086.47001375733
1085.52222223845
1087.00336959546
1085.56829885842
1085.73781262653
1085.46053016887
1086.69807738335
1086.39372305431
1085.40119777222
1085.40113920864
1086.01230323866
1085.48689501969
1085.92966381865
1085.69775738098
1086.42556682389
1085.57039751916
1087.15339108216
1086.18467301799
1085.64279736863
1085.2558853067
1085.26107315402
1085.2569579206
1085.83061547064
1086.12900566968
1085.58343352292
1085.2182873929
1086.52553383265
1085.39848743406
1085.79477100254
1085.3180850344
1085.91339633324
1085.685935421
1085.38421667986
1087.86283798132
1086.05358463351
1085.36018014297
1087.2621176057
1085.28501657725
1086.24479843633
1085.65523173093
1085.524495322
1086.00711380187
1085.38692127427
1086.1329390557
1086.50521625419
1087.23820241172
1087.71339146323
1085.78582305046
1085.9488585124
1085.91500258644
1085.75564944807
1085.40998986093
1085.9528566414
1086.21582609212
1085.3695967266
1085.32852940258
1085.72256856945
1085.71181758236
1085.32212539618
1085.54168541041
1085.46979244446
1086.15032099855
1085.53166878946
1086.43823769829
1086.39833442331
1086.18227488221
1085.37573555634
1085.87648531202
1087.91624563646
1085.26668151766
1086.44554484066
1085.68018215474
1086.13841512174
1085.32893864555
1085.82549313016
1086.53782416564
1085.3921023186
1086.03362265993
1085.28752780723
1085.41158824454
1086.14766162259
1085.42984409298
1085.48713897905
1086.47166225719
1086.43262678879
1086.65416346755
1086.98669317194
1085.77087640014
