1083.00594290241
1081.81921363466
1081.39068596099
1080.90099012691
1080.56557825801
1080.29773486785
1080.27991284607
1080.03827269369
1079.88399221178
1079.4575254756
1079.29948391555
1079.19356621679
1079.1422559319
1079.11493496703
1079.0844441848
1078.95111810285
1078.93411670891
1078.6765229898
1078.63006739721
1078.61578377901
1078.51837009946
1078.4337903806
1078.37700907768
1078.36257861386
1078.25166928968
1078.20517981637
1078.12385732495
1078.11652097003
1078.0978986034
1078.02572367109
1078.00094488318
1077.97288790245
1077.97071251293
1077.95575169172
1077.93790487917
1077.90926580591
1077.90322040672
1077.8922551809
1077.80046996421
1077.7191096202
1077.68653924723
1077.64729997144
1077.64507629144
1077.52142925711
1077.5195958634
1077.49048268059
1077.48304355501
1077.47336245737
1077.46574899599
1077.45000001701
1077.41783890044
1077.40033359435
1077.36342533471
1077.36139275339
1077.32865495032
1077.32597340813
1077.31013250118
1077.28497893923
1077.2748980161
1077.27130174073
1077.20815644705
1077.20368712011
1077.11375210861
1077.10602734525
1077.10127581782
1077.09731817385
1077.04898057536
1077.03728374836
1077.0330543533
1077.0058386472
1076.98019089747
1076.95540487897
1076.9310631004
1076.91455382101
1076.90930850362
1076.82826714561
1076.81992774985
1076.8083187937
1076.80320488448
1076.80242875986
1076.7537241817
1076.75223453776
1076.73054630526
1076.72161477086
1076.70486726002
1076.69929680462
1076.67666504992
1076.67415425127
1076.65366420207
1076.64003111705
1076.60336988688
1076.59057015477
1076.58529585558
1076.57195631546
1076.51294632537
1076.496815134
1076.45298366142
1076.44712466388
1076.44227370836
1076.3875174233
1076.38013049345
1076.37885051184
1076.37507488214
1076.37316718327
1076.37102060349
1076.36549004738
1076.36004777133
1076.35338023044
1076.3470614854
1076.337723975
1076.30589584209
1076.30226699507
1076.30082294488
1076.2949481533
1076.28146769513
1076.27951413601
1076.27346095344
1076.26753696896
1076.2570918354
1076.24020591856
1076.23301099222
1076.21979343754
1076.21367633953
1076.17613555196
1076.16056364148
1076.16047172982
1076.14258500466
1076.14048849773
1076.13907048779
1076.13364999302
1076.12572871159
1076.1198160794
1076.11929252709
1076.11529833354
1076.10782760567
1076.09977219121
1076.08447625211
1076.06411423628
1076.06392189402
1076.04713910433
1076.04314244296
1076.03557912028
1076.03251393528
1076.01761372618
1076.00074880078
1075.99504822448
1075.99294991999
1075.98683069252
1075.94960570351
1075.9385357575
1075.93669176981
1075.92411333645
1075.88425822236
1075.87669905042
1075.85340661479
1075.83359994506
1075.82931457393
1075.82891606633
1075.82729955603
1075.81036338029
1075.7866025873
1075.78033411355
1075.7513536576
1075.73007110799
1075.72828620986
1075.72282918962
1075.71987657374
1075.71457127262
1075.70754085473
1075.69452098066
1075.67078352242
1075.66806954504
1075.66465549579
1075.6584391398
1075.65110345854
1075.64577863709
1075.59774465473
1075.59553199383
1075.59358474325
1075.58371605278
1075.57470256018
1075.57027122205
1075.56195887356
1075.53995816326
1075.50521071001
1075.50513902229
1075.48143785179
1075.47734932663
1075.47271042406
1075.47130213916
1075.46426996549
1075.46041434551
1075.44547148149
1075.43861005977
1075.43788153508
1075.43235665637
1075.42901097725
1075.40880547941
1075.38908346311
1075.38716385368
1075.37043139074
1075.35526554238
1075.3439104624
1075.34372878818
1075.33755513215
1075.33713417983
1075.33419026825
1075.32762346577
1075.32391086703
1075.31908651466
1075.30976683762
1075.2880068687
1075.28176049764
1075.2814153323
1075.2728073557
1075.26538767918
1075.26341388485
1075.26190620186
1075.25765092734
1075.24325916038
1075.23571866571
1075.1967248151
1075.19074611811
1075.18972792615
1075.17940683446
1075.17699684847
1075.17069120398
1075.16937077256
1075.16644931504
1075.1522407125
1075.14599478959
1075.1404371364
1075.13509421967
1075.13029448725
1075.11053588847
1075.11010450083
1075.10072792037
1075.09606837058
1075.09105811239
1075.07086137715
1075.0627856028
1075.05453809833
1075.02761029866
1075.01089225094
1075.00140815616
1074.98566368432
1074.96886597407
1074.95453798803
1074.9517087554
1074.95026859444
1074.94719430609
1074.93055209139
1074.9196490884
1074.90042574067
1074.89095408556
1074.88545799476
1074.87494827287
1074.8685754036
1074.86365063584
1074.85071109418
1074.85064172867
1074.84406240357
1074.83926460467
1074.83382509829
1074.82010173413
1074.81991630647
1074.81827754552
1074.81228045561
1074.80906059438
1074.80508347274
1074.79664075302
1074.79557644815
1074.78778252162
1074.77781924451
1074.77749041912
1074.7746515631
1074.76923918195
1074.7686131886
1074.76608460579
1074.7658693137
1074.76547894859
1074.76305128277
1074.74175083111
1074.74052349631
1074.733364384
1074.73305154404
1074.7328863786
1074.71146056501
1074.70472795105
1074.6999210135
1074.69978975048
1074.69817283121
1074.69778375722
1074.69743672149
1074.6939433607
1074.69011857083
1074.68852815263
1074.68821848925
1074.6801148007
1074.6776122586
1074.66819202904
1074.65994356278
1074.65896141245
1074.64924248302
1074.64887265715
1074.64079824829
1074.63860679558
1074.63574651406
1074.62293961428
1074.61678182596
1074.61647183524
1074.60766034379
1074.58287165957
1074.57367666857
1074.56250284757
1074.5609194675
1074.54773400535
1074.54753637229
1074.54520711
1074.54508196972
1074.53459672511
1074.53079050647
1074.52983319743
1074.52511037161
1074.51780644358
1074.51324345559
1074.51004632405
1074.50722842913
1074.50569891701
1074.50373363071
1074.4977560729
1074.48908679014
1074.48706053775
1074.48638464705
1074.48627143581
1074.47467770496
1074.47392066114
1074.47334555016
1074.46429679178
1074.45920263439
1074.44974300698
1074.44353675989
1074.41799499322
1074.41063409222
1074.40863170704
1074.40583715376
1074.39900531123
1074.39432726595
1074.39076555394
1074.3893388962
1074.38548333752
1074.38296738198
1074.37538892715
1074.37437483604
1074.36677340886
1074.36462488075
1074.32997813057
1074.32364846885
1074.3197536267
1074.31971038458
1074.31884976269
1074.31296180148
1074.3118897319
1074.30737077206
1074.29336359553
1074.29153794902
1074.28754328594
1074.284632251
1074.27958217343
1074.27348023313
1074.27129826737
1074.26564754276
1074.26230215988
1074.26082261913
1074.25673322238
1074.24760899505
1074.2462587433
1074.24524131745
1074.24399221825
1074.24004769493
1074.23552603049
1074.22199312293
1074.21826456028
1074.20661501278
1074.20398676563
1074.20115726473
1074.19394160005
1074.18064807108
1074.17361446666
1074.16089908067
1074.15757790124
1074.15635874358
1074.1514354522
1074.14947601191
1074.14289889347
1074.13739450067
1074.12582595997
1074.11774035259
1074.10803247437
1074.10572081371
1074.10262632394
1074.100534573
1074.09589529774
1074.09531724868
1074.09525704757
1074.09029105941
1074.08971363339
1074.0767019292
1074.07428310287
1074.06953638918
1074.06495569292
1074.06065290174
1074.05994488276
1074.0536884298
1074.0512714606
1074.05100909518
1074.04825412077
1074.03682517676
1074.03264099592
1074.03207889656
1074.03108145489
1074.02619083147
1074.02102322128
1074.02057387684
1074.01844737828
1074.01715872089
1074.01628057625
1074.01110544391
1074.01004713473
1074.0010987155
1073.98983267741
1073.98200530403
1073.9814932549
1073.97360692331
1073.96767841131
1073.96391997892
1073.96212464357
1073.96133259496
1073.96109104473
1073.95036489723
1073.94794155137
1073.94749614547
1073.92748677576
1073.92452408285
1073.92284417837
1073.9207070757
1073.91790854805
1073.91479105845
1073.91225833303
1073.90899849287
1073.90884874999
1073.90501967025
1073.90141455319
1073.89378927714
1073.89150748646
1073.89026462328
1073.88900235294
1073.88536338042
1073.87898807978
1073.87686803548
1073.87197850007
1073.86416412587
1073.86097224618
1073.85887189521
1073.85794332838
1073.85540996708
1073.85323470749
1073.84646292513
1073.84377572412
1073.83580151595
1073.8319600519
1073.82296461522
1073.82056205555
1073.8102463054
1073.80776732918
1073.80729060297
1073.8040906827
1073.79805403445
1073.79566024621
1073.79152668675
1073.7850883732
1073.7752400234
1073.77181429759
1073.76950152841
1073.76939540885
1073.76642556402
1073.76465728936
1073.75779974778
1073.75699906536
1073.75679779272
1073.74890637149
1073.74390083218
1073.74096373144
1073.73983608356
1073.73854343068
1073.73713519514
1073.73257865
1073.73201755935
1074.83102779989
1075.73275755266
1077.0210025557
1074.44770701756
1076.60268837519
1074.95226556399
1073.80711779436
1075.05268197685
1074.13668835018
1080.20533273914
1074.11312776439
1075.03219270214
1073.86981641491
1074.7776610844
1078.85805755188
1074.00666511466
1075.31402102854
1075.9356909138
1077.02610627367
1076.58548727024
1074.40640397925
1074.10738568944
1073.96744644354
1075.38909681482
1074.46867388055
1075.68072410751
1074.21582052728
1073.9767930685
1074.18327793139
1073.88796980705
1074.0541659166
1077.02900081928
1080.64767019568
1078.24197701586
1079.65776307375
1073.73145296827
1075.17121073008
1076.78992851416
1075.2751875714
1074.3336328751
1076.40469944346
1077.36330182039
1075.75861092992
1074.74819341513
1076.8590150202
1074.52406939091
1075.750337497
1075.94300201508
1074.37819011106
1081.0246181744
1077.76607147308
1074.97066916732
1075.1478512309
1075.91757565597
1073.79055643367
1075.30297883519
1073.91702411278
1074.02375553898
1075.67114201727
1073.75406101097
1074.69264733942
1080.71405809239
1075.60198721489
1074.38319775704
1074.0956734275
1076.11276499788
1076.87145190853
1075.2858760263
1074.1211485235
1074.12531963918
1075.25569197604
1075.30504473839
1074.05636000632
1074.26620392046
1074.21366892081
1074.53088051533
1074.20831372824
1075.80723837103
1074.4416626143
1074.67977488854
1073.87412917402
1074.54866641098
1075.65401713135
1076.07617131043
1075.76855557122
1075.09266436544
1074.73361102955
1075.68291588873
1075.29638601918
1074.22764385848
1074.44503719515
1078.88757449671
1080.71967003598
1075.78033515319
1078.3306637577
1075.17142825405
1079.93358176099
1073.99235011005
1074.11336401902
1075.20353857329
1073.79112862903
1074.34531605258
1075.24225235527
1074.88557505534
1076.26949825183
1075.79434195815
1075.44554613592
1074.57099802518
1077.63716569981
1073.94155305489
1076.01324396852
1076.56847624546
1074.36113093703
1076.18825630274
1074.31219315035
1075.23546450852
1075.95604110913
1074.69378357401
1074.67773254634
1074.83380156302
1074.77048131193
1074.86492718015
1075.07978209065
1077.52682240854
1073.73289847137
1074.30729850661
1075.87197933479
1074.69353291726
1076.08315799074
1074.06248732234
1074.32227434707
1075.33445266352
1075.90206292266
1078.39250090239
1074.48979017444
1075.24215608334
1077.87148691284
1074.10765813571
1076.42296071917
1075.08107657334
1074.07979261626
1074.71902438603
1078.18011291637
1074.1820693791
1075.37372005845
1074.56600420163
1074.58898773954
1075.6752178541
1074.96255875987
1076.67795360837
1078.83104311052
1073.90220408895
1077.43816247519
1075.76526547315
1075.38553713702
1075.31772656476
1075.04543380043
1076.74930233433
1080.95073948431
1074.26317700697
1073.75731538664
1076.00567237922
1074.53180545962
1074.91325515359
1075.56540740012
1075.69380755136
1078.35774315676
1074.61978942583
1077.34684979258
1074.45034649141
1074.13570240539
1074.41274555264
1076.71782166171
1079.84118537011
1076.66686267047
1074.27447251683
1074.03216950582
1074.23690790116
1080.13443081832
1073.84115659775
1074.74015092771
1077.08300642513
1076.62557739487
1074.67699698528
1077.92707003402
1074.78743970647
1075.82760684251
1074.6459534044
1075.19555670853
1077.35428325942
1073.93081178095
1074.24744725948
1074.23242022302
1074.16340550911
1076.3617321333
1074.2606357954
1076.85062429417
1078.09424548165
1074.19987412711
1075.34435540809
1075.22955796389
1074.10832678827
1074.7739168011
1074.58530156711
1075.27478703861
1077.95363145522
1074.54736161426
1075.62156863142
1074.74042536594
1074.09202133915
1076.07538936833
1078.53652982205
1075.64320792807
1076.92323978388
1076.26757985381
1075.55929028731
1075.68589158597
1074.07638067869
1074.48224818843
1074.77813769945
1075.60149341194
1074.40462978546
1074.62743503642
1073.95488393493
1075.5318344805
1076.34872004164
1074.28329474747
1074.30752654922
1074.08948518028
1075.25413858765
1077.94704305798
1074.53976122622
1073.89365500041
1074.37960091421
1075.85408239147
1075.4093882028
1073.83187683711
1074.78324600481
1075.9960629756
1075.30089265646
1073.94717826202
1074.15197847861
1074.83559073791
1077.78829284934
1074.00542239601
1078.286658506
1074.9382386867
1073.72906400687
1074.79350162311
1077.83102998362
1076.16265137766
1074.04115882128
1074.29281953009
1073.93130897556
1075.54289657484
1075.66267878042
1075.44358478263
1076.36540784545
1075.79557265378
1076.20415055316
1075.19473034071
1074.92438144422
1075.88269101029
1075.63785023432
1074.29068689156
1080.188148283
1074.11703352222
1073.92777683092
1074.46480321748
1073.8750929547
1077.27204869143
1074.40233009689
1074.01697071628
1074.62902282023
1075.09283445625
1074.70204641348
1076.08322779392
1075.94026631288
1080.27341008013
1074.46252031494
1075.68294538362
1074.22394593201
1074.94916174499
1073.94675053696
1073.76699359542
1073.89008771234
1074.63751474784
1074.97975167861
1074.05735508465
1075.26357378538
1074.28244726467
1077.01086385446
1074.79260849717
1076.26131037876
1075.79369547175
1074.67424218344
1073.76716576477
1074.19580118918
1073.95671061231
1076.50447509642
1080.80840644554
1077.68742373519
1074.98924096875
1074.66754314697
1075.24726796532
1075.15574118699
1073.96949516934
1074.90265570292
1073.98275988036
1074.75994006766
1073.9523007089
1073.95638219802
1073.75810941316
1075.01169376512
1075.72497395429
1073.97965237025
1074.57307103993
1074.97118206223
1074.39482161066
1073.84946310409
1074.66042954678
1075.18294220376
1075.52026614543
1074.31121107816
1077.68505482124
1076.79832404303
1077.3274494018
1073.77322608497
1074.58431804051
1076.83378503316
1075.36475986212
1075.0415701741
1077.07481750303
1076.55887461127
1076.20328249289
1076.48608969622
1073.91868170502
1073.75156788757
1074.37298520082
1074.06971650594
1076.99491446296
1074.98026944181
1074.76553273263
1078.84366257771
1074.87847152172
1074.93770277247
1074.77310210922
1074.24666586182
1074.38694616242
1074.75301921463
1075.87189603432
1079.87668053203
1074.85243813984
1075.95775985168
1076.76948726106
1073.75087251998
1075.5828401523
1074.1550044566
1073.93004907432
1073.8263709613
1075.76206828044
1074.69419751128
1080.11002369857
1073.74239162666
1076.27903470472
1074.01120576451
1074.04659008092
1074.57983216023
1076.38431076135
1074.32601319617
1074.91954674078
1075.23790261451
1080.19290021291
1074.96823931554
1074.3332844578
1076.75223187752
1077.27618564769
1077.20697362683
1078.1380580661
1078.31118383851
1075.29315849146
1077.56227485566
1074.85729362197
1074.48466229367
1077.06864349583
1074.99510564686
1074.22847210863
1076.73756034004
1075.20362695955
1074.16342933872
1074.41576887388
1075.20200259991
1074.13721610656
1076.75213989884
1075.78953761121
1078.27668546268
1078.03678199521
1076.50501123319
1077.25172474563
1074.26232559117
1074.65145662466
1076.15428575897
1074.73308728359
1074.12084134462
1074.16558197233
1080.60914624484
1075.77350618738
1077.8407142804
1075.12360647941
1074.21146289866
1074.03946392409
1075.15209927453
1076.1100573857
1075.63703587132
1076.58947037508
1075.69561108309
1074.26685258939
1073.7553267932
1075.40231363235
1073.9274206365
1074.64934944881
1074.99138434606
1074.11624783246
1074.98819289111
1074.12908115081
1075.9173228415
1074.47842242352
1076.2304013449
1077.56930260629
1075.55641580985
1074.56108424179
1073.96650031125
1075.85789728214
1074.1506929152
1073.83541478019
1076.57560125258
1075.88000179474
1074.77101361535
1075.73696632527
1077.78098655137
1076.41605534708
1075.08521822154
1074.340721102
1075.56739198097
1080.83807878747
1075.95570127844
1074.28147644509
1073.74672819029
1075.74858395324
1073.89845883495
1074.47315888764
1075.21860170646
1074.81271646542
1074.63812478419
1073.93744531114
1074.35703878763
1074.43923594079
1074.07313260914
1075.60011606988
1077.42802663148
1075.85454713654
1074.33327668014
1075.16891858463
1076.19760299169
1075.03717865087
1076.66779577512
1077.76022974127
1074.89186699668
1073.77539976956
1079.40246706452
1077.91094444583
1074.05500626868
1078.24340229605
1077.08055098862
1075.3291751639
1074.10219832173
1073.82991629442
1075.53657099366
1073.84203290742
1075.97782202824
1073.97222624943
1074.39332951589
1075.63112482863
1075.71211438731
1075.89617005973
1074.58517897624
1076.92258747209
1076.60217439712
1074.8620514842
1073.8498001302
1074.94469733613
1078.96227190011
1076.0299118097
1077.11400861488
1074.48853782685
1076.28138455709
1073.85953405512
1074.03810603642
1074.30047588713
1074.40971757932
1075.36343205028
1074.67677824171
