504.153047221987
488.777322652174
479.361676984597
478.525490614156
469.061765081895
465.945238749283
465.043323727048
464.659860917008
464.619442009826
460.412986400019
454.770004077572
451.495357268173
447.893711009643
447.797372229212
446.094759866413
444.159566704131
442.420828714853
440.082799733026
437.083934593642
434.903426916464
430.171267874912
427.155804355529
426.1249859257
424.612040894767
423.850829704706
420.928250685036
420.217245761771
418.218847243152
416.487717842008
416.125639836554
414.6776099366
414.58578447058
414.496033015287
414.415365739707
414.094063759253
413.576621349307
413.127796208439
410.171511583586
408.590057602687
408.565297344522
408.407996154355
407.93156480939
407.135767075414
407.034870726689
406.973975319452
406.678285974685
406.242007838414
405.784566907398
404.005227606743
403.611113214248
402.741682780439
402.14010374332
401.976149515688
401.934545485007
401.397431470636
400.592213568336
399.894286407097
399.84103315181
399.588079552142
398.995135869508
398.979379046771
398.712590214944
397.938960189161
396.154181532451
396.149862792618
394.911760880309
394.357530972275
394.245913003781
394.169956214611
393.788064901597
392.404770923417
392.165017276957
392.045582985292
391.847807790941
391.750806192194
391.419054249634
390.859101979479
390.411392376472
390.156040299658
390.067001692697
386.693383855674
385.554188860859
385.542557523338
384.882978743302
384.789374126147
384.563619901253
384.155019553347
383.774476732756
383.747357937059
383.660727962102
383.523152068767
383.447067498904
383.1518832917
382.813215280602
382.772029300682
382.68452926582
381.942898508953
381.812197294009
381.715770100755
381.446782074218
381.32580549447
381.232021584964
381.010723834629
380.918550179347
380.876946079118
380.575928904705
380.47088664882
380.408274646194
380.400814821782
380.367712096133
380.026175088735
379.913318038427
379.856539306778
379.490210665733
379.451074797532
379.281536482155
379.258710353603
379.013620863871
378.865922631979
378.735139600144
378.656571906803
378.594242267629
378.590654253432
378.508275905668
378.131845664787
377.938596425418
377.634838502763
377.597239613453
377.562587637927
377.434594411014
377.341002080799
377.262335511169
377.185251636221
377.124838196021
377.10304419047
376.984937943742
376.963235326938
376.747845541066
376.715066977544
376.693141456068
376.52574228426
376.423030290307
376.298712601827
376.246215856071
376.224313027566
376.223616099446
376.211062356213
376.197072184726
376.096064075846
376.094453727254
376.044754113333
375.937255473708
375.917348411147
375.850521011931
375.849491878796
375.829415944488
375.766846648392
375.744074025245
375.715611961312
375.684744710072
375.674588119589
375.660298365249
375.633490229685
375.619787173479
375.513682842593
375.48364273554
375.477913536524
375.466689393716
375.457160424803
375.432956707565
375.398261260181
375.390655449571
375.373200406422
375.334283769832
375.316539077277
375.301060466524
375.21257999581
375.158511983267
375.14956466469
375.127821909139
375.114586918874
375.112429284447
375.10622576841
375.07765145459
375.071180655732
375.070511474373
375.054787094937
375.0161847639
375.01092697557
374.999707054894
374.997134067982
374.985615414857
374.984255613348
374.959856866184
374.957241007144
374.952678928996
374.951174709513
374.935320924854
374.933587492999
374.920824391204
374.911911444289
374.896808385728
374.89183984426
374.871816681287
374.867920535626
374.863346032323
374.860292743898
374.860096598591
374.844694943913
374.83101861387
374.82373671564
374.819223225264
374.810548535782
374.803546663377
374.800724413603
374.799642751016
374.789583748094
374.783308432615
374.781736505658
374.778089522796
374.772605620493
374.767183813405
374.76118411132
374.752123129631
374.745922361404
374.743856581438
374.74166756447
374.738721914789
374.733200095007
374.733133771008
374.731558569309
374.72741957577
374.723119118503
374.721669880579
374.721306021555
374.720706310717
374.718424240915
374.713284457768
374.71232371514
374.710972504113
374.706609257615
374.706304716652
374.701319249805
374.69911882642
374.698928188563
374.697951700631
374.690363176473
374.68498612466
374.684053368326
374.683583666466
374.683441066055
374.6810445798
374.677463177155
374.671648268759
374.670190098537
374.668491201608
374.668470263214
374.66804451106
374.667449370716
374.66730960029
374.666962824778
374.666378878967
374.666204905211
374.666192916288
374.664568605776
374.66450984435
374.663836542564
374.663578162861
374.663289246872
374.663169255683
374.662911238472
374.662664819671
374.662525689189
374.66228922548
374.661792265658
374.661578081834
374.660742950027
374.660639901284
374.659576307049
374.659307392522
374.65874539734
374.65867890257
374.65807157033
374.65711688845
374.655707223516
374.655539653626
374.655536593898
374.655346632388
374.655250472596
374.655209974398
374.655041065055
374.653409874563
374.653189949351
374.65302735781
374.652790354141
374.652578573202
374.652451581576
374.652358999617
374.652201382324
374.652172168372
374.651774347308
374.65170718308
374.651505515406
374.651458453595
374.651417507109
374.651301201555
374.651300071
374.651230072569
374.651064655318
374.650898703075
374.650829838076
374.650806489045
374.650684582423
374.650618044749
374.650512920818
374.6503916883
374.650244249766
374.650187523315
374.650161334668
374.650083816597
374.65004070433
374.650026184893
374.649958631933
374.64991457162
374.649886930534
374.649845228262
374.649803557576
374.649661832406
374.649602677369
374.649598660164
374.64957491135
374.649562624974
374.649546922907
374.649544845563
374.649544540994
374.649511620799
374.649473321955
374.649443576898
374.649435682867
374.649417249816
374.649406965505
374.649393518929
374.649391632467
374.649378581321
374.649365255634
374.649361237707
374.649358934399
374.649356455023
374.649355502968
374.649348129112
374.649326019284
374.649261652104
374.649251729445
374.649233232188
374.649213196544
374.649181429788
374.649173029881
374.649169354172
374.649146070193
374.649141295976
374.649139100867
374.649136835306
374.649130157312
374.649122956551
374.649121167867
374.649107763752
374.649107003104
374.649106792021
374.649101654713
374.649094983307
374.649088898287
374.649088073897
374.649081013456
374.649080824822
374.649079557767
374.649078829494
374.649077235131
374.649077207412
374.649076339986
374.649075824529
374.649068984263
374.649066162204
374.649065229964
374.649064711681
374.649064394375
374.649063228807
374.649062968956
374.649062815575
374.649062544146
374.649062395892
374.649062382775
374.649062338907
374.649062329686
374.649062329671
374.649062329605
374.649062328728
374.649062328663
374.649062328181
374.649062327465
374.649062326921
374.649062325184
374.649062324667
374.649062321832
374.649062318911
374.649062318773
374.649062316495
374.649062314225
374.649062311688
374.649062309587
374.649062307107
374.649062303327
374.649062302414
374.649062302372
374.649062302237
374.649062302117
374.649062301846
374.649062300159
374.649062299348
374.649062295974
374.649062289758
374.649062279843
374.64906227667
374.649062274442
374.649062269316
374.64906226873
374.649062265418
374.649062263839
374.649062258319
374.649062255336
374.649062253695
374.649062249158
374.649062246229
374.649062244834
374.649062243176
374.649062242988
374.649062241824
374.649062238015
374.649062237917
374.649062228803
374.649062222145
374.649062213021
374.649062207593
374.649062205355
374.649062196126
374.649062195468
374.649062189284
374.649062182128
374.649062175507
374.649062171454
374.649062168324
374.649062162184
374.649062160847
374.649062159348
374.649062157692
374.649062153002
374.649062149544
374.649062137685
374.649062133491
374.649062125512
374.6490621249
374.649062124104
374.649062111255
374.649062105979
374.649062098451
374.649062097147
374.649062096386
374.649062054629
374.649062029058
374.649062024291
374.649062013562
374.649062012514
374.6490620059
374.649062001909
374.649062000498
374.64906199745
374.649061984104
374.649061983315
374.649061979386
374.64906197542
374.649061975355
374.649061971458
374.649061951269
374.649061940517
374.649061927487
374.649061922418
374.649061909571
374.649061880689
374.649061877068
374.649061829072
374.649061827856
374.649061794547
374.649061790951
374.649061741208
374.649061717797
374.649061698531
374.649061673437
374.6490616673
374.649061654583
374.778193967034
374.669667336525
380.867742276818
427.218917879994
374.653195377877
374.672691425625
376.240082616542
379.622174403409
383.162429013859
433.251095033324
419.323222829904
398.750170141487
376.681474448013
375.245121217338
383.025762057591
374.649085464578
375.095778900885
374.82577132306
393.538011600831
374.650545971913
374.670126970122
374.649171213265
397.381996562357
407.111684558255
374.652248156919
477.551205206748
374.649062737687
407.167297320298
374.65275401995
374.851070782977
374.669685319043
392.112518791489
376.116286422166
374.649062329754
375.63474076964
421.130782824769
374.656141882154
403.452801354681
408.8857347425
374.7436247895
425.149317317311
374.711482825052
409.372823055746
399.788251246544
375.152720673137
374.652489159215
377.593947349362
376.068025839893
374.675748264024
464.381891904684
374.761847164226
374.64906217213
374.651581155509
374.653096864868
374.657746686338
374.667076592573
416.93819815
435.069064857416
374.650672588138
374.686238479251
374.678439404941
375.246360654179
374.679344040177
374.725223152392
374.649062471398
408.274743989579
377.043376350615
374.913703560445
375.539400680178
376.289721399389
374.883997271968
375.281971135352
377.055046744936
390.783001853879
398.707910265105
385.62459678533
374.709882211384
375.234189329357
406.410428474159
380.594071356662
374.991383659166
374.77936254895
381.832642580269
374.657189594551
379.644663395365
388.028252195576
374.897459997808
376.777863309266
378.590284252772
374.685009536662
376.755183778135
377.438266983311
375.005512791402
375.480857655716
388.11131171062
415.053490071655
377.685751481887
374.650957957482
411.605457248238
448.908227161941
376.091180557329
378.60713492573
378.257651660735
382.726609594761
378.322038529469
382.303932290867
375.77206460012
374.649111527142
374.649698678441
375.199005993222
384.753110063949
427.833495161964
375.807259304447
414.67380932567
387.289398340878
374.671978235876
376.090557769425
375.470266521082
377.760766303359
375.222023844107
374.752511371137
379.754853687311
374.650441798065
374.649062149985
390.557137383395
406.230154548615
374.649062268828
374.649273680256
375.239010927326
374.715539201169
376.340005432316
377.283730410166
389.537490864742
374.64909129525
399.306897635973
374.694758266988
374.658740689456
435.198215604597
374.64906225972
374.735578043931
374.649061717093
441.014100479291
377.698409446958
376.14454332947
390.579533218087
413.853767974966
375.121723604687
440.666963022943
374.8645942242
374.726676198717
405.17513853163
374.821426089739
383.67915301426
375.153158324311
374.649235436886
375.503179021504
374.964735440638
375.069019680322
390.800862748227
374.6532284727
375.046014951063
375.079145683442
374.64935545195
394.777840727404
374.649061876265
374.992423572451
382.71393168345
376.397978111279
374.649061739434
374.64956214452
382.918797085304
375.26773396096
375.163276216563
392.521615103254
375.541394185254
374.64906178171
433.846741811177
377.2018103981
377.012566979754
374.691220007913
384.898150576069
392.830349578255
387.165209070057
388.315855676432
377.416581337906
374.651535380437
374.649062152748
418.803296937313
374.649308297391
443.366646145138
380.478208461039
392.753557344836
375.610819644773
411.717923082455
374.881303541479
382.932559715502
374.738631148569
374.652751948362
384.870076113469
374.649366995487
420.909280612652
374.710145533873
377.179723183827
378.502361757346
374.669689845711
374.650780798852
397.152989714144
414.084233582588
409.622071762522
377.21193962733
374.689223197655
374.652004948223
425.961819217736
374.671424980381
427.458586935453
374.649488779143
376.596340821164
374.649062211232
374.653203366694
376.280297317244
396.687923691082
374.653820062813
374.650162797029
442.886682810566
376.106807086188
374.805556431638
387.023844013305
374.742051842266
423.389002476629
374.649062195433
374.650176610282
381.45533991529
440.069175325744
374.703721057555
374.660255759876
397.87161819935
383.975873519353
381.641619284607
411.99832875049
374.703711195074
375.072723548472
399.819602673419
398.292161774659
375.040196938773
374.656275563503
392.191980439709
374.938785805619
374.649061843008
414.002457609521
374.734247134334
465.286838455364
375.19916564076
374.64991413873
413.857249866821
379.028281606817
418.376179869397
418.461877560408
378.29014405391
380.047800356333
389.910855730856
374.650561267701
395.369410554557
374.649373489493
420.80087465052
374.649062295141
415.294915515242
389.658140816535
375.778912367834
374.650679347051
374.64935749963
387.797255909963
374.649062230781
388.301439689745
374.649062109942
445.676736511611
375.743367833247
410.578016389117
376.519056790847
402.124263250384
374.649118413403
374.65453162757
374.649466821569
374.667080766547
378.052722661769
382.590556800308
379.07438780651
374.652422386474
379.168313476154
375.212290656937
375.508221226312
424.920138997493
375.054928706155
446.483283217821
375.265358886138
393.105637061146
374.649062028436
374.649062179392
388.499408701242
374.672650583988
377.10148598054
375.931086546354
375.306800108169
414.720644200218
378.359262439069
374.655059861855
375.879244034739
383.210496125395
375.108292733552
374.649062260123
396.230707909126
401.613680337642
375.468166942561
403.980372926988
374.710239290955
390.057159415729
374.668826554823
374.649414791892
393.133219202354
453.833442446333
374.657713170055
381.405137602681
379.353611817892
374.654226208079
374.969005125983
374.657901472069
374.649061843192
441.88682748714
374.665548874002
449.299956145908
374.649225965606
374.920239002391
386.699894854807
447.424569360162
376.806825409601
374.653160088572
374.649062438112
376.133275822434
376.139495087559
374.649062017915
381.99196218095
379.251243278024
375.072163678033
374.905558430087
375.425887628459
388.431544437972
402.843172213759
453.730011942259
375.134032682948
374.649124097767
374.834321164076
374.752705543366
374.713978883278
374.651422330474
379.334737691817
374.649061731489
378.022511763355
374.649061710336
398.205222245835
374.649073502048
383.97004739102
374.724339136804
374.649062086709
374.652463086805
374.649179329309
376.297890668434
375.678017917311
384.946318238499
374.649132980488
374.649933215799
427.540682747287
374.649064894211
374.677678245594
374.650927518327
386.620368189154
377.975953043138
374.649062070598
375.242952903803
375.250204210999
374.70505744958
376.992109476524
374.649465568139
455.565881902965
374.96649843911
393.502792036297
374.70056150246
374.649577121774
400.277282383427
477.148580757182
374.824467541417
374.835003122167
374.655647706734
379.176365582127
374.761098152059
375.10149616171
389.307505604538
441.280383588979
414.457030093374
382.100110380428
375.64905542918
374.823470931136
374.905754458662
374.649337705321
375.136574233406
374.739463958862
406.122211382816
374.655099304988
374.72149673342
376.682562803165
374.655718783048
386.347413221981
375.538562176575
374.649490457714
417.826341873032
375.292859658892
376.529649530111
374.786362987297
374.649062278895
375.397683296363
374.745334697638
374.650287856871
408.041877095524
426.154619341137
382.249423973127
374.812333593742
374.704594871785
374.720221585083
374.673834027269
376.942480956861
382.173171995788
409.498201341778
451.528053550024
374.649098547539
383.413280076828
374.649063265701
374.653067946815
384.898605221064
458.166688401253
404.468697719996
374.649062302804
382.17641872188
374.649065496467
382.798408400476
374.828606680713
374.649074445695
394.93623635621
454.919427413548
375.937718086994
376.241810401116
375.058752230327
389.138806546585
374.649061979994
375.794887509728
376.18928420181
430.209843060348
374.649728312847
402.712721467325
375.670785804078
374.657887688461
374.651200502782
377.407522407891
384.925451160491
375.206970919644
381.221766505253
375.042065966068
467.058530661888
377.322429690582
374.707783975526
375.168287813683
375.322092480364
374.64938893465
374.649062048746
374.653766103508
374.649062272859
374.650492247395
374.966416709608
374.649062089801
395.909489595847
387.16341891503
376.064411157675
374.649062225731
376.643658782601
374.656674253601
375.086150979498
375.97347085484
388.356116186502
374.846557787293
375.392246097574
374.649062614804
374.649062104816
374.65021425304
374.649286921324
374.884533346773
374.649061924089
378.685048516227
388.23168456999
375.2641790172
376.887878915506
374.657085286733
376.670366296259
411.385692203673
375.693208732198
377.589126707084
