884.38531338375
881.17869677129
873.516048222189
873.221988320844
872.000028432872
870.33579630903
866.545977840996
866.475461658726
865.552442022385
864.55973293475
863.024011509651
861.170946211525
860.998657504322
860.690036821392
859.9395942453
859.93731063612
859.790958852254
859.580540391915
858.408600629411
858.215712011504
857.250707480222
856.109663150976
856.059350462714
855.880884824408
855.847515532908
855.232926228595
854.775015975579
854.286698491376
854.252084877818
853.998300368042
853.900252919174
853.816531376887
853.778407534603
853.303019808118
853.137514099162
852.886022322588
852.873720693067
852.484712653025
852.391036207445
852.053033036351
851.951553129737
851.868758578044
851.861648979294
851.642860338897
851.639832379639
851.626811877381
851.357730112027
850.835307254495
850.785077434643
850.407413359051
850.382449468186
850.319114016041
850.2720286691
850.104998864931
850.070162020302
849.942592628931
849.787608968955
849.714040935835
849.316607820192
849.097906490451
849.054447321185
848.736020187578
848.696368384337
848.553375163929
848.420446254952
848.274211375125
848.235587879977
848.184549619357
847.988885602637
847.290357065179
847.25772493799
846.940554254347
846.554585754071
846.367579740753
846.220127161748
846.084307418355
846.052854624268
845.949945075453
845.909429522744
845.792834473818
845.766443520728
845.697729261277
845.676874461945
845.613142410025
845.507832318629
845.21934266119
845.189141750021
845.188585524778
845.139097616597
845.1383606553
844.879543905641
844.849164598977
844.834555920114
844.626830805253
844.621466691532
844.597745806009
844.588180922857
844.577956566298
844.45736751163
844.376863638411
844.368479317921
844.309280342235
844.222913674215
844.171631026494
843.697365626052
843.690966269671
843.604459426729
843.515655767061
843.395990058976
843.384505506228
843.342546356896
843.275635276909
843.270397245684
843.265688548345
843.178535135062
843.086406382704
842.968707936582
842.955892179201
842.923467114108
842.818425648859
842.751488344056
842.738028272072
842.721208855969
842.686944603776
842.666024079273
842.616600674789
842.616289853993
842.433553220594
842.401937663115
842.282876339121
842.081366993125
841.973248774364
841.947965481728
841.851640170083
841.822524463518
841.777225901616
841.740544382378
841.661772832951
841.604156512569
841.463382889338
841.415859166122
841.41407159858
841.412231481913
841.346182510282
841.331337239356
841.283014638506
841.224243675576
841.193070263677
841.146626868014
841.101296079072
841.094360049479
841.053706215597
840.882806895888
840.874640557275
840.729626437855
840.706074935187
840.651956786142
840.534832904144
840.504925344074
840.473731081188
840.466554910834
840.464517413532
840.438161979307
840.376958578469
840.333927123916
840.299343748342
840.279255667808
840.277841064855
840.167341304057
840.033010647845
839.967559793313
839.952847793063
839.908025177151
839.845097404589
839.83667746028
839.755880509365
839.691489906806
839.654248609468
839.633983498316
839.628612415449
839.598465668256
839.48553646442
839.436228663773
839.346020445913
839.31871455389
839.206964476546
839.185891728285
839.139891818094
839.092273130701
839.079612743369
839.061706184367
839.060262143758
839.042824380805
839.031024520527
838.99945471325
838.995228527947
838.949664818028
838.911756993999
838.771025820391
838.623328024145
838.555882805325
838.506697133113
838.400887506923
838.346151224742
838.326018787241
838.276748332327
838.254070488856
838.211982576038
838.187740258551
838.18447212601
838.154319706461
838.142880753527
838.123215245711
838.103330703282
837.986989764715
837.968011817597
837.955875913988
837.909916550172
837.806210968652
837.769587468376
837.747568988462
837.718079255085
837.700138103563
837.69570317712
837.614148807741
837.596595201061
837.58972740765
837.574312420077
837.49029432958
837.453406902711
837.382010770589
837.334929195324
837.327082552195
837.279262402206
837.266553841419
837.23674115849
837.173249349603
837.109570101565
837.076746475464
837.016185610193
837.005755859642
836.942108259684
836.931548016204
836.904461298549
836.901790649176
836.889889016801
836.847515421888
836.835770851495
836.789913468856
836.703653934399
836.676055626165
836.601992006267
836.482753718946
836.474742889013
836.348617216882
836.225801700011
836.220983297052
836.148986035555
836.124893539714
836.094340302058
836.065369165569
836.060103264017
835.964373949457
835.962344005869
835.951365632165
835.951028444765
835.945207549952
835.885462677529
835.881818596821
835.82510493903
835.786122229295
835.774364637431
835.767542825271
835.725652796984
835.725553959613
835.6592121413
835.639672528761
835.609445523671
835.606464242084
835.592421531492
835.584598227835
835.58019718393
835.558103875256
835.550342615713
835.494251457885
835.424097379272
835.403141747682
835.389492267744
835.388806832909
835.337921062713
835.332531544784
835.331477554268
835.304333325813
835.298595693434
835.295412620104
835.212743941824
835.177077665436
835.121000573272
835.084588955479
835.053867261726
835.043007410906
835.039753702485
834.962830399171
834.960529645718
834.931579618748
834.926168488046
834.790610939637
834.743579878446
834.730444870075
834.721558882992
834.71690872772
834.66688368298
834.655153799055
834.643567712837
834.621871164437
834.584806026172
834.583820800756
834.582403259814
834.575684054514
834.568171799119
834.542738089374
834.528135345922
834.516580862264
834.490310584903
834.452491456754
834.447934844424
834.41765016009
834.396782653938
834.306951440669
834.254475605291
834.217738015133
834.164546732327
834.15352330428
834.144500912228
834.144236817211
834.131025767743
834.123660526524
834.108332993257
834.103685670391
834.100534498356
834.086694785115
834.078847191231
834.0189181567
834.012190769812
834.006766461288
834.004689247464
834.004104567627
833.995215414448
833.944571878212
833.922354564562
833.873981370249
833.865327684275
833.837828487281
833.837033433481
833.812043670937
833.761105553089
833.748480751362
833.713042503707
833.707076429874
833.654087964915
833.653606372528
833.622252909802
833.610989655032
833.60748224054
833.601602619995
833.49503274085
833.489412117036
833.474248043188
833.453242182916
833.433615251755
833.429848263552
833.375522327872
833.362311407851
833.341645309125
833.333323431121
833.275543182942
833.251848576359
833.190767938406
833.14249756078
833.141662866711
833.067778817024
833.046806139836
833.044050363297
833.016921311906
832.998247930402
832.993724241847
832.961932463552
832.95370149403
832.933435924622
832.925624599029
832.905289398066
832.876619946085
832.861222135796
832.858230648953
832.840550147982
832.838959716371
832.822022221392
832.81464801337
832.803870086371
832.754953478771
832.711988815849
832.708483191645
832.686818957475
832.647322190917
832.635894731373
832.625512815405
832.624382605788
832.623561821377
832.557908247961
832.515572842123
832.512010188075
832.496706302676
832.490726439525
832.486480297532
832.475945629372
832.461712604626
832.373515768211
832.304333286997
832.302929089458
832.292817779025
832.288652380215
832.283257382679
832.273235120239
832.24603547905
832.243034144207
832.213089063574
832.18411074245
832.18188354565
832.163743100289
832.148698661571
832.143517997418
832.107510130666
832.084865742574
832.080490599153
832.080455421216
832.063263099208
832.047539975475
832.037413906824
832.027030065373
832.005122628544
832.003700258564
831.966344587847
831.966126794944
831.954245590209
831.949000550414
831.938721847435
831.895880064449
831.876634898786
831.863424729095
831.836067976877
831.820474765745
831.817622339355
831.799090603225
831.779140122263
831.747889546246
831.710018405591
831.671876437904
831.668440054783
831.666339952912
831.640289363574
831.638326072939
831.622090423317
831.620956468218
831.610529289386
831.569969926442
831.546073486918
831.541144739818
831.503846670364
831.488898612489
831.488084307516
831.467148742054
831.425261204756
831.424992385317
831.403208336504
831.390942502686
831.387642772789
831.352475153954
831.347880892974
831.333480724605
831.319786054939
831.305403610456
831.303355875478
831.295164728417
831.273867553468
831.245373277892
831.236721939963
831.212624127743
831.205895253466
831.200809549103
831.199292232443
831.197515299393
831.195900895246
831.195842374225
831.186077182714
831.166520429351
831.144395094467
831.132453355453
831.130042512595
834.617844226982
834.887726968743
834.872486643669
842.853337519196
834.10129787922
840.130136243768
832.645763642533
836.534814361449
836.728174980126
841.072560079175
840.964089380254
846.849068636615
835.881278139949
850.780968638462
846.360129373338
834.230819352484
840.465244330083
849.540235480667
839.869808934041
838.261103698163
831.726017451894
857.617025785495
840.180711507414
834.35049900777
840.327859167448
835.837689075571
840.910362548563
837.025213649709
836.414819667736
851.631791778511
834.021196624429
837.911911926611
832.634531460632
836.982602206766
834.556717887277
842.302374734358
839.37014944349
833.791106503042
839.614072592193
850.998805402145
838.463836617023
848.552286449771
833.842938333419
834.116860277688
859.733400988395
832.39870583155
831.843084457196
844.16954853297
835.283685323856
839.064663600696
838.807908818938
832.859643296731
831.411650947381
834.166655213002
842.390178587752
856.535985273403
832.417493544295
847.833334681949
835.072276734182
832.095946915477
834.060161218357
843.234408889463
831.162993759312
831.354995084775
834.138625628496
837.326132926038
833.923013009275
867.829115169586
835.085920202635
836.695213904742
843.138137512403
841.679438456694
843.761769064865
831.891081380797
832.765843287221
836.662910135433
855.85950843872
834.217857952804
832.869639514334
838.911900977358
833.519276905658
839.568335063688
843.557532084596
847.322497458026
834.085002248906
846.446047773434
838.091943007209
837.51917951979
831.940625722291
839.163534978434
835.684241181126
836.069886439297
834.986508376389
834.168523358412
835.235474330307
845.788322649927
836.756922319608
835.994803401225
831.353457336389
831.44865298797
835.369888334177
838.442475711
836.344428511698
844.62948481701
845.498675040044
832.905846765107
852.727485042611
837.254838122659
847.336486191686
835.6334632916
847.89700020098
833.306469308383
834.622609599158
848.078454851958
837.237753608079
845.025514701011
834.952707410619
834.711480046496
840.672372384952
833.058606648575
832.437424221805
838.593460159722
832.049742654109
836.48478775704
856.258492520587
848.344666657057
839.319890468464
831.643212868595
836.989542648661
840.157055626989
833.623562724344
857.904825492222
832.057985093321
836.993661012954
840.198858531739
876.575336331461
858.343494110999
858.310329289296
831.865743119571
842.570177395551
833.282354378217
833.541126198019
845.091276964084
837.685566468374
848.118903921784
853.372360859757
842.39660849293
850.072809214655
840.303900560094
835.261149152218
836.447804095708
833.32772230398
839.37324992205
840.189571171676
833.024732621441
833.822287620186
846.557021564185
868.326502905162
835.195589958696
832.890823020518
843.062716750982
833.133452259523
857.8793067575
850.520091485399
832.8368816164
831.985554635966
841.049045743972
833.403184801073
837.437743173997
896.399956319204
842.258356869064
872.024736336325
849.68720701489
837.331243972617
833.296098339091
832.980084602334
869.786284191252
857.118339773143
840.692523677983
836.935601801782
832.891744068497
847.605191924953
840.455517115485
836.855783051156
845.022789402922
832.210686393763
836.842501987814
832.899801320859
843.784076255651
839.134567451965
839.340969626976
844.551832552492
831.495385605898
852.755000613977
831.962331104697
835.857333025136
837.477374032324
838.150797670729
837.448697052924
840.456930215076
831.937147632653
839.431341320847
846.498339604392
842.989182769905
854.815328150583
834.828482303922
836.203934403383
838.165084394583
837.541118035336
840.309002046717
857.287484808339
863.783215997164
842.342830047545
836.967681523164
838.787751948979
831.13503596203
835.382258517877
861.292856618099
845.872445510616
839.990759415788
840.598692991556
832.214479535873
847.126754796563
833.391225657993
832.274590539435
839.667225421101
832.677353331854
851.562596980043
831.739604739543
838.6019243105
831.540307048466
836.759593353411
833.385530131196
850.12316631446
835.397682902772
831.873505914611
831.845878387104
837.131889144242
831.514853834308
851.09291225502
832.081846648674
854.881028262672
832.945090108425
832.358479841239
835.730932814567
833.947618211716
834.499240729467
834.598505607294
832.357753153278
863.829261205616
839.771102528941
847.21275177883
833.651599414012
831.276322375919
832.461434655184
837.628436510962
834.513992552397
840.967486088731
836.954064250378
845.024780080858
843.255022565128
835.063455666229
859.126336808939
870.625487439641
846.099492685877
840.191103113884
833.773363270036
851.194517007172
847.619463172806
873.686148526408
835.995443195538
842.010884326036
838.074920165361
838.799694516645
833.64432002556
852.411946769185
841.661311720862
834.872155442339
834.033935512812
831.464403591108
838.13814723236
850.057090842816
844.522666311003
859.554089148776
835.290432888595
832.838822159465
834.303142884035
831.552946838435
844.190139047418
833.504283142814
863.151885543561
840.364899462482
833.343297139129
833.980876521528
832.895551703429
848.151837376619
837.825320455511
831.672042657035
832.202964013557
851.465597537177
831.353664912897
846.92041614915
841.84350738652
837.394295017187
831.753394934976
841.013083997588
843.093346268822
832.461741830709
845.848031940946
863.344521256865
855.759618538674
834.580096015251
834.830165115971
835.113702738503
846.445984750536
832.554003312404
837.421312217421
835.337720494007
845.376960304532
832.33511136757
842.59016187631
844.150058179677
843.052800673504
832.986258719499
833.279245051933
835.741724767282
838.62578505712
839.353449579946
835.347377391516
832.769166329672
833.336189869004
845.292550539802
832.33263852884
843.824011291161
844.374232817943
853.395654308332
834.276924473148
848.660546800056
840.493382134332
838.776982515064
852.571893460562
832.787085806724
833.275364875035
834.12415113377
841.328203131319
849.60286933823
832.353114052407
848.190920905657
834.650647273056
831.181490912131
853.221435648467
832.663484993686
839.251088569465
841.755943059559
846.379596236908
831.850299849841
845.941601265819
831.976965454165
850.079261863442
832.153167888624
865.329556466458
852.264858867739
832.708187934979
857.902505214433
845.517382416728
843.500283930123
836.389484447546
833.54202055755
835.30061514282
831.555836053628
831.830285212646
833.041072148192
836.206273267399
846.248418166431
832.156151107577
851.917572581217
833.064721242799
841.751412587766
849.531368715586
844.752317212838
833.415574026861
840.777862562865
864.325892134034
839.812210199176
849.935346666909
832.919960652909
857.120504112398
834.383463356909
831.181333141566
832.558875975251
837.46066158961
833.162729041891
837.531909563186
845.576523263173
837.470745276808
858.996282652616
836.081174077735
869.673036750464
840.36403084318
833.050231770535
842.805314934309
834.954545371795
853.595557250315
837.315952354624
835.21939600229
831.123118103472
854.129188429225
841.264070926495
864.231896732659
836.623677955485
841.647439522613
832.818593307691
841.931734422414
837.717288546346
831.541035807365
841.10115271769
841.581240740057
834.428546519117
848.783970628126
845.423820312106
865.07379267398
837.512304612707
831.695796948224
833.428553049632
832.626520649545
836.92193146708
859.147325262244
861.808938532758
842.641112259782
865.588203250302
834.87430503479
848.464631195032
835.019762745535
837.451358155023
843.557689933114
836.661861829288
831.320728155518
838.2527183639
851.354115558679
834.906789904271
835.92912304957
836.66131472404
833.161544411262
838.632764682391
835.016973096847
835.298613045364
833.982824159282
852.429777705866
841.238971957105
838.239118912095
831.28410600873
835.576684234881
835.732987375342
835.145912921627
841.649753652868
837.899963130589
836.23950525359
831.91114477759
839.587025751426
832.063806918927
848.1008210013
833.883314087763
835.794390025025
873.487171469429
844.464803021372
839.704142246085
832.81751524369
831.656122176046
835.200391148651
851.127325733357
863.633819312015
838.89912334295
833.217758602074
836.939102736867
853.25625333126
834.714658007382
833.879400989889
840.926115292032
867.930755495429
846.641327935585
849.829045440677
843.730021126535
834.834058595928
839.991045672048
838.793642705904
846.648134227759
832.469752935329
839.078442890374
851.632385454423
831.118660353022
834.375154570049
834.871757058594
833.411001151771
831.807436107913
838.347158826596
831.429029083347
833.141357182111
831.628305970943
831.794365869433
841.279785462524
836.402973768682
834.031658780917
