971.075667637415
970.370607135096
970.166671723956
968.79099184898
966.844979741676
966.716566410608
965.464822406194
964.965682315463
964.887113997447
964.014608647997
963.975250600939
963.317053924648
962.85992232527
962.660829618021
962.266251049933
961.76693966791
961.065084674208
960.63983493238
960.034877232608
959.953200880692
959.851438028594
959.743537400351
959.572140471144
959.436839152092
959.188293902325
959.108590693101
958.790428687024
958.670890306465
958.64736667234
958.59260902962
958.516181970624
958.489379351238
958.404744002657
958.326354007661
958.152731557789
958.078326787858
958.077507911733
958.021709703773
957.996503195209
957.900992734466
957.819345879982
957.690861229751
957.603348208171
957.599612853303
957.561734100699
957.387426936136
957.376429883358
957.074502960296
956.908494551916
956.884768320961
956.786837752429
956.579225411707
956.311953781977
956.244753099833
956.204668999447
956.09699445722
956.008250174015
955.98395265345
955.870566992248
955.748408208677
955.479833214924
955.413641254767
955.344084752846
955.18944513699
955.119024916982
955.11511284025
955.105178123084
955.07241011003
955.044937667605
954.914564329715
954.86976954758
954.835894218109
954.749992588743
954.528670747876
954.434252913798
954.285537138638
954.274785046705
954.149574393871
954.043304514773
953.982551810941
953.967665165695
953.750478918467
953.735393286219
953.649362272447
953.581930575002
953.580075880317
953.572017197317
953.489541358494
953.454337280092
953.433677558807
953.404125967409
953.24232476725
953.235390483604
953.117033129847
953.110239096125
952.961649944641
952.94673804442
952.931244991276
952.923035161946
952.752058837948
952.726711118792
952.530083248723
952.525748940396
952.476507025012
952.458010011264
952.388780975823
952.386195760021
952.348460156976
952.343362836307
952.210725048263
952.170060247937
952.092157147197
952.008248985876
951.941453460898
951.927902599724
951.831302314062
951.728371716608
951.659783889381
951.566014225186
951.477443778243
951.463975255079
951.417768563416
951.3682771776
951.363172440332
951.338349035597
951.071421335075
951.06003566427
950.965188049999
950.960533242531
950.903321220379
950.872639795056
950.735145484174
950.732682413403
950.718984264425
950.68907359395
950.633315598722
950.605458950403
950.562002169826
950.418844577022
950.30130572113
950.278824242353
950.238907075959
950.13378857994
950.106270397739
950.070686120522
950.04454265801
949.942444660614
949.899301219159
949.731934709909
949.687035034926
949.602342763819
949.586694343879
949.5281573384
949.460484223086
949.446826510782
949.394933597619
949.393456408855
949.372680475839
949.358935880359
949.307291335013
949.274606277991
949.268666945603
949.186418429212
949.113525308347
949.013552114734
948.92099544484
948.893719465581
948.87355078284
948.767944178153
948.730394347972
948.710106881972
948.656294422354
948.606864877516
948.560634941011
948.555062520805
948.519577532148
948.5052322268
948.456334625002
948.386871514242
948.327218622987
948.300484967019
948.279650617683
948.251013460344
948.202348141548
948.197083604063
948.188252280463
948.179517410884
948.174909091507
948.165733393381
948.115547669455
948.039232115527
948.006420054993
947.985406551775
947.851125625964
947.818245054713
947.813859103316
947.794572885378
947.793387940757
947.726152186585
947.688540799962
947.687731040995
947.681583696234
947.629492748511
947.616334171838
947.539446835961
947.51690170461
947.496750030463
947.431629103449
947.414996837747
947.397281333043
947.377496923192
947.367497868286
947.346083479644
947.304050859873
947.283258831793
947.279546793418
947.271222584846
947.270826773889
947.266527967411
947.236370234267
947.147684404646
947.143670354897
947.141415677083
947.123166809782
947.116630743384
947.036752553193
947.030669917675
946.900223438268
946.725983552993
946.681257927728
946.54132284282
946.44167230256
946.424118274947
946.304233892292
946.242400288549
946.229429589032
946.220565974773
946.209282157685
946.205530157428
946.179920086749
946.176639378878
946.110198461991
946.087335048139
946.056451523565
945.917448838992
945.887349588729
945.833096791233
945.808821364668
945.671434351883
945.627080513696
945.605951659019
945.473157954786
945.467392742606
945.442795063936
945.428415099087
945.41607380383
945.316907249662
945.262313849498
945.242173269878
945.228241634653
945.211666844459
945.134578875878
945.12088314679
945.102940458469
945.067470212668
944.910124580191
944.894163798207
944.864183812902
944.856709708307
944.848489028236
944.813452243944
944.801089804074
944.758567442909
944.725362224684
944.721577940416
944.71221798066
944.682148762155
944.653483200789
944.629338592387
944.622147332697
944.594247381733
944.558233665506
944.547939663875
944.541064311891
944.533476552551
944.524767826986
944.517265421879
944.469436966561
944.396167571357
944.379342500563
944.351260105641
944.336787686637
944.283961239297
944.277102511105
944.267610720193
944.233955192639
944.122163176472
944.106400307863
944.078674543396
944.023371924679
944.017920173454
943.958421689927
943.927102769797
943.916951067285
943.899061406442
943.879081563613
943.875121145103
943.871251951571
943.833484425433
943.830706465909
943.79257486978
943.788019680748
943.778055333381
943.767877078334
943.744784005935
943.697002054984
943.680555075273
943.674670442851
943.650651588454
943.640876904318
943.593555665481
943.579412842233
943.562706677819
943.543666095494
943.5334741223
943.464451770873
943.439571280176
943.343569739104
943.333031484973
943.296330252078
943.264601825772
943.242797275137
943.194676444069
943.17880405211
943.171090189681
943.15892001263
943.145254843764
943.144280636375
943.117920545367
943.082952168064
943.071394606395
943.004199066018
943.000714671007
942.951163954837
942.929564601167
942.899357731751
942.889692975256
942.85970953538
942.858505070885
942.819123150953
942.811871658776
942.756971024285
942.747308211858
942.73840698489
942.719559313335
942.68565711715
942.674739700595
942.670698261173
942.666623625927
942.659845082932
942.632458630611
942.604826265612
942.598087212475
942.585805900927
942.583063338681
942.531915587175
942.510519185587
942.504232572364
942.44233099538
942.4354390629
942.410950442848
942.380692239557
942.354675625707
942.321877015982
942.27699671861
942.259626006687
942.239793727765
942.225698664243
942.2210985851
942.194670887481
942.189039814974
942.18627139638
942.159969652148
942.122967882988
942.105589336461
942.09731456397
942.096485408747
942.0772617969
942.074145245666
942.04121585586
941.999759913654
941.988446659324
941.97474721401
941.916057327097
941.915957370234
941.870878175872
941.81062432698
941.807568773125
941.806891862976
941.805113553211
941.78513996215
941.778752076671
941.750089299703
941.739844591931
941.738973904608
941.681983469413
941.666567445339
941.601319206144
941.601033442929
941.595595169907
941.595514957579
941.58816661027
941.554097334172
941.551765818228
941.545833162717
941.511496836942
941.494455091356
941.49200579697
941.486796180985
941.478795996971
941.465555395699
941.394729247566
941.389957531324
941.378874015017
941.374154775119
941.303018989682
941.296020098673
941.291113252967
941.251145365874
941.249261641235
941.248819410457
941.217418217096
941.215246349458
941.181843613236
941.176000932114
941.154417883949
941.110042477207
941.100000189371
941.051441172874
941.001629342715
940.999001378744
940.991478820824
940.981385768935
940.97769070196
940.944236479929
940.842146270572
940.781869003752
940.766699615448
940.743689870013
940.730144623929
940.663319349398
940.635899407355
940.57800865192
940.577669688222
940.57354644674
940.534310034201
940.532601962573
940.491106215225
940.489499021289
940.486870600325
940.474509274126
940.470780188683
940.45189127727
940.421793349098
940.419933578354
940.419002174388
940.403194726332
940.392428516016
940.378694956487
940.349498656829
940.346236361542
940.304100117175
940.224804726712
940.207724732072
940.198167255676
940.163571045564
940.157069625568
940.141894045091
940.108329266724
940.104369846267
940.090356933278
940.027157931005
940.011327388298
939.994549066885
939.945334393245
939.944892494337
939.942775343249
939.89910327805
939.880958028064
939.839466836179
939.789755657066
939.786114275045
939.782938121748
939.748712866623
939.721009227505
939.695176408875
939.694664953422
939.694089640621
940.9478143947
943.513507868357
941.890880862314
944.682190424005
941.21478451068
946.877932019795
966.260110055947
957.542498071884
943.12810655022
943.816508243109
942.18733262448
939.835277612414
947.176032609377
962.440053164363
948.804866145197
956.89002988074
956.184737644313
944.306193341282
941.097511195724
942.012357328883
942.351794287205
940.505732868389
940.74612154905
940.551491267562
948.997988835758
955.618813495038
964.19878020683
948.104201171684
941.975312084425
941.008824707394
949.66968131538
954.709933176033
940.559165031776
940.412721722781
943.822192116562
944.207849135551
942.364139279686
941.358896408857
942.811148013051
950.006290485634
957.059112915731
940.243283514174
970.152577010664
943.31065234772
946.556776031619
944.162818746572
943.562668588171
956.772310064671
951.70928412535
953.387016871974
943.430591018136
942.233314819943
940.317987657404
960.124006304237
949.065528207242
942.025809740663
939.948559869828
946.418773163942
942.046595313978
944.924560174723
959.666408523279
960.453812720621
944.410491410511
942.503305960445
946.61543426548
945.281774395728
946.675010098686
941.380195854785
957.280398137156
941.177972773592
942.995924099929
944.231889885774
945.525671517353
939.68773482689
952.415634339317
946.082243422092
947.762672329131
945.784913048591
947.118902870113
950.471114985065
962.330240965326
947.057092110895
939.903147624939
950.062508305395
939.686341534584
941.221542450566
954.168102716727
946.158616272283
953.531445703517
940.48022666676
942.831148064485
939.992680844505
958.559858170956
947.21050681668
946.86236603817
941.878297275414
946.112451641328
943.155866252724
950.889126103464
942.800756629488
957.371183844746
939.78121366787
939.68697945956
940.972840747861
941.190753440824
943.803689768793
942.413584458986
948.167815182792
941.588320504052
941.806637846179
945.479012331215
943.969273439882
943.32397630894
955.176484436167
939.685983567211
944.790745046117
942.794682544777
962.214552212209
944.262837791116
946.713988771726
942.728224388828
941.46017933933
945.913579805574
943.467143655854
951.106061987162
944.33994507711
954.46096624452
949.171826809972
944.946363003445
941.093193666649
944.493298850121
959.559116120904
942.06905894205
943.46109584752
943.579636255557
939.903294993741
945.384315854466
945.379552487226
940.523203957729
955.47975329264
940.001574694954
960.489413925799
942.522251519712
955.799797961303
942.989229911649
947.188124319572
940.060520360075
947.80448539838
943.351186769156
952.67664615933
948.694120742863
957.428900140253
943.057811995961
944.798359079249
941.991011803691
944.812428522413
948.803019704506
942.923359867502
940.230036981165
946.419790599176
946.506509381454
942.823876857315
940.830028623565
942.758460966912
947.226661397289
940.154719265559
959.881368119873
952.264617150981
955.011055529305
943.560850528714
942.60040198281
941.751223363656
946.280909678364
954.434302493828
942.129886979958
948.673649326484
943.55001056088
947.726937532544
939.732399535911
944.460164716185
939.956723460438
949.021401144835
943.419135781658
942.451380933065
952.66230771732
945.096265257334
940.454879760923
950.206994247917
947.894352363959
941.174434062307
939.743272120719
943.765437486717
948.524235870863
940.766265085155
949.233583508194
944.675778240029
944.465507396127
942.387339515596
950.169731010007
961.018435488063
939.815741321597
947.883626017239
946.999943473337
939.783031320202
947.589362338539
945.384979329541
943.743467110229
940.456272850433
944.801824044435
941.604449593922
941.615644185834
944.065226507574
946.273614258803
941.372313178871
951.699332643878
945.619575219474
941.71575626791
943.131099846002
956.812414827855
941.418976013486
952.201503710117
946.234925649423
957.349002607422
941.476996259343
947.720282814539
940.323490208331
954.457236550909
944.782430682257
952.680805523447
940.3119517089
944.403788800667
942.042620294684
961.085633200797
940.803496366381
941.365800230194
944.613770162031
946.859569150361
940.503447905933
945.214992851073
953.582705347303
951.235694841184
944.049549457265
941.185002785023
950.833129942886
940.949316363907
961.545476257659
942.205886341056
941.43577637596
944.290336943346
944.516186122513
942.167499552331
943.503137419412
954.752624782327
957.286073610996
944.563983443595
940.283286094925
947.595645160508
955.506589185036
952.640286990418
947.329971607257
943.813061730546
945.075449887939
945.10649775066
941.389691694591
950.194170651126
939.919203363521
953.459348522997
947.370616903819
954.827560307157
946.063527221
941.904757607892
943.391233529008
947.361873792435
964.545003045093
952.706662817522
947.831331517281
944.002288294184
942.79180258258
946.246306257033
949.0072747528
956.365440964934
950.976439871092
958.558990535226
940.470733338513
943.160981927768
949.911160054869
940.558630822622
948.572507746646
940.014744403986
948.765242904828
963.482412774616
949.149641246971
944.48777496954
940.7328054336
939.919376737159
948.2281317702
940.509780676931
948.979637519813
958.964920229179
940.055989739975
941.612755539328
965.870021127362
955.490593111156
951.385316889758
947.258019565662
952.542331153183
943.764094044833
943.151018255636
940.023245907412
951.944750213204
948.58616696591
945.80232518358
947.249664075905
940.213077587269
939.923540663997
941.283273879034
949.050401523226
943.855976481931
958.765295362463
946.203979101992
939.86739817252
940.308508818231
943.952097827173
951.473221759574
948.560599479029
961.635196164414
942.615175738528
944.655161019786
942.549832249957
940.631071356033
946.915668733752
944.697415371898
940.702541490219
955.985513653474
955.029892499001
949.949688169921
941.947780290602
941.190139927189
943.658573667701
948.718180999139
956.92908229106
944.773891283162
949.694597983366
945.891763859637
948.883918909017
949.166947880291
948.089840705905
943.243402733815
944.242301991166
943.582694805161
948.086533307609
946.982194552143
949.622241954204
942.76157509309
943.615753311622
940.322434193453
941.150062058482
941.715794091814
942.09166632167
948.993824707448
940.277527708243
941.827045308984
957.122905579026
958.986677864896
944.157335925017
943.762925454613
952.697797252487
940.585732217083
941.046762730245
944.09930786449
942.346665841156
950.658413603667
947.242121424096
941.008028256383
943.612655276355
958.070936867588
950.59491790134
945.066735351974
948.75473544584
948.323573776342
959.934440099066
946.382443873094
940.041187388491
945.884734962708
946.786384047701
961.456654071083
944.317731966322
944.626139654342
946.023349754474
944.729225993672
941.856396414484
961.912328302873
947.757776310307
949.899650023539
945.109292995171
941.617426088218
956.145329782627
949.751578304699
941.439475718948
956.418103868342
951.336107201183
939.999003324211
950.160286181198
943.357878022261
945.190422162685
949.09901403945
946.457747633211
941.158359283684
948.91126925479
951.894677893619
944.342101259248
939.947359937443
946.602752977251
941.222589329605
939.96227539289
958.938196473662
947.489866907279
940.360093029416
955.287232451409
949.210611448565
945.999777601884
949.413524219143
942.854329775929
952.512421204836
963.275819605106
941.544666332484
949.741655239647
945.578983902341
959.049221970802
946.11191825084
947.943331090133
947.00539272046
939.829536076855
954.692551084211
942.517679041282
947.267889895355
952.058264331508
942.052699324024
939.909274536884
943.642871011819
946.729836707157
941.369682541542
940.948003529661
942.992477549452
947.743777982422
941.768558393132
941.930519233734
943.135610542154
940.597486988545
953.522504906818
939.935851927198
945.660029432177
942.414746622374
960.696221098007
940.043267656027
940.356184822359
969.529872895128
947.784004634844
945.288697000802
946.444137414644
951.461620949915
940.166483749741
947.528268576532
946.550810650545
940.236250924158
947.202562377654
948.051434990423
940.863466972499
950.654741880327
952.361590874828
945.903973747146
940.882751823747
952.152878503412
947.94144335999
942.826011093234
943.524017896774
945.592934016999
948.369222013677
945.567400832486
946.618965255774
949.721052098018
946.848598352945
951.395268549694
943.561538685292
943.569925974363
945.994752698013
948.887432352769
941.139358424158
956.291343634407
950.053000544738
947.082705827413
949.64790113562
945.411956160761
967.996874443065
941.868057688004
957.157595769993
946.153791140587
945.52282196667
943.235186170393
940.729400590674
947.112342766878
949.905706334404
