521.529679562921
504.153047221987
490.630685813381
488.777322652174
486.372685893246
485.840600079993
485.744879835726
484.811819143311
483.98432180999
483.57973664119
481.648814198479
479.361676984597
478.525490614156
477.551205206748
477.148580757182
472.926205794981
472.659955614951
471.865166589305
469.061765081895
467.403386608259
467.058530661888
465.945238749283
465.286838455364
465.043323727048
464.659860917008
464.619442009826
464.381891904684
464.215217986111
463.933401225937
463.022187767147
462.547452372405
461.242793000356
460.412986400019
460.375596450124
459.201909451997
458.166688401253
457.835928864433
457.213382807981
456.805737693587
455.565881902965
455.014411848479
454.919427413548
454.770004077572
453.833442446333
453.730011942259
452.34420131471
451.528053550024
451.495357268173
451.21221800532
450.026283188668
449.299956145908
449.036777470717
448.908227161941
448.097846316696
447.893711009643
447.797372229212
447.424569360162
447.124973868304
446.483283217821
446.094759866413
445.676736511611
444.159566704131
444.128857682625
444.003145112769
443.678560995952
443.366646145138
442.886682810566
442.420828714853
441.88682748714
441.705880954952
441.280383588979
441.014100479291
440.666963022943
440.082799733026
440.069175325744
439.591441585031
439.156056189131
438.611857996682
438.17015764513
437.377676307428
437.083934593642
436.892780638001
436.851683905152
436.420507630791
435.968758816378
435.62523724883
435.198215604597
435.069064857416
434.903426916464
434.531705496993
433.846741811177
433.305990955361
433.251095033324
433.011633292633
430.900330791571
430.714243422459
430.221142796252
430.209843060348
430.171267874912
429.288355594144
428.825800821768
428.787722982098
428.472768380801
428.157955925649
427.833495161964
427.540682747287
427.458586935453
427.328701255896
427.218917879994
427.155804355529
427.083400069632
426.154619341137
426.143796419184
426.1249859257
425.986474117435
425.961819217736
425.871568729827
425.685819348392
425.511018426204
425.149317317311
425.093590734439
424.920138997493
424.612040894767
424.336162832125
423.850829704706
423.566267628825
423.389002476629
423.03158876742
422.285745608031
422.224090453684
422.091226531915
422.088718045722
421.83822679246
421.165702540261
421.130782824769
420.928250685036
420.909280612652
420.80087465052
420.541908945724
420.313672388958
420.217245761771
420.041019056411
419.689721235094
419.686392569868
419.402929453578
419.323222829904
418.803296937313
418.680020569355
418.542490654489
418.461877560408
418.376179869397
418.218847243152
418.215320720307
417.826341873032
417.720226954109
417.694368079365
417.625232780439
417.595039848792
417.291154137745
417.197782688731
417.088391340179
416.93819815
416.487717842008
416.125639836554
415.98218509493
415.491249949378
415.489992963584
415.3975506924
415.294915515242
415.179147136139
415.053490071655
414.720644200218
414.6776099366
414.67380932567
414.58578447058
414.515228246337
414.496033015287
414.457030093374
414.415365739707
414.135929850577
414.094063759253
414.084233582588
414.002457609521
413.857249866821
413.853767974966
413.576621349307
413.127796208439
413.056581418735
412.983019145688
412.810097709564
412.454142734179
412.416037051742
412.272664024159
411.99832875049
411.938258139655
411.717923082455
411.605457248238
411.511500343129
411.385692203673
410.578016389117
410.559828964206
410.392137594409
410.171511583586
409.622071762522
409.514946917061
409.498201341778
409.395147935596
409.372823055746
409.367503398626
409.170524338313
409.085702283474
408.8857347425
408.806668896023
408.590057602687
408.565297344522
408.435606759648
408.420848687687
408.407996154355
408.346495961735
408.274743989579
408.06437700081
408.041877095524
407.93156480939
407.732758343583
407.246811283484
407.167297320298
407.135767075414
407.111684558255
407.034870726689
406.973975319452
406.955507255185
406.765134487926
406.678285974685
406.410428474159
406.382288620132
406.242007838414
406.230154548615
406.226294945638
406.199750104563
406.122211382816
406.001735087636
405.784566907398
405.63817624938
405.453529247774
405.17513853163
404.468697719996
404.005227606743
403.980372926988
403.974229597984
403.944034733276
403.885110863649
403.868972541166
403.839718660839
403.745521416178
403.740523599667
403.611113214248
403.452801354681
403.290778360827
403.125061736525
402.843172213759
402.828281942647
402.741682780439
402.712721467325
402.711782460659
402.542600351165
402.534646712295
402.534329888033
402.52580590572
402.410238957839
402.344074160608
402.14010374332
402.131857345552
402.124263250384
402.013420473303
401.976149515688
401.934545485007
401.613680337642
401.397431470636
400.592213568336
400.277282383427
400.265954544991
400.216747166374
400.088863109249
399.894286407097
399.84103315181
399.819602673419
399.788251246544
399.743925725764
399.671588700242
399.588079552142
399.569506906962
399.306897635973
399.123702682057
399.104645873241
398.995135869508
398.979379046771
398.946803190823
398.750170141487
398.712590214944
398.707910265105
398.375200732608
398.292161774659
398.21513455948
398.205222245835
398.054620579442
397.938960189161
397.87161819935
397.859207118903
397.381996562357
397.339219976293
397.152989714144
397.108027905433
396.911141439736
396.778212532131
396.687923691082
396.653534741116
396.618656557876
396.616323167678
396.612109883355
396.550754410182
396.307321778551
396.264948618486
396.261157010335
396.230707909126
396.154181532451
396.149862792618
396.075585516618
395.909489595847
395.59882942668
395.517786895434
395.394735823229
395.369410554557
395.233000618656
395.093888723903
395.085957936912
395.035489226858
394.967125512606
394.965287718265
394.93623635621
394.911760880309
394.779615360844
394.777840727404
394.67886285739
394.588344690309
394.357530972275
394.245913003781
394.190033588864
394.169956214611
394.016785927153
394.011295411251
393.889867245259
393.788064901597
393.748464227538
393.696404910129
393.538011600831
393.502792036297
393.336696234648
393.250126890399
393.133219202354
393.105637061146
392.906530059406
392.90195570846
392.830349578255
392.753557344836
392.668330487405
392.521615103254
392.485501542657
392.404770923417
392.366496972088
392.191980439709
392.165017276957
392.153141009168
392.112518791489
392.093326129617
392.045582985292
392.027891835237
391.970708991641
391.847807790941
391.8023180377
391.750806192194
391.728061822888
391.419054249634
391.395098428991
391.376519084381
391.346923965551
391.143668977561
390.859101979479
390.800862748227
390.783001853879
390.603950817587
390.579533218087
390.557137383395
390.466423735745
390.411392376472
390.327557400695
390.206770887232
390.156040299658
390.067001692697
390.057159415729
390.025039050941
389.910855730856
389.804059951292
389.73898877037
389.658140816535
389.631553626373
389.596994883581
389.537490864742
389.338696900137
389.32516645425
389.307505604538
389.194823031245
389.184872632681
389.180974110428
389.138806546585
388.965211529309
388.931343165969
388.499408701242
388.484968195863
388.431544437972
388.411148338116
388.379247457815
388.356116186502
388.339798495605
388.315855676432
388.301439689745
388.23168456999
388.202123773231
388.11131171062
388.060891845224
388.028252195576
388.013242986142
387.998371142059
387.958337747223
387.846875106621
387.797255909963
387.610937257688
387.491586258808
387.406301868789
387.289398340878
387.190188652201
387.165209070057
387.16341891503
387.023844013305
387.02011786719
386.882991997659
386.873594627464
386.851267922999
386.830203206099
386.699894854807
386.693383855674
386.620368189154
386.540774206859
386.480485296658
386.428992170338
386.409325135785
386.347413221981
386.108439039412
386.09462805828
385.630652463346
385.62459678533
385.554188860859
385.542557523338
385.462263044513
385.25553413496
385.209654718536
385.09723081473
384.946318238499
384.925451160491
384.898605221064
384.898150576069
384.882978743302
384.870076113469
384.867603578937
384.789374126147
384.753110063949
384.647039274727
384.563619901253
384.510075490842
384.46986948547
384.414081230168
384.237459675248
384.155019553347
384.057978543915
384.040768757455
383.976631723539
383.975873519353
383.97004739102
383.96983395345
383.895348959863
383.823556089115
383.774476732756
383.747357937059
383.728527729916
383.67915301426
383.660727962102
383.523152068767
383.517020327384
383.495275692342
385.025127155849
394.570489942337
429.496926777951
415.831677384556
394.880537560222
428.358597539649
384.176524398628
446.786581285279
397.075064838968
391.43085300748
394.41989968574
457.703189884121
384.094632611696
451.999989457366
408.958046913391
387.348738674322
388.871485345627
407.094505198033
413.914703642166
383.99040423154
436.057162132116
392.937639633052
389.450221243772
389.439132198325
403.908591053228
410.703083460854
383.490292086521
386.389555696613
471.148003658929
384.213050142746
408.702466370894
383.659652016242
426.18956716641
399.8867437977
428.436549162209
436.409059892239
428.64401926531
439.473046751216
409.137917438392
389.96110829185
432.145481923726
397.601732719852
413.279014677082
418.959852441331
397.118753917684
414.09597127239
403.83052373445
385.014165943242
452.813606838812
395.170948497741
403.898048307111
428.963588933029
402.679279972936
437.69747760325
390.032333295478
425.073392577212
398.521557049843
400.694413603908
398.30971946431
415.832848941731
418.137555587414
408.777796735416
472.437124438011
418.780230402178
406.829878452891
395.841504003457
385.602380828756
393.76734567072
404.800633879195
457.611501764876
395.00993282905
415.052865273763
399.561015068653
439.442290098665
413.334205147046
394.701792281367
384.854115110061
419.872051345092
427.144249255418
392.038342322767
390.926512662957
395.043776591473
436.375041405028
397.987318276536
389.602921795723
392.963342430842
477.820224120887
432.433171669108
388.39598853656
395.05059718219
388.147918195487
414.639356018368
387.404275508841
384.500415463349
425.323732480421
417.615539173347
438.846451943146
396.32111746351
383.516462740833
391.749261008182
459.158256016993
385.486496792568
404.025154236095
385.212976495245
421.453049887321
397.672988308539
394.478341742204
409.340161646272
391.911424122814
390.440269860099
467.222930095716
388.626765418369
418.396461444172
420.867961659128
388.714434135471
438.017986795798
389.264395554826
417.589562827185
415.52976868017
398.187840650399
396.115124220297
446.517117345029
423.969559355736
434.040788865551
409.256752363796
433.610836820762
432.87853633796
385.922233068334
400.956570497043
386.608586776799
424.151561544883
384.32756591019
416.129524638906
413.321758729021
443.737632301199
420.258068233994
437.463940781498
393.124384015791
387.927908476766
429.902458261461
444.763987507147
387.398831235314
388.851958207298
394.010895094282
433.996908343568
388.869759223838
389.485508975197
383.809534382706
407.988001814191
415.366049603463
384.31623623579
426.796109980444
438.472386624114
417.964687206896
386.507906152758
385.862972154161
395.512692142583
411.975530654696
390.007763013944
400.756954858295
385.138089878963
385.131453266558
406.548338579297
445.293724759727
428.900045397031
387.23233620301
426.857505782353
393.696360454753
392.345489853266
421.890524931281
391.185387096122
413.410728321147
391.914621978843
384.237530658401
400.707051302139
385.170419424271
394.622442718358
387.109546096606
431.400386991768
396.773246881889
465.659971481795
415.574249293914
444.521511699582
386.495637580165
393.35644109007
440.75677273015
392.549602025135
447.092627731541
398.287541106533
430.073435843896
404.400470117509
430.215640887255
389.729935667246
424.41451976793
390.889876508822
474.803725187858
384.551206473952
408.715598999964
441.381780487339
404.265036654079
453.350948035523
424.485376988931
444.984584295708
384.466883644727
391.406498729111
399.806758808085
383.940565742534
394.310568699364
393.039868927127
489.049063320335
383.672076640494
396.157751922424
433.464820947815
394.529103640565
383.982529679629
396.780285408606
401.421056772775
394.496849700838
384.241398226975
398.283996113006
388.406499995894
412.196165148714
402.120276591575
393.751100450687
415.001129020827
402.381461782501
399.828037967991
391.518279533448
389.132750586433
434.109351659988
399.640984446269
405.587271659149
385.735868926777
401.720464656673
452.455838250377
392.012838970134
389.343056690957
408.560952177817
457.214666370745
385.020574202951
384.514528791798
426.328404031866
418.656809547304
449.819550325615
441.202240023374
401.309656562235
462.670397617207
417.205471232226
395.361210605211
405.369472445053
393.101603624989
386.022808740065
394.055947247128
384.021413336643
392.154524286464
447.610184128893
398.406047687136
386.916993617266
457.036010647073
412.777385301757
432.421227290138
447.630819475656
482.01029228041
412.196578619933
461.227288057113
431.901974169771
401.978070477536
430.131694976367
398.998967362826
410.134208685603
391.378613829783
388.357888984714
393.557039307206
398.907313414577
412.830675266089
428.249694948455
428.747854198536
405.105344746036
402.163714945494
387.214164369779
422.672083613855
413.128414911007
440.418247117881
435.148244620011
395.056948727818
386.336852959328
446.010400066998
439.448992556558
398.56974495904
397.539811803499
459.483818045216
383.914795238787
462.852972337393
395.09948692636
392.676335446712
411.575277546654
415.651580307771
404.07524998114
386.065905191297
392.950009762191
392.718804496852
394.152189714747
397.079942748589
403.975525819281
392.34158145055
413.983408868203
437.528477631231
410.458664001514
431.451940392379
401.144409580827
445.889409554124
495.83235967738
401.538147645219
431.513357848858
413.249883101076
389.850344542836
398.80072444568
389.819447915427
420.694847351096
406.218552916868
391.340206570416
430.57136748768
437.559162093615
394.715330065045
394.510898769497
388.78669852265
397.297751042025
433.051077623154
459.317409273133
435.709488008223
383.709781582276
433.336959114412
384.578738444576
384.682658945001
395.501602546819
425.575697395052
456.952309846252
384.734241404175
431.298165565808
407.842294066093
391.336034923134
433.405429488322
425.877012273213
384.71492934011
389.796282058226
414.451481552985
389.787192711327
399.674842175909
383.81885670845
393.906501644601
384.046403101124
383.930048090498
389.628310532923
422.05419246069
411.288229322433
395.685933222199
454.289372006002
481.301858437555
481.487283491932
383.57654023386
410.223532585571
391.445469291254
431.821408841503
387.410231273933
396.310715797854
426.193570284928
410.835123436792
391.474015695421
412.252923952536
432.60062727672
383.983504968684
416.138641942603
393.40726098262
393.119144468938
498.599955313519
384.314711439065
402.335267122926
437.658146557938
415.929254770247
384.253098070558
449.811367886044
385.437338197826
392.111196233357
467.721213423237
385.957799501056
466.030987807913
432.078896422468
389.275227458288
390.287004654801
437.4119382106
383.541816557402
396.823573035444
385.271491146851
408.530654027116
383.676130393244
398.195330836929
401.927982743024
392.903126571574
396.875926231162
389.679683010832
416.887405700542
390.911241440023
390.233199434169
391.25464014292
406.806219727319
385.767047358204
408.561040169541
409.289348440416
401.426551728273
402.134960427045
395.979237714931
402.009190619008
439.460848810084
444.804384314474
429.901718584772
383.617101326425
394.622083870344
389.543422785272
412.585616945578
385.528613296816
390.921473674276
389.272868868756
423.510166579482
453.923881368991
386.061186386221
398.351619673019
384.386665036497
385.014565887491
413.505146497193
386.792490268126
487.930557843218
415.286731499821
398.134847508192
411.063167086231
424.19496130762
417.816230209305
404.271119847885
414.92856729635
385.39204317934
398.968761617204
411.938195693677
463.124584560912
395.235615571083
392.973921264714
444.534536500828
421.659578833536
410.353318898406
398.09593605737
410.576750668753
388.271862030926
425.440585127878
409.973419869212
419.93054671283
385.472683794653
384.439543529155
418.654637602647
421.514708564604
387.014402515093
440.665591189837
441.176002461357
395.500885060927
397.971365200737
421.799167024689
394.142466300873
425.622011269329
430.67475380187
457.76906318098
437.482839859532
400.762314846548
398.204301936704
383.418243006229
407.271250297917
419.220306370282
395.012972936571
498.191243102124
427.217886597829
389.377980417875
404.535179977967
386.420190802059
432.572403132018
394.685798352787
384.08897798799
433.9279556746
429.838919924607
402.280377948326
405.687378066115
426.826180462359
409.755165095137
406.41055478751
417.525319126154
387.589255009241
420.637030536515
419.828508652737
391.425108329812
438.985075392663
427.847024330602
491.001427956228
404.466513689079
392.185029673148
384.165452397091
407.727512169122
403.258231882501
