1092.67423252641
1092.36285889611
1092.20854104563
1092.19473806772
1092.18070430398
1092.16850969594
1092.15918339652
1092.13464183511
1092.09322752366
1092.06556272745
1092.06530143195
1092.017114873
1091.97146387799
1091.92404412789
1091.91270108603
1091.9090041224
1091.88908352722
1091.88197798365
1091.8811767754
1091.85322663345
1091.83506345665
1091.8230920641
1091.80958979844
1091.80052593563
1091.78831025642
1091.78581726145
1091.78376486402
1091.77816371174
1091.77410348337
1091.77283584881
1091.77273862555
1091.77125281729
1091.76763565648
1091.76199940014
1091.75697063807
1091.75078496941
1091.74853100688
1091.74503387297
1091.73540029182
1091.73453889996
1091.73285801359
1091.73220314319
1091.72902316913
1091.7279330547
1091.72747869268
1091.72576457845
1091.72539565382
1091.71501958633
1091.71039338336
1091.70361298737
1091.69695341731
1091.69251600473
1091.6902094579
1091.67487612634
1091.67295570787
1091.66765944942
1091.66487663657
1091.66076134164
1091.65940846357
1091.65471529537
1091.65394131186
1091.64059541261
1091.63492060387
1091.63130615599
1091.62940911642
1091.60107323851
1091.60094548246
1091.59681620652
1091.5963787651
1091.59390834509
1091.59258281768
1091.59177354019
1091.59016913823
1091.59010756698
1091.58115109266
1091.57802292527
1091.5777250666
1091.57402398917
1091.57367538307
1091.57193645057
1091.56963289813
1091.55940001091
1091.55871679794
1091.55503779349
1091.55497532114
1091.55150339004
1091.54727780076
1091.54177306256
1091.5406762253
1091.53869403281
1091.53307382185
1091.52426136622
1091.52363915106
1091.51930959038
1091.51437628764
1091.50523409369
1091.49910871389
1091.49725958544
1091.49144309118
1091.49126124915
1091.48986623945
1091.488459326
1091.48787090897
1091.48759458886
1091.47964027822
1091.4789575083
1091.47351348945
1091.47307515002
1091.47176881299
1091.47157889913
1091.46863523632
1091.46793811435
1091.46737985935
1091.4617489559
1091.45955750054
1091.455684496
1091.45451289716
1091.45376407292
1091.45335128947
1091.45260686446
1091.45140002582
1091.45005950132
1091.44834772546
1091.44484886334
1091.44236472391
1091.4354060401
1091.4341106846
1091.43149462208
1091.43108999838
1091.42477991261
1091.42287076313
1091.41368812555
1091.41250636173
1091.40853720874
1091.40817380229
1091.40681174661
1091.40624170346
1091.4045771168
1091.40443528998
1091.40325494113
1091.40172459024
1091.39859099174
1091.39484343629
1091.39477627591
1091.39325973476
1091.39222159372
1091.39167925172
1091.39047043543
1091.38956154873
1091.38935343463
1091.38933287722
1091.38606354433
1091.38313966235
1091.38232900053
1091.38025285735
1091.37965940957
1091.37946403084
1091.37841793204
1091.37638015528
1091.37607553485
1091.37514243792
1091.37475179987
1091.37019532268
1091.37014123267
1091.36898189345
1091.36888903319
1091.36753236953
1091.36414237799
1091.36299385554
1091.3626395028
1091.36242009948
1091.3609373604
1091.35527501436
1091.35524765085
1091.35483004933
1091.35458281569
1091.35181807162
1091.35144647566
1091.35080305988
1091.34919751473
1091.34806653349
1091.34741507917
1091.34493757546
1091.34245323711
1091.33961889832
1091.33697291018
1091.33682477174
1091.33629212042
1091.33467543467
1091.33376935619
1091.33305941692
1091.33134139628
1091.3303526948
1091.32915972985
1091.3282175381
1091.32782275652
1091.32768971333
1091.32723704695
1091.32647846721
1091.32437544596
1091.32339461893
1091.3230280042
1091.32280635104
1091.32124609146
1091.32082115051
1091.31863543886
1091.31809947273
1091.31637455307
1091.31534279229
1091.31396479836
1091.30973138047
1091.30924561178
1091.30778619987
1091.3063802903
1091.30584876469
1091.30557511454
1091.30495455604
1091.30464295175
1091.3000366628
1091.29925048659
1091.29868299099
1091.29627386427
1091.2905254538
1091.29018720341
1091.28944339995
1091.28914270693
1091.28633871537
1091.28319109556
1091.28143288675
1091.28096345002
1091.27923837375
1091.27907240485
1091.27657124643
1091.27455022009
1091.27368303893
1091.27359762203
1091.27334425913
1091.27174565856
1091.27170966579
1091.27024124167
1091.26937974406
1091.26827040032
1091.26506655383
1091.26480898344
1091.26327605475
1091.2615682737
1091.25717292739
1091.25681194554
1091.25551975737
1091.25312269777
1091.25305048598
1091.25303628289
1091.25276746839
1091.25030142281
1091.24836702962
1091.24789037134
1091.2475746585
1091.24753043295
1091.24583962466
1091.24437612211
1091.24388963514
1091.243123859
1091.24023918224
1091.24017733529
1091.23924434425
1091.23676838258
1091.23650798938
1091.23279299625
1091.23213068954
1091.23136148356
1091.2306714012
1091.23048515637
1091.23047726385
1091.22823713806
1091.2268121255
1091.22529322337
1091.22515326105
1091.22453267949
1091.2239766295
1091.2235531602
1091.22287183349
1091.22163025688
1091.22040175987
1091.21823647667
1091.21810405186
1091.2166254519
1091.21592030576
1091.21591832636
1091.21537919336
1091.21490335769
1091.21178023401
1091.21175412557
1091.21010128484
1091.20881779493
1091.20793098357
1091.20620219716
1091.20555919422
1091.20514852756
1091.20303510816
1091.20232486317
1091.20151064623
1091.2013203962
1091.19985250457
1091.19864055401
1091.19780016789
1091.19627626885
1091.1961693967
1091.19364059991
1091.18742862612
1091.18669017021
1091.18634672265
1091.18619087253
1091.18514682407
1091.18477533689
1091.18393972541
1091.18339383049
1091.1823448961
1091.18087129589
1091.17964702251
1091.17947920079
1091.17892187678
1091.1777674327
1091.17726469179
1091.17425552685
1091.17078506293
1091.16976058814
1091.16819043736
1091.16742625766
1091.16707804622
1091.16691912482
1091.16640101045
1091.16576496364
1091.16528692845
1091.16505152483
1091.16242631392
1091.16207819179
1091.16133071384
1091.16122160906
1091.1609977478
1091.15945834238
1091.15898255572
1091.158923563
1091.15890603163
1091.15823486232
1091.15774225672
1091.1573195409
1091.15624536958
1091.15515017427
1091.15424481305
1091.15302464666
1091.15300897838
1091.15270080595
1091.15166698586
1091.15115541294
1091.15104587882
1091.15036958275
1091.15008223803
1091.14859674826
1091.1485769872
1091.14809167438
1091.14787337707
1091.14778928819
1091.14737133533
1091.14666732329
1091.14364230659
1091.14329395289
1091.14271276212
1091.14105443893
1091.13950878813
1091.13866375452
1091.13616528365
1091.13593149856
1091.13545110675
1091.13493851258
1091.13368506721
1091.132854861
1091.13261141019
1091.13176098918
1091.13130987953
1091.13003534099
1091.12938169942
1091.12922799282
1091.12871338778
1091.1286572566
1091.1282068052
1091.12715354387
1091.12561278931
1091.12532598124
1091.12509561638
1091.1248047683
1091.12222324209
1091.12146604833
1091.12057691945
1091.12033386628
1091.11965962942
1091.11958960792
1091.11946619522
1091.11904516247
1091.11841627687
1091.11786958408
1091.11785003685
1091.11654485384
1091.11603132319
1091.11554397935
1091.11488931918
1091.11411365793
1091.11381256698
1091.11343124288
1091.11314310867
1091.11070478665
1091.11049248836
1091.1100769677
1091.10933612044
1091.10918889917
1091.10590086565
1091.10586150207
1091.10462826322
1091.10436850815
1091.10381973042
1091.1028785425
1091.10264518969
1091.10260137953
1091.10196274897
1091.10195224872
1091.10029540294
1091.10028515111
1091.09961023294
1091.09934818841
1091.09672372935
1091.09473504857
1091.09446620564
1091.09443878362
1091.09434159036
1091.09323530897
1091.09259723041
1091.09210348036
1091.09188476789
1091.09158579364
1091.09075814342
1091.09036447904
1091.09025291391
1091.08976330248
1091.08796768122
1091.08791917142
1091.08784272078
1091.08782450222
1091.08709153123
1091.08641469254
1091.08564317106
1091.0847797757
1091.08403781749
1091.08389711962
1091.08376539848
1091.08292779811
1091.08279220703
1091.08181133574
1091.07962993423
1091.07955768451
1091.07949033864
1091.0790546038
1091.07902202369
1091.07623588632
1091.07602795828
1091.07459568412
1091.07274890326
1091.07272856439
1091.07266730921
1091.07161729957
1091.07143232023
1091.07115234527
1091.07064021808
1091.06991389566
1091.06930688931
1091.06894538769
1091.06795727865
1091.06550929351
1091.06474431195
1091.06250937588
1091.06117711659
1091.06111841592
1091.06106511109
1091.0598305053
1091.05941134338
1091.05881558106
1091.05873935855
1091.05769795102
1091.0572991898
1091.05729777749
1091.05696244604
1091.05533435619
1091.05482653899
1091.05467082851
1091.05448952649
1091.0535890809
1091.05327711863
1091.05288951234
1091.05258204863
1091.0511686262
1091.34037380289
1091.48104644408
1091.27938669719
1091.21070876805
1091.44811523753
1091.130223936
1091.07873095063
1091.3883651213
1091.15926417151
1091.36160713935
1091.29935663337
1091.7861539233
1091.05246181257
1091.50026333744
1091.15653278947
1091.20394816088
1091.17466396785
1091.63222572267
1091.7629728162
1091.60624905819
1091.3988176912
1091.77502670989
1091.32245655875
1091.28840886368
1091.86274282919
1091.06786592037
1091.2476305652
1091.44555364759
1091.26792874936
1091.95643456598
1091.8298362389
1091.65585631918
1091.08952468231
1091.0940082005
1091.29364520383
1091.82832669409
1091.1249956194
1091.24936696258
1091.24447279454
1091.26032980042
1091.29194131568
1091.16847883979
1091.48806504402
1091.16920409251
1091.16321820885
1091.16810559829
1091.07828454965
1091.30807276853
1091.31049260498
1091.14526384428
1091.05260643157
1091.19931670518
1091.37044074769
1091.24628066939
1091.10028935857
1091.18080676944
1091.243183647
1091.6412720527
1091.17650604375
1091.75189445789
1091.25107394117
1091.07334317516
1091.20079222392
1091.19197190459
1091.25278651004
1091.21942191576
1091.26062741427
1091.18675228199
1091.08544211201
1091.15149647021
1091.14133672689
1091.89089067642
1091.1100356465
1091.21339965894
1091.26329993088
1091.24882231497
1091.50543889082
1091.09819519264
1091.82983263847
1091.06383678498
1091.09112433799
1091.07117215036
1091.14071516798
1091.1527293792
1091.08538188425
1091.67692261148
1091.26286335956
1091.35088945815
1091.12603139267
1091.68185348509
1091.12417357439
1091.35670600704
1091.16877089027
1091.23207778525
1091.40427162896
1091.32393940193
1091.72532054512
1091.1629010679
1091.26968555747
1091.28083802749
1091.82824857255
1091.36016990971
1091.07950346797
1091.06808040841
1091.16558989126
1091.10081337308
1091.29213027468
1091.90281050052
1091.12527681533
1092.16227371125
1091.51373612861
1091.56887746167
1091.2984474723
1091.49879067338
1091.23696964374
1091.18058492869
1091.49664096502
1091.08605444064
1091.24090365661
1091.56122687558
1091.38760806631
1091.49774105701
1092.24515806214
1091.23764058085
1091.06871584282
1091.07847824322
1091.06666686892
1091.1201416274
1091.58408108491
1091.06406015824
1091.17036260438
1091.19682949953
1091.07781682969
1091.10083720103
1091.7583285348
1091.12964099626
1091.82842055594
1091.34946496248
1091.13013468327
1091.22206816054
1091.05259203212
1091.1863022851
1091.05325711167
1091.56049465555
1091.38168173185
1091.75789675877
1091.46079593606
1091.21275875451
1091.26844219794
1091.1754971092
1091.30080064018
1091.48813838121
1091.31165216336
1091.12354450262
1091.0759867325
1091.285675399
1091.21941412118
1091.27261514881
1091.82359404176
1091.56785992248
1091.11213006872
1091.56146692039
1091.26624361359
1091.12524885291
1091.42204889747
1092.03876649131
1091.29355687332
1091.18473195142
1091.44883784017
1091.14770164859
1091.34105528839
1091.5962055371
1091.06627420766
1091.19135571029
1091.26122128869
1091.58772594712
1091.17075922833
1091.09266080918
1091.37184390655
1091.53355094555
1091.11220345914
1091.42871331793
1092.2411862013
1091.19390650444
1091.0778899216
1091.11732942626
1091.40894485043
1091.0515694012
1091.28524812951
1091.47557058855
1091.40581606004
1091.2287630202
1091.61404475443
1091.09090783722
1091.16046312744
1091.10804926998
1091.20373679555
1091.24734032131
1091.31448895355
1092.43336519053
1091.44286468363
1091.16406718289
1091.20825757085
1091.28839202253
1091.36766392414
1091.44994189054
1091.42392696959
1091.16000035005
1091.96487010908
1091.23518659541
1091.52929630428
1091.09555852434
1091.79253858318
1091.86794439296
1092.87263015147
1091.12369716774
1091.13370578614
1091.19500475523
1091.7419840863
1091.16165875238
1091.30439932417
1091.14578051722
1091.203765395
1091.50029324431
1091.11439515191
1091.23619185468
1091.1327857097
1091.99146726211
1091.16503705254
1091.23224875974
1091.09500182548
1091.71034887039
1091.20982782878
1091.21442474643
1091.16948430558
1091.25034507599
1091.57632452062
1091.26702698463
1091.296281424
1091.12430412489
1091.12348845174
1091.14666707769
1091.62489731903
1091.53702532183
1091.39049748857
1091.54233310752
1091.22018247255
1091.12294276405
1091.1035946733
1091.08681379279
1091.15544488036
1091.12270155387
1091.94755985878
1091.1032839856
1091.20666658989
1091.33887067326
1091.17188272061
1091.12279666817
1091.49508865404
1091.84969660687
1091.70853225574
1091.98285079354
1091.17668192904
1091.71768374479
1091.05644726276
1091.09500741708
1091.44220562553
1091.37773688301
1091.15110779811
1091.11426090881
1091.50995691679
1091.91249132442
1091.07374810779
1091.1313828582
1091.48428924389
1091.69003500525
1091.13730585538
1091.07658543781
1091.46029266479
1091.11506435953
1091.05627019452
1091.2042992968
1091.38440765828
1091.10435842771
1091.05080180046
1092.46526230356
1091.89075736942
1091.5819445501
1091.92257259472
1091.08819747952
1091.39581007455
1091.33680065739
1091.2546754948
1091.277852948
1091.42118168349
1091.27491351593
1091.5724937523
1091.41250580013
1091.27905758699
1091.36152286741
1091.18699723484
1091.68282652894
1091.06103649304
1091.65666589072
1091.15084017593
1091.13258119415
1091.17411364499
1091.10870333722
1091.30554794547
1091.72626467864
1091.0974998067
1091.48848338531
1091.98612561567
1091.15099377562
1091.33350221412
1091.51555827683
1091.22030464075
1091.37504273672
1091.4189316868
1091.79138628033
1091.32803993744
1091.17045420125
1091.46514491957
1091.16422228499
1091.27122984316
1091.0754684107
1091.39719992355
1091.19110761002
1091.67560704696
1091.47081656601
1091.0808729996
1091.36883339821
1091.24475682249
1091.46178645815
1091.06972819204
1091.39581848298
1091.8748900759
1091.05551575307
1091.05597657608
1091.17578761114
1091.06726310347
1091.37923208386
1091.20747358388
1091.15395693865
1092.20706509591
1091.81978671411
1091.21907985335
1091.58040276946
1091.79943908581
1091.56077099685
1091.41329782945
1091.38639556916
1091.07316240391
1091.51581102664
1091.13838243212
1091.08047603561
1091.22496410199
1091.21224940465
1091.80988668034
1091.50286109426
1091.14085496972
1091.46372791447
1091.11397450388
1091.11883139338
1091.24428352405
1091.13252929517
1091.71945871602
1091.83961186113
1091.09649645523
1091.37012810379
1091.12772874404
1091.50404405383
1091.08154309498
1091.36750721229
1091.15697566312
1091.30488110054
1091.11721117293
1091.49335755671
1091.15596011881
1091.05406855227
1091.36365170724
1091.55997915353
1091.44181059272
1091.48588845277
1091.51282516637
1092.10225449425
1091.72395196885
1091.14885820777
1092.65571991359
1091.2226674952
1091.0616405047
1091.30350204276
1091.39115524816
1091.21242604713
1091.18539193844
1091.835602365
1091.22236780747
1091.16598301158
1091.43360844081
1091.33084051984
1091.19185778757
1091.18941378371
1091.31450089898
1092.12737822564
1091.33039303857
1091.12424974369
1091.71849753557
1091.08709701677
1091.17719164646
1091.13199301399
1091.54588749547
1091.1171048065
1091.077885132
1091.3572842651
1091.12017305924
1091.13016543323
1091.56281032386
1091.59716113652
1091.13777711677
1091.50857713125
1091.7313414035
1091.22440305548
1091.43989200636
1091.55501148198
1091.32303702129
1091.40944644495
1091.12771972923
1091.28672415301
1091.3036037931
1091.33821190913
1091.89115437797
1091.13422414955
1091.27359786568
1091.33061633205
1091.5366772368
1091.21490300531
1091.05820518668
1091.17814520169
1091.10013255322
1091.28986105604
1091.12216014847
1091.08047366624
1091.14419384444
1091.14368840734
1091.90689439012
1091.39674673723
1091.07962123462
1091.57011887064
1091.30616436822
1091.09689980765
1091.54094936921
1091.23642346036
1091.21209230291
1091.13493607589
1091.67471851612
1091.5856367508
1091.4417881256
1091.2271673359
1091.48992693939
1091.15012114917
1091.79399608839
1091.06261091616
1091.1351347805
1091.60800253581
1091.53954014437
1091.80752342055
1091.62511323682
1091.29990159146
1091.17489488861
1091.20433442896
1091.23493817424
1091.98821800296
1091.05865663794
1091.66684729878
1091.10945472646
1091.67001551467
1091.0636462738
1091.16430259203
1091.27448116027
1091.36569766177
1091.35326830673
1091.46575597903
1091.11104498729
1091.07626070227
1091.08104034415
1091.07329301978
1091.47418575644
1091.33940306229
1091.52068920876
1091.15529148444
1091.3720016944
1091.49809199432
1091.11614683374
1091.10699475562
1091.21781627673
1091.3336018858
1091.12286956896
1091.19408149413
1091.09415564768
1091.53869523267
1091.25356640294
1091.49276270131
