1092.13464183511
1091.77283584881
1091.77273862555
1091.76763565648
1091.75697063807
1091.72902316913
1091.72747869268
1091.71501958633
1091.69695341731
1091.67487612634
1091.67295570787
1091.66487663657
1091.65471529537
1091.59258281768
1091.57193645057
1091.55940001091
1091.55150339004
1091.50523409369
1091.49144309118
1091.48759458886
1091.47964027822
1091.46863523632
1091.46737985935
1091.45260686446
1091.45140002582
1091.4341106846
1091.40172459024
1091.39859099174
1091.39167925172
1091.38935343463
1091.38606354433
1091.38025285735
1091.37019532268
1091.36888903319
1091.36753236953
1091.34493757546
1091.3303526948
1091.3230280042
1091.32124609146
1091.32082115051
1091.30778619987
1091.29925048659
1091.29627386427
1091.29018720341
1091.28914270693
1091.28143288675
1091.27907240485
1091.26937974406
1091.26827040032
1091.26506655383
1091.2615682737
1091.25681194554
1091.25551975737
1091.25312269777
1091.25305048598
1091.25303628289
1091.23924434425
1091.22040175987
1091.21823647667
1091.2166254519
1091.21490335769
1091.21010128484
1091.19985250457
1091.1961693967
1091.18742862612
1091.18514682407
1091.1823448961
1091.17947920079
1091.16976058814
1091.16640101045
1091.16576496364
1091.15945834238
1091.15823486232
1091.15115541294
1091.15104587882
1091.1485769872
1091.14364230659
1091.13950878813
1091.13493851258
1091.12871338778
1091.12146604833
1091.11654485384
1091.11488931918
1091.1100769677
1091.1028785425
1091.10264518969
1091.09323530897
1091.09036447904
1091.08976330248
1091.08796768122
1091.08564317106
1091.08181133574
1091.07623588632
1091.07274890326
1091.07143232023
1091.07064021808
1091.06117711659
1091.0598305053
1091.05482653899
1091.05258204863
1091.0511686262
1091.04918094217
1091.04529600341
1091.04395539155
1091.04233471008
1091.04121329736
1091.03887541294
1091.03540837754
1091.03452175664
1091.03255546824
1091.03145799741
1091.03044741142
1091.02928323255
1091.02764139653
1091.02721842947
1091.02330787806
1091.02267810463
1091.01554393525
1091.00784927337
1091.00712646442
1091.00075007342
1091.0007104622
1091.00027259698
1090.99920587442
1090.98928704199
1090.98738160042
1090.98712213304
1090.98415140078
1090.98352519615
1090.97927051043
1090.97218824551
1090.97119626755
1090.966108464
1090.96538363224
1090.9648334483
1090.96477839386
1090.95778561045
1090.95615291632
1090.95053546429
1090.95024113057
1090.94975322505
1090.94614020656
1090.94523552534
1090.94513454242
1090.93869023326
1090.93833955401
1090.93776691157
1090.93730110725
1090.9363052667
1090.93465836733
1090.93255671791
1090.93084173832
1090.93023255847
1090.92969517869
1090.92743116292
1090.92729312371
1090.92493883079
1090.92404772
1090.91978426634
1090.91915710524
1090.91585672011
1090.91446784608
1090.9140229455
1090.90974791761
1090.90254345862
1090.89977048301
1090.89874455114
1090.89758749882
1090.89574675339
1090.89538211793
1090.8916018251
1090.88728696675
1090.88621012848
1090.88535812313
1090.88436523708
1090.8826866801
1090.88223244897
1090.88194947317
1090.87683176156
1090.87635269972
1090.87591065698
1090.87124650301
1090.86973041894
1090.86733219802
1090.86559396744
1090.86493926335
1090.86403595598
1090.86247815677
1090.85798389137
1090.85755259882
1090.85688887459
1090.85440274057
1090.85409396688
1090.85164097378
1090.84759868982
1090.84643270405
1090.84464137415
1090.84334557391
1090.83852642222
1090.83802024445
1090.83792439866
1090.8368182633
1090.8325641367
1090.83032638337
1090.82487990042
1090.82164012616
1090.82147197122
1090.81893406898
1090.81854144033
1090.81830158673
1090.81446685812
1090.81363488255
1090.81275788452
1090.81260971232
1090.81251199155
1090.81236940074
1090.81117566577
1090.81053444731
1090.81029301593
1090.80975139088
1090.80971800427
1090.80812799925
1090.80808537593
1090.80733592832
1090.80632393095
1090.80406630216
1090.80160275183
1090.79825005177
1090.79738463451
1090.79696901116
1090.79541953688
1090.79426802008
1090.79353562572
1090.78882727556
1090.78638603456
1090.78552753273
1090.78505001539
1090.78493671303
1090.78319660898
1090.78117260671
1090.78117178487
1090.7797588164
1090.77830977792
1090.77733569083
1090.77635838426
1090.77547164993
1090.77167971116
1090.76734766255
1090.76689886315
1090.76663081721
1090.76630030451
1090.76370552316
1090.76368537118
1090.76347519719
1090.76309023349
1090.76197705291
1090.76196612627
1090.76178157634
1090.76160581389
1090.76081640272
1090.76076527116
1090.75912072782
1090.75716793439
1090.7568928943
1090.75527422782
1090.75017740655
1090.74946923914
1090.74891602006
1090.74881199223
1090.74830212096
1090.74746080854
1090.74692989348
1090.74509319459
1090.7430006654
1090.74233100359
1090.74166344344
1090.74102941165
1090.73835611653
1090.73519313072
1090.73476615307
1090.73401205996
1090.73327121752
1090.73183524037
1090.73152525178
1090.73117264973
1090.73107237008
1090.73053918466
1090.72733431052
1090.72557730987
1090.72518194727
1090.72437153594
1090.72391406014
1090.72321660072
1090.7215564495
1090.7199505471
1090.71942895699
1090.71806849248
1090.71743077
1090.71724875134
1090.7158993262
1090.71236308488
1090.71210834985
1090.71164593305
1090.70966492166
1090.70808539045
1090.70552353098
1090.7036937011
1090.70174156407
1090.70094708323
1090.69991145385
1090.69924575097
1090.69874186028
1090.69506652231
1090.69473936766
1090.69363789754
1090.69307596537
1090.69241942808
1090.69135269121
1090.69054532909
1090.69021065043
1090.68900517647
1090.68852062253
1090.68786233575
1090.68770350297
1090.68759730681
1090.68717893937
1090.68689896963
1090.68640769308
1090.68605211879
1090.68376473173
1090.68360567829
1090.68350887361
1090.68111374886
1090.68071185849
1090.67941859335
1090.67926574964
1090.6789867748
1090.6786848205
1090.6786751681
1090.67848278036
1090.67763822184
1090.67588350997
1090.67069286211
1090.67055877147
1090.67046984459
1090.67038209339
1090.66960579736
1090.66874084968
1090.66766389302
1090.66680798289
1090.66644298337
1090.66629431855
1090.6659927326
1090.66589071658
1090.66527772889
1090.66130173504
1090.66118102581
1090.66088692847
1090.66079378813
1090.66072108201
1090.66054807123
1090.66048191702
1090.6595445404
1090.6589005603
1090.6568015849
1090.65622881023
1090.65057385247
1090.65054697946
1090.65010492173
1090.64961967645
1090.64940113481
1090.64772351599
1090.64747078603
1090.64613989453
1090.64494822745
1090.64281091505
1090.64056069212
1090.63904838393
1090.63897175187
1090.63756750507
1090.63740239157
1090.63644215013
1090.63622453735
1090.63448119236
1090.63320491189
1090.63309314119
1090.63227917003
1090.63030626214
1090.62921308891
1090.62888862944
1090.62874758112
1090.62870373194
1090.62735260679
1090.62721595346
1090.62720786129
1090.62713126092
1090.62618695229
1090.62551127713
1090.62548207903
1090.6253514988
1090.62453534228
1090.62411594003
1090.62380691592
1090.62342773339
1090.62314785776
1090.62296757097
1090.62290041711
1090.62199210256
1090.6206239376
1090.62055823012
1090.61965509979
1090.61918417323
1090.6182381359
1090.61812854608
1090.61810145581
1090.61596272101
1090.61498901165
1090.61326851805
1090.61227881517
1090.61206331913
1090.61143348594
1090.61107169169
1090.61009642266
1090.60990975424
1090.60988103508
1090.60797967088
1090.60657224041
1090.60498320339
1090.60353056494
1090.60254692535
1090.60249620826
1090.60204209641
1090.60168648104
1090.60168165689
1090.60165645969
1090.59994973116
1090.59931862928
1090.59806095057
1090.59628905068
1090.59602421437
1090.59492899684
1090.5946643323
1090.59459250433
1090.59417869025
1090.59263757819
1090.59242445503
1090.59225837186
1090.59195703505
1090.59117682659
1090.59108264424
1090.59033556399
1090.58989892473
1090.58938673293
1090.58895340144
1090.58846925035
1090.58781311833
1090.5873296908
1090.58697249905
1090.5862271098
1090.58538327498
1090.58508891794
1090.58506987376
1090.58495117947
1090.58473830553
1090.58416124883
1090.58320017131
1090.58183843521
1090.58032025918
1090.57875327319
1090.576897478
1090.57597594741
1090.5755496647
1090.57536560049
1090.57523593676
1090.57521077664
1090.57520604719
1090.57449669317
1090.57394248973
1090.5727631679
1090.57183444885
1090.57145349957
1090.57109311906
1090.57092469832
1090.57089076335
1090.56984015016
1090.56979261202
1090.56942834181
1090.56929883256
1090.56857767164
1090.56841658015
1090.56799753912
1090.56669136145
1090.56668438157
1090.56653408166
1090.56385925594
1090.562934742
1090.56211661437
1090.56201216495
1091.72539565382
1090.73240075764
1090.96679243263
1090.81303748111
1090.76320070394
1090.67408318802
1090.86838220736
1090.64470846255
1090.79047743709
1090.73045856035
1090.80307004877
1091.36299385554
1090.62977486537
1091.37514243792
1090.8591853352
1090.98114939783
1091.24836702962
1091.04649290908
1091.31534279229
1090.68030048775
1091.22823713806
1090.98339712215
1090.66848217319
1091.03490875605
1091.51930959038
1090.76309983453
1090.92321032598
1091.24023918224
1090.60702645489
1090.65662156327
1091.25717292739
1090.63262451561
1090.77902973935
1090.97991917986
1090.78103969003
1091.54177306256
1091.40624170346
1090.56874242123
1091.07161729957
1090.82510542284
1090.76701816545
1090.99445855683
1091.07902202369
1090.76042738988
1090.77499648825
1090.58383460211
1091.13866375452
1090.99172413165
1091.7279330547
1090.6308165877
1090.82609620377
1090.8120771246
1090.59021784992
1090.60962203592
1091.32437544596
1090.56251480108
1090.61183675224
1090.92070326386
1090.81846439618
1091.38313966235
1090.71295202148
1090.72272872791
1090.6349519148
1091.00318650719
1091.11343124288
1090.80371376405
1091.132854861
1091.01203579837
1091.73220314319
1090.90668712863
1090.83761130214
1090.67998967343
1091.13261141019
1091.18339383049
1090.66039869318
1090.64782892791
1090.82141893669
1090.81069935256
1091.04913625512
1090.92386516538
1090.87374117045
1090.87707936005
1091.52426136622
1091.12715354387
1091.05327711863
1090.93711186498
1090.63457095368
1090.79380911049
1090.56707235446
1091.06474431195
1090.76737665039
1090.68704867265
1090.84596290749
1090.61668785426
1091.18619087253
1091.06250937588
1090.80112746097
1090.63344485685
1090.58065370466
1090.57503684633
1090.92587415492
1090.85372951611
1090.62896138224
1090.72313017825
1090.96416567254
1090.88415185072
1090.67551474427
1090.82095275019
1091.8811767754
1090.76088490634
1090.6331906047
1091.16505152483
1090.77031906218
1090.64409582103
1090.88463772887
1090.61753884636
1090.74799011215
1091.16707804622
1090.77311252445
1090.83415618048
1090.61966069173
1090.69579539689
1090.96757201731
1090.60990906615
1090.67667347615
1090.84983989779
1090.77431267784
1091.07459568412
1091.12938169942
1090.7113181537
1090.90905315625
1090.76676550615
1090.75332263725
1090.78814443765
1090.71097873959
1090.92510964889
1090.91823132287
1090.65459340814
1090.59586391744
1090.8959574682
1091.14666732329
1091.88908352722
1090.93075496507
1090.91777970622
1090.84720989947
1090.98387543719
1090.70782348784
1091.04506054963
1090.61439426668
1091.14809167438
1090.97317163801
1091.05729777749
1090.89486682874
1090.73594495
1091.27170966579
1091.10933612044
1090.61620449353
1090.67975684453
1091.17726469179
1091.12057691945
1090.95088015963
1090.86378109206
1090.62875449727
1091.22287183349
1090.60891423311
1091.55497532114
1091.02971597977
1090.92869027855
1090.8238286413
1091.30495455604
1090.59449038393
1090.68734316842
1090.60477906437
1091.51437628764
1090.96150299865
1091.10590086565
1091.15270080595
1091.12033386628
1090.82193074555
1090.74000343363
1090.74296565241
1090.80088819176
1091.04969764469
1090.81968314982
1090.87636954083
1091.03624195733
1090.56814867839
1090.97313351831
1090.64324594674
1091.36242009948
1090.87333746639
1090.92713826117
1090.73415272961
1090.68524117163
1091.09025291391
1090.86453485055
1090.57510789885
1091.9090041224
1090.94994506048
1092.36285889611
1091.91270108603
1091.24753043295
1090.84427893269
1091.35144647566
1091.0116224506
1090.87683139816
1090.60059602848
1091.14859674826
1090.69204361887
1090.87310791594
1091.77816371174
1090.85111036526
1090.84361534677
1090.59277147662
1090.9119265364
1091.0535890809
1090.56583048838
1090.76761099163
1090.82734466473
1090.69064684163
1091.06106511109
1091.15774225672
1090.6374002157
1090.68957922015
1090.84792677877
1091.48986623945
1090.82305512131
1090.57618712664
1092.15918339652
1090.8981901422
1090.82002480633
1090.83452089834
1090.68567752436
1091.46793811435
1091.00213955504
1090.95085722917
1091.32723704695
1090.59250799649
1091.78376486402
1090.75254066131
1090.5899710504
1091.19780016789
1091.13003534099
1090.88026984404
1090.56478708799
1091.54727780076
1091.71039338336
1090.64396000411
1091.158923563
1090.73174695027
1090.77741973217
1090.87157551262
1090.82030523777
1091.22163025688
1090.61243585777
1090.58758241226
1090.7843913444
1091.15036958275
1091.66765944942
1091.57402398917
1091.16207819179
1090.68696499634
1090.68451314407
1090.6332793518
1090.69821769929
1090.6264772381
1090.61515315073
1090.73365189008
1091.78831025642
1090.69347541413
1091.18393972541
1091.58115109266
1090.86126711003
1090.70978296984
1090.86927638067
1090.65695322758
1090.99022235805
1091.05053711682
1091.10462826322
1090.75667435701
1091.49725958544
1091.33376935619
1090.59218994354
1091.07962993423
1091.32768971333
1091.20303510816
1090.96879081562
1090.8472729149
1090.73517951592
1090.93689277842
1090.72155141905
1090.59155975678
1091.36414237799
1090.86094690032
1090.57746324349
1091.34806653349
1091.04592699825
1090.96751527014
1091.02298180036
1090.73986257557
1091.26480898344
1090.60269339801
1090.8262407532
1091.35080305988
1090.66761759466
1090.85186322151
1091.03777578734
1090.93148171401
1090.78515352574
1091.13545110675
1091.01475812375
1090.90308654635
1090.942768269
1091.59681620652
1090.75795216189
1090.667509114
1091.15624536958
1090.77914745417
1091.39325973476
1090.63502465971
1090.88623294372
1090.98342742564
1091.1248047683
1091.08292779811
1090.88499848507
1092.09322752366
1090.81717879971
1090.80587710307
1090.6707869658
1091.48787090897
1091.20620219716
1090.70916332406
1091.39477627591
1090.8494937107
1090.65747614466
1090.58263984329
1091.0790546038
1090.6480433019
1090.64690744319
1090.56382573003
1090.77330682943
1090.89871510451
1090.70891882921
1091.20555919422
1090.60268218237
1090.68880175781
1090.63479225884
1091.09672372935
1091.10260137953
1090.61540758697
1090.65849487627
1090.85697920021
1090.63345571422
1090.83498034585
1090.76908068715
1090.94712864992
1091.73453889996
1090.57771369061
1091.47351348945
1091.28944339995
1090.98846689957
1091.08782450222
1091.23279299625
1090.88944697346
1090.68696462266
1090.88419509432
1091.04933379666
1090.78620573917
1091.2013203962
1090.77474354543
1091.05941134338
1090.99832311747
1090.98118501723
1091.30924561178
1090.8606390981
1090.61560255884
1090.77891963515
1090.81106824927
1090.7875223548
1090.7784442501
1090.79518854865
1091.21537919336
1090.57100047096
1090.7198167566
1091.04153126546
1090.77219956466
1091.21175412557
1091.39222159372
1090.8074552623
1090.68188284684
1090.78131234558
1091.35458281569
1090.9478651041
1090.95882091342
1091.04093895931
1091.11946619522
1091.37607553485
1090.85470956495
1091.59177354019
1091.37965940957
1090.69045754982
1090.71056531002
1090.75669003327
1090.95140080525
1090.82612369796
1090.63805358676
1090.84883549978
1090.74349162036
1091.08376539848
1091.15424481305
1091.07602795828
1090.78685357723
1091.11314310867
1090.71707739466
1090.9530892569
1090.58439081857
1090.62754065146
1091.34919751473
1090.60463150185
1090.98011748584
1091.23136148356
1090.65732471179
1090.57098102392
1090.66529520797
1090.66729270097
1090.73663556219
1091.15890603163
1091.12509561638
1090.98052754408
1091.43108999838
1090.77133351828
1091.14787337707
1090.65319226617
1090.97265395403
1091.01412393097
1091.14105443893
1090.66767307092
1090.81230791571
1091.10028515111
1090.83767551691
1091.11904516247
1090.61327911258
1091.11785003685
1090.91106949478
1091.34741507917
1090.62910015868
1091.28096345002
1091.0572991898
1090.82754508869
1091.24789037134
1090.94703521909
1090.68398896321
1091.24437612211
1091.18634672265
1090.66602004557
1090.87670253955
1090.5770996646
1090.74395776598
1090.56197903668
1090.84839171951
1090.6831761086
1090.7890911009
1090.86617881956
1090.87282964358
1091.15898255572
1090.65834263036
1090.79227922041
1091.27174565856
1090.87138008022
1091.05881558106
1091.16528692845
1091.03728895131
1091.47176881299
1090.60911327432
1091.56963289813
1090.6326975357
1090.71623704453
1091.01408575447
1090.56360800443
1090.63483792358
1090.70183402764
1090.71397502429
1090.63437598068
1090.60875876036
1090.9967464095
1090.56893600334
1090.78595908946
1091.16819043736
1090.66503206799
1090.95452804535
1090.8539668098
1090.9765796503
1090.74235662977
1090.91486912816
1091.03060167938
1090.87592716109
1090.90745896333
1090.61551243297
1091.31809947273
1090.58588059305
1091.03523861519
1090.67135426009
