1018.5433694262
1018.35723083707
1018.28335358426
1018.16867011835
1017.29573361952
1017.13469138682
1016.46518544514
1016.20482495026
1016.18368345892
1015.3720960893
1015.28173480248
1014.98109451618
1014.96686991925
1014.9511620991
1014.76875779668
1014.76054458053
1014.70854661087
1014.67462272089
1014.52562900001
1014.51342158802
1014.50199443927
1014.49743277012
1014.44672136096
1014.26840472404
1014.08630523463
1013.96384065037
1013.9379661748
1013.86852871293
1013.7825191773
1013.68062865827
1013.66933358868
1013.64771850601
1013.46574089225
1013.46122464738
1013.31859117545
1013.29066250682
1013.16668907954
1013.16279575469
1013.00004993143
1012.9518625536
1012.93212135413
1012.88015920761
1012.87665480158
1012.79982894868
1012.76107303181
1012.75835759568
1012.75057641152
1012.61979417429
1012.5224876406
1012.4987396146
1012.49511305546
1012.49311888673
1012.47090166146
1012.44032520786
1012.42626379621
1012.40888064736
1012.3776958662
1012.35183473399
1012.32751970674
1012.29319887598
1012.20178240713
1012.18545322172
1012.12034829177
1012.12004070014
1012.09117198094
1012.04374129239
1011.99920358221
1011.99647883744
1011.99621085835
1011.90761555356
1011.89811625941
1011.88739117994
1011.84049464291
1011.83890818874
1011.81577130271
1011.79082048745
1011.7394783739
1011.5901435671
1011.55471286118
1011.52184632709
1011.51744173201
1011.51189215256
1011.47626182731
1011.44246639705
1011.43746231249
1011.43226027697
1011.41189994915
1011.39135633495
1011.34554428321
1011.32553894052
1011.31809477139
1011.31361300433
1011.27616141858
1011.26212117129
1011.26151950676
1011.21596207337
1011.20825319753
1011.19455549922
1011.16704435725
1011.16090010337
1011.13435428481
1011.11665951593
1011.11024865598
1011.10415919079
1011.07301455706
1011.07120247044
1011.06724390547
1011.03389515197
1010.97866535844
1010.9755173726
1010.94825175968
1010.93546267965
1010.92449758407
1010.90869558212
1010.90831101912
1010.8951605099
1010.84310147313
1010.84088893329
1010.83596067026
1010.77654155246
1010.77392983682
1010.77348509733
1010.7623914808
1010.74784965647
1010.7324606269
1010.73241048775
1010.72958495938
1010.72589091023
1010.72144290706
1010.67939768277
1010.6665170858
1010.66214526038
1010.61827493917
1010.61490598336
1010.61406293587
1010.57995496377
1010.56382708969
1010.54801620811
1010.51627901344
1010.51445995398
1010.48355199073
1010.47416071895
1010.47413696156
1010.47394872811
1010.47260736159
1010.44265670329
1010.43406521251
1010.41817617835
1010.41745503936
1010.40368428126
1010.3948521911
1010.39374489534
1010.32769854614
1010.31599567938
1010.31362555977
1010.30795909254
1010.27736944399
1010.27480542925
1010.25830749499
1010.25489289109
1010.24209143549
1010.22971614546
1010.2276816128
1010.208443685
1010.20169940745
1010.18985611555
1010.18814133933
1010.18717138173
1010.16750275564
1010.14023058722
1010.13339185006
1010.10451352231
1010.10047240064
1010.08755629884
1010.07747237844
1010.07156802049
1010.06747633731
1010.05534883777
1010.0342835551
1009.99742900085
1009.96757783487
1009.94792039759
1009.93378291273
1009.91894084516
1009.90721148395
1009.90528852041
1009.90134863497
1009.90116836841
1009.89445346037
1009.89143028877
1009.88968353315
1009.88592696214
1009.87347558921
1009.87168170924
1009.87047912161
1009.86590868207
1009.84769667177
1009.84534758939
1009.82932793541
1009.82049558056
1009.81283699908
1009.81157232822
1009.78740712464
1009.78609819642
1009.77922919826
1009.77286653071
1009.77110987929
1009.75545603257
1009.73905720372
1009.7287606964
1009.72209029392
1009.71226445233
1009.71151136226
1009.69105511801
1009.67976505649
1009.67701590366
1009.67558430053
1009.66791381357
1009.65871939311
1009.62767895783
1009.62508886731
1009.61851627171
1009.61074167553
1009.59497144484
1009.56014578733
1009.55872478618
1009.54060496466
1009.51500171258
1009.51157673525
1009.50624411773
1009.50081602871
1009.49462879229
1009.47485166574
1009.45548350193
1009.44400803087
1009.42107836285
1009.41538932604
1009.39824517994
1009.39453095339
1009.37911211739
1009.37261432824
1009.3625603766
1009.35866028146
1009.35614140937
1009.34485036933
1009.3426617221
1009.34229199597
1009.32147005562
1009.30231491819
1009.28803584215
1009.28313491498
1009.27318817662
1009.25259965672
1009.24363246404
1009.23907070574
1009.23864015599
1009.23112708661
1009.22841193288
1009.22584548335
1009.2033562818
1009.20275761667
1009.19509374083
1009.18061833392
1009.17304945626
1009.14825161643
1009.14237945036
1009.13591182005
1009.13110828878
1009.12914334063
1009.12844114767
1009.12510316342
1009.10664252697
1009.10619915964
1009.07760002942
1009.07528200636
1009.07144686562
1009.07136297496
1009.05935005664
1009.05822679805
1009.05603663187
1009.04870646734
1009.03806981917
1009.03609617576
1009.02837288285
1009.0093036692
1009.00593378631
1008.99204943232
1008.9629858881
1008.95024927774
1008.94896737315
1008.94321409101
1008.92770193242
1008.92552668837
1008.92192736121
1008.91667836398
1008.91100358195
1008.88876954981
1008.88875762241
1008.87854374922
1008.87538154918
1008.86784507019
1008.86194712296
1008.8600596305
1008.85559826832
1008.85016145837
1008.83352647665
1008.82305737535
1008.81950917316
1008.81770845123
1008.81357719701
1008.81096136458
1008.80660156956
1008.7811176534
1008.77882637094
1008.77876263738
1008.71308361926
1008.70896483676
1008.70820511265
1008.6989099843
1008.69849337898
1008.69711393468
1008.69578366191
1008.68223105122
1008.67919426712
1008.67830554442
1008.66643564868
1008.65946071869
1008.65789124925
1008.65532675785
1008.6466637787
1008.64057489942
1008.63972885612
1008.63856096599
1008.6377832312
1008.63745633805
1008.62893170677
1008.62675980606
1008.61357566192
1008.60433148786
1008.59303574386
1008.57753570648
1008.57061674748
1008.56276355317
1008.53638986982
1008.53380437572
1008.52738120629
1008.51943791303
1008.51691924321
1008.50124347993
1008.50079570638
1008.49534242829
1008.4816918936
1008.47606937937
1008.47370446699
1008.46899784725
1008.46455495317
1008.45346595704
1008.44275456734
1008.44263534894
1008.43770303735
1008.43044636753
1008.42566207907
1008.42265892881
1008.42257893053
1008.41046261363
1008.40655755442
1008.40603422661
1008.39628091094
1008.39218540601
1008.38366830919
1008.38168259297
1008.37354742541
1008.36925781739
1008.3619557282
1008.34341860971
1008.33918932149
1008.32803037783
1008.3257871904
1008.3228152703
1008.3212221493
1008.3200103636
1008.31904105688
1008.31793363626
1008.31252815037
1008.30571456263
1008.30272846489
1008.28132273751
1008.28079879982
1008.27168440782
1008.26884492239
1008.25757380341
1008.25544411982
1008.24434122739
1008.23446566846
1008.22838933694
1008.21767975333
1008.21622713549
1008.21435667946
1008.2123222704
1008.2108250359
1008.20440245008
1008.19801472349
1008.19465052692
1008.1839667116
1008.17457985676
1008.16196386916
1008.1604696723
1008.15009487915
1008.14605620954
1008.14312214009
1008.12825505122
1008.122862617
1008.11044330183
1008.10470283189
1008.09200867258
1008.07016009984
1008.06927423045
1008.06732238703
1008.06532403345
1008.06373929886
1008.05624811255
1008.05581789021
1008.05480326259
1008.04918125689
1008.04556408647
1008.04550524297
1008.0406718584
1008.02535677982
1008.01921660805
1008.01559426262
1008.01324998266
1008.00628091572
1008.00317035989
1007.99889605034
1007.99634175996
1007.99232594435
1007.98966509686
1007.98861201272
1007.97407897474
1007.97215124452
1007.96629036099
1007.96559866016
1007.96447555058
1007.9594881168
1007.95289325702
1007.9429373073
1007.94125722437
1007.92121096434
1007.91838041808
1007.91623669507
1007.91514807415
1007.91461838192
1007.91431875383
1007.91422325391
1007.90966872382
1007.90773253437
1007.90240677107
1007.90150343398
1007.89300140478
1007.89031550264
1007.88892163308
1007.88611934033
1007.88569690958
1007.88493682525
1007.88478820878
1007.88215437908
1007.88054592542
1007.87470456528
1007.87460959447
1007.87404154931
1007.87054414151
1007.85987194075
1007.85607231489
1007.85574321102
1007.84708800103
1007.84532912646
1007.84144820212
1007.83263158667
1007.82645274616
1007.82641021345
1007.82408689119
1007.82170094083
1007.8158787695
1007.81095204684
1007.80912138376
1007.80905200343
1007.80816206803
1007.80657260956
1007.80222214944
1007.79925901887
1007.79200951531
1007.78872475608
1007.78575478041
1007.78031510292
1007.77738030109
1007.77342386357
1007.77182198215
1007.7691043663
1009.02868337461
1008.98126933848
1008.56847656114
1007.89811847439
1009.829274812
1010.09428336218
1012.83295133638
1008.53219258543
1009.40742233394
1008.28234392603
1009.49055135968
1011.20495866686
1009.94949365274
1010.86063734247
1008.82032276206
1015.94812928846
1016.68008360839
1011.25120714517
1008.90641468366
1007.93567836795
1008.87612901392
1008.01088658236
1011.27949644712
1008.70394033856
1007.93068942606
1013.73706134894
1007.99931404749
1008.02656451961
1008.46943001686
1012.2431731068
1014.68693652409
1011.00194116946
1008.0486536251
1010.78529041403
1018.17740283259
1009.88839873811
1010.4515981425
1013.89649635181
1016.11455759335
1009.33515735281
1008.12775354026
1011.83560019424
1007.85613825823
1019.69797645613
1010.43344164262
1010.41433066305
1011.4881690051
1008.26597014893
1016.38954742479
1011.56209102166
1008.24599770017
1014.32289652302
1009.18670399204
1009.56726056402
1007.98924164413
1007.94911322416
1009.60950916546
1009.69746822964
1015.57286431096
1008.67386886291
1012.23440519279
1011.29236323863
1011.83382512033
1008.82638101309
1008.18002378947
1008.38569164595
1010.09921336024
1010.70455823263
1010.60910937913
1008.85514602907
1008.28628655355
1009.19906274219
1007.81649576406
1009.74995933551
1013.16311469572
1009.85377020984
1008.18992599075
1013.36918611412
1009.75898115722
1011.83597507082
1008.88639958239
1008.43330515191
1012.68414308444
1008.35284240299
1008.054572574
1008.39440663617
1007.88274768899
1008.04074433569
1009.59761215384
1014.85395819178
1009.00439943741
1009.32404165483
1010.31923383712
1010.52188996501
1009.31884344201
1010.20167906184
1008.96568798936
1007.79680633485
1008.82484605886
1009.29161117701
1009.84433741717
1010.69376648644
1011.42349788971
1010.38163213124
1008.37826974519
1008.91201062733
1008.6990951464
1008.21060070421
1009.62435602985
1009.95053890788
1010.27475321454
1008.14947876365
1010.52701952478
1007.79125577983
1009.1343775912
1013.82292758168
1012.28343057274
1007.75874864722
1011.77018232993
1008.628084897
1007.79718427576
1016.28263663307
1008.02772032131
1011.61667545178
1010.68884560608
1012.14917421801
1009.05986920615
1007.8795505278
1008.12883244768
1008.82996930297
1011.19275155026
1009.57854852126
1013.8608078598
1008.78263156668
1009.62028681027
1012.48421448381
1009.02985758687
1010.49779289063
1007.93201406647
1008.14413359692
1011.3622006099
1009.42317807923
1014.70754673779
1011.27905050782
1015.29586004331
1008.79145401068
1008.0844027082
1008.07075111181
1009.93492887679
1010.89087469176
1009.04642545762
1009.94405749864
1010.07411762225
1011.37274194611
1007.92107070042
1007.98909871642
1011.3439210429
1007.8236974509
1011.6798186921
1010.47305147614
1009.14062763948
1009.03140055513
1009.74626477638
1012.73874664146
1008.10749495338
1013.51292896009
1008.74553811887
1008.91540093581
1008.23104560402
1013.07776012135
1008.07302148779
1008.86566863453
1012.72103733633
1008.12372232333
1008.13405331368
1008.21714189074
1008.41167415732
1009.25642826614
1010.02789554367
1008.12321716288
1012.47603196821
1009.38326535256
1010.27122256453
1009.65302631844
1008.45801441403
1009.23707717782
1009.02630508919
1009.57264001033
1008.13562305623
1007.92263789647
1008.36286379412
1011.66741055958
1012.71501418515
1007.8021875103
1009.2914268668
1008.33832762497
1010.46868975206
1010.2667077503
1010.21182435498
1009.3268710607
1009.32042928833
1009.18809942228
1015.26442323234
1009.1928538495
1008.2223414134
1008.75848412629
1010.31818820768
1008.05827190704
1007.95779601845
1008.54225815537
1008.75512490396
1008.0959331652
1008.82580019719
1008.71117869983
1013.12447082986
1008.3417857007
1009.34597521236
1012.00189012226
1010.33346636047
1009.15456179652
1007.77433917764
1010.69113651006
1010.32095702803
1008.68013528015
1018.032194915
1010.87380960795
1009.16573610143
1008.45131692797
1011.58878926473
1008.66270884821
1013.72292415064
1013.29468166659
1012.02397819894
1008.6227169482
1009.89100671552
1010.89270723274
1010.10093798111
1007.75903888913
1010.32993886701
1011.55056376156
1007.91059799997
1011.23828964332
1008.35045760549
1007.85421034051
1009.1742741599
1010.73346433098
1008.45106831848
1008.01133124826
1008.32057274655
1009.37473635256
1007.76030040685
1008.60203870688
1009.03730488938
1008.24720166641
1011.67514055162
1011.41103090388
1013.3001571693
1008.52513997072
1012.220482215
1008.06270035793
1008.35247756626
1010.76130323762
1010.62981478417
1008.05744083895
1008.91404832929
1011.31174889137
1012.38124515459
1010.84871659589
1008.61515131471
1009.02687101812
1008.73082165438
1007.86646652027
1008.3463116464
1011.99912413231
1009.92529311873
1008.25532854149
1008.67553668931
1008.20687399055
1008.01752905748
1009.73361364394
1009.91170146281
1009.8363874084
1008.43666906995
1011.45745266169
1008.5429916005
1008.70151051133
1011.20012881637
1008.89824795748
1009.15630008757
1012.27722654649
1012.30557770252
1008.72649974801
1011.088137929
1009.66257844949
1008.62911505442
1007.91556123694
1007.93644215784
1013.30221915141
1008.05875900197
1008.70166523467
1012.50194204029
1011.05340968774
1009.58323809286
1011.29099168808
1008.10945322951
1010.5433282632
1008.34587567435
1009.75616448142
1012.9866444347
1011.68286045832
1010.36249987698
1007.97287287856
1007.98572826098
1011.74715766895
1007.85243995685
1010.54027842332
1009.04507993728
1011.4860997844
1010.96812820844
1009.20984198654
1008.65962251539
1012.24299086919
1013.94523787597
1009.04619313831
1009.95077575
1009.7010214781
1010.86508453957
1010.78743923298
1008.86348873895
1008.13209557514
1009.26367644737
1008.49321121846
1013.0744568842
1012.88708321192
1011.03057864074
1008.66681244719
1009.68182543593
1009.05539610856
1008.55519017553
1009.7374020258
1010.43612203628
1010.98221557317
1011.28456654083
1013.5484548365
1009.52202492604
1009.96021989124
1009.59163887367
1012.48853075131
1016.7829840242
1009.81916289109
1008.39281788983
1008.06482584958
1013.406573239
1008.22474430963
1008.88090060309
1010.06274815358
1008.71661113009
1011.36225456669
1008.48985441646
1011.20306184064
1008.40951623544
1008.36636365107
1009.50822790174
1013.10585514985
1010.03193617331
1010.88099452871
1008.46097278575
1009.24198510034
1010.02119910783
1010.0919058445
1008.31536312391
1010.6359684216
1008.47074738628
1016.50425727178
1008.42256344388
1008.39213357961
1010.33002880625
1009.83858623272
1008.61838244886
1007.79350626816
1008.17359983572
1008.7402697835
1008.48177381927
1008.23022323847
1008.08154096175
1007.91409832614
1008.89204020919
1007.7731487937
1008.03031771936
1008.28104123201
1011.49456317732
1007.89820021418
1013.4002835458
1008.01150934835
1009.78534833212
1010.17134212054
1009.60669342794
1007.76684266485
1009.76407424638
1009.94214288249
1008.2737343514
1010.92786262077
1008.29807199942
1010.87875078927
1014.79030503111
1007.86700882614
1010.13453586247
1011.72127140524
1008.64633290936
1011.79015515642
1009.51874233725
1012.67653608503
1007.77918161832
1008.79299679224
1007.92068317069
1008.83634405755
1008.27484102644
1008.44629374751
1009.61927922138
1011.439914272
1008.04483373325
1010.81063977465
1010.8255201865
1007.99413539932
1011.83670498091
1009.63875002876
1008.43523971505
1008.88828824715
1008.00770753748
1009.25235122866
1008.1187897411
1008.06776263694
1009.88336159358
1009.6843730878
1007.98686017146
1015.62607965994
1010.77574131508
1009.27998509526
1009.56037383984
1008.84228008671
1010.15576416099
1008.01325600705
1008.32785642136
1009.1318719348
1008.17322849858
1008.32377870346
1008.20510103234
1008.09808170956
1011.27134396026
1007.85164077085
1013.22079055328
1009.44243969464
1012.26227051324
1007.79259314681
1007.98378378342
1008.65644876798
1008.75997351679
1009.26687326265
1012.03078798748
1013.05132803446
1011.15557236152
1009.3765123549
1007.9334066963
1008.89126806141
1009.78729409495
1010.1959528158
1009.86430296556
1009.38259323237
1009.16834321371
1010.46229590313
1009.37438409561
1014.59124583763
1008.81765820769
1009.9082259884
1008.84640032474
1009.09357067983
1008.65283488582
1009.15344653621
1009.62490138952
1009.13391058786
1009.37649449109
1009.03445914078
1008.49424894699
1008.18479020131
1008.82421694225
1007.784278261
1008.18362625304
1009.31060554136
1008.72674178891
1008.05600895462
1007.96152163958
1012.66232782072
1008.77294465694
1008.57742560929
1012.98725931777
1011.77630926497
1008.8168541306
1010.42263464234
1008.35385111048
1009.10707677224
1009.96355921257
1010.15526011348
