1006.8355140779
1005.75086016581
1004.4616157655
1003.81348718726
1003.78335634064
1003.18674383518
1002.63052451854
1002.38080996048
1001.95133249725
1001.9125051035
1001.84838083501
1001.81555886964
1001.56536799885
1001.55944524542
1001.53909576442
1001.49230104668
1001.38936844033
1001.37406430122
1001.16994410606
1001.16685714461
1001.15055937723
1001.14251954872
1001.1178346741
1000.8669746862
1000.7475837886
1000.68782433176
1000.6322622575
1000.44661395079
1000.41161983799
1000.39102373306
1000.18458672441
999.979512458407
999.944567163431
999.57276522137
999.564373504831
999.535215110226
999.534365285581
999.525164714884
999.433234316306
999.295367611611
999.197937944804
999.181302548582
999.097897279513
998.998874412937
998.915442009277
998.772489901258
998.72940158248
998.71042808525
998.708513645847
998.65036006579
998.624377468485
998.529836998695
998.491841341856
998.430776656198
998.338026267771
998.21704604218
998.203114576002
998.113923153351
998.092436476585
998.049448827638
997.999923517315
997.939856189543
997.916313760846
997.846551971937
997.830699221258
997.823648074725
997.800952068123
997.797507375756
997.777391492449
997.774843232533
997.7608028464
997.699169655231
997.566707396034
997.550401233767
997.508295784751
997.468745310303
997.41222941287
997.402325053548
997.314674497321
997.31148026358
997.308166204652
997.297201863309
997.263776870657
997.108922468293
997.080370866151
997.065520993685
997.051860908178
996.972626616025
996.953994758838
996.923617612144
996.902702386813
996.895387121633
996.85729319831
996.800079996618
996.788127336925
996.758304349728
996.753086364414
996.751878762996
996.734989907629
996.721660699584
996.628631266315
996.605230917368
996.586521708122
996.569281568946
996.554274673763
996.534481565799
996.500434623024
996.473032265952
996.423253484796
996.376740512373
996.343206861083
996.328773135474
996.318497059535
996.300578417671
996.299980306579
996.280596858339
996.167511932674
996.130443902941
996.061796961659
996.046127887848
995.984558513668
995.923999872202
995.902024255404
995.871551627414
995.857389440883
995.83159580146
995.826528486618
995.803778025492
995.80353650163
995.782172280248
995.769096269355
995.733031261009
995.619212182297
995.616204798491
995.615009189719
995.601871116081
995.563665930289
995.548283863366
995.54423872699
995.520683090791
995.513284811457
995.510933679036
995.508328064085
995.418247086361
995.410138662153
995.378416260913
995.350129109641
995.349428624476
995.310349009171
995.287965453485
995.285583144615
995.260759632562
995.254936586797
995.240543964405
995.22411689609
995.177674436997
995.16952282698
995.127704780329
995.121119193514
995.118072301742
995.108607734412
995.107439693315
995.079152541455
995.057874975069
995.05130046656
995.046241944352
995.041812064376
995.038590541063
995.020815237645
995.004571493147
994.991116884175
994.986836269565
994.963357789654
994.953748802209
994.928675481602
994.913830423274
994.904209986185
994.872419424295
994.830999363083
994.827060541924
994.822597078512
994.816465582997
994.80021887091
994.780393581431
994.777977516634
994.770145575277
994.754573890165
994.734210405282
994.68265514639
994.669395267151
994.658720718964
994.651026449334
994.647547867256
994.638782382217
994.632956009924
994.63273971702
994.631381953132
994.628108975086
994.610134794836
994.58167966092
994.532574399954
994.507461607325
994.488296396686
994.480639683323
994.470784114737
994.470771030191
994.437393439567
994.43118167964
994.399963406435
994.398687877298
994.386704252361
994.383815766868
994.371352783385
994.322022242991
994.305424292661
994.284258523635
994.251457479211
994.250775808391
994.250125609989
994.248766009408
994.24234175504
994.189044376689
994.181220529644
994.180116452982
994.164933333127
994.159138896121
994.142148373922
994.104146011425
994.090656778405
994.07419418008
994.067942847995
994.064567976017
994.052909498691
994.041379260586
994.0150520011
993.998943410158
993.99753270497
993.986463162067
993.983840266432
993.979120234209
993.96492546842
993.94892470813
993.947149275724
993.944352061621
993.943330990821
993.916595853678
993.913935646937
993.887020985137
993.886252992647
993.88245719101
993.881930582644
993.874900107922
993.870215363405
993.85635368503
993.844890238731
993.843792689197
993.837717656128
993.832928414691
993.82673473703
993.82494311961
993.820341877956
993.806448156595
993.806056533954
993.804085762708
993.797921393289
993.788641367399
993.784736225387
993.771827682714
993.768136845198
993.738291208773
993.732041059381
993.730277317974
993.719213438054
993.715004887624
993.704868822654
993.666767887186
993.66105659972
993.649269341309
993.645349688366
993.641247842189
993.618577915432
993.595850080539
993.580628100516
993.571571662698
993.569092285621
993.556444508684
993.55598991517
993.546899039875
993.539204138188
993.534052127263
993.521268472504
993.516582415096
993.500939438019
993.494524453781
993.494039545604
993.493730833044
993.488645625322
993.464996313287
993.455581189767
993.453730301661
993.433634010748
993.409522720074
993.39980477528
993.386467242626
993.375871211694
993.366662359132
993.360665781123
993.360188997932
993.357586944904
993.355092604434
993.352702062221
993.340968851349
993.322594488719
993.319777364334
993.294322656064
993.284175085562
993.28075209183
993.268095653212
993.268007773342
993.265623353911
993.2613823734
993.25378790563
993.246030027183
993.231904910685
993.230513385691
993.221244327822
993.191059948759
993.181991556076
993.180324298203
993.178616411045
993.173313102464
993.169754463941
993.15111443942
993.148704449712
993.147919104777
993.135173077198
993.13106501061
993.126728257875
993.123353922359
993.121727509945
993.106128664242
993.101786992017
993.078142090393
993.073991559814
993.071153686179
993.068295986631
993.066416786343
993.061827432707
993.047253299032
993.035008443611
993.011083718129
993.010251612403
992.986145963502
992.979847297149
992.97945272384
992.971875057765
992.967837517786
992.966779570041
992.94747126473
992.94639097236
992.920484577357
992.920339223978
992.908279104129
992.907557796302
992.899083265725
992.869780753789
992.86535624671
992.864243453368
992.863318209339
992.854829598473
992.852277792133
992.850267484507
992.839966028214
992.839281581657
992.830505628919
992.823957683422
992.822829470705
992.814795633842
992.810708794689
992.764418972881
992.761509790849
992.752074643481
992.74470534694
992.739942533694
992.725800664719
992.708545721248
992.707657929705
992.706447533124
992.694847574411
992.675811427985
992.674286500086
992.662935343456
992.661740653127
992.660756671788
992.659549529013
992.657869250354
992.656553609042
992.627112103686
992.612052884646
992.609111534486
992.605645922982
992.605133016031
992.604418302663
992.603936772057
992.592781154309
992.581029590439
992.577957568185
992.561213939372
992.560005420057
992.559374099774
992.55674494379
992.542922253451
992.536587399054
992.533718388149
992.529079260932
992.528913173361
992.522147962007
992.51950866407
992.513377409321
992.512627667446
992.510463262198
992.508809504319
992.506160603927
992.503457252065
992.499583749389
992.484292805993
992.480605407752
992.479455884461
992.46824896462
992.465151467766
992.460361377997
992.458042170079
992.456881044893
992.453107531176
992.446095841112
992.439952348856
992.423616660239
992.422093973121
992.419624800356
992.419321108832
992.408233862885
992.396431313186
992.395478096636
992.391793202508
992.383177412926
992.379610457365
992.370681279182
992.370093867542
992.369659812808
992.363981986937
992.361663755876
992.346466183078
992.332939246204
992.332482804005
992.326477369807
992.317118786971
992.313723046965
992.309428105708
992.306252194781
992.290974987577
992.286707623728
992.284902979044
992.284573069208
992.280165290215
992.273562524364
992.271199404746
992.266040321878
992.263882303522
992.258096072176
992.235810098254
992.230014687318
992.220808045148
992.216025233666
992.204859884028
992.188116496907
992.187557585873
992.187227632548
992.177219620505
992.176673941345
992.176183272804
992.172364856641
992.168924469611
992.165175573505
992.164455822779
992.16118370181
992.152090030877
992.143856376848
992.128201636513
992.127921122303
992.116867083643
992.11106127862
992.109768355982
992.09221927248
992.089703024139
992.088928869499
992.081872373199
992.081846350744
992.072345480816
994.756631143123
992.568816398904
993.437413960471
994.599642731703
992.626834830889
993.473732104864
995.125060569494
992.09463579978
992.285351898074
993.358885488554
992.487956237882
992.8200463844
999.709578015204
993.141432520227
998.405091921976
1000.26746252709
994.677018734923
992.388781296522
992.166962622494
994.279735902677
993.567518219948
997.513817607766
994.61844463656
994.507577032263
992.445060022602
993.035591503727
1004.98252066941
993.054733963971
992.972229929455
996.625803626373
992.611502070972
994.213918200726
994.435352814312
993.513622178742
996.739143714667
996.018955706947
994.260452274431
992.980335898401
998.28797665817
993.319438329275
997.945617382134
992.257118999539
999.29202408086
993.828785400785
992.239965789431
992.312368595484
992.389520197424
992.285277630085
995.089032825194
998.549030662567
997.573863386492
994.368270550928
994.63349529886
993.432531588343
993.634599860291
992.945783517814
992.585263857758
997.470935574122
993.081751445001
993.941791902355
996.960020044898
993.503039248425
992.289295484319
993.582938050855
994.638237864231
993.628579952023
993.38698260241
995.050626238112
992.63020738513
992.713159812069
992.33267602054
992.73833068461
994.806297444664
993.168642967851
996.008616626878
994.385321612315
995.713428508792
993.211712031894
995.014861032298
992.88113317528
994.794558525502
997.707477479937
999.253071279359
994.414218006165
992.860312573381
994.031440038408
1000.9342141863
992.124014685937
992.194168527498
997.635826818496
994.428912125074
997.365183318465
992.740811934803
993.732063691411
994.789703941146
992.331511305328
995.446023855852
995.139794840953
992.360445927736
992.812992230215
999.807878093672
993.605224370949
992.833689123829
994.387386606542
996.546902940477
992.490751580286
998.472147403328
993.120816308455
995.141106252776
992.74710260776
993.020238703044
1000.76097029746
996.901486101785
992.798528371315
993.090841836384
994.565640455359
994.856577378404
1001.87867779483
996.947509913581
995.316162764497
993.569580915927
1006.11185579886
993.684547410094
993.944127735379
993.0288744471
995.044162022136
998.985485630805
992.487162924378
992.730162553508
993.919426252219
993.902908021622
993.581134584394
992.248172480296
997.092161412957
993.128527915523
997.113480873539
992.488873049706
994.174285073201
992.367608654266
994.379199355741
995.951952623017
992.714516444856
993.464889753611
993.744329256623
995.730938485776
993.357501561442
992.494995709881
992.070121399881
993.089037719627
993.016152132847
992.106553831803
995.01932473898
998.031311944766
994.511222177382
993.981298074075
992.774911628243
995.262540055124
992.901295082702
995.454360167939
992.623987441597
992.871125623279
994.482205646647
995.634342099842
995.161864767725
993.478084290614
992.268108648528
992.58303636643
995.102578798651
996.583998076422
995.484368741996
999.22472456763
994.773818309069
994.444733573935
993.411832986788
992.518988642672
998.964913958212
993.505692477811
995.083765544208
1002.28020655926
995.400684319726
997.641355747826
992.136031197774
995.596899051012
993.761894196431
995.631736275687
992.266791964362
995.639646005352
994.240693956468
992.724357202399
994.440893056672
998.075323313036
993.419003350342
992.887506928618
993.669661658514
995.159765822591
992.558113484777
997.550980249226
992.154185295739
996.187016765224
993.350286433171
994.320764481724
997.329114704884
995.289224438706
993.730679025697
994.428095246279
994.719589973257
994.833743202643
992.820460756092
992.859771193465
996.434671004802
999.605957307786
996.954880519395
997.01306440789
993.513400027095
998.788252978881
995.175076704581
1006.25413978542
993.841028672238
1000.7129906457
994.265219163594
997.918765511134
996.087426156826
995.598048731229
994.583552160277
993.78458430696
996.709845068199
992.698523659288
992.639060960389
993.926117652604
997.393994096367
994.672086500859
999.265040727888
994.566194631607
997.820751817811
992.544528051017
996.878284228742
998.224381290853
1005.64821794565
994.02639020401
998.336289255722
996.294665566401
994.678407252435
993.283781951406
993.706537257414
994.795180576554
994.416581929319
992.288423353918
996.35288156241
999.073020005955
995.484667471233
994.96168496742
993.209481756921
994.359276366522
993.526045952982
993.332485978753
994.12156584214
993.126141911796
993.088874011709
994.306944140739
994.46733345713
993.963946116721
992.831541997243
996.623188860223
992.843796679873
997.676560086186
992.776724977125
1003.83784115257
993.516107689421
992.745329393445
997.972587163805
995.35744520137
994.045639244675
994.526461629737
996.997827940022
996.098665186782
996.932325646916
993.206450608116
997.295359962781
999.018074591335
1001.53697356171
992.810900157251
993.342605949782
998.101192488208
997.037017217326
994.287876602164
993.137589056108
995.935917398617
992.307470382721
992.895669364482
992.286725048175
992.105805412055
993.000411394749
998.84875740482
996.358725891943
998.254196905677
992.700927715364
992.160546819622
1002.9041902339
992.148948813295
995.738892898802
992.419204129209
999.665043611096
992.113141096608
994.220489937005
998.208480478076
995.929651108082
1001.21037529582
993.983626639013
999.731198836945
998.817320598418
993.128528725102
993.815913905192
993.29890820485
1001.45482475263
998.339997687829
994.389327382262
993.047636225224
993.429744863627
994.370159238981
993.98416742967
992.872489795868
995.614354606799
992.840052684089
996.983096837782
997.71026722472
996.025548933482
1003.53632206764
995.508579337457
995.018101875406
1003.7770877445
992.727980615184
996.344036568822
995.97056431904
992.602854522363
993.190929674329
993.761517114445
992.689204751591
994.460188704823
993.690023960363
994.789761264648
992.646448469045
995.613327361816
999.006426116004
996.282077198309
993.75830485882
1000.35386890763
993.91607452719
994.147154178795
993.776757170342
999.392134627179
997.769910415664
993.217583741591
992.948364633471
992.374376880199
992.987477876405
995.485288159363
994.864298479661
993.1341240897
993.540783754145
992.817324291154
995.620748147099
994.41900508581
992.393141313286
993.556628520302
992.399657872031
998.023560674905
1002.50050080949
1005.28864755277
994.279727142826
993.700001977868
992.785594273658
997.345141676284
994.752715824862
992.465191740626
996.639169916709
992.821903611437
994.516595466405
992.299636511362
992.59569068695
994.13110613011
994.003269274143
995.061904925099
998.037074073492
993.308804218975
993.155909132305
995.803155924176
993.046678676635
992.747898654267
1000.03371361545
1001.71709790708
994.996393343656
995.963550781315
999.714658841288
993.241431205421
1002.2580324533
993.94931661763
992.230897749847
996.396027754115
992.094070181803
993.792279980144
1000.03323765945
993.046488528107
1004.84367906614
996.22998461308
992.229313594086
995.920991790177
993.670908606378
998.16030372953
992.913479886292
993.227674744114
992.188653560023
994.049853603424
995.088198656402
995.45270397396
997.709489620143
993.892624276335
992.877047648359
994.67439393078
992.823201233703
992.366870477144
996.161280784007
993.20857292405
993.368629615907
996.366332334548
993.707661547495
999.835041515864
1008.06927423045
996.438700445483
997.244128963051
994.563195181725
995.17371168418
994.623226526876
992.11447575583
995.674547909998
992.972360921209
994.82879708554
992.768356976424
994.320227873801
992.662705029063
1003.59147442559
992.594150363324
1003.89409799589
997.310119399556
992.408595643
996.79563550866
993.230985403257
992.647552195439
997.82171559238
994.527799962068
992.609192560623
995.484027974568
992.840156521104
992.743813623115
996.468458644312
996.82245907506
992.428722630895
992.909627434751
992.331549082983
995.104777891301
996.35950373833
995.143561405994
997.580821336975
995.379987282383
994.544656654809
992.204797035966
992.55085085631
994.565586603173
993.405051965613
993.567537817256
993.058985173276
1007.15760216033
993.957897585424
994.353467563354
993.65455451688
994.646000016741
997.521597261479
992.578082876557
1000.52464214602
997.453724799302
992.256402689169
996.303178565344
998.954514239796
993.881368852103
992.443899087144
1004.89502712447
995.719376056189
993.11290011099
997.747924977722
992.806080904202
994.666321824236
993.989641245856
992.633864152231
998.730129265089
995.139966503343
1003.12472414256
992.829664349197
992.356421506248
996.530886895754
997.756153987254
994.403142384992
992.230186948281
992.910875253958
