953.454337280092
952.343362836307
951.463975255079
947.616334171838
947.279546793418
946.209282157685
944.233955192639
944.122163176472
943.875121145103
942.747308211858
942.321877015982
941.806891862976
941.051441172874
940.981385768935
940.57800865192
940.532601962573
939.942775343249
939.081473658604
938.951297955046
938.822257213803
938.811545137809
938.292581451409
938.076609748907
938.024010627814
937.987775138332
937.889475159323
937.774818749341
937.632305754311
937.211155690212
937.152723393253
936.627095919492
935.415951283932
935.219912570037
934.828754509131
934.509280946829
934.229247075655
934.172018243842
934.126694829339
933.854866940918
933.824210240156
933.699313145364
933.605033334308
933.512612499191
933.484712364006
933.362392779419
932.782291922173
932.775901798878
932.532973083456
932.417987838391
932.214610056746
932.162473217494
932.151291979873
931.873843975001
931.860910818607
931.771197696172
931.674483986405
931.599798666304
931.388897506316
931.373196880101
931.218862800517
931.098546303386
931.021819938888
930.947161919172
930.75355388931
930.647482931858
930.350311885692
930.174533431815
930.086902673045
930.015785727129
929.97132875562
929.843511464736
929.656829526999
929.632068932026
929.450963955207
929.360623024216
929.210026516995
929.050114927832
929.04287658876
928.976310321437
928.75005822207
928.530403188255
928.397005664332
928.381956795999
928.206662376086
927.890908372673
927.86709316401
927.856514339511
927.602858191795
927.596874117114
927.569149855022
927.430473061914
927.318455704186
927.292488866365
927.239644629552
927.221889948308
927.210864600323
927.061155670611
926.939968109504
926.780546745235
926.778367310748
926.666575122668
926.66285452275
926.638451954907
926.623354407141
926.594894600293
926.392878288621
926.220582445717
926.203541470893
926.18264140124
925.967289966458
925.935628160985
925.911059514425
925.815517668967
925.747226945994
925.728447503845
925.662700843812
925.556153550134
925.548337944594
925.472641186389
925.385449494977
925.266663979137
925.071470371449
925.027746659066
924.968442349053
924.919807746546
924.687931317782
924.660013772853
924.426906736374
924.426861465915
924.423918316788
924.330070440287
924.311191074354
924.17169230115
924.169309921331
924.142838032405
924.101291755058
924.088240968122
924.038387359413
924.020589837947
923.951213022134
923.90237422778
923.852973140036
923.769600259693
923.766436702958
923.702235717997
923.507648403284
923.320096425478
923.268458659421
923.215000299429
923.214388156846
923.209852262745
923.144604145894
923.102319246105
923.087790765902
923.060721213992
923.048552138204
923.0083752155
922.963417962046
922.80121868167
922.731445962647
922.731310491695
922.720981002729
922.688129713375
922.647287591907
922.522960507459
922.517799193055
922.466645807412
922.268048611956
922.231374961871
922.110049449391
922.10379016964
922.081726818931
921.964311364457
921.95346092272
921.871179464393
921.850093118255
921.84414298709
921.833591342918
921.766767177317
921.751571625251
921.749055047614
921.741881134804
921.704523659073
921.652308184692
921.645133700515
921.632987736964
921.628744590043
921.577504636326
921.576662573825
921.572079454637
921.44053469044
921.404067929381
921.388133926561
921.368200058882
921.349864760257
921.349303899712
921.343137419123
921.240220169548
921.095728144648
921.086537865545
921.075834142417
921.045925006859
920.982622528302
920.976632489185
920.962170496086
920.874618916262
920.845069859768
920.796054485273
920.689496436284
920.688864362276
920.553764558654
920.497454627492
920.463507583716
920.365048607353
920.356391426342
920.333354898834
920.290502559251
920.233782548182
920.219527832722
920.217399259061
920.199075191729
920.141688382751
920.051566606279
920.047348476923
920.005711781972
919.997075078761
919.996836875142
919.899362148533
919.889679891586
919.818222035271
919.817419636973
919.789553815986
919.78900513642
919.770657074615
919.768512142079
919.752302297338
919.724237773783
919.723831788969
919.712872420844
919.70058867323
919.678693536507
919.61246064561
919.574921938379
919.498594834596
919.488842959696
919.477511220651
919.44164491634
919.358391438643
919.351457649652
919.336270090094
919.312090715035
919.273362737334
919.223574301528
919.182520174599
919.113674539451
919.113462241802
919.08962415548
919.080646392896
918.998667926097
918.989241974027
918.935001548464
918.928953331846
918.906670103527
918.87286921277
918.856419680852
918.812000920008
918.772247913927
918.739501280884
918.643050674926
918.557551439369
918.548761032442
918.529371476041
918.512612847604
918.476455650228
918.421106465072
918.392266714487
918.368458592124
918.353610225971
918.340282878505
918.320416081485
918.303515451187
918.275075072945
918.262021977413
918.235139242585
918.163660666512
918.151763287192
918.143441049362
918.103264441068
918.077570204899
918.072021496801
918.045149380965
917.980623112749
917.923866575628
917.919823390138
917.896680404898
917.883399319172
917.838088185198
917.824168313349
917.735207492204
917.719887207298
917.682590269783
917.655256221501
917.512590590555
917.469910087353
917.459137663009
917.435825680727
917.426329846376
917.418390169203
917.373266150671
917.371472942051
917.348340452681
917.296139864798
917.28656414699
917.274080688528
917.262525775673
917.219987185327
917.169122892222
917.162396082769
917.154966163455
917.138855837338
917.104487501431
917.091049112012
917.027160879775
917.008170864668
917.006704053371
916.983910398091
916.952020110998
916.935818960801
916.93194283746
916.903166637001
916.896944180716
916.889935680577
916.886678111349
916.805642306435
916.792765103692
916.785268935885
916.768590431351
916.757031981175
916.733392868134
916.700583603228
916.655227920177
916.647117918249
916.617931785283
916.585532847536
916.507522303699
916.503429812676
916.485407867591
916.403143502771
916.402240360218
916.365350649401
916.288912898292
916.270923135869
916.270605824584
916.254158065574
916.20668762823
916.178730399702
916.118507971168
916.11814265419
916.10407262417
916.073998900947
916.071850703124
915.999688539342
915.871333848852
915.773179086053
915.734416832028
915.707294403502
915.699339821758
915.699085310582
915.684626007048
915.660542949769
915.590359064651
915.559375935234
915.538400267037
915.531838729393
915.527767144396
915.525694520794
915.515580935765
915.504848332064
915.492202696327
915.486395586118
915.480903069398
915.465319609296
915.429791503268
915.328094147893
915.325427837822
915.314977928249
915.275009521117
915.259463827575
915.238164649097
915.218474735764
915.214528666646
915.209656797079
915.208183292979
915.190158864044
915.184933112729
915.150077765818
915.148470196812
915.093478763438
915.061989555987
915.029952899975
915.026162821056
915.016102517921
914.950757255773
914.933655071851
914.923736772985
914.894782684266
914.868572284549
914.86549357336
914.7889824446
914.769620478418
914.763153613936
914.757925918612
914.694835656501
914.687221749129
914.665174139799
914.645604223324
914.640862993492
914.637662617675
914.629918267492
914.621999446844
914.58094076323
914.520259032206
914.506176643544
914.472796588087
914.452254081949
914.447017026458
914.376015166666
914.325776254754
914.302575569415
914.294358783791
914.276694460518
914.265489821177
914.261156681422
914.204186953603
914.189302075575
914.183257942778
914.170556208753
914.16855291952
914.158243106485
914.147260491994
914.144864606317
914.137191132146
914.125483249982
914.099286628895
914.056025975098
914.05149540489
914.036719344452
913.982887139228
913.978224762337
913.955052898285
913.949325126907
913.901429855764
913.896063458133
913.878036560803
913.873487095243
913.835959079574
913.826371964011
913.799123981441
913.792877611242
913.785899971545
913.76530810408
913.761729279905
913.729805187535
913.729353519314
913.722903297565
913.71827561677
913.707617600357
913.702481333754
913.66165109284
913.658600916263
913.629938801333
913.615308051606
913.582301894057
913.567011035771
913.54687894834
913.528715989698
913.474701606979
913.444618629862
913.437338611802
913.4355362735
913.431659030562
913.422231891473
913.420693140111
913.408604972159
913.354800734963
913.336282096301
913.321020939485
913.314488638336
913.310095938682
913.29141068423
913.255606471834
913.244922543142
913.225421436293
913.200549954822
913.177892282494
913.173480812971
913.133162716329
913.079186013352
914.285158942045
920.736033520474
934.132774822228
918.844573439264
926.349330770033
918.928368203934
922.293549570129
933.799481430002
923.919959869376
939.38221133878
952.348460156976
917.056017124306
917.292866314706
920.593452734531
928.920239212139
913.854790448192
926.61735464088
914.217927050372
921.708563036564
924.268559174776
922.08425975853
924.368537452972
921.284186323551
949.372680475839
918.398976107824
921.006173669116
936.589956368426
929.961089323753
914.498893697677
926.561601543602
942.899357731751
938.314687532506
913.121205586881
924.8529173329
930.473606447006
918.557263040679
921.909672992248
913.17507746595
916.182358572263
918.881639596305
915.052324341154
918.049314455211
926.042082512986
941.215246349458
932.978148116247
917.308979333048
916.822066778995
919.864833059468
913.087438629282
924.899224163325
943.579412842233
917.723934458119
922.913441025138
913.540689809887
917.008781496827
916.460885134179
915.143959346948
928.156452190441
913.484049364745
916.515218348911
927.02405674269
921.264923986737
915.575590429983
942.194670887481
915.836689739986
931.902399793618
927.654432194991
918.192935896953
921.533692679992
943.650651588454
918.80689488287
933.779355757771
931.959097850799
933.498392351441
933.784298740395
914.975972786198
916.795229506689
928.380330391429
920.863366594367
925.812951065441
929.832198596183
914.215664543988
917.77908660873
918.714443167458
914.712509589952
930.015313057254
919.889893089529
917.347631435357
914.092636423017
921.556664759876
929.128984396175
928.741356961877
920.706770499102
932.401993605233
920.456156806639
922.410322777926
922.250048150803
930.667181326286
917.500805972682
919.720661420484
913.852096610192
919.597544532808
917.511822159483
920.385326079
914.171110549196
951.071421335075
920.332460978887
922.988730874948
949.899301219159
920.69167041469
921.473766509284
918.374510797762
918.19412851902
925.767321439063
913.910073420427
927.077898075076
925.211040712407
913.679014421533
929.404238841418
923.611251181407
920.731871447487
934.40557855494
928.098601192656
919.774812236827
914.23279854386
930.474504771771
916.381136725355
922.512780352431
924.634786891512
915.968129243142
914.859825998751
943.004199066018
917.956961939996
917.094374240008
920.106922257612
916.731124892676
933.668802734226
913.305584717577
913.158018797471
915.31910307452
924.139654553679
933.215088679898
921.601227765666
917.886199790768
944.721577940416
919.440413595102
918.88556737588
917.183497489297
926.657313603863
926.204200419484
922.405947345297
914.581466164564
949.307291335013
914.69316391821
918.261946394622
932.10468046451
916.371465161704
918.656408026663
940.207724732072
923.077672737641
943.833484425433
920.507152059755
926.352454390604
935.065346154974
922.697514294345
925.785939206297
913.237501154213
916.602320024352
919.23441175274
942.674739700595
927.092566257462
918.376396034713
921.249676859817
935.517028749755
923.351518660515
923.014831292064
916.99230689377
942.583063338681
941.595514957579
931.418877345217
925.122929392729
931.716213716717
935.011910403725
931.217656274247
923.870251016905
915.81652887052
918.427298430398
927.808754401729
922.688186322151
930.109943700695
930.025517503089
940.403194726332
927.292596055942
933.478875043504
921.197738446129
938.09345515145
916.57017640027
928.782883307002
916.176162989109
923.696391084974
922.112295915412
919.268825739582
920.496592590476
921.639397934174
923.85071667311
918.118667057606
935.133639643897
930.799700908628
915.203720033093
940.419002174388
915.281154751372
926.432345246793
929.7476564018
923.673606952194
924.721843302244
919.99934555732
922.904504638216
918.505114765336
935.558689716414
933.586531956472
919.200340937428
915.346157157809
916.641541597232
917.973118082027
929.352392656274
920.652025700981
925.007214231344
914.603142945002
916.40942351878
917.087026449615
914.38232254378
926.41696138377
914.434326030025
913.829111247034
916.548503508925
927.718325249702
914.62913626408
925.236517588529
930.520631373095
917.119262448859
940.97769070196
920.507365941809
928.260871306326
926.971469649891
916.865212258609
917.385939620623
922.907156733609
918.305283423821
913.340116927214
920.905388632079
918.56303485505
920.298540698004
930.912126236458
916.686128489501
924.054507380652
921.073112758952
928.085711225084
921.073135211536
926.734908297753
924.582752636539
913.769942533923
922.893445183383
926.962862857096
924.563794975678
927.063870356666
914.588289913058
913.551942379643
917.096009302393
914.408110560169
938.238594183693
916.572003634598
919.122669703719
920.022306898676
914.028242746409
916.196934164136
935.523652534249
921.077126849813
940.842146270572
913.751407600961
921.399605555225
921.854018151613
915.426111438598
922.321649736263
917.231120509498
919.764337283343
958.516181970624
952.210725048263
922.718132345506
915.148702188432
916.058054330345
922.06978519168
934.862577096992
927.526810504967
913.195677351806
915.673570050413
930.336374596485
922.65867821304
924.986485718326
921.448443011148
927.156272110072
950.732682413403
924.120960378295
932.377623619495
914.454380728561
936.530757391854
941.154417883949
943.464451770873
926.082636693424
917.072722075132
942.666623625927
914.651723549642
922.361987867679
925.80498487849
928.603880183666
926.041196359895
930.125572800135
913.849585276156
918.142474420213
917.243290240026
945.228241634653
918.123925197758
927.742981496649
918.552492820012
917.103784957251
922.966661738486
927.40986425655
929.06335746362
925.650871785817
915.346154217163
915.606849107682
919.379499679286
941.81062432698
926.004026952168
938.513775584533
916.575158134227
918.682115936198
917.374783735926
915.170689180663
913.873119005868
916.933022773783
915.037643278579
915.823873150279
937.718116313729
924.727608770888
926.996496707132
915.493028673646
913.483645873763
925.883847326331
925.991294094984
914.254202922431
920.857558709437
939.297181549761
918.059673070087
928.32721705333
929.222211195922
916.684714055114
930.628014213955
914.157716675042
930.110830363247
914.666094992402
914.652981377475
926.875029255407
925.15177455146
918.217604186624
923.303608117748
914.155286540917
915.902461587583
917.397901435805
953.735393286219
919.623986083879
916.396199329307
926.451097023659
914.367334482024
918.021071852314
935.782958846341
923.881406322864
919.479836765703
926.636083050214
931.980153975001
954.043304514773
926.120750462874
920.027784893907
918.915396335097
914.750951209145
914.02745372113
932.616791579065
913.448641540125
918.972880956342
915.673304253168
925.555578429471
913.654528617364
919.685616746325
916.414860314988
917.251834015566
917.573167921064
927.962630272845
917.000596313162
942.659845082932
919.867044161997
931.81150643364
922.790340345802
914.434305024753
928.415565832563
915.589985633782
929.752811232031
920.721596641854
921.560946926166
914.340524319601
927.156057675001
915.479269151606
917.513638409906
917.488961713256
922.947656032857
920.835772940585
930.629988278221
914.83990517841
921.839701748157
923.076145285368
921.705895949508
930.188995339075
925.245312186526
921.813374228592
913.763434412907
933.026331295336
917.528309428395
913.71052718554
916.622475879009
933.547277100378
934.946475051679
926.203745431678
932.000678274842
933.951485661701
914.914043623587
914.219779927226
917.187257811554
921.276405239071
941.916057327097
928.336921774384
915.957203583463
923.812931140633
922.93799716348
931.478365898865
927.995402252071
915.007786485343
922.808100450987
926.199474693892
914.117415747927
919.741520520186
915.192992620529
925.652497939689
917.29185289737
918.139075888364
930.389061039623
941.601033442929
936.223261144858
925.701933649718
919.821252747691
914.996245584667
929.74936797016
947.539446835961
948.197083604063
928.14740415579
931.841850883834
913.731286103053
934.285582961112
925.314368358853
921.816627373921
918.734833542932
919.539072960935
922.47294308793
917.543454899049
915.263279150456
913.207153656726
916.799782223964
920.660144261013
923.498070279591
940.743689870013
919.754139352518
917.798006174324
919.58253499531
926.943252189028
928.627543499091
925.10712846322
915.308342098998
923.999675177599
933.775372379008
924.554160841977
918.703535922215
922.219903256365
916.049625259305
914.643674963978
943.145254843764
929.197067453425
931.301885645929
915.413114936868
913.241380554937
914.598603783046
919.477063138912
934.547415895587
948.327218622987
948.710106881972
920.450360733819
