1065.87330477239
1064.75153709816
1064.07479127194
1063.17269239353
1062.87486298581
1062.6686865673
1062.52952078958
1061.53605660865
1061.47974814433
1060.95802234109
1060.92815220131
1060.41348828366
1060.32062688268
1060.14339951499
1060.01203277953
1059.72360465937
1059.69924014121
1059.28590435217
1059.23268779636
1059.09769746394
1058.62093184862
1058.5701131842
1058.29768086676
1058.23421997166
1058.22416471567
1058.13262319051
1058.07834015847
1058.01755152888
1057.91018731156
1057.90457484151
1057.69503388066
1057.68810878586
1057.61109936503
1057.49839349761
1057.47406775079
1057.31897225873
1057.21261459659
1057.1820919264
1056.99792805653
1056.76239072215
1056.5763358258
1056.52060644295
1056.47766916474
1056.39649920522
1056.28087775765
1056.26339738587
1056.22097872917
1056.22068939404
1056.16508175818
1056.14965658862
1056.14031535984
1056.03799503607
1056.02545868613
1056.0174301836
1055.79828861716
1055.74168674453
1055.71676520393
1055.64735207119
1055.62422068093
1055.53428939656
1055.53382575332
1055.4768827566
1055.45029035538
1055.40045447465
1055.39531510549
1055.33891943885
1055.15676054157
1055.082083453
1055.00444329187
1054.94227907253
1054.90226314884
1054.898893184
1054.88584530265
1054.8826791841
1054.83705450113
1054.72171845413
1054.61556049994
1054.60232284132
1054.53159453646
1054.51367380252
1054.50764142514
1054.50526397326
1054.46485741441
1054.44760870545
1054.43645176153
1054.42886245945
1054.41161520774
1054.39725745012
1054.35565868671
1054.32688393108
1054.30357897687
1054.26482295472
1054.26228130592
1054.25098258839
1054.18850215134
1054.11291578855
1054.0944889899
1054.09021019579
1054.08219757588
1054.06658437866
1054.05214030233
1054.04427663854
1054.02476067069
1053.9969549167
1053.88232337114
1053.7696793987
1053.71219267786
1053.62686642243
1053.58209908608
1053.56520843991
1053.5438943946
1053.53445877576
1053.40852904295
1053.33175757824
1053.31883469508
1053.30827194138
1053.26624122877
1053.25253426035
1053.24618167976
1053.22290908015
1053.22182035734
1053.17745202073
1053.16155905982
1053.16023101473
1053.14599102357
1053.12888508995
1053.11916130567
1053.04188400799
1053.03037639462
1053.01227256503
1052.95017870988
1052.92001411326
1052.88848652694
1052.87202416948
1052.8595834903
1052.85829656032
1052.85376412231
1052.84489891029
1052.81912704421
1052.77340896863
1052.76042659339
1052.72209188192
1052.70044313095
1052.68358855216
1052.66403776185
1052.66116275159
1052.65777985266
1052.62636397343
1052.62217421032
1052.57346097007
1052.54984659844
1052.51970805163
1052.49961950821
1052.47630620358
1052.43335388861
1052.4190686088
1052.36890867275
1052.36638875386
1052.27068071396
1052.26713031314
1052.168504947
1052.14616419446
1052.10105645454
1052.08622495366
1052.06448091103
1052.05937723793
1052.03085969991
1052.01077056666
1051.96486200137
1051.95745758248
1051.9553561595
1051.95295641051
1051.93732168618
1051.93304427263
1051.91425706965
1051.90760318459
1051.89164689113
1051.89067555644
1051.8756004487
1051.82647788997
1051.81612442084
1051.81263261348
1051.7631681997
1051.68672556628
1051.67960746009
1051.67458399087
1051.63308381301
1051.63289088759
1051.54532769418
1051.51002978844
1051.47032390662
1051.4633484996
1051.46305571846
1051.44150394559
1051.42512493125
1051.4147181028
1051.40011471767
1051.37874971468
1051.37426711921
1051.24617614179
1051.20592620463
1051.20337489333
1051.19745499803
1051.19270657125
1051.15597546632
1051.14665741905
1051.10356395296
1051.09706135382
1051.08022845429
1051.07297305983
1051.03292176555
1050.99518927013
1050.96416146802
1050.95123104107
1050.94498845622
1050.91267875513
1050.86696964555
1050.86331468641
1050.82616618657
1050.81563816265
1050.7717204676
1050.74942026038
1050.72832390145
1050.72363502549
1050.71447606151
1050.67986332303
1050.62970191008
1050.60847523207
1050.60567977811
1050.58629785845
1050.55759935625
1050.5421511914
1050.53571953859
1050.52724278084
1050.52371181209
1050.52336229151
1050.52087482191
1050.51667497802
1050.50010357891
1050.49266467679
1050.48479870671
1050.43820187123
1050.41964616488
1050.36909784703
1050.34851710103
1050.3347580267
1050.33246087213
1050.30765077917
1050.29213142152
1050.28995904814
1050.21709829425
1050.18551138856
1050.16126512523
1050.16071075357
1050.0983731449
1050.05759847925
1050.05485725497
1050.04308856209
1050.03656271075
1050.00866776857
1050.0042016131
1049.98008447294
1049.9703759118
1049.96710438015
1049.94640118871
1049.92792059125
1049.92776693248
1049.92175276269
1049.91399379832
1049.88128439889
1049.86570019617
1049.86290686776
1049.84514686382
1049.78647056779
1049.7706802217
1049.74382849511
1049.70614011015
1049.69700696259
1049.69660510926
1049.68235972709
1049.67613555282
1049.66659724001
1049.66002475627
1049.63243046042
1049.62810533846
1049.58319220217
1049.55161260306
1049.54802772881
1049.54608616845
1049.5372405967
1049.52482145137
1049.50086288867
1049.49865258635
1049.49128742726
1049.46557081486
1049.44881624206
1049.4353166524
1049.41935629437
1049.37496827466
1049.36834943824
1049.34736973801
1049.34054056605
1049.31812755702
1049.26994057934
1049.24702876971
1049.24098082996
1049.23486359685
1049.23277326294
1049.2228895236
1049.21167083115
1049.18602256384
1049.18084245192
1049.17263105793
1049.1713573387
1049.16704726244
1049.16460174954
1049.15606440254
1049.12819973033
1049.12496523746
1049.12431367384
1049.119661802
1049.1149752994
1049.10256795596
1049.10154796191
1049.09344971402
1049.06996197655
1049.06570325058
1049.04642650558
1049.04467453765
1049.04214167386
1049.03331409136
1049.03184987381
1048.99237303137
1048.98495135504
1048.96599078348
1048.96485077709
1048.96442548735
1048.91144023795
1048.89823149911
1048.88430022541
1048.8764680334
1048.85703313548
1048.85587854357
1048.83770056228
1048.79568395614
1048.78794069824
1048.78166505355
1048.77890395031
1048.7138911977
1048.69783720264
1048.68415714267
1048.65489535178
1048.57990772369
1048.55117281256
1048.53944515961
1048.52567498453
1048.52229796541
1048.52106110161
1048.5022792436
1048.49365282826
1048.4921584079
1048.49034679372
1048.47950929388
1048.4669953577
1048.44585061966
1048.44270214707
1048.43601779115
1048.43463881378
1048.4327493881
1048.4218990174
1048.40066053428
1048.39896813196
1048.37531240819
1048.36206089186
1048.35968068019
1048.35842939345
1048.35214510111
1048.34503671317
1048.34044718929
1048.33478033325
1048.33369943342
1048.31903001159
1048.31598876473
1048.31160290062
1048.2972376001
1048.28358767718
1048.27688940122
1048.2708672818
1048.25903927854
1048.23910194307
1048.23442517016
1048.22917788811
1048.22665193826
1048.21121698744
1048.20623918605
1048.18535050201
1048.15613706658
1048.1555348454
1048.13635514567
1048.13303460178
1048.11969300239
1048.11807770848
1048.10871301016
1048.09301246331
1048.08499380594
1048.08199118809
1048.07016204228
1048.03751468608
1048.0277786063
1048.01977928291
1048.01601268205
1048.01123143557
1048.00427513139
1047.99701198108
1047.99550659611
1047.99384599536
1047.98166688983
1047.95368058339
1047.94248864621
1047.93802382782
1047.92958971319
1047.92544510313
1047.92020948812
1047.88513100071
1047.87973341173
1047.84984006585
1047.84838331507
1047.84284830058
1047.81412252531
1047.80742176659
1047.79901335427
1047.77861874662
1047.77489895919
1047.77124915961
1047.76152385346
1047.74608571006
1047.72939296104
1047.7290140171
1047.71041023002
1047.69315789665
1047.67686568432
1047.63748036023
1047.62835639097
1047.62765292484
1047.61683994723
1047.61637084646
1047.60193566184
1047.59273855257
1047.57867269372
1047.57546893819
1047.57517829213
1047.57077039175
1047.55148707967
1047.54194059095
1047.51621443013
1047.51574940867
1047.51564841683
1047.51201976981
1047.50700125039
1047.50291041481
1047.49922667975
1047.49657634067
1047.45562441864
1047.44148046787
1047.43934013806
1047.43289008623
1047.43076433164
1047.41986043611
1047.41962890271
1047.41122835341
1047.36601738234
1047.32806574195
1047.32632338776
1047.32369696574
1047.30985572328
1047.30063758943
1047.2889255492
1047.28722744666
1047.28249001964
1047.28079513994
1047.28070664745
1047.2791528572
1047.27816627173
1047.27371506445
1047.26437997887
1047.23194228419
1047.20592321002
1047.20358701246
1047.20121062998
1047.19657664683
1047.18878576311
1047.18612485955
1047.17089476502
1047.16314503568
1047.14082528421
1047.11806854612
1047.10238181542
1047.10164896756
1051.02744102006
1054.18246481412
1055.79816083522
1052.75386558046
1051.67198725568
1047.51281618575
1047.27415837893
1054.48162034049
1049.1580748791
1051.18815958113
1048.26871851884
1048.67764993136
1053.21616883807
1050.57625489951
1056.40414974492
1060.25392227252
1060.30497891257
1049.51459292675
1049.16298422355
1047.73173819053
1051.00820106395
1052.2729440078
1049.26661198561
1054.04734050659
1050.16970418132
1050.95226995747
1049.24304692731
1048.11708234191
1048.6278836683
1050.41957185339
1050.07128936853
1048.19113344488
1052.41245051091
1049.4945599896
1050.32382269116
1055.61662149803
1050.8355086244
1054.01720886134
1052.82566767871
1050.12983683076
1050.39262261152
1049.17613803981
1052.07572644114
1047.58181827738
1051.03853984066
1050.22376642423
1048.59110322788
1057.31128983958
1050.15527451191
1050.8349277889
1055.29319945843
1062.26516043166
1048.592604896
1057.95981331667
1052.80586369115
1047.37008385352
1051.29782433226
1049.35853756592
1049.78383334035
1047.32570860076
1056.98223296494
1056.55147769788
1054.07596431467
1050.15125926812
1050.27708258461
1057.29151477984
1048.46362487403
1049.0556874402
1047.13354231245
1048.31161090946
1057.52243929826
1049.79767878039
1050.42278509583
1047.13467575052
1049.82493100316
1053.64973559407
1047.92869111826
1048.22851273917
1053.1169175534
1048.4803816403
1048.80422119827
1048.35712242063
1052.15611432426
1053.7105136644
1058.27877739344
1050.78420953543
1048.06206646019
1052.09722600714
1051.623053566
1051.97814997218
1055.47004523194
1047.40132786908
1057.01922249573
1047.21845999505
1047.24897266933
1052.97525433772
1048.03402233576
1053.48244775525
1049.03878282093
1052.13906855536
1050.2608767651
1054.93475365778
1048.14830820176
1056.46483173761
1048.69742180824
1051.22820565099
1057.92834209488
1055.71762762888
1048.30973723223
1048.50229134327
1050.46388242238
1051.62026672692
1049.67010530537
1050.59795907497
1050.34477500864
1047.97987232084
1054.38512510032
1052.0572188251
1047.51986164135
1054.90447100986
1051.23955677023
1048.81720621271
1056.82906905156
1055.35734470782
1061.60794942831
1050.011287689
1049.466254161
1049.01390514093
1047.91558199106
1056.97873407422
1053.78876152691
1048.01787230519
1052.28244891782
1047.62719474228
1048.440254433
1054.86193932554
1052.17517415281
1048.27041722449
1053.66783882527
1068.1423573175
1050.23735324801
1047.76057114308
1048.06917964119
1047.8614356777
1060.26519249147
1058.09105975789
1049.70318380956
1057.97362224744
1050.04414770078
1056.15838727928
1050.02590993806
1059.17393549585
1048.61366035143
1047.41922802795
1047.31915032637
1047.49313532239
1049.5353711238
1053.10796031691
1053.61830151736
1047.38294353299
1048.3579346921
1049.89692073737
1064.17298529175
1066.00681853815
1047.89256681828
1049.19299885272
1050.31575443633
1053.22314589941
1049.79653000688
1047.47137863317
1058.57547943763
1047.99004147354
1049.6414357645
1051.38901189766
1050.20841700057
1053.10795618752
1049.19766491255
1054.725836016
1049.47323707852
1052.61290334836
1050.38520379007
1050.97312561038
1048.34804808978
1053.85690297539
1054.73497059869
1047.40849732945
1048.47678339247
1049.63784408403
1049.31692152539
1054.18879200015
1057.20964688901
1053.44031598707
1049.01845332085
1051.32836278166
1052.46484466824
1051.18640810909
1047.36604626179
1047.63670498408
1047.55629410238
1056.07741080275
1047.40165328529
1052.06030915587
1047.25402289053
1056.11378130798
1052.74804741761
1047.69043719449
1056.89995026578
1052.98150393577
1051.59738327551
1047.18045043397
1049.42913500099
1051.22350848883
1047.67334191339
1054.76233399126
1056.96975211192
1049.09230696425
1047.81595292474
1053.19817659145
1047.41128848156
1054.71857007354
1053.02257846689
1053.46636293025
1047.18177538712
1052.71216653104
1059.53805514863
1049.92863873116
1050.2515324045
1047.25050096881
1050.91955606456
1050.04532593047
1049.10733524982
1052.81764897623
1052.09149542931
1048.08210290465
1047.32442704176
1051.65331548216
1048.75155304234
1048.96207154802
1051.22241308443
1051.27877189252
1049.17532712166
1047.8370918368
1047.90240887284
1049.43263950689
1048.15412353578
1051.62256631089
1055.03754538626
1050.18952437081
1049.30064576017
1054.18298995244
1055.65480764842
1052.93561154291
1050.56601128993
1053.64775906972
1047.32025012956
1054.15090506419
1051.93745422744
1056.88137033733
1052.6892387262
1061.505588979
1047.16664654736
1052.37450039364
1047.63065572695
1056.34839258857
1047.23136536048
1047.61799247656
1054.50527789953
1051.4619215233
1047.68183595478
1053.78002872409
1056.36098570888
1055.67738975211
1048.48521910625
1048.96203536743
1047.77385628082
1048.07150391155
1052.47596568928
1049.89764042194
1049.61012836678
1047.44281814423
1047.27668049367
1048.71339781067
1047.57717559219
1049.7752322696
1048.11076705808
1047.29671224584
1049.78731057758
1052.77936665415
1049.23419816541
1056.78614122346
1048.79751235836
1057.26859918934
1047.46021715221
1051.69668142711
1048.62709491914
1047.0958458938
1049.06067748618
1050.99875586028
1048.93975556579
1047.48999469095
1048.90888220545
1050.75217949508
1057.39126167747
1047.45021447747
1057.00513362024
1047.26580073743
1048.81705404987
1051.1066499244
1053.49114228535
1051.46870887606
1052.38088811175
1054.52990586248
1048.76983803305
1050.29403691113
1047.12402076191
1052.39202975688
1063.61153404219
1052.01697114328
1048.70386697852
1050.05948627384
1049.72467413676
1052.76105150133
1053.22327826523
1047.80394215106
1048.50213420078
1049.50615284942
1050.99441616246
1051.2826256514
1048.984951567
1050.05411020424
1047.73539133501
1065.71826761957
1050.02022190518
1051.8958235149
1049.56587288159
1051.12084045275
1052.56608645247
1060.8282534406
1055.08866436488
1055.21434581382
1050.90392441854
1051.50179456907
1052.77772030842
1052.39337630397
1048.75947201255
1056.24632522719
1053.11196541062
1055.9289009022
1053.36379707573
1051.22835873639
1049.26771516095
1047.51690660234
1057.35657786318
1047.8449619671
1058.27124337373
1047.27691818901
1054.54933791968
1048.22239154354
1051.74290344409
1047.56009091552
1049.81111448898
1055.86425213291
1053.36197118928
1051.27365195444
1050.27676929288
1048.47575040277
1056.41005799418
1049.34085782834
1055.89031879692
1055.5468502507
1050.18750637767
1049.59297083716
1058.8574674866
1056.91819877198
1051.7444541977
1052.4448313393
1055.68688495483
1051.99024054536
1050.04809510284
1056.81642162101
1059.26205314737
1049.82588160033
1056.16588036434
1049.98375168684
1048.63334177405
1048.7998093234
1050.42089866066
1047.13038466007
1048.82430871812
1064.85817876242
1052.50206580951
1047.8076287412
1049.12182111241
1047.81558152995
1050.28070072806
1048.22429834217
1050.96092582465
1049.10436785259
1048.07750240456
1050.87895527324
1054.96822032125
1047.23506374312
1055.69318612559
1048.47238208296
1051.90259414295
1050.07784204227
1048.00475084841
1054.88031818652
1048.85797161341
1047.61822258684
1052.16397288302
1048.70382576378
1054.72308921179
1050.08144610028
1052.33136089605
1052.15476921818
1048.84763506835
1049.60212326446
1050.47656342277
1048.83512221185
1053.92775709759
1049.2392656143
1052.88248605071
1051.56722259795
1054.39424067904
1048.47386288275
1050.57246656078
1049.11150984658
1049.12804070799
1051.22165776383
1051.70176063801
1060.98143281738
1051.88994591455
1052.3595137572
1050.18284414743
1050.43336119677
1051.64586499477
1053.23919382845
1051.85493987744
1048.27657101794
1047.26000664439
1054.18086981739
1064.10075811019
1053.14932208972
1048.12854751182
1047.48558081485
1051.88909232988
1050.8242528366
1052.65683328106
1061.36680399287
1051.85317158811
1053.71083185867
1051.90302857985
1050.78120955172
1055.53938017059
1049.30590448715
1048.38199408388
1047.23438229926
1048.86342901704
1051.02325095179
1048.41371295094
1052.3436983242
1053.59450692308
1050.49130179616
1047.4658756863
1058.51564739976
1055.37597003363
1048.76050415619
1049.82904987458
1049.94781702102
1052.23121524541
1064.85761804444
1054.74046008388
1061.44611743283
1051.2691514112
1047.41554724356
1049.91429095222
1066.87231667054
1051.82905376138
1050.10373586294
1049.31698607483
1053.24956952518
1047.92335411264
1052.74055121188
1048.69590269627
1060.6779260533
1052.10805049918
1050.37206680265
1050.41816746128
1047.89215713266
1048.72861123902
1049.51703756855
1050.52645591903
1050.86783999771
1047.17142642227
1049.4739908571
1054.25480585721
1051.57171709222
1050.86821000549
1047.14290752629
1053.35980780422
1051.28082747895
