1080.03827269369
1079.88399221178
1079.4575254756
1079.11493496703
1079.0844441848
1078.12385732495
1078.02572367109
1077.95575169172
1077.93790487917
1077.90926580591
1077.8922551809
1077.64729997144
1077.47336245737
1077.46574899599
1077.40033359435
1077.32865495032
1077.2748980161
1077.10602734525
1077.04898057536
1076.98019089747
1076.91455382101
1076.80320488448
1076.65366420207
1076.496815134
1076.3875174233
1076.337723975
1076.30589584209
1076.28146769513
1076.21979343754
1076.13907048779
1076.1198160794
1076.10782760567
1076.04713910433
1076.04314244296
1076.01761372618
1075.94960570351
1075.93669176981
1075.85340661479
1075.81036338029
1075.7866025873
1075.57470256018
1075.47130213916
1075.46426996549
1075.34372878818
1075.33755513215
1075.32391086703
1075.31908651466
1075.2880068687
1075.25765092734
1075.24325916038
1075.17069120398
1075.16644931504
1075.10072792037
1075.07086137715
1074.9517087554
1074.95026859444
1074.84406240357
1074.83926460467
1074.80906059438
1074.77749041912
1074.76305128277
1074.74052349631
1074.6999210135
1074.68852815263
1074.6801148007
1074.6776122586
1074.64079824829
1074.62293961428
1074.58287165957
1074.57367666857
1074.56250284757
1074.54508196972
1074.52511037161
1074.4977560729
1074.3893388962
1074.31971038458
1074.284632251
1074.27958217343
1074.27348023313
1074.25673322238
1074.2462587433
1074.23552603049
1074.20661501278
1074.20398676563
1074.20115726473
1074.15757790124
1074.1514354522
1074.12582595997
1074.09029105941
1074.06953638918
1074.03682517676
1074.02102322128
1073.96767841131
1073.96133259496
1073.95036489723
1073.92452408285
1073.92284417837
1073.91790854805
1073.91225833303
1073.90501967025
1073.90141455319
1073.88536338042
1073.86416412587
1073.84377572412
1073.82296461522
1073.8102463054
1073.7850883732
1073.75779974778
1073.75699906536
1073.74390083218
1073.73983608356
1073.73713519514
1073.68792103589
1073.68262465171
1073.67577828984
1073.67299459343
1073.66956580294
1073.65986901101
1073.65033779655
1073.64967203495
1073.62831872125
1073.62600168901
1073.60702113354
1073.60250152277
1073.58546696604
1073.57631131899
1073.56938616607
1073.53561055267
1073.53149713311
1073.52008698545
1073.51670885384
1073.47971530027
1073.47416101773
1073.45575617358
1073.44518399434
1073.42456136195
1073.42107423769
1073.41646172854
1073.41637709863
1073.40264429813
1073.38902568613
1073.37110704972
1073.34571497018
1073.29999521049
1073.29204663561
1073.26957231536
1073.26809569739
1073.26658368629
1073.25591665955
1073.25348077465
1073.24043882975
1073.23910843032
1073.23905369852
1073.23350586914
1073.21567751534
1073.21455305574
1073.16165251825
1073.14378771035
1073.13946751959
1073.13759869587
1073.13511923464
1073.12643230184
1073.12269151556
1073.12209655232
1073.10516923723
1073.09327776968
1073.09224146949
1073.08285040348
1073.0793073725
1073.07419419099
1073.07250964981
1073.0575718105
1073.03639248166
1073.0349636812
1073.03312875785
1072.99025890317
1072.9854422815
1072.9804358094
1072.97924556939
1072.97796218958
1072.94908169182
1072.94325546562
1072.92789653697
1072.92345631543
1072.91865997269
1072.89687570182
1072.89549310714
1072.8880638246
1072.88684622012
1072.86193216595
1072.8578334945
1072.84034712168
1072.83832520034
1072.83140478502
1072.82319241422
1072.82267846862
1072.80164967382
1072.7888510896
1072.77594768244
1072.74510812924
1072.72636949789
1072.70899423705
1072.69774043917
1072.69726600946
1072.69634929464
1072.69552834266
1072.69504166847
1072.69430659261
1072.69323751675
1072.67954658149
1072.65927571746
1072.6348178756
1072.62046860964
1072.61939656455
1072.61761638392
1072.58049628221
1072.57796791196
1072.55907654501
1072.55804961739
1072.55708473363
1072.55241629834
1072.54806114753
1072.53559596009
1072.5217899869
1072.51484564374
1072.51279295401
1072.50804514062
1072.50528116181
1072.50305184251
1072.5015169207
1072.48607900854
1072.47958906136
1072.47743683418
1072.46408162614
1072.45886601799
1072.44962951983
1072.44697162045
1072.43341665161
1072.42843919587
1072.41511897377
1072.41503865045
1072.39715876138
1072.39658066004
1072.39193515471
1072.3903296344
1072.38490780376
1072.37760429405
1072.37722697355
1072.37643174844
1072.37159060526
1072.371108842
1072.36071075306
1072.35285733463
1072.33866667166
1072.33629408698
1072.32998964473
1072.32888364685
1072.32468394737
1072.31669073185
1072.30517325879
1072.30240602409
1072.30197125965
1072.29767691791
1072.28199433832
1072.2803990551
1072.27500498436
1072.27155135297
1072.26893528811
1072.26792792944
1072.25866847322
1072.25096814909
1072.24620017245
1072.24062646504
1072.23675008786
1072.21934875071
1072.21873039922
1072.21575987095
1072.20831396155
1072.20586325716
1072.19370997922
1072.19324254119
1072.19313396816
1072.19267326267
1072.1862072418
1072.17392069151
1072.15971342585
1072.14183429077
1072.13573103892
1072.13569500194
1072.12942289013
1072.11059995839
1072.10985769696
1072.09887668071
1072.09115807222
1072.07395475846
1072.07142542697
1072.06228961776
1072.05977526025
1072.05474745047
1072.05309841513
1072.04217850822
1072.03975147839
1072.03768165237
1072.03748716149
1072.03728449488
1072.031757429
1072.02993371714
1072.02964885794
1072.02085181545
1072.01738545139
1072.01209854271
1072.00567185815
1071.99579584832
1071.99495936698
1071.99435843831
1071.98688343317
1071.9844153397
1071.98422814865
1071.97711254631
1071.96930561276
1071.95791820542
1071.95635704713
1071.94530030044
1071.9443436033
1071.9421290162
1071.93037520844
1071.92406340712
1071.90875618093
1071.90124098283
1071.90084275548
1071.86588102823
1071.85626994023
1071.8141284728
1071.80645924293
1071.80428943776
1071.80109078424
1071.80036313561
1071.79930192129
1071.79759689614
1071.79646705953
1071.79210617013
1071.78545135328
1071.78389374773
1071.78344039647
1071.7680757505
1071.76277812608
1071.76033482667
1071.75924550396
1071.74286075988
1071.73627276432
1071.73347962711
1071.73058771258
1071.72664975898
1071.72126715029
1071.71785956762
1071.69984611776
1071.69535401901
1071.69519334457
1071.69515209396
1071.68923189636
1071.68627207606
1071.67733347404
1071.67674353346
1071.67549735183
1071.673900513
1071.66757580881
1071.66622293319
1071.65062084261
1071.63602690786
1071.63442535335
1071.63406104436
1071.6306128021
1071.62450047564
1071.62343066359
1071.61687798235
1071.61025567762
1071.60734598913
1071.60686941435
1071.60633602332
1071.6037480379
1071.60241511015
1071.58514157795
1071.57940046168
1071.57448672068
1071.57173515672
1071.56934437014
1071.55150091489
1071.55069548451
1071.53611063375
1071.51942505752
1071.51858423755
1071.51766566003
1071.50923650206
1071.50036243499
1071.49956347227
1071.49876865633
1071.48131810218
1071.47206420824
1071.45714484044
1071.45144959289
1071.44877326146
1071.44397531989
1071.43938092962
1071.4314779761
1071.41961307221
1071.40406614705
1071.40179581858
1071.3838206937
1071.37919681553
1071.37246454825
1071.36700854965
1071.3659089542
1071.36345296931
1071.35791123775
1071.35379458449
1071.35365579255
1071.34362190153
1071.342895438
1071.32983779843
1071.32933548972
1071.32542222478
1071.32393187919
1071.31973709192
1071.31014579214
1071.30098204846
1071.30003198952
1071.30001988124
1071.29575858313
1071.29454172213
1071.29095831094
1071.28638246461
1071.28595436778
1071.28519318222
1071.2816498996
1071.28091795495
1071.27848993961
1071.27388591181
1071.26840258135
1071.26835728174
1071.26825736637
1071.26808133741
1071.26291624546
1071.25349035011
1071.25229357487
1071.25033001596
1071.24835940217
1071.24532332417
1071.24281085465
1071.24065800631
1071.23795660052
1071.23783380885
1071.2298375133
1071.22940649874
1071.22291536326
1071.21855418224
1071.21839871126
1071.21792321536
1071.21676339998
1071.21267024328
1071.20739866426
1071.20596527384
1071.20578121285
1071.20509531217
1071.20263760202
1071.20006927617
1071.19140265168
1071.18724978063
1071.18023586203
1071.17513764811
1071.17201712407
1071.16090106104
1071.1594601974
1071.15684915265
1071.15227401358
1071.12878709578
1071.12856539453
1071.12294601928
1071.11933121586
1071.11110718833
1071.11101313061
1071.10867821084
1071.10636677701
1071.10568555908
1071.10306973606
1071.09741038013
1071.09340120031
1071.08870577411
1071.08708920468
1071.08638570154
1071.08308132039
1071.08206356857
1071.07503769226
1071.07497632604
1071.07360907048
1071.06468030652
1071.0630586774
1071.06051636051
1071.0595017681
1073.85323470749
1071.79588422976
1071.41389022472
1071.08117906227
1075.47271042406
1072.61608547734
1075.30976683762
1072.9362330168
1078.93411670891
1071.70965756763
1072.54337950897
1072.42101961955
1071.66551791182
1072.981119337
1073.11905337667
1071.18932723853
1075.46041434551
1072.82234833188
1071.0501127592
1072.39539284987
1071.15063129869
1071.82742441421
1071.13687437353
1071.61384943001
1071.36489626595
1080.56557825801
1071.88189997725
1073.01885908472
1073.8319600519
1071.3039237921
1072.61619984937
1072.95399284173
1071.32214655982
1072.48921820934
1073.0577777323
1075.87669905042
1072.13051181558
1071.84534974584
1074.85071109418
1072.3056931919
1071.81195056782
1075.71987657374
1073.25489036142
1072.04223229612
1072.55500079334
1073.45087632656
1071.87298499704
1074.89095408556
1072.28564830668
1072.28088410623
1074.21826456028
1074.80508347274
1072.11646862038
1071.21398805217
1071.87239130069
1072.57095504248
1073.55972456311
1071.47534408169
1072.61812067769
1072.33264657451
1073.03988316376
1073.3777055908
1073.46357207374
1072.35519145473
1073.5270944336
1076.17613555196
1071.52034010314
1072.9483195458
1071.19691656724
1072.83228063989
1073.40284119502
1073.10291048716
1071.18028753867
1073.69006722364
1072.13679074185
1071.06242069083
1071.50426121832
1072.68929627186
1071.08343552033
1071.58113656866
1071.40202022469
1071.96091818627
1071.633461679
1072.67658262538
1075.82891606633
1071.32879443716
1073.96391997892
1071.26593915384
1073.08621034939
1075.13029448725
1074.01110544391
1075.35526554238
1072.7720083791
1071.16487408071
1071.78768307426
1071.55676386078
1073.30569998549
1072.08715443156
1073.43364645058
1072.2929342951
1075.47734932663
1071.49333170188
1071.56055280906
1071.12483178121
1072.63119716535
1071.23572567403
1074.8685754036
1071.71692097035
1071.37436253339
1071.27639785849
1071.4495619416
1071.59152487861
1071.57786850047
1076.27951413601
1071.38880945586
1083.00594290241
1071.79555870622
1072.46453944568
1075.71457127262
1071.18922932114
1073.82056205555
1072.87265076565
1071.1335977588
1071.65472741743
1071.35968405507
1071.66404455523
1071.61356349139
1072.98314729368
1074.81228045561
1071.08100642828
1071.23508154358
1072.73402004985
1077.90322040672
1074.3197536267
1075.14599478959
1072.98514248456
1071.25820390446
1076.24020591856
1071.32432358676
1075.40880547941
1071.74810492818
1071.57394792782
1071.77876201421
1071.13928137019
1075.43235665637
1071.51699715717
1074.95453798803
1072.18654859622
1071.80097033033
1072.77860091944
1074.0536884298
1072.37495561188
1074.71146056501
1071.89185862815
1071.86043957371
1072.5889781736
1073.05937192859
1071.2744801269
1071.78360868453
1073.70846658604
1072.77118993876
1071.20464567878
1072.62125797764
1071.32656886354
1072.04167454091
1076.09977219121
1072.12153168871
1072.40143067548
1072.13632896674
1071.10700871188
1072.39269172504
1071.8180177301
1072.61851074035
1071.31151924766
1074.11774035259
1072.61114928366
1071.32380743825
1072.71231146804
1081.39068596099
1071.52626166853
1078.20517981637
1071.16958305078
1074.86365063584
1071.64912263363
1076.67415425127
1074.37538892715
1071.16729869075
1072.09627577479
1071.20885725032
1071.41370723614
1075.05453809833
1073.468717227
1071.24389915672
1071.19291063042
1076.3470614854
1073.39458970374
1076.37316718327
1071.55451148645
1071.1334819338
1073.9207070757
1074.44974300698
1071.70164216957
1074.47334555016
1074.85064172867
1073.51407778039
1076.44712466388
1071.62201356323
1074.02619083147
1071.25124104325
1072.54149531324
1071.73124340406
1075.1522407125
1071.80001217873
1076.64003111705
1071.48610671943
1075.17699684847
1074.81827754552
1079.19356621679
1073.79805403445
1072.95581387579
1072.11912141456
1071.94960305818
1073.88900235294
1073.77181429759
1075.9385357575
1071.84483299832
1074.53459672511
1071.22528111587
1071.47710561372
1079.1422559319
1075.0627856028
1075.67078352242
1072.23596253033
1077.20815644705
1073.80776732918
1073.14293259972
1074.7746515631
1073.8040906827
1076.35338023044
1072.67567605062
1071.76907936827
1074.63574651406
1071.7280541068
1072.66274849514
1071.50900702075
1072.36403831049
1071.56016885715
1073.35651944804
1073.00466537461
1075.43788153508
1071.66434223452
1073.2700256988
1073.64262344919
1073.02250330279
1072.63653745094
1077.45000001701
1073.09240524159
1073.1572463233
1072.72488117726
1071.05183453683
1072.83810972412
1072.7861746996
1071.21967701845
1071.28787287557
1072.09816262431
1071.18096816193
1072.62881296549
1075.72282918962
1073.44135346999
1072.49226881233
1072.43521677073
1071.76854989769
1073.65148805992
1075.2728073557
1072.786419903
1072.79144030553
1071.33799587236
1072.53384665936
1077.49048268059
1073.30147114467
1071.2190793317
1074.47392066114
1078.11652097003
1072.66957373559
1073.14951257056
1075.38716385368
1071.65637827325
1071.47120204295
1071.23142788709
1072.88748791862
1072.48615497137
1072.3882718901
1072.84069901336
1071.20756486257
1073.28307745734
1073.35816244756
1074.50373363071
1071.44779552517
1072.49484463159
1074.14289889347
1075.18972792615
1073.96109104473
1071.20440527566
1071.61751556998
1071.89093812909
1076.67666504992
1075.82729955603
1076.16047172982
1075.88425822236
1074.14947601191
1073.14144086825
1073.85794332838
1074.08971363339
1075.11053588847
1071.75708604376
1071.31911237458
1072.29840251192
1072.378779579
1072.64464180851
1071.25559249607
1072.99329785192
1076.82826714561
1073.117681207
1074.03207889656
1072.11964775596
1072.41901217206
1072.94836649312
1071.84765616978
1071.35224468482
1074.01844737828
1078.51837009946
1072.55030542971
1073.75679779272
1072.75647586484
1073.91479105845
1071.07739142694
1074.53079050647
1078.0978986034
1072.10141264246
1072.06588261975
1074.70472795105
1072.53961037202
1072.48672687224
1071.35226275726
1071.11058884488
1071.71507784841
1071.19938302607
1072.9329755882
1074.26230215988
1075.98683069252
1071.87276923787
1071.50384172617
1074.64924248302
1072.72083337731
1077.0330543533
1072.28396316636
1072.57356652179
1071.4508495805
1074.68821848925
1074.32997813057
1072.55167184695
1072.31757371315
1073.64806065947
1072.49952208644
1076.57195631546
1074.41799499322
1072.54659291036
1071.20435408738
1076.44227370836
1071.47372986316
1072.14490637063
1077.10127581782
1072.08951987627
1074.52983319743
1073.55951774074
1077.03728374836
1071.32817452351
1078.6765229898
1076.45298366142
1071.25720923992
1071.63018687415
1072.55568162667
1073.55904878449
1071.14894941899
1077.32597340813
1071.59430008874
1072.50078063091
1075.99504822448
1073.57692520025
1072.66618440022
1072.49553615871
1072.84365769883
1072.33781523912
1073.63764683641
1071.43448093249
1074.05100909518
1071.32023126266
1071.11157396785
1072.45587540931
1078.4337903806
1072.65128810064
1072.72591731796
1071.98262455778
1072.77958559086
1071.24680445826
1072.18049775995
1071.74691094648
1072.39981062909
1072.11164115747
1071.69630043971
1071.66645016614
1074.50722842913
1073.73257865
1071.50261157145
1077.48304355501
1076.69929680462
1073.39002051383
1080.27991284607
1072.73878099354
1072.51114354763
1072.96887176456
1071.31421013943
1073.22998369392
1073.85887189521
1072.56525525711
1071.55472075725
1072.38035020338
1072.10262693548
1071.098641924
1071.10589130871
1071.71796396329
1071.9502763835
1075.19074611811
1071.72506599654
1076.81992774985
1071.11205628373
1071.18375968825
1072.44367904225
1072.41924675712
1072.56139136416
1072.15702321492
1075.48143785179
1071.45841293375
1072.18693343392
1074.6939433607
1074.29153794902
1077.27130174073
1074.54753637229
1073.36436353294
1071.18946131335
1071.15825851829
1074.31884976269
1072.64328400965
1071.34173208723
1072.71568169453
1072.11169038411
1074.76608460579
1072.58804581853
1071.85200152765
1071.7793153829
1071.18430724419
1073.90899849287
1074.01004713473
1071.56759628129
1074.09531724868
1071.38144116574
1073.12568740443
1077.28497893923
1072.35031662861
1071.29429294336
1071.53872317552
1071.98273383412
1071.39409241822
1073.47766975621
1071.58029475457
1072.65848196025
1073.21659272238
1072.11901949137
1071.35744625585
1073.40373850697
1074.38548333752
1071.63327533267
1072.16273969061
1073.00112380804
1071.19217611993
1073.84646292513
1071.86926884369
1071.20411567432
1071.06930389551
1072.1288617298
1072.96207523565
1071.08833277835
1071.93586683162
1077.52142925711
1071.15969449811
1075.57027122205
1072.2961881963
1072.4891715954
1073.30042324337
1073.85540996708
1074.40583715376
1072.91218006705
