795.42186888067
792.745090208661
790.721971079217
789.651435543822
787.803201998135
787.234025318666
786.502790253055
786.28745541247
786.167815669954
785.345783316257
785.326601799413
784.943812931442
784.856999068674
784.825010963495
783.088078089662
782.934061342645
782.863996224946
782.858804278142
782.507836455546
782.315384884548
782.155571037862
782.022778754854
781.954248702606
781.897347928087
781.564052661101
781.467541132056
781.459563265061
781.126039743668
781.054434109569
781.009208187766
780.844343280118
780.692775939745
780.660141802936
780.641284521595
780.586871108457
780.522405217713
780.388777204964
780.377550517981
780.315143952419
780.251658264729
780.206372757412
780.145854113125
780.099619559193
779.854826195227
779.84823683938
779.818282112695
779.743148253237
779.738470546424
779.728153591684
779.663712410341
779.544037048794
779.399791596662
779.370047768695
779.318601962914
779.311344380307
779.293304923049
779.260025507326
779.259993963033
779.237779083006
779.124880943271
779.087000641388
778.915811577504
778.746762522571
778.728002737426
778.726875289729
778.691414627988
778.66444643023
778.578220424272
778.33789671776
778.284237405294
778.268442083938
778.267611856669
778.255768048543
778.217657838826
778.206678125502
778.168946954396
778.159703967846
777.973330444972
777.963793936441
777.826089999566
777.785726973308
777.766370801482
777.761194364331
777.744151086428
777.690863487044
777.679270733373
777.674997058359
777.638763210572
777.628915846363
777.577014585399
777.471968737534
777.444429961049
777.366440002629
777.273082382582
777.20844162477
777.202446476423
777.076631448907
777.004386494827
776.997705987952
776.985069173146
776.968592221073
776.960653077694
776.915772014576
776.911503725724
776.859530707073
776.849548806495
776.810182977356
776.744775932823
776.743092960088
776.712183679341
776.694992535358
776.690223487854
776.67234242484
776.662922854528
776.616201652925
776.599127306959
776.571928145117
776.568857181588
776.533898057671
776.452873177515
776.400068761557
776.35507168099
776.354211108503
776.327687700913
776.295337497687
776.262688715061
776.230432038341
776.229803557456
776.224133490253
776.187102682354
776.150288666191
776.113194517088
776.092122165001
776.079650285427
776.074552479625
776.072646318717
775.940878809799
775.912328181414
775.897545940588
775.894506224637
775.894131956228
775.872104840634
775.840744445371
775.825057483312
775.80595013006
775.802939573792
775.801986568571
775.755797914833
775.755012227504
775.748419785149
775.660391450161
775.604261670685
775.554565509733
775.549955446656
775.537371478341
775.532594066546
775.519611415071
775.51537182085
775.491447823969
775.474303316855
775.441308406611
775.382365824292
775.323624721767
775.319694599119
775.312054133932
775.310418338896
775.293575487997
775.242544313232
775.232628670957
775.22549079823
775.224869380158
775.216088838859
775.199330250035
775.185458877741
775.17386073001
775.172129408506
775.165972817962
775.152444694841
775.144909152359
775.089506520904
775.084819535316
775.067185342045
775.046685187443
775.036471675213
774.974697379629
774.967755442413
774.966641511158
774.934367980006
774.924484238495
774.855307357247
774.815820014474
774.808498894656
774.797444665421
774.781893315314
774.780172935592
774.779232235175
774.775027371621
774.743998591637
774.743556347576
774.736440855947
774.724309987455
774.720048071209
774.693755037097
774.680150870302
774.675033411484
774.667327359017
774.660144393764
774.654103999166
774.639422180167
774.639141672369
774.633072873209
774.595895567843
774.594355604412
774.584508784149
774.580813147728
774.569321507198
774.567165665154
774.564236242705
774.557182476237
774.535772993886
774.532930368546
774.527445853344
774.519568864507
774.499224816238
774.467090043697
774.426630766486
774.418800498031
774.414683258414
774.40881852188
774.408243219391
774.402934398956
774.391100003753
774.385985352351
774.381353231067
774.376123541404
774.364335990653
774.363679450341
774.357860324069
774.351683965558
774.342711212438
774.34215132052
774.305639971694
774.297716991149
774.282908280785
774.271168953303
774.265632720435
774.231353073703
774.213209932601
774.208623961406
774.136997260512
774.107963985878
774.094973637492
774.088671825557
774.086880992304
774.086678895387
774.081417039028
774.070767920045
774.055020744103
774.05111484778
774.045910490705
774.045756579153
774.042098415177
774.038219146279
774.027616995191
774.005445273731
773.993039313755
773.949191236252
773.948318920526
773.933331865061
773.931879385921
773.918751109417
773.909290770749
773.908226598716
773.904516375736
773.890843080778
773.88696781531
773.87804495825
773.874896537038
773.827423562251
773.801945906172
773.799321413603
773.792169198215
773.777742619132
773.754695010571
773.7417584199
773.723657184886
773.720756478443
773.702417679982
773.661290984205
773.639858103028
773.630725550247
773.625740357133
773.615732772545
773.611981931529
773.595850642612
773.571316570031
773.563228792758
773.557991900226
773.554353227485
773.554262120155
773.545867180404
773.542204986237
773.530002641146
773.527382763325
773.524517586858
773.514666985676
773.511410626709
773.498626550541
773.493050562229
773.492879815571
773.480338892512
773.478067680111
773.454699861245
773.44239203834
773.425367135056
773.425302805863
773.413613870842
773.407830131423
773.369135850827
773.34235336354
773.316280115457
773.315399437098
773.298376822796
773.268486177513
773.252601202051
773.250335077748
773.236335480227
773.228800139062
773.214422164675
773.136435090328
773.1345394177
773.123880077509
773.097831274737
773.085146557464
773.036083124148
773.030533331845
773.028402449052
773.023982055068
773.019691998997
772.987260066217
772.970545482618
772.966299024829
772.963662536939
772.961215728221
772.960913064915
772.958423586301
772.954455664593
772.939714692317
772.931096752918
772.90469153476
772.881482593298
772.855251048491
772.854295753314
772.852681272909
772.851373018488
772.839339019296
772.830341794822
772.823933414677
772.813876864285
772.808481264643
772.796312518183
772.793134302092
772.781920208085
772.773158114851
772.770986713872
772.769464242328
772.768959198941
772.748632868095
772.746502018265
772.722561993102
772.71913692062
772.713929016609
772.704496814508
772.702827903683
772.694188322925
772.691334525156
772.684268567753
772.681098140519
772.678648888022
772.638861139105
772.630037916714
772.627078973188
772.62280150146
772.567743185321
772.54342627561
772.506396805023
772.452768923138
772.442262637518
772.441513967427
772.416313262924
772.410677830283
772.405204098011
772.397001254689
772.37089914327
772.352569584772
772.344324073613
772.344220464152
772.338372859986
772.316250518645
772.314459626412
772.314111255633
772.3132465569
772.299534522176
772.272684840858
772.252658160112
772.251708658878
772.245810355017
772.236254861068
772.235219707405
772.234325627192
772.219491094944
772.214975227258
772.212401997353
772.207583804367
772.168682591666
772.168404158726
772.162173665442
772.160928367016
772.145194167923
772.142467065529
772.128981350689
772.123005254726
772.121384899603
772.117556399325
772.110463551321
772.107039207513
772.10698996188
772.095380946796
772.071755512165
772.063207258628
772.060279935819
772.049241893766
772.043810958703
772.0319526774
772.029213031748
772.022118056692
771.996350198765
771.988878286041
771.985164544198
771.979251436366
771.975151915937
771.961824209881
771.956045474467
771.949590479641
771.943259253066
771.937688546074
771.937435961804
771.930661134675
771.922838995103
771.917425469743
771.917051704705
771.878802874593
771.84449426585
771.833400402115
771.824629512733
771.822553640567
771.805569483854
771.797818988648
771.790835896807
771.775577184067
771.756451323802
771.73699364011
771.712768554809
771.702529769283
771.692185046548
771.683576878479
771.673391082454
771.672495011948
771.670101367047
771.643362966264
771.635311826238
771.634719199469
771.617480488694
771.603752528245
771.597419758754
771.573438239832
771.562290474741
771.55336574059
771.549321660821
771.543543057053
771.527244706028
771.518219024029
771.515037527607
771.512250044376
771.483240181495
771.462682193604
771.431724876549
771.385880347119
771.38057984611
771.371691881526
771.365625254509
771.348921566924
771.348336864436
771.337955372815
771.334217503596
771.329531273895
771.327404936893
771.322580119405
780.152473194456
779.272761811074
774.75211852366
774.039243461099
772.612522650506
783.71912062716
780.896747020028
774.282806706578
774.684964214754
772.269345156856
780.798108178265
771.349180239359
771.601705580155
774.157943152621
771.566655289919
773.923977549593
772.077900821475
781.510992201004
772.534474849277
775.157958787339
777.703427165244
779.533762501467
782.502668072103
772.740532675833
780.99301330107
778.844569259559
771.582993369666
771.39183611752
775.396097473325
773.198467920145
777.415166264335
772.07980460091
777.240760492046
783.048986082083
774.337661438771
772.635541071705
780.936964606579
772.765950348725
781.32829691216
775.141463883838
778.178786394026
773.008190062517
775.20911157684
772.073370016483
773.33520575994
772.07547538683
774.715788500863
772.910158311893
772.443958930869
771.413990870126
774.875160755441
774.168968017754
774.430459818622
772.057487323354
774.211095983219
771.861236268609
772.032383553455
779.383328920195
783.908266124046
778.617600810122
773.354155575414
771.62479712764
775.371131482133
775.769358807517
783.604374206308
776.840024411725
778.854603959607
771.651549779543
776.807255473114
772.53617253539
772.295196321966
771.492474067658
777.234188123392
772.610893974683
772.47462704551
776.130770325406
772.293056139366
783.741331856857
774.286634366071
773.253483434593
772.665828347679
771.981519569687
777.761251867213
771.837664006151
776.273120170153
774.300796554204
774.306242411375
772.091992665839
774.784728334647
775.140628163626
775.646790756771
774.054214447524
783.033985378007
784.451876486982
774.667993399886
777.732446766834
771.622123292608
774.714199022583
772.300409545862
774.249167483498
774.528251238986
772.94723357557
779.437750503697
776.155690611399
772.245111072938
773.590720617654
772.925666826458
777.821257262819
775.945153629505
783.523851963354
773.185110390517
778.106256698215
772.445305333435
773.192153633399
779.506514803901
779.195991104816
776.434191912482
772.61001043995
772.813869648957
777.69340109525
775.519518726181
777.695822014587
774.464639460274
771.661626339221
775.234287374922
771.666817931402
775.231339862964
780.361048885954
772.435423664719
774.316391075393
778.875053656655
778.982060906674
776.821454249154
775.274306683568
773.373378944966
771.405535471609
773.847727825362
787.468315266293
778.80653579194
776.073370706583
778.50831245176
774.267826787724
778.34359857609
779.896367675121
775.887754359285
772.101521130055
775.887472554857
771.651410393672
774.40561658364
777.16558272414
773.445262173499
774.975073947498
773.60597790288
771.739701867723
772.599332447504
776.937464775881
772.858799491398
771.331103802857
773.471640762103
772.239044731673
773.14850655403
772.036464416844
773.184354171605
775.050501082252
775.228781219978
776.079994645346
776.302016114101
773.442264435894
772.444825691814
781.045422792364
775.414552484564
774.877013777396
773.631524145587
773.807112144763
775.66071833259
772.319082261528
775.730390917676
771.479191719706
771.809722514738
774.709826353657
775.682658201238
774.278626403531
772.601919958264
781.585168728118
774.625696036827
776.322855922648
779.069229656484
776.93953239865
775.046772541752
773.791503499055
772.286582477361
771.486343218907
771.406156168794
772.986781270955
772.110036178254
773.781334459891
773.983832841398
774.129307818275
777.532950328211
773.390908906831
773.696302635892
771.509487155902
771.775780879623
773.312209651608
773.698883943542
782.074265361699
773.393606879178
774.374470110843
779.241861889418
781.887900416647
772.599582199418
773.442571693477
772.415713900323
771.932352652892
775.443852844372
771.767289627902
773.532085061009
775.675800450221
775.425410839109
772.219027315469
771.44966047632
774.920907281129
774.858770647491
776.538732785006
773.050824262699
774.511439529748
782.059102230485
774.097191405455
783.102214809513
772.461692180639
771.978670677118
773.966954498396
773.883372328009
775.834081303137
778.874866891778
774.62636280333
774.71658871698
776.79785997702
773.205138040045
772.434729230524
790.648908406211
773.915591229549
780.104266799161
774.268237760051
777.178521125342
772.347156501492
782.858271741233
779.822431381182
771.855181271758
773.240128485422
772.987638297445
777.171485959799
774.132026169945
777.133433390252
773.39261295365
773.032059098868
772.035775217774
776.190297255656
777.641464305618
773.080009388499
778.199958044052
773.201037287839
771.929305572768
772.60438943076
773.435617477519
771.731332559418
778.39203024679
772.946114541524
772.295091965129
772.228425385516
776.29211625882
776.521202393427
773.189033624279
780.939940293437
776.286486965853
772.168767914546
773.096832140566
775.357702555
777.055422115933
776.377596409857
775.406707182064
771.510603708615
781.692135186476
773.301254432557
776.783492324423
774.286356146133
772.208079440519
782.840922114749
771.613405396987
775.570938599462
774.871256346852
779.430873010986
772.882050035855
772.903864846801
771.970075512429
773.953129852369
772.617390240321
774.755424150018
775.299116004696
772.388597338014
772.095780793066
782.550670324096
773.503152524667
788.528657084269
784.980848638195
778.520586525315
778.914827499585
773.696467323806
778.017153288088
773.454877295302
772.345832128452
772.951748360981
777.057483691799
778.450001842006
773.690654834866
778.26394867473
785.994132860038
772.189476326987
775.002297394095
784.443657450239
774.676174672792
778.524093911652
772.242225323177
776.948608911651
772.817308308434
774.675357161665
773.30665203678
777.458775521015
776.063338266808
772.614437977098
776.892095443912
772.376270810533
777.352877776666
777.030929964583
772.008885353749
776.589525251061
771.364769772679
772.432443749342
774.660511002844
772.252012520742
772.17571022793
777.489512324857
771.743666784885
772.705221167581
776.816884611853
774.107836675872
781.629033902807
777.641049747683
778.68426951341
783.713036759919
775.154544717743
780.671475320063
772.949763439484
773.88305001453
775.170253706722
776.634735509843
775.179856670327
773.641532609065
775.028678600249
780.360848948267
777.89353235072
772.091960669571
772.254847018505
773.849694434241
775.737519961486
778.493514020799
775.505426985536
772.736358954045
775.904893976508
771.34544103626
771.551230432576
772.085730952909
776.592065397635
771.754445332885
779.831326286257
781.637908427314
773.22904399841
772.159839461843
774.545703025864
771.368024430073
772.459106294951
782.151406685402
777.646312710097
775.565371936092
774.926264135588
779.512938403633
772.271456111269
775.223965954438
779.407915979513
771.667828583869
777.149538108924
771.579630678492
773.0524733719
773.330114552427
774.647132555864
772.825291351164
771.787578552143
771.640790330096
772.075031033438
772.784834308027
779.461791475852
772.971263849624
781.790721534462
771.944317658994
772.4775538368
776.444546986997
774.345481497258
774.199547838081
773.032125229243
772.55110234845
777.010385600398
773.088176444377
771.662607226906
779.460612371108
773.947593151282
773.952569256651
775.887534159197
772.981856763889
777.361333351463
774.241277166048
775.504908142941
777.630873809259
772.112506642809
775.313527661755
780.075712400317
774.853067880184
773.543644702191
771.96413688415
777.700406718183
775.548531538287
775.451347743489
771.949215356502
776.109594910906
772.655433674038
771.633572341589
776.969032627386
778.09828401199
775.346740744437
780.246030264199
774.079036873495
773.137362438161
773.804252260761
791.433962012853
778.282508529258
784.942516958933
772.030330391447
775.217471228829
772.214975294929
772.817526200968
775.019949709309
773.789892622071
776.515361140198
778.341081938997
774.418326856225
773.494344330148
773.644173850995
781.531626461366
774.310318580478
776.56525880076
783.306167319928
774.73414367745
773.507871775802
773.524956163591
774.090942077449
775.432156112959
773.736215922087
773.21163786735
775.773095166308
773.227737943015
783.21661724645
782.878014989314
772.863435274935
775.315291580457
772.682707617964
774.009180779878
772.184893271902
773.109923803164
771.519908772797
771.491059999908
782.949033878321
776.886844760654
773.011409967442
776.742641124193
777.812033653464
773.512282537979
773.547688311683
775.661590283369
772.505261253344
776.221540721303
778.442132683942
778.055285491098
775.799272437587
772.821368431584
772.650460099006
778.264620739678
776.06722214529
773.263659283191
785.168812923874
772.442033588326
778.624451136148
772.683558862989
774.339534762495
