1045.90696200453
1043.51183307968
1042.69086422871
1042.53576894632
1041.04063481774
1040.6058152465
1040.47199113581
1040.43193298298
1040.15423457382
1039.76171475868
1039.70864434265
1039.47100937673
1039.43706494759
1039.15749517171
1039.10363406004
1039.00887911698
1038.99528211883
1038.99515671196
1038.95023792544
1038.94161223235
1038.89041123287
1038.83162732147
1038.72393224194
1038.64122980404
1038.58476345997
1038.50994868112
1038.48493865568
1038.44719801857
1038.37241366055
1038.12543646644
1037.95702568449
1037.941580471
1037.79499967388
1037.79078472973
1037.71903510581
1037.71729490071
1037.52938508243
1037.48163318279
1037.46201194661
1037.33126994911
1037.30487208308
1037.22618099008
1037.19763552413
1036.97403242043
1036.87449786049
1036.69334806312
1036.60100011126
1036.57493058271
1036.55946978109
1036.53139909302
1036.47270814436
1036.467940815
1036.46166269899
1036.33947276065
1036.28764637258
1036.18964861068
1036.11216594595
1035.93992711284
1035.91128733147
1035.63142139134
1035.58404686735
1035.52492009112
1035.5106036031
1035.49908234355
1035.46795020721
1035.42328757188
1035.40440244899
1035.35409218772
1035.27355302607
1035.25883894281
1035.18831979081
1035.12288245341
1035.11823716974
1035.07173410318
1035.06572765409
1035.01052276418
1035.00717479961
1034.99861182896
1034.9327426697
1034.90305044397
1034.8475487215
1034.81241824786
1034.71246482968
1034.6955137617
1034.65932149245
1034.54967204849
1034.44036359508
1034.38594711697
1034.36655696307
1034.2979714158
1034.29436691648
1034.23611090215
1034.20023160022
1034.13721013152
1034.13584509257
1034.09011576254
1034.05739856788
1034.04477358699
1033.92024517828
1033.89884835501
1033.8738858342
1033.83436497294
1033.79532633761
1033.70385620307
1033.696409494
1033.62301355883
1033.56996465791
1033.54121687213
1033.49314979309
1033.49078099389
1033.45139218598
1033.44561689577
1033.4393575017
1033.42540532957
1033.42347568681
1033.41534964078
1033.41533241889
1033.35895811331
1033.35462327356
1033.26169407704
1033.26032113601
1033.25632552353
1033.24955264175
1033.21073294632
1033.20551788008
1033.18957996145
1033.16886171249
1033.1192697507
1033.10659162846
1033.03937256931
1033.03086177616
1033.01526161581
1033.00566435319
1032.9562343563
1032.9435344458
1032.90179234101
1032.87452901097
1032.8535472459
1032.84591224043
1032.82745639236
1032.79155784436
1032.76164074284
1032.74531412117
1032.72399144113
1032.7154191503
1032.70466659089
1032.70399557008
1032.67722409337
1032.63274969336
1032.58516661965
1032.55131616644
1032.53816374918
1032.52781874634
1032.51323604615
1032.48209549899
1032.48152743574
1032.47925929341
1032.46575878968
1032.45053224565
1032.41089697096
1032.38333448278
1032.3587541716
1032.34323311745
1032.32477954756
1032.30484185254
1032.28900137944
1032.28210212261
1032.24470150567
1032.20513271251
1032.20025189406
1032.19621340426
1032.17020199162
1032.17008170568
1032.14059806394
1032.13986801549
1032.12871790572
1032.11781081208
1032.07898140987
1032.07497758719
1032.05308013069
1032.04879310902
1032.0459810421
1032.03410985672
1031.99240473918
1031.98480312325
1031.97219996727
1031.95345324845
1031.94721867178
1031.91735559275
1031.88721830045
1031.87233756715
1031.85655128479
1031.82827816427
1031.82008424954
1031.80662840512
1031.80432695796
1031.79874125283
1031.78179150695
1031.71472041284
1031.69795343461
1031.68250300675
1031.68014115366
1031.65493012552
1031.63757385142
1031.5881183381
1031.51151270049
1031.49531017899
1031.46034055932
1031.44194563656
1031.43696440822
1031.43252592286
1031.40028007047
1031.38458264783
1031.37298162116
1031.3614596393
1031.35802119862
1031.34673188808
1031.33124377177
1031.2579111532
1031.23645410642
1031.22505118069
1031.21659269265
1031.1922320132
1031.18262484786
1031.14865975064
1031.14545959358
1031.1386967587
1031.10235557728
1031.09479993889
1031.08932403839
1031.05409198525
1031.03530604709
1030.92651856419
1030.91117284703
1030.90752715074
1030.87941216361
1030.86193375104
1030.8294777984
1030.8198613513
1030.816124478
1030.73714901404
1030.72835297882
1030.67337362107
1030.64634591618
1030.59401337849
1030.57012378914
1030.55548505838
1030.541268261
1030.53752331266
1030.5101943938
1030.50615114702
1030.48089647698
1030.41621317768
1030.39118321539
1030.36772190134
1030.35209414201
1030.35032447851
1030.33812681409
1030.29107620352
1030.2813492283
1030.28010638406
1030.22451892803
1030.22271315129
1030.21924080084
1030.20754986746
1030.2075420099
1030.20377113441
1030.19390751929
1030.173700727
1030.16485268593
1030.13960943629
1030.11754957676
1030.10525089775
1030.10235157012
1030.09229828329
1030.08321404198
1030.08320182277
1030.08006024749
1030.0797222903
1030.07879091611
1030.05210864692
1030.05119867758
1030.04005164773
1030.03250702279
1030.03039501654
1030.02628802731
1030.00897355728
1030.00620815457
1030.00469867224
1030.00386985493
1030.00248548297
1029.96086714297
1029.94108440183
1029.93054500718
1029.92190238444
1029.91358793503
1029.91166253858
1029.900317972
1029.88042006036
1029.86452971623
1029.86117406067
1029.82662763101
1029.80146062415
1029.79852486032
1029.79144167614
1029.76816608752
1029.75104276024
1029.73952837192
1029.72160594775
1029.69035066534
1029.65236025108
1029.63614723509
1029.63076421609
1029.60232855464
1029.59786201133
1029.59263336326
1029.57268069194
1029.52512922626
1029.51927229269
1029.48125481957
1029.46408061493
1029.45610148081
1029.45562676585
1029.45456286265
1029.35996516018
1029.3531683406
1029.33813615061
1029.32169433572
1029.3174819372
1029.27201023814
1029.26718968226
1029.26063162936
1029.25521194689
1029.25359820981
1029.23519396035
1029.23420487204
1029.20783569134
1029.19751145358
1029.18792142351
1029.16144984507
1029.14817873394
1029.14440456525
1029.10448129279
1029.1030842478
1029.09982118329
1029.07530680581
1029.06195478777
1029.05639539202
1029.05513620698
1029.04688656976
1029.04171061272
1029.03122428701
1029.02890011777
1028.9733839223
1028.96243923553
1028.949378032
1028.94925470166
1028.94875175029
1028.94014768794
1028.92318813448
1028.91419347015
1028.9002784162
1028.8809698406
1028.85283832909
1028.8434033172
1028.83118332525
1028.83091132701
1028.82465681341
1028.81726599683
1028.7928238491
1028.7801650911
1028.76456999892
1028.75882406023
1028.75437099188
1028.75381816882
1028.74527851861
1028.74045055026
1028.73723391547
1028.71310683115
1028.70615953994
1028.69837499724
1028.69091685204
1028.68531585507
1028.68367129201
1028.66611998355
1028.64956166493
1028.63702969658
1028.61574752416
1028.61304258
1028.5863927174
1028.56119305547
1028.52657407294
1028.49970760644
1028.48759466193
1028.48104441705
1028.45567790183
1028.45228946198
1028.42668919817
1028.42305101724
1028.42293784127
1028.42085456514
1028.41032517345
1028.40534194951
1028.40309235113
1028.39502141469
1028.39202270753
1028.37604782322
1028.37494483697
1028.37393909961
1028.37145435141
1028.36948673331
1028.35236212359
1028.35105019334
1028.34503257564
1028.33653884815
1028.33129893347
1028.32675941252
1028.27278251009
1028.26557232291
1028.26293090515
1028.26054580213
1028.25857113863
1028.25690948806
1028.24246548976
1028.22817106733
1028.21684700034
1028.19788498253
1028.19126671404
1028.1880541508
1028.17483295392
1028.15876625032
1028.15844902746
1028.11419634403
1028.10392602559
1028.09802007104
1028.09370222174
1028.09365895096
1028.09188860301
1028.09060844569
1028.08965636285
1028.08770460495
1028.07796415285
1028.07329419453
1028.06744167717
1028.05157566559
1028.04393208594
1028.0353985338
1028.02648974012
1028.00868409823
1027.99280605803
1027.98325109222
1027.97554544009
1027.95169306844
1027.94745977631
1027.9392712559
1027.92942899315
1027.92865775668
1027.9199418945
1027.91504739338
1027.91100315074
1027.90903468066
1027.90423760627
1027.90317809251
1027.89491492295
1027.87469914751
1027.86954214816
1027.85167496443
1027.83693623632
1027.8335198613
1027.82969602035
1027.81993760241
1027.80831772708
1027.79939372922
1027.79883335022
1027.79349520802
1027.77673250047
1027.77350354308
1027.77324231463
1027.7726112507
1027.76152776247
1027.7145201528
1027.71016839079
1027.70963457868
1027.68970575581
1027.68746194218
1027.68176592201
1027.67294051424
1027.64449737041
1027.64036313019
1027.63354489551
1027.60959376357
1027.58175574755
1027.57684244554
1027.56573308966
1027.56400971852
1027.56135072675
1027.56062956634
1027.54193422219
1030.63527082779
1028.6469782527
1028.09234125565
1028.26899812376
1027.94049613329
1029.01665146337
1034.39005238191
1035.46256399827
1027.97298092113
1030.26099549491
1030.84865378013
1038.20618236704
1028.68752555589
1041.52805617608
1045.75154616512
1031.37145016097
1029.53009805756
1029.75373973905
1034.8585881205
1028.6187161053
1030.98158950048
1029.63099573192
1031.82490614474
1027.65925285081
1033.8910195095
1033.27460316973
1040.25361551517
1039.95749275368
1030.8287773097
1031.3280957632
1028.37957356696
1030.96970556409
1031.08806410314
1031.46397367921
1030.96734727473
1029.14854550467
1034.95682366358
1030.98809759558
1028.25691547663
1033.70860097456
1034.11951853141
1028.01492249811
1031.14478093831
1028.49424974218
1030.90796498519
1029.33521063799
1031.72413932176
1030.10558726463
1028.51933647366
1035.70588501401
1029.40005580962
1030.53501773997
1035.30539237365
1028.04949082124
1036.79476392689
1027.71979434975
1031.85420354716
1028.15260036419
1042.98095088944
1035.50606669958
1031.68585130027
1029.86581520764
1031.27452176893
1035.75225927307
1032.77800286436
1031.27321786217
1039.36862258811
1031.10084730245
1030.6504905873
1036.527291148
1031.15364061179
1034.02157961297
1032.47140143979
1040.31132050575
1028.49150826074
1030.25765372322
1031.13214610865
1036.86214207353
1034.3184302493
1037.81852254903
1029.92383004486
1031.8486185173
1034.48525644287
1032.28345672346
1028.457020866
1044.38566501006
1032.82493630464
1030.76986699361
1034.97104098168
1032.20921617167
1039.79389834475
1030.93032086799
1036.51770838551
1029.84783727612
1032.21655258941
1028.00733229632
1032.28327812531
1029.34981757877
1029.51648608049
1029.78130714455
1033.14878350051
1036.40097221322
1028.95947495216
1038.22687795632
1036.2915003804
1030.26524878815
1028.7869601529
1030.8729925929
1033.01191508783
1033.5162686932
1030.38425340951
1031.89856171436
1031.22457380427
1029.94419265899
1027.69067355384
1036.2514991973
1041.81049476958
1028.98232468086
1032.99493018962
1034.97786113885
1028.67922518479
1031.11753467881
1036.92432340943
1033.61117707242
1032.09144618936
1034.41868212042
1032.26012072178
1032.60444343756
1029.12988507815
1027.78078691432
1028.77816433054
1028.10289327255
1028.34133637433
1031.3089954561
1030.44548857608
1028.08711137618
1038.45853355323
1036.30041012203
1027.55669535726
1030.52487549766
1030.06038196885
1038.00736884258
1030.13478996502
1029.47608533945
1030.50227079713
1030.95835728264
1029.25417500759
1033.15101835449
1033.49277642307
1032.05048073678
1030.77672083613
1035.46609697352
1038.52613408512
1032.23973161798
1031.39122857724
1034.24978987288
1028.48326295286
1035.60238453069
1035.61953571647
1029.14502714467
1027.76361204409
1029.51466250954
1029.56560778152
1031.99764154029
1029.26824630869
1028.61571151779
1029.55152383142
1030.39645065467
1041.01560893596
1031.42211063004
1030.59809516406
1035.55754681292
1028.98738088528
1031.12650980177
1028.8775700964
1040.73764531777
1027.82191713966
1029.40684821534
1027.74884365644
1027.54706563253
1028.26725471033
1028.13925578988
1027.79626433095
1029.55073445549
1028.36393589112
1032.67283323994
1040.45699705658
1042.91414852079
1030.03689553263
1040.33563614218
1029.48455508677
1028.21154006986
1035.91323860742
1027.94872348048
1031.85561216813
1028.35970575591
1038.63445609826
1031.77392272603
1028.34073658845
1028.07437398103
1028.86590947813
1030.77775664655
1027.63466943934
1029.75806612313
1038.78209341925
1030.99401672571
1030.31494189109
1033.48525218055
1039.97587442844
1034.61531157044
1029.92944767903
1030.82022518731
1028.38544423962
1031.40399666213
1029.13100808382
1028.78350659605
1031.72284170069
1031.147653633
1035.40390508385
1030.20996532357
1029.13338534494
1030.08548306248
1029.48992289462
1028.51716025264
1028.88709321717
1032.84872081328
1041.78759110831
1034.61987558395
1034.57970452719
1031.88419631294
1028.13822261412
1034.68300981735
1029.05351230646
1028.53647869517
1034.92747162266
1031.57648097173
1030.11782191325
1029.73103614198
1027.96068695526
1029.23957938414
1027.8504988538
1028.33916566017
1032.09495737445
1033.10809752657
1031.64926831224
1037.68800295228
1034.58934398298
1029.86142428628
1028.84984373044
1027.78533949595
1033.1381735758
1031.29564449323
1030.94511576532
1029.48707936839
1036.2057465789
1035.80250373681
1035.24308619721
1027.92092523257
1027.96969379233
1032.21809985485
1037.34265505129
1032.15615889553
1032.39008957154
1036.7769293035
1030.35672798687
1040.16855872326
1030.35832542425
1032.15988390319
1031.4021455113
1032.30830369239
1038.50710209913
1032.51181482241
1029.72861165263
1032.68393924693
1030.11534601756
1033.59054372982
1029.1172936035
1030.0931396532
1032.6918707712
1031.64509817433
1028.29422470204
1028.67572602747
1034.12035270021
1030.98591239813
1033.69844079115
1029.17965302826
1032.00703149686
1035.86506210444
1033.46328658987
1028.15330135252
1031.53230244616
1030.81153816579
1030.58759625454
1029.93348975899
1030.3774976533
1031.16453348276
1031.38132963035
1027.58813378747
1030.67653425664
1041.32473298304
1029.56013587244
1031.46419604533
1033.40205408119
1029.75709174581
1042.44669266497
1033.07017480293
1038.5065170349
1032.17308645293
1030.08150254002
1035.00544435091
1029.83494045455
1032.25087792857
1030.04835422756
1031.09324418839
1032.84980517993
1034.28699633849
1041.79243638757
1029.52884789878
1028.46125360644
1028.58686470247
1034.68711828542
1037.42325687749
1045.13530257079
1029.28231364875
1029.09831011177
1037.57743738944
1029.5997165717
1032.12785066019
1034.43127253042
1029.80139573949
1032.11741444935
1028.64182756076
1032.72481848676
1029.20666900978
1036.87259752491
1035.83746141819
1034.47046581332
1029.55740600344
1029.23939438948
1027.62683505097
1032.31332257296
1032.98614227503
1029.85481882304
1032.17395241965
1030.75759888016
1034.10066808677
1029.9930739371
1034.45404127027
1030.21433746095
1028.14134865969
1031.05870194227
1031.96710390412
1034.85529308557
1032.94958461981
1032.76943635986
1030.53565023011
1032.67868596721
1043.96744564334
1029.89145434852
1028.74275042919
1036.40866346987
1027.6167469309
1029.66643402391
1045.94245111936
1031.90539545537
1030.35327808646
1044.45702365107
1034.69119109487
1035.88536937256
1031.32082230106
1028.2475116041
1034.12260892616
1030.5776715927
1036.74428010821
1028.28375628307
1041.54855050822
1029.76167092307
1033.99552709564
1032.40434879669
1029.99784509156
1028.55632645073
1036.67197718709
1034.19928653331
1031.80228262225
1038.51160637518
1030.98341925319
1030.70742932239
1037.479728702
1042.36158489556
1027.6475716707
1039.79016511167
1035.46484332761
1038.21113178897
1028.86926873697
1030.13017323927
1028.84736650066
1032.7359461846
1034.9163709254
1033.99709686563
1028.6431866663
1031.13981610889
1035.56111988134
1034.3364479318
1030.97258730066
1031.79447107798
1037.30370646543
1031.2149039291
1029.85105702925
1029.46778712655
1033.01477972564
1028.272042841
1030.56117134354
1030.27165092022
1029.56881040854
1034.12508834191
1028.76623617986
1039.9678484351
1030.22402335523
1029.65010606907
1032.03267533923
1028.49013417398
1033.27234501151
1029.97658556272
1031.56522929454
1030.13414571118
1031.62998166936
1031.17618338989
1034.22159876397
1030.83790612853
1039.64407611465
1035.29653521987
1028.3848448848
1031.32817027214
1028.81802493209
1032.78557636496
1041.06680231566
1030.30969820194
1032.45223913286
1028.40204652493
1028.12040599662
1030.44216170865
1044.47002547044
1031.43118872236
1036.01573060847
1036.9790014664
1030.84488686274
1028.38443503733
1035.17129889669
1027.91864583686
1034.30196270309
1031.97174923829
1029.62721972795
1033.38827654137
1030.80769065723
1040.29212933332
1028.4158891026
1036.80601724052
1029.53700595294
1031.91641603862
1028.17997738549
1030.00665904885
1033.09386237455
1036.88033234142
1034.46432043583
1036.55188835646
1032.14616016028
1030.57358694184
1028.65942519901
1034.22451468073
1037.34111204463
1033.7814193974
1028.25623853889
1036.53111861855
1033.87612350575
1030.37430198516
1031.8889335386
1029.63339128842
1030.15100599626
1035.14628587248
1028.90593623047
1032.88864914816
1030.83761468823
1029.83409206638
1027.80654414169
1036.26078785045
1028.31197919234
1031.28827364304
1034.41291957112
1033.70669229635
1031.7041554325
1033.04889937704
1035.57722651457
1036.08028960737
1028.30298181438
1034.29251216623
1029.77865045458
1028.54773786902
1030.64245252293
1028.2433648387
1027.90936163204
1028.84989904741
1028.30557305969
