729.869682130011
725.402670766355
721.87106542776
720.644493783675
720.326178399794
718.071902914382
717.653772373788
716.259783739115
715.833281023174
715.621185294098
713.361361702138
713.178132311522
709.847107432121
709.548311799967
708.874796786496
708.54362994924
707.720278337067
707.450987448901
707.102412641402
707.042047072492
705.949221002846
705.947813350343
705.560789706947
705.47999831776
704.534490185861
704.45132211258
704.407596786408
703.900215224707
703.582353399478
703.564475691927
703.44108546401
703.325208274894
702.874777648996
702.832126158011
702.799698513433
702.780197571217
702.765076020285
702.758641535895
702.742847787617
702.740391965063
702.736530484342
702.730351813814
702.699653208444
702.687480370105
702.683485021352
702.664010732433
702.660456470801
702.650508934223
702.646846815758
702.636305457495
702.631781985781
702.622240553162
702.619924660085
702.618451410951
702.614930588318
702.612543831886
702.604797503765
702.597058864435
702.595497381474
702.588156329328
702.581715195857
702.581610003812
702.56637127768
702.558268500804
702.551995999506
702.541206026165
702.541145333234
702.540489776171
702.538955999482
702.538436655141
702.53016861122
702.527228443858
702.525661840954
702.525659120317
702.521822828931
702.52067676021
702.51550600853
702.513418880917
702.510742312533
702.510358052011
702.504839899069
702.504100846369
702.50033926509
702.497344823799
702.494215599687
702.493476298725
702.484566058786
702.479809911814
702.479136306344
702.479064921881
702.4785387988
702.476936897774
702.467083211702
702.466824355238
702.465685248117
702.462945440021
702.460008856918
702.459459462236
702.45859544376
702.455407206969
702.452196489062
702.451458430683
702.450985137409
702.448884954575
702.442927444425
702.441905357583
702.437640980904
702.435721316727
702.43485982503
702.434495320896
702.431412978405
702.429186404456
702.422550134287
702.417410438048
702.417007512731
702.41642525735
702.415413930525
702.412419133424
702.411908599578
702.409825734919
702.408436303299
702.407668397959
702.407373817378
702.405218087301
702.404112576757
702.402792406335
702.402697584583
702.400012344499
702.399018088848
702.397548473842
702.397369306423
702.389939044482
702.389931263059
702.389833253545
702.389048368242
702.388222667819
702.387118212733
702.38629946919
702.386046413432
702.38504170969
702.383803258503
702.38219948064
702.37865793583
702.37856484561
702.376506561509
702.371530328147
702.370849789874
702.370720437441
702.367914085532
702.362942353236
702.360050839453
702.359394980396
702.347761404921
702.347230378075
702.346551179831
702.345653954873
702.34560657222
702.343729320761
702.342972128836
702.339833150411
702.338107911884
702.335308119798
702.333482485867
702.331532675499
702.331328341107
702.331030685136
702.330362131708
702.327793707455
702.327779924049
702.326292733528
702.325583507708
702.319602025188
702.319341775554
702.319167025804
702.318137711248
702.316824630009
702.316462521711
702.316347670216
702.31609166349
702.314977853077
702.314531475376
702.312004281843
702.310973203132
702.309854257289
702.309256931111
702.30396589484
702.3009889884
702.300933974262
702.299869561576
702.298243198132
702.297531611516
702.295361390321
702.290815691246
702.283858130845
702.278615438301
702.273614053148
702.272969952244
702.271349882369
702.268249826492
702.268059606232
702.268017222403
702.267703008441
702.26379978352
702.262836229992
702.261146278851
702.260512839126
702.260143653638
702.259813407311
702.253970970933
702.252737677157
702.252104219862
702.250049155346
702.24609837738
702.245379250385
702.243091084179
702.241743449054
702.240571823451
702.23953680847
702.23378084612
702.233073789873
702.232708004267
702.232480522229
702.230718846951
702.22935354244
702.229189142607
702.22795079311
702.222304209017
702.221991569228
702.220593316138
702.220099525837
702.218897345913
702.217150656728
702.213963615953
702.211804963868
702.211707634156
702.211057340187
702.210960328019
702.209921292609
702.208255422058
702.207085813324
702.206814427085
702.206591603296
702.204307863257
702.203963821515
702.203512035657
702.202159895549
702.201738079154
702.200493045422
702.199726902823
702.198658538442
702.196775016864
702.196373062104
702.19424839185
702.1929792668
702.191380490395
702.191291919751
702.191086977145
702.189555931143
702.188732884273
702.187620992856
702.187060155194
702.186330041147
702.186131450701
702.186031926228
702.185226926409
702.185222154224
702.185093871878
702.18137982445
702.178967060073
702.178162504003
702.175602149612
702.174714939868
702.172894364857
702.172583202435
702.169996864159
702.167534502561
702.16579167538
702.164801148284
702.164421317364
702.163857874973
702.163513725432
702.163318287986
702.162784701297
702.160730325064
702.159960072298
702.157972615574
702.157349468593
702.156343765283
702.152789285198
702.151969992968
702.151763070261
702.151101592117
702.150095306069
702.148197003057
702.147183219391
702.146930954306
702.146672509877
702.146271715942
702.143699446372
702.142697976878
702.141471372292
702.138078476914
702.137855938088
702.137764192983
702.137309378684
702.136434421422
702.134829932562
702.129665402628
702.129323238416
702.12904861216
702.127308091463
702.126796618232
702.125620048316
702.125012680363
702.124722165271
702.124142089007
702.123350972552
702.122570583466
702.120668797069
702.12019999937
702.119353261024
702.118524045782
702.117317286026
702.116465260498
702.115819226372
702.114781343591
702.113339478523
702.111961545181
702.109267601175
702.107097181559
702.106765667805
702.106034296218
702.105592375253
702.104537671383
702.10354715371
702.101483464354
702.100944376385
702.100866498036
702.100605186819
702.09997214065
702.099468525819
702.09508568575
702.094528555411
702.094070142713
702.093821452431
702.092350352825
702.092085386575
702.09069609118
702.090557449008
702.089637754208
702.089387325162
702.086480615562
702.085308122061
702.085193612075
702.084728772327
702.083315269191
702.082329960564
702.082037141733
702.081692119458
702.081338009783
702.081181898177
702.079541576982
702.078878625776
702.078570337661
702.078063694991
702.076719592208
702.074869470059
702.074849066775
702.072999277212
702.072152952163
702.071721445492
702.070621317617
702.069274067201
702.068826823465
702.068313664896
702.067815447768
702.067315466996
702.066653280203
702.066307760417
702.065063059403
702.064378310736
702.064364600608
702.063760281637
702.063137851069
702.062519672808
702.062506792854
702.060352376854
702.059275885111
702.059259480387
702.055844572598
702.054456242136
702.053784546847
702.05162286224
702.0515099088
702.050590585199
702.050051582557
702.049170539598
702.046642285367
702.044859434256
702.044697152146
702.0444196033
702.042850546057
702.041893126093
702.041344328379
702.041086177505
702.039799830623
702.037973699846
702.03623293297
702.035789490313
702.035664468703
702.033878481593
702.033743830078
702.032672538994
702.032668061861
702.032535689933
702.032535306724
702.032116704496
702.031083373155
702.027572069615
702.025867122061
702.025723234695
702.023618188988
702.022736657348
702.022181104791
702.021892328041
702.021308876206
702.021171738747
702.020491565286
702.020167188543
702.019846997395
702.019001223724
702.016957531626
702.015776900537
702.013395364383
702.013143575894
702.013058572119
702.012955781232
702.012304575084
702.012076359458
702.011890052388
702.011354695382
702.010859112512
702.009912725227
702.009909384547
702.009630901099
702.008665683615
702.007736257882
702.00769695759
702.007284293975
702.007240406485
702.006527803419
702.006512852022
702.006185718057
702.005584225531
702.003986394252
702.003352448878
702.002851276677
701.999082205685
701.998459191327
701.997630699404
701.99649611545
701.995912648028
701.995313207155
701.995254254331
701.994877013371
701.993945265639
701.993671863637
701.993119600431
701.991591940044
701.990044483785
701.989879970521
701.988056202228
701.987270466356
701.986839712719
701.984815846904
701.983288769819
701.983044748547
701.982243087394
701.981972754728
701.980524386026
701.979885950522
701.979656574454
701.97743026203
701.976717806864
701.975462192831
701.975193392728
701.974564595121
701.97441754588
701.973530677446
701.972788713393
701.971320543392
701.97060246023
701.970431675779
701.96974701861
701.969709842051
701.968611848462
701.968078868007
701.968031075259
702.484742313068
702.165804712447
702.278499409801
702.024448060107
702.496185237998
702.147213312877
702.058398178065
702.408567104395
702.377320893029
705.774782741038
702.125447514148
702.361814900308
702.387213979211
702.479550408834
702.175350309629
702.474813656193
702.243750581864
702.115763990475
702.469305908506
702.422012353345
702.37775336058
702.307873374209
702.002636738974
702.081463202396
702.447489958053
702.029939263183
702.579101281514
701.975598033613
702.043479991748
702.285852319359
702.205770878084
702.14011096135
702.10281899595
701.990580928241
702.106238175819
702.063041570685
702.24019788708
702.140263808501
702.288402099887
702.214913744411
702.030873697999
702.075421961747
702.339777245745
702.042618114961
702.212315397162
702.336433053367
702.01407966552
702.593809912374
702.502839819739
702.058422585257
702.289658185588
702.109721106133
702.04193152931
702.07354757123
702.241888975208
702.619211517034
702.046230984535
702.328762467652
702.183180126838
702.359715143581
702.669078339781
702.033814676841
702.133539190229
702.3196452174
702.130088788043
702.179358409718
702.671159957581
702.216918625449
702.099538721323
702.830759491901
701.9681820508
702.359552032628
702.121499960674
702.106751363361
702.258536193952
702.317030162135
701.977779537976
702.722871512325
701.989366435622
702.067629191087
702.06695696991
702.174999796582
702.239216631591
702.055256949462
702.230680295402
702.378229522197
702.07502486163
702.200301653603
702.095648973149
702.357320045234
702.462700582391
702.69401632552
702.091650729304
702.537589103203
702.059704905733
702.372152451568
701.987306882153
702.072347676827
702.438407850281
702.516474389638
702.131709943032
702.049631685931
702.335524777207
702.077958045086
702.080767174763
701.96808607141
702.316365651976
702.566737029313
702.670500097486
702.365692147515
702.11866982804
702.182719773796
724.038470497752
702.114350323546
702.24867901454
701.971139248998
702.521668719358
702.249647740793
702.603267865965
702.331487512849
702.511530223635
702.216375875236
701.967028794886
702.243911654245
701.969929978906
701.999438305391
702.265627084778
702.136707207404
702.120003974024
702.365442120867
701.976364144396
702.180453562802
701.972131188299
702.048659392091
702.263171221924
702.404838785473
702.61328976319
702.275453751206
702.165007407635
702.414071826194
702.362658418353
702.672198151405
702.266172532832
702.01103078818
702.549911474989
702.0094751808
702.339872246867
702.300124660143
702.241291547887
702.165537916497
701.981238003923
702.158877721594
702.051868324713
702.045163195612
701.993748638771
702.302861407408
702.252820628102
702.057710393722
701.965470718856
702.826943577443
702.322111121153
702.490859829933
702.208890707903
702.494680369764
702.037672422787
702.059905969975
702.032604819624
702.401601080879
702.019275563529
702.452248694471
702.042098511292
702.278357591021
702.253065170194
701.991251731321
702.335066195338
702.499433966785
702.197790541868
702.215493746418
702.404791105409
714.146133286152
702.210228494722
702.020152331146
702.40100675287
702.52294299941
702.202445914392
702.282247888892
702.466589347539
702.761016816896
701.967320860213
702.247299382489
702.404455888499
702.398105963902
702.442556012244
702.252869134421
702.237379557909
702.310181534843
702.391293450106
702.297816535026
702.577141653985
702.046737541398
702.076833419634
702.467756173998
702.654896237595
702.394089144453
702.501953679319
702.573335875168
701.986414193186
702.397405361203
702.215717629147
701.980515446139
702.45854832052
702.180647634595
702.094334689216
702.00847643954
701.973772913151
702.174664081712
702.304784761964
702.20072328501
702.336760692355
702.639997621661
702.011220269502
731.247302465367
702.262146302314
702.100224280991
702.07890333886
702.414530683679
702.750939480697
702.189758689291
712.624918944273
702.340617296646
702.230010411224
702.541964364178
702.535587270971
702.023654123383
702.083940775605
701.975562935158
702.365690811461
702.264204131392
702.354174097573
702.170928146337
702.349477294027
702.042244958057
702.702425224433
702.180965286783
702.311523913643
702.008012799794
702.39301777225
701.986292393975
702.566436995448
702.13486901601
702.482064123559
701.993372295962
702.262805552078
702.306695889751
702.065951419984
702.05129783977
702.093117518114
702.261911648013
702.006175723573
702.222247726337
701.978061113442
702.159366171848
702.323817502844
713.633138098725
702.639679013482
701.990495511911
702.318009002485
702.348747871214
702.053057554511
702.024775728497
702.105011584893
702.108237214211
702.511619560206
702.170499698828
701.986538953152
702.596858168118
702.511349310944
702.329764544758
701.984514507564
702.113114720696
702.453893272912
702.267887277135
702.132090792308
702.43091954496
702.246009628842
702.131519140708
702.152887546236
702.364782379777
702.204458062584
702.513940645993
702.086004758464
701.976199294396
702.141123047112
702.191701111666
702.37525955754
702.006319444195
702.216704768749
702.317844209664
702.417087259652
702.309436751794
702.404440973432
702.103506357147
702.225966438763
702.088728102448
702.372370950385
702.125048386162
702.125868006155
702.027075098823
702.207836862496
702.270949102866
702.296354150977
702.569331628095
702.132098747035
702.352131555342
702.353217840832
702.581677851714
702.471546287694
702.287076127378
702.040346079244
702.286297658461
702.160940446741
702.064391364203
702.324515861881
702.256955764619
702.489389733486
702.477893268113
702.060965548191
702.362147590974
702.366138454038
702.395468726903
702.238932121174
702.288612411672
702.397334625378
702.005045292939
702.01879085701
702.334700240467
702.701458540764
702.400407577642
702.657057177765
701.985204502373
702.753551058024
702.056811179266
702.116940942448
701.979446757004
702.276916394815
702.436011134308
702.307732946086
702.246110024365
702.339366459989
702.201401955237
702.10558392149
702.056847512099
704.404409060647
702.001292092481
702.478406338284
702.591984347334
713.37873760507
702.111554005361
702.253768057221
702.085361131116
702.122791469929
702.026167923124
702.126532056207
702.025712133966
702.240286514603
702.189522045405
702.64133756957
702.128695830775
702.530682062064
702.346294315435
702.459242633888
702.235611979482
702.311821717779
702.228014172613
702.093710527887
702.043407892908
702.041157440893
702.186238581934
702.4813854932
702.397717088476
702.235795377795
702.32843624537
702.192130665677
702.191285982961
702.853610608688
701.971077366496
702.25923078808
702.016677463606
702.43114016295
702.067928734212
702.428034381108
702.094322266294
702.04348351139
702.06940751792
702.22068704303
702.408391039163
701.979419971841
702.540379666029
702.212073701958
702.565626030296
702.350822464625
702.568358180316
702.306189525328
713.918892624069
702.043585217021
702.758433829762
702.173333657808
702.08259185618
702.226349385501
702.201608792378
702.125785799737
702.614194889408
702.328083793803
702.191970501218
702.126944509852
702.556517881051
702.393948295666
701.987546500183
702.376354100674
702.476601045043
702.134671716328
702.263874358825
702.736248053085
702.174253269777
702.027695649587
702.148991152511
702.54512824798
702.223329165538
702.149987687726
702.15752872985
702.047559461813
702.35416294496
702.511179575766
702.083211721793
702.376906442547
702.402029743981
702.170092411963
702.357747860477
701.972535227891
702.063667118565
702.185993277311
702.03330750855
702.436171541519
702.228208440026
702.174494620642
702.208586179687
702.241322545868
702.134581257127
702.103600395625
701.98535597817
702.119104218993
702.839613709316
702.035401355746
702.378502746436
701.972934571507
702.477581299056
702.381630498595
702.093809756455
702.185608812863
702.015319586038
702.373730129471
702.159169246359
702.262572313948
702.258113634108
702.405269171262
702.426701999988
702.055795264401
702.231423905836
702.444760860933
702.107068342458
702.388028529856
702.105033313693
702.501333792118
702.033769650969
702.257710129022
702.472785122323
702.671631920189
702.215561430182
702.207277337092
703.636753728964
702.297193091335
702.381815456985
702.653790300843
702.38306204088
702.649423126095
702.132986683306
701.998791541031
702.026378936816
702.132987482541
702.372232312751
702.316155136861
702.02029176073
702.437618058358
702.25954516786
702.08316190317
702.685453945716
702.094197459028
702.343828243799
702.094574033354
702.61410033426
702.314160509122
702.185582833498
