1000.00718099427
999.976207113118
999.452442895957
998.943860100481
998.635661879009
998.582197014396
998.566653953288
998.201649095445
997.986213399952
997.898239623681
997.684170570759
997.673764043826
997.484564457178
997.432078773979
997.377806778468
997.232974043935
997.088695499317
996.899211705016
996.859327760694
996.782491855237
996.707782974601
996.49471892914
996.462402907418
996.414180339906
996.386097806581
996.213978822633
996.072627462711
996.031318123966
996.012573072927
995.923923696348
995.90748931607
995.88372006002
995.871678780651
995.756940369317
995.735496706074
995.696667668037
995.692134925404
995.685072017489
995.674931074169
995.635739597472
995.501913012609
995.49899311885
995.324447957855
995.320720911936
995.291845047993
995.28430151393
995.268198673628
995.15043965451
995.124492712083
995.103343968751
995.094389051805
995.009313569623
994.974437728899
994.93030461419
994.904659105
994.742214174662
994.737813784157
994.725747712204
994.705908220684
994.695091746414
994.687573892001
994.675298426822
994.600898271049
994.599167490142
994.550736657538
994.546506991017
994.515984799757
994.460672158892
994.442542254753
994.429201696975
994.424585921644
994.403843564924
994.27980645705
994.273689289572
994.256305746648
994.249766822141
994.230159576863
994.218279948389
994.16258055581
994.07069457062
994.0614618247
993.985916821947
993.928939417998
993.912733092305
993.911564380919
993.899792961252
993.879660935198
993.823300029985
993.754168326707
993.73314483761
993.704875788772
993.685831694033
993.676816571157
993.658789522936
993.656066004003
993.64306391409
993.643045901516
993.59351655645
993.568806258268
993.559118328491
993.548925215311
993.541415325998
993.505296079997
993.477840995797
993.46624518901
993.436590543063
993.416057923992
993.372118454428
993.367958262647
993.359301932969
993.345389208547
993.325605055299
993.259533838379
993.226076792506
993.204435535439
993.204408476458
993.197446289391
993.178184480349
993.178096901787
993.176082170992
993.154177465824
993.15250792635
993.099785116407
993.068251681896
993.066644921007
993.048042210397
993.027373447568
993.015099558193
993.011240000155
992.987739683586
992.980988993179
992.976215087051
992.958546627726
992.935438733714
992.927750178289
992.920284327085
992.881693907495
992.847634116064
992.844682120833
992.83732037961
992.779333134158
992.778377664019
992.732317647726
992.717554818001
992.655215269331
992.651947203507
992.648342801897
992.62747293688
992.619809487589
992.616735098347
992.613513502502
992.602612225427
992.572683908642
992.534215682634
992.523824874584
992.512078653571
992.490970258883
992.422140087338
992.413598711197
992.40872877777
992.396771058828
992.391549645665
992.351707183032
992.332838161877
992.324415055873
992.29834783882
992.286306998
992.265765035874
992.2560437001
992.249104383568
992.247977513236
992.210112785902
992.196596850891
992.179405276085
992.152619692889
992.149587297638
992.139550092938
992.11782764338
992.083738438496
992.071742363271
992.070924332914
992.068868049037
992.052925938075
992.034331230858
992.027247861465
991.994761825575
991.97496419844
991.93364324903
991.929197683103
991.917107048086
991.914883684061
991.901458143029
991.900571655422
991.88641821709
991.881295236557
991.879960804612
991.879495864108
991.875393574609
991.861343554374
991.848630426804
991.846622036804
991.843623941051
991.833738556332
991.817024884741
991.816987448283
991.783334408853
991.7784042309
991.774461432922
991.763811117318
991.755484312922
991.752209473283
991.746540021887
991.746154732735
991.744234433137
991.739534173607
991.713065560593
991.674636383114
991.63715445116
991.634641865624
991.614910693492
991.610387043409
991.604251295419
991.600926748681
991.586865294836
991.579795797284
991.578017327982
991.560092452775
991.555047032558
991.528733139166
991.500402352671
991.496779226152
991.450214737322
991.44274570557
991.4399476039
991.43516967978
991.430901162033
991.393889281521
991.391687378595
991.387730601159
991.381473615593
991.380411445941
991.375748871029
991.375323910395
991.370019262033
991.341009354377
991.339994164402
991.332045685057
991.331386847684
991.32212424937
991.304806631453
991.288612236199
991.284224885947
991.272556500174
991.265927586333
991.263832701657
991.263523653058
991.258494311097
991.24811855914
991.237336220991
991.220708294643
991.211188705674
991.20670986763
991.199850279691
991.194003635053
991.19070550033
991.160496924879
991.156250809581
991.142732146944
991.119148272288
991.117654646204
991.102768059224
991.077616797884
991.07535973442
991.072866035561
991.059314480076
991.043183598355
991.02734435967
991.019413345624
991.002028975151
990.998702801726
990.99787462092
990.996178304842
990.993870623404
990.984098524363
990.978752926836
990.976180162509
990.952978032472
990.950429699471
990.947685367406
990.945496410299
990.942894425126
990.936864927216
990.935652814554
990.932942483669
990.912349913037
990.908542306717
990.907094762269
990.90058281574
990.899302503014
990.890591223682
990.864801354696
990.84035394375
990.837581854127
990.83128051438
990.828437530389
990.806443619175
990.716905754787
990.694341791012
990.6903526058
990.680021179484
990.671556120056
990.656370053192
990.652834544291
990.64302497595
990.634477232017
990.62856435023
990.619808376907
990.608274200312
990.60500836356
990.604189695787
990.601297367957
990.583227965213
990.576582027149
990.568451678158
990.519722137066
990.508127071821
990.502931489583
990.501911320253
990.497380924807
990.497270010501
990.495000263388
990.477352127426
990.473222021988
990.462654957486
990.455533279256
990.446837622309
990.437294420805
990.434755813897
990.421721090897
990.415932607713
990.415847570733
990.415409900697
990.408007447603
990.401537736992
990.389765543617
990.388094636812
990.385914671948
990.371872880707
990.37017238537
990.368142781192
990.353683110539
990.340975137985
990.334675563827
990.329544172988
990.323316432762
990.308530884531
990.304119784908
990.299637278495
990.280553090173
990.278264567024
990.277398180548
990.270882476173
990.270403517877
990.270014773325
990.267977619491
990.261877042516
990.258638520766
990.25565364582
990.248527025011
990.246500458664
990.236100200342
990.229084440339
990.222349492402
990.213128618485
990.211669397976
990.198595048792
990.194324058498
990.189497508169
990.174947016202
990.163207883237
990.159168498778
990.156532347027
990.142109133704
990.130208414911
990.130000541418
990.12624081305
990.125381731081
990.125106357262
990.11915132303
990.110863866737
990.108518590873
990.101704086258
990.09983975838
990.099184093721
990.092101158071
990.090531890366
990.07228676569
990.06032976863
990.051629760807
990.046878438367
990.042835486009
990.040425733826
990.038130139493
990.019628944178
990.015399043643
990.015085174988
990.011252966976
990.001056775233
989.992359875047
989.982422748625
989.981008549875
989.980811947678
989.972363234504
989.957761233418
989.954638653333
989.952677262906
989.948206429539
989.947518022817
989.947295452427
989.942308940629
989.939957469861
989.925405331668
989.919935829659
989.902749011009
989.895203969247
989.895086053824
989.880004075592
989.879965667413
989.879471941582
989.877588999312
989.875175156713
989.873498259621
989.873478887883
989.86757311781
989.864759493384
989.850488323535
989.840044894821
989.819465360333
989.809759081582
989.804576605579
989.796780705671
989.786168255094
989.773394199875
989.76541214935
989.762478687457
989.72525507113
989.720860117976
989.713556539892
989.691566269917
989.676633604762
989.669867395752
989.658963922834
989.639619275023
989.637267581437
989.612554065895
989.612447833555
989.611438095111
989.592711302201
989.587728549687
989.576024987645
989.57168871447
989.531992698754
989.528199593888
989.526615563721
989.525878945857
989.51952636734
989.51562731261
989.511427480564
989.501589876098
989.49894027164
989.498519936091
989.494992052667
989.493442560645
989.492880673934
989.487990168455
989.47630721926
989.456321637648
989.454600510072
989.450928968186
989.449648439902
989.446871256402
989.441700043555
989.441586845824
989.430684165188
989.430269614982
989.42836884922
989.427620965736
989.426332667045
989.408051946835
989.401968545629
989.401117290763
989.381241484062
989.380245296663
989.370921540638
989.355277219636
989.352023473033
989.351347209236
989.350548073831
995.403678733553
996.051028158421
990.095297680613
992.392262749597
991.109395971505
992.915380458658
990.098621885021
990.237530839179
989.518348773982
989.891721391432
990.958741750857
992.987651393672
989.794803588364
989.681562485259
992.294959058337
989.613107149746
989.626622962238
990.107391696787
991.10413590772
999.983000823027
990.77377267833
994.662783143008
990.200494766009
989.640841567012
989.380257883534
991.060662381737
992.570530656854
989.885045303419
994.686231796542
995.370026960109
991.527363473154
989.354812601344
993.438903755204
992.748375087745
993.141980756853
990.963041695818
989.574919463352
990.207594195299
992.058617053899
994.186125400512
990.937394004162
992.758780502825
990.257869646101
991.069417909
990.279827016871
989.357711771725
989.90466979417
992.766336705848
990.370800666756
996.529773474925
990.125930046112
991.292012646157
997.294618458654
990.300869464442
992.556160647581
991.228094615571
989.552449417989
991.36507306198
990.60539182279
997.029817967634
989.720550333776
999.502528911481
992.439803051273
992.971205748398
993.084068077131
995.92142376028
995.234196009971
990.084584529077
999.262652271329
994.418722654144
990.733158300073
992.186598549988
1000.45979369688
989.705347067118
990.040158125236
990.515021587722
989.548386140956
991.425612935583
1004.50007880072
991.334614124919
993.432911859206
992.29151769338
992.830622420549
991.520317855039
997.541964673922
990.54451080336
993.246653407685
997.931025639493
997.530982783789
993.326802635282
992.117546802139
992.164074100733
993.8302874087
992.098251705476
993.593161765298
991.660205158482
990.00198232532
991.466804025941
998.646312585883
989.904718571158
989.770133424572
990.603107207914
994.862290554958
989.362111297978
991.415387498614
993.648285287156
991.35746188116
989.860461537601
990.564551243077
990.868960716831
989.62576968492
990.87794438745
995.023735900367
997.669453321267
989.987881076053
991.861660777925
992.145503178113
990.776480397349
993.438419480083
993.774853162135
989.694639961058
991.189879139842
990.249961759736
990.871103636863
989.34350349569
989.625311948611
994.736872828472
995.084995325701
990.036292142497
989.945282866903
992.078762236435
989.824721591357
991.745091151009
989.959935120609
998.125235935139
990.235599645446
989.842900812936
991.533669834096
990.496074227351
993.367104235154
998.138279507156
990.586982419858
991.333873561162
990.328963778746
990.653192972024
989.605469587197
989.503527731141
993.180783966841
991.170243579771
990.448562308942
992.072634551402
989.993041648175
993.854210468043
989.96163408216
992.376597579924
991.144436456297
989.695228288209
989.984125191724
989.419972472629
990.191485026426
991.000245516371
991.913434687941
989.639890506339
991.691844551064
994.741109217752
989.576989984349
992.427442863305
993.976356584879
990.254078545349
993.122560506483
990.598845516077
994.972466753959
990.910933713184
992.614149667957
991.484777795233
993.474446055199
997.055151761419
991.752095154316
994.345981397993
990.830951587829
991.060438455549
991.595325844292
989.996228727191
991.844272518241
993.278189020445
995.988977132786
993.251497911365
989.61950446916
995.872404216078
990.337648839192
991.020084899644
995.684547065916
992.320398135873
990.343056416129
992.676007496083
994.634203628263
989.756614709155
990.299039378802
991.974094449038
992.491612763276
991.046386251366
994.614878529247
993.184418217338
990.260550638871
989.446985105808
992.78437887571
991.237867708943
991.215895909371
989.825902953873
994.724982809935
990.001122595399
991.113037501904
999.700759001333
991.657350861104
992.502184511092
992.292106631366
991.146775716969
991.983690211519
990.588245946964
991.037019045067
989.842384487927
990.086920523885
991.78522296337
991.614925155565
991.70624501469
996.508420846302
991.353054993701
999.402920129243
993.65479658229
995.028238433266
990.14915898573
990.569010830613
991.961765134842
991.71302468019
991.232715924684
993.05798772402
990.550340299126
990.238923928583
989.91060362799
990.579960249016
990.160928531317
989.732870906682
990.825217506141
995.792383533103
992.749586022873
989.90855100449
997.845411723777
991.863430165497
990.727239604067
990.413203795959
992.967613347981
991.4155459672
990.188510890439
991.587728866528
991.914167113876
991.12759847337
992.279525407887
991.541692061379
994.091745350172
990.068090857509
989.819246264492
991.531635716922
989.727062139621
995.42608359651
989.542874386278
993.892704629238
994.564134334943
989.683843020052
996.078359846596
990.078142299858
992.559505160254
991.700951142092
990.306926260027
999.945496374171
989.562978889349
990.039078371765
989.395965738408
989.436806807324
991.447445812899
992.008308366577
991.149447996564
989.468945105013
991.012595753594
990.133842954297
990.516281213399
989.373132419119
991.631353420872
989.810084714154
990.624510541754
991.694234643677
991.757931430547
989.606415111796
991.89575624455
989.353055503285
989.600464590008
995.352959773983
989.703967413536
989.917337205154
991.662469994303
993.609705289415
990.236891441884
990.443267035579
989.350655263457
991.421148502855
992.313777598275
990.97606190216
990.255232806719
993.946705766415
989.570084076934
992.302507588642
990.317897874535
994.237143245693
992.203507074296
989.931923638212
989.393833724822
989.569191559441
993.119269655157
991.891477952522
991.505997172483
989.8884908464
991.52449852105
991.735728752317
989.931904940503
992.328499110644
990.675675896355
990.224942907115
991.633436782617
990.943557803138
995.737732436783
992.625059790328
989.524566063175
990.529690927244
994.110277464058
990.43502255023
991.668909997608
991.096604014215
989.686618374843
989.949459306987
989.8314163599
990.271944322579
992.87718497062
990.935469473454
995.252244399397
989.343697734101
989.588302820041
991.287481457622
989.336871073941
991.364046636227
993.590915021253
997.048324465369
992.946647218188
989.544066077375
991.248199285534
996.905120618064
989.531266100486
989.384141255
990.965361197199
998.139304633333
990.383317644003
990.871229958069
992.081492322624
990.341061017303
994.320728843214
992.161949095057
992.007696365492
992.623446715117
991.228657378502
990.246355976348
993.933625656195
991.377473293371
994.754958132967
998.857083694677
992.153442548034
991.237375300989
990.149012979778
993.769416023061
992.43103919634
995.006827036583
991.62185741856
989.98298993441
989.477814036492
990.11673363677
990.659018363911
989.397894320449
994.526465858507
990.89095413912
991.344982149797
993.631477704438
992.596393152493
992.823099924775
995.171204005879
991.744887544363
990.985286381366
990.248326424065
990.292068158767
991.571158197446
991.413516372938
991.820425949412
992.945369770839
992.640555115205
995.175146649165
989.561658181928
994.015416840257
993.195477324072
991.798721956516
991.743348413245
996.39343789221
991.403875454899
989.604811396607
990.67406796604
990.978429202584
989.728314133509
992.179789731182
992.130116598987
994.961409208714
990.066223192738
991.181574598893
992.976384460317
989.360857158082
990.055107361812
994.588369601006
989.691933118213
991.505714642299
993.371131670283
990.285394163559
996.085988897781
990.909699630538
989.52835272333
989.505579143097
989.58108743733
998.500403930965
992.589186513584
990.550297796934
991.004741322645
990.933166663897
995.715632188967
989.917571891811
993.660140127674
996.253110216291
994.331640320798
989.508019420484
992.064868114505
989.980237165691
992.602578502776
990.255420829706
992.627985971389
995.233043752095
990.141338799473
990.500378553601
990.043048202994
991.559000472989
990.098220916727
989.789716552311
991.947525015161
989.955023464092
990.080135650379
991.977766523539
992.196141287656
993.672405173069
994.896066166292
990.876449736439
994.762484281845
990.856807915729
994.470975447497
994.274129889155
990.545059166558
989.729531196822
993.306897866239
996.559462716934
990.758159086122
994.492802544386
992.937353088986
989.555339354709
991.31658684762
992.763814751498
995.110027235172
993.473438597013
994.747816617795
993.598638869047
991.442471206536
990.659993603652
990.253664585967
990.429543036461
990.180767226467
993.530190451449
989.591153362058
995.315196579429
990.842635283364
990.429707349919
995.240144400555
990.593265452076
991.006556535629
990.949475797486
991.103162928405
989.838840342985
991.791310939005
992.247722495865
991.036755691218
990.600001468423
998.384845726256
990.664347523855
990.796041537499
