808.089213045092
806.917942307665
799.156515183584
798.067667473127
796.961973682545
795.831047483267
795.255669874654
794.995283459561
794.176025805993
794.107481004143
793.517113503544
793.439951737326
793.18914765199
792.891814765904
792.754874702962
792.498952704112
792.464641445024
792.462281500289
792.026770966931
791.07702485474
790.960031137248
790.844768225177
790.816928843261
790.3599182145
790.036305130026
789.674418434313
789.475485806522
789.32909274282
789.132655389646
789.111983141451
789.030728358061
788.965996529891
788.89912946956
788.847750415468
788.632709409398
788.231842610973
788.231040652423
788.214224406999
788.155241859969
788.144418310477
788.140637344809
788.107016396967
788.056754931208
787.759289653308
787.736513205457
787.689831559143
787.662486247318
787.617215185996
787.52208991
787.503983843504
787.353347865485
786.933919805795
786.927929347564
786.85885879351
786.815878316347
786.596315252028
786.584084679191
786.547278193806
786.401325209298
786.289070705783
786.068495089403
786.023789509619
786.007350811848
785.903609800636
785.804989522262
785.668137854172
785.662048421347
785.629729364679
785.192136935682
785.114289089436
784.998932720605
784.942694867403
784.935401198176
784.928179329349
784.745495443061
784.706588584388
784.658677846879
784.657108120407
784.508710069339
784.402257204992
784.3383033126
784.313221520712
784.281216332369
784.08522230973
783.9527453522
783.864408083989
783.841060538827
783.812218908658
783.79392197458
783.734004762872
783.707455791931
783.703870057229
783.69971000594
783.608449177532
783.567990548097
783.508483154369
783.476662387216
783.459208202518
783.442043975532
783.196799350692
783.189259744126
783.177815028651
783.090115721202
783.084348286644
783.080411955142
782.978775957689
782.956520998
782.945385566155
782.808262046587
782.790195483402
782.639703533296
782.635940816399
782.512758140147
782.511204750218
782.364159645411
782.361734049905
782.34396354838
782.24188063448
782.165381039533
782.108516582287
782.089564405765
782.040252264013
781.917895732728
781.878603219385
781.855482870655
781.804528889816
781.779036622906
781.773640593734
781.742397427428
781.670622161479
781.663036340308
781.644527143995
781.634314962842
781.571290393342
781.532690468757
781.507975820048
781.465225647883
781.463808619693
781.445994606756
781.426184798061
781.406349442587
781.394336674314
781.272089755472
781.259720465158
781.216020659033
781.137774342564
781.130737722719
781.086738241849
781.038891849602
780.891552372658
780.889282409974
780.88872513387
780.835520881645
780.769011885493
780.736416517748
780.720284171595
780.639907312366
780.613098347591
780.581806168006
780.565109714398
780.548970070185
780.547659651006
780.545880079266
780.523322761093
780.516128095022
780.483286678776
780.442922091563
780.437167936943
780.424918008059
780.41765042035
780.395471795541
780.394613356139
780.355787074167
780.341852126268
780.254137284376
780.247628376166
780.217614955249
780.214132227121
780.164434061143
780.156529130971
780.133174834332
780.12950837213
780.09933804584
780.080990130678
780.071496393592
780.061638699014
780.048961699136
780.028781623429
780.020108577753
779.979063697342
779.945448378925
779.939295926662
779.935580321153
779.906048136455
779.9023203411
779.861140927201
779.851127484963
779.775748509267
779.76705793228
779.750090698715
779.710742379067
779.692140500923
779.676343935073
779.661808935967
779.65628008103
779.635417516207
779.631112205179
779.589648698718
779.579505114146
779.55554993236
779.547872806354
779.502337234383
779.4901894782
779.467057165371
779.457304131908
779.425365822898
779.395747311136
779.381738684299
779.377539536322
779.342643593446
779.334433832357
779.299666356597
779.280373854258
779.234628907204
779.209686232575
779.204014199507
779.202183884551
779.198281553408
779.190601438923
779.170886766907
779.159154872556
779.157992618323
779.152652808939
779.139830522607
779.085543157135
779.081229807224
779.073921467873
779.072533955625
779.066757688671
779.047446836749
779.027116109212
779.00320960495
778.996479366883
778.994717237167
778.991705596537
778.983220762536
778.982927837671
778.964373844374
778.948033865969
778.942487956086
778.921521934021
778.917533981535
778.87020147136
778.863819196737
778.834605575037
778.834465944075
778.803710038765
778.794596059252
778.773806550269
778.760373452424
778.724687580991
778.684966505034
778.667252404802
778.647128653385
778.645799404802
778.640431197375
778.636544046315
778.632018347969
778.626781886509
778.606120431394
778.595084579103
778.588461288978
778.582682609495
778.510976458022
778.508007280761
778.501536828688
778.497151839655
778.477248912913
778.470787882947
778.456295389921
778.452768367339
778.431576976761
778.386009663428
778.382855955868
778.369496910668
778.347227478267
778.287070638969
778.277959684981
778.2647092718
778.199628611717
778.197708474706
778.196028204226
778.185739797835
778.185613227945
778.183146991272
778.131070462257
778.10413299018
778.084821310344
778.073349911469
778.066616617034
778.060255965547
778.054108282299
778.029787478914
778.02845021054
778.025253050382
778.024901705977
778.023341193403
778.019251596425
778.006349959691
778.003328027159
778.003272629714
777.999545932018
777.989650402656
777.982496144423
777.979725884979
777.974524631626
777.974192273958
777.970152563882
777.958246185909
777.941773862936
777.934509219526
777.899329169146
777.860423997815
777.859293016312
777.813795657989
777.799487459908
777.78767328203
777.785357657477
777.747931314623
777.740988458553
777.733503525499
777.730389929412
777.727723493878
777.720143844425
777.690309281623
777.666670123217
777.648915718427
777.647720097369
777.634443924201
777.605099282054
777.576218875148
777.565703317139
777.563287205765
777.545698934467
777.508840513607
777.506491842281
777.502175212238
777.485632438425
777.478627595923
777.46320771892
777.460599890662
777.459634756932
777.436279777421
777.435684141719
777.425209696722
777.424892007388
777.421323065674
777.419381677077
777.419352590564
777.396822385949
777.381344925158
777.375450820003
777.357772156317
777.348035919101
777.321241858904
777.311872177351
777.30251463338
777.300948163475
777.294709772195
777.277477228688
777.264359094463
777.25858068865
777.257027973301
777.245782293503
777.24309905744
777.242730545134
777.239278070132
777.236422247009
777.184369030974
777.172381935387
777.16968587083
777.160169460609
777.154585621426
777.125956910367
777.108046636525
777.101122438287
777.09357065742
777.084545832217
777.078119030005
777.077033908
777.07133764088
777.057392175626
777.039335997672
777.033994901253
777.032274637744
777.029157173483
777.029043660426
777.025799980828
777.007210517162
776.984389081049
776.954822531338
776.952449616718
776.942019227255
776.914469834728
776.909097367606
776.897562883599
776.892145975274
776.887119960047
776.871763889288
776.868436432994
776.866963605478
776.857446465066
776.857109249127
776.852732345777
776.81432588366
776.796601552547
776.791791231923
776.787772837368
776.779112465589
776.778827274514
776.767241072099
776.752604222291
776.751313046464
776.739809217241
776.702324609201
776.693175817059
776.692415686211
776.682475349495
776.676662824773
776.662118360862
776.641356624413
776.629082340378
776.619601541348
776.616517629383
776.591591269823
776.58892551291
776.58797160679
776.587216183711
776.585004400149
776.582603517326
776.555180703749
776.54883298141
776.546743253796
776.542527662397
776.53932463959
776.527421830293
776.525995332428
776.519567323175
776.519095899116
776.516683898134
776.511186216878
776.508053559458
776.495177084889
776.478142500354
776.429592485561
776.423997148812
776.419212096767
776.418354607961
776.405325100456
776.397796645043
776.391203864238
776.388884493845
776.376937157262
776.358231003769
776.358221504213
776.353300446537
776.349831728715
776.344753935602
776.337826556571
776.316279607299
776.295834319709
776.294095289829
776.289262037484
776.285922054447
776.280298569662
776.242148504983
776.226980539602
776.225566084004
776.224987398104
776.210811636704
776.207438580453
776.202584955764
776.201418924014
776.199882730305
776.197491601527
776.193330272639
776.174941472056
776.168227270929
776.158998893729
776.155393901974
776.147593907642
776.144341302916
776.116216107822
776.112173095888
776.112168662829
776.111243049775
776.108016514083
776.104143658502
783.144373745076
780.049077516109
784.879465969057
778.080399706809
777.659637247924
790.970235714105
799.595279258312
780.195137535464
779.858168129687
779.019958384348
778.227016107167
778.252853232866
782.331160071146
786.466690622714
776.451329127011
780.539474961277
779.712595666766
780.322446441258
779.339006084053
778.523432321274
786.765137469357
777.519276128794
778.282470750659
778.574701503505
777.301661906152
782.795161015845
779.753917732992
778.026662743736
796.062787839698
782.275646135059
778.950797366464
781.527788721147
777.747826499138
780.061569856387
776.762666242809
790.1119434019
785.583172761537
786.534086721039
776.624469058625
781.971607852766
781.268487447438
778.70606518625
776.585558579634
779.595763145197
787.576578294992
785.604503925815
781.678708023676
781.996823505847
788.878845351225
777.631961447006
779.400118429567
776.90498084181
779.796430506822
780.084515383395
788.474182411962
777.347126840436
778.861973796713
788.516895241143
779.889055946252
790.555875766367
783.961629370662
787.148054248397
779.391152360497
787.634669892271
781.752720318224
791.615266709749
779.982737980179
797.458629684069
778.094538259962
787.737393206846
802.5908705337
777.795985309139
782.163156469844
777.536532994876
787.393828537237
790.209050810479
785.526090376171
780.16150719041
780.024645262756
777.985463124206
788.993662577053
778.920228322876
778.653346542519
782.60957463453
781.703538171187
780.320246640293
785.689414035845
776.241933043607
776.810185956541
785.714295483129
782.687354286937
778.985243877906
780.354244077713
776.373712997527
791.413747937137
781.73567087473
781.264474756975
779.634278649238
778.758992554943
804.413574703007
782.429910047595
781.641833657114
780.567863302097
784.104991937185
808.95381561764
781.62147187702
781.590000900549
778.430960197625
777.659284935693
778.36027723378
803.396234935105
779.222801298256
780.786674087509
788.046752939127
778.910557249241
782.557794467512
787.518715933416
778.937704987053
789.556245948361
783.320926285468
779.04325820192
777.617204928754
780.60566453489
776.121969035918
781.844177948279
782.003478566692
778.08421374678
778.986804217623
776.364630909413
782.695583852757
780.72168530011
790.497072311878
781.457720638972
776.373363905093
779.345870292064
777.032910534433
776.566981930383
791.406665378061
780.194232515943
779.065305671893
802.498981371763
783.374148709751
779.273918262487
781.595907735962
777.301412733915
782.096048293577
780.658993924636
796.481178075654
789.231545941161
786.832640556503
777.625964068224
782.692977062636
776.615571539394
781.10008580864
785.367768395331
777.709298269437
778.230014263298
783.091691509365
776.473425484075
778.899218497347
776.411845337921
776.27606843327
777.950860849587
777.053619694054
776.843458102143
778.650650678679
780.520019485787
781.514077034196
777.096553578465
785.74694438751
776.809703020431
782.401124595565
783.014828909413
785.786872838101
776.573062231901
780.993102928825
783.205559283707
780.998432401949
777.244870803726
777.061120398856
782.768317160128
801.150448401474
776.226475979213
779.716315910935
780.911269429562
813.369114059607
779.762485855288
785.784865842769
777.869151587361
780.330098512703
787.236950757895
779.777312543942
783.318074620885
782.702409146913
780.044102072545
776.318874048568
779.872778946867
778.088275092537
776.714232553432
787.114008468973
778.037575567968
781.326521566714
778.759870141391
778.282616159146
778.159724197274
780.568741216771
781.160070305034
776.92457153612
779.872061343339
778.068743427931
777.685854580167
780.993581058671
785.763045838041
776.381866537786
789.362192436979
782.33945804512
781.21239761579
776.804635807098
780.678160116072
776.449786021909
778.40871832315
776.346902325285
781.954765462667
785.329375397508
779.620823060129
799.397346340786
782.245567890443
776.668062882828
778.889262064578
776.886004030577
792.859297234613
779.61491997583
781.244470821836
777.656456887055
791.102754156725
805.12999993856
800.138541693655
781.788896516926
776.325865408795
779.150289742601
776.89892876433
776.152308355085
782.472364496734
793.725162053513
782.599126172901
778.036025691827
781.338849721473
784.67880411383
788.40817133028
789.426753696559
776.886832564325
781.505146737535
788.740909173393
801.740704748211
776.313296333213
786.743056291105
786.314214471034
777.680783763542
778.488711099898
786.117586221455
780.098634493609
779.690409970976
776.221268103192
776.494836969455
786.077412118142
776.716669686749
791.161786132936
779.034087923504
778.323677031194
776.856076429001
781.304938726564
776.590783941337
777.847885453033
776.476154340297
783.718986475518
776.594782281412
782.966069327714
780.999840639468
777.94465850788
779.147374404168
778.529140215535
818.665512084343
777.928394775935
778.995151522053
776.986901726941
780.788636089999
777.640562160352
782.949883284535
782.39103405368
778.03018705238
781.296303572592
782.265658820549
780.281112421295
778.041949845289
780.410621323638
778.130215109019
780.966350203269
781.29400767638
780.009356937051
785.393767605241
781.666545892288
780.867662275587
776.638074560869
791.001322919652
778.803143280799
814.632956365228
801.573985674615
776.294518632954
776.483182680214
776.833555295408
788.049112712386
777.435618315942
781.203848732869
776.517066682585
776.97666138929
780.461415805611
778.265275352572
776.935458744352
780.686343218236
782.2020449003
783.526056772532
782.637274664995
777.535399601867
781.810267070019
781.271903128195
784.103422822627
785.052762838998
779.37188611982
785.073168374935
780.933841763019
777.888214648114
776.280331307312
779.98264672275
783.726709070063
776.867307974479
789.831890664761
776.868675661354
796.487202716247
776.09915549027
791.351563976097
785.875112481889
782.097249328465
777.133154314508
778.927139040701
778.918465616241
778.012369573191
780.593845887136
785.966832899145
778.40614559616
782.396107362544
776.355662688453
777.664105998821
777.618056173768
778.8331830224
776.313067927347
777.659759224208
777.789292525126
784.172684074422
776.545361829051
778.469917775333
785.323114711778
779.505147740617
798.07228720468
782.857824151032
785.138697483446
784.908165602594
779.374987116138
781.688249811494
780.271183436124
778.880943665188
778.790844635324
777.434283279189
777.013747149953
776.203480367457
779.115517521442
778.384359626616
778.714071713322
777.982484060066
787.057880755393
776.683378719701
782.269355304831
778.223645683458
776.753024598881
777.924639834678
789.555603819476
777.818162619098
776.708290796768
789.02846003018
787.955927725105
776.753154290981
797.119588979308
777.507835344899
796.541138268522
781.391089045917
778.971170021784
784.615075859549
778.616134322205
777.64483228982
798.897221345571
778.391846708994
777.020596734115
784.78727108307
779.582937560067
791.971504146038
781.276653173276
779.180108489408
778.79070615983
776.65648681691
776.311503206686
786.721444724957
782.72743927691
777.406753650066
777.669325156769
777.675696077444
781.592157225174
776.137208457158
779.260025720239
777.829559482364
776.777632610151
777.738885590832
779.914706514277
780.253271440394
777.393661803928
776.290451680468
779.150278387449
792.980586799337
781.399799595538
787.631979884135
778.28941007867
780.908364856125
788.929869385224
781.314264611349
778.448966770276
778.520655073004
776.913483714543
777.981503712626
779.116016416893
781.793433091474
790.332643424536
779.22308757871
776.272383468265
776.314337583276
802.377386390302
780.750309947448
778.851158609584
778.318488335865
777.796923563111
807.528693215797
781.402801171775
777.405415022459
791.547500919055
779.575372437004
776.952876908037
776.830888481951
776.931338986602
786.007095608394
778.701455446582
791.100335626111
779.842109989166
785.160232843013
788.97937635618
787.716521297197
776.86959427667
778.282321395176
789.184537294847
777.518753308161
783.418350654207
784.529249936006
778.930252857845
776.780298459961
776.597814657251
782.311672564255
776.17012369165
777.311560580436
776.508704758132
781.823320463963
776.45943282283
781.58440794661
785.039843788683
778.7085143641
782.223129027416
776.63021797956
777.347079224883
776.725778445341
776.268137213436
780.019993209202
783.501790125067
777.080108724814
776.48101956644
794.605650015804
777.076606299739
777.800982053711
784.443256321573
782.149571862563
787.076651008327
779.334397052547
778.852068740259
784.163883999263
788.125756716031
780.850761020093
777.900437866431
777.834417468009
