618.097612786274
613.017830050856
612.604950506385
611.426294400592
609.361498103825
609.360267814186
609.299493990307
607.847187348939
606.953989430903
606.780715780142
605.259384652179
604.803366293425
604.32663394757
603.730460381204
603.370579600608
603.201033015396
602.783089650664
602.459958060603
602.388426100873
602.320692472328
601.703199403632
600.92062247386
600.734292746501
600.287105227597
600.054608961956
599.700390132325
599.625406863964
599.493236431672
599.182206628917
599.06418199961
598.53672636136
598.320711266522
598.3112730562
597.951992508893
597.801455384025
597.78770202761
597.092178680664
596.970531848108
596.731664630146
596.322325963934
596.29745078267
595.658800288001
595.598929638721
595.456444722204
595.165851057269
594.873511683554
594.666236451722
594.351397886833
593.898668261719
593.871960269092
593.792283556583
593.580660317687
593.200864625842
593.108933696297
592.570159114322
592.562974010797
592.034772973619
592.020109198374
591.839470898861
591.513069924209
591.380740041479
591.325819924876
591.100962442285
591.086891054107
590.809059934711
590.710094780076
590.589337490448
590.23444668125
590.091940407483
590.023712168279
589.990528345277
589.663406042181
589.660011197506
589.647379845866
589.568509847037
589.404855608201
589.328179568193
589.265405984613
589.163012603378
589.112540110456
589.079350449023
589.053296162336
589.029551868429
589.029052260844
589.01498974856
588.832279969959
588.817014099301
588.710005115415
588.502563935629
588.470437377195
588.220484386871
588.193321517976
588.187458492027
587.967758086259
587.928027021322
587.861499621281
587.858010677371
587.745035811893
587.574849768094
587.476392652599
587.42076006009
587.411889567808
587.396778927778
587.304297628443
586.971763002952
586.844527374206
586.79591285532
586.762523125355
586.723642997403
586.712714469507
586.706667464086
586.699564508944
586.627846844421
586.455810985277
586.302655729216
586.301209971508
586.230226279472
586.215131930217
585.922773813527
585.846850944032
585.81671725862
585.648139334158
585.635752112669
585.614381579959
585.562808367088
585.508083529615
585.402042395956
585.339070639797
585.00672171588
584.891919744011
584.877490336001
584.859526447194
584.760709763476
584.589491356833
584.576210298392
584.534129738669
584.358476454765
584.227341815589
584.224835079553
584.223258812027
584.096799881456
583.65473291616
583.62803796472
583.43415926659
583.423661662804
583.283945342611
583.263128729363
583.223493004482
582.994039505969
582.918874703184
582.914824145261
582.893366338096
582.79072234294
582.733409680955
582.525734675125
582.515521598888
582.346704996211
582.331262327058
582.326088744462
582.146278423905
582.047929019529
581.669248411672
581.660861040423
581.585260016468
581.579795750303
581.536409790446
581.51474129746
581.505684374394
581.463750405902
581.202089574567
581.067359580471
581.056318822873
581.055317667176
580.902132015679
580.901882587323
580.701928384284
580.692342870087
580.665468878996
580.65875814323
580.636554796437
580.609737346139
580.571326398791
580.559098014119
580.539971688607
580.435881084489
580.434223248237
580.431218000661
580.428585301626
580.287023475271
580.263230957553
580.236083953613
580.065961122042
579.884174478148
579.880260069615
579.867562774962
579.669746712412
579.659755185494
579.636506615399
579.629047303674
579.559194157626
579.414996559379
579.406861629605
579.400974094132
579.386832987305
579.385014661874
579.338695747196
579.279609903386
579.171093074634
579.164521536096
579.016302593384
579.000996800694
578.999750989352
578.917971646571
578.792709006288
578.560709568694
578.435293036671
578.345249856349
578.292479797583
578.272123598603
578.265250688943
578.101897176045
578.07483101483
578.037052362486
577.898578896535
577.894019892985
577.753762060053
577.619740789805
577.603509711157
577.5678525616
577.549449377928
577.47071972555
577.40685172311
577.362744828032
577.343019114608
577.219114682504
577.197042742728
577.046610243254
576.841612359966
576.730634266626
576.728624504743
576.645670860615
576.603702419042
576.576224691794
576.537372743009
576.512119267413
576.410366136103
576.376051217401
576.361538370252
576.303109879298
576.266578474297
576.184479673504
576.184196290192
576.175770307156
576.06967368495
576.055137244982
575.990207287706
575.944793673918
575.941573209439
575.938236732173
575.936555019979
575.934785735101
575.905128496187
575.734216671659
575.718298399569
575.659795062163
575.649391230662
575.580520072053
575.544442950675
575.540784650777
575.532549359325
575.49613260143
575.478493104005
575.476097178117
575.474483404624
575.453043069115
575.258462374905
575.219949856979
575.212436225363
575.113828055699
575.092878903554
575.085466098435
575.076824913784
574.989641519439
574.934272543605
574.884768458951
574.868266444157
574.740867673014
574.698755527213
574.630942649463
574.568771541095
574.540087367301
574.446650331581
574.42074903368
574.16777878655
574.165205628709
574.064987276754
574.045415492037
574.035484977986
574.022306754711
573.989047564228
573.969491826215
573.934791709962
573.877257946687
573.875827027716
573.854555868656
573.784152572874
573.745857461414
573.705607343453
573.621553084643
573.574106739262
573.569073884608
573.567219553982
573.534304103848
573.436678075396
573.368670750083
573.347489290167
573.300380400745
573.215200062294
573.192978188106
573.175422109657
573.145572410685
573.141505184966
573.141012315427
573.135610081283
573.11741108751
573.105668513993
573.044497356591
573.030830723776
572.935019877877
572.862894545507
572.849321140635
572.810380708057
572.738509552481
572.733005575453
572.690334121954
572.587297063345
572.479195622587
572.47386543786
572.427712842711
572.365987150612
572.342743912558
572.237478641329
572.215729218621
572.188885721597
572.139083309469
572.108640151361
572.084841529599
572.058542064154
572.03670927909
571.985875704482
571.942202527706
571.942114368365
571.940925330503
571.893905671669
571.876930018728
571.874842415977
571.853880495724
571.81407423972
571.809506256959
571.781906966279
571.771131801884
571.719379637669
571.709600297846
571.459769552984
571.452624342316
571.365514519497
571.332629189028
571.312300472792
571.289009141507
571.124576873292
571.08783501453
571.078570799177
570.993969453063
570.923305005126
570.887726554322
570.834383082855
570.777483234501
570.685520116943
570.640852077635
570.638314890971
570.637556868157
570.608647099539
570.599240723485
570.545092849994
570.471149060669
570.455207169078
570.447853356009
570.421354771688
570.25741550473
570.171327200823
570.163952714255
570.086098456448
570.067829513453
570.067628530862
570.021645437523
569.897191718781
569.858870006985
569.853920154224
569.78718528633
569.769963266302
569.72628507858
569.701477696059
569.650622043786
569.630352134852
569.596868367387
569.578986575293
569.53238533062
569.528216100551
569.526693392981
569.51406923779
569.478571682559
569.443219669986
569.418931506484
569.359297879434
569.35068759808
569.323341207019
569.26967331693
569.251435201751
569.245618335302
569.179804108504
569.128801056162
569.114390472389
569.095708871853
569.058542730694
569.054869158969
569.023488264475
569.019255598774
569.016094234252
569.013588122161
568.951767840249
568.926243129467
568.863750802538
568.851068292936
568.815194484232
568.764269811092
568.710308191876
568.662793043726
568.659245476468
568.568996385601
568.513766607668
568.508720375286
568.488829448909
568.487318759745
568.477629988753
568.423558348148
568.380040107339
568.354928950325
568.32545210883
568.30963503115
568.21119564474
568.207607161452
568.152847832581
568.137381602396
568.104609626325
568.050864755267
568.04713225869
568.002771969636
567.993292435936
567.887343343843
567.875207307957
567.839510131118
567.744954889139
567.619219829636
567.617910471576
567.602514610151
567.574799361397
567.558451470361
567.499710337021
567.476218907022
567.43568230718
567.399384006475
567.351634513944
567.349494512814
567.34733346521
567.244331045683
567.231480903225
567.210001978433
567.126219381715
567.123047185334
567.046552073785
567.037438883393
566.920937767519
566.861569987348
566.851702715542
566.850278305421
566.836792146516
566.79842745042
566.745816467703
566.739045550798
566.737777261893
566.735275538374
566.726950416176
566.665234901766
566.658569855816
566.6186413287
566.505962999046
566.492133130561
566.454893581552
590.421882033441
576.909984053936
569.083168109078
576.265873724092
581.984300922154
572.468448682288
575.035742596814
574.030346767529
578.808372377178
571.008885681515
597.301096697368
571.17771761502
574.923992132273
577.903391343968
576.938546218114
576.909975354085
584.894366632386
572.003159307273
590.839203451998
574.883759147623
579.290664026086
578.200875041691
568.282663275165
568.810539789461
581.759901041125
570.611107975504
592.394310277251
591.033152015709
567.584802671366
582.04415784528
596.597893852519
590.454882106128
580.325790092113
575.690258370368
581.309067811257
570.536573717835
571.493308387419
587.355893163876
597.405006444938
580.927032776882
584.374919076025
590.699218141688
574.022948411727
575.256296374783
597.929025079471
582.939130855306
595.984997680791
566.452687395299
575.394801116119
575.553369678909
578.504876437945
567.132509023902
581.306230844043
604.277633251462
576.60111710675
572.361680677983
609.47942351377
600.459623004668
588.044821919442
592.769327973074
595.379230372997
581.077236430478
583.203019928597
581.042235163929
588.671673935194
583.189315427893
586.727473038598
615.519665679914
588.481956962222
610.854044585015
574.644668712847
573.033536143967
606.316707816989
578.38550823024
608.428023371168
608.437840460027
585.429615358016
599.438670380196
585.845405006632
577.936070185709
578.337098750131
573.9536584584
572.237772428412
586.479182458909
612.939916630983
598.152325580263
613.483600546467
590.323882823856
597.283895731211
580.854933021377
578.106376684065
591.654062645571
581.847640434578
577.14223626892
592.629116698444
610.455117911664
571.416084234896
571.361610785079
602.368498806889
574.285308069595
597.799145444096
570.29928015314
573.511486585262
568.62696503296
579.456399006959
567.526244716071
577.929096618028
571.640685794447
579.598180264834
575.173796612797
572.658631785925
589.466781721688
605.795270883898
595.100191564311
571.163722566458
566.891045669706
567.349087625992
594.468549935456
567.867097962839
570.002670764647
590.89734073053
571.367208245463
595.279976187664
590.985957126259
604.17965820419
600.512639295918
569.90726787601
582.60472530961
594.217177059962
590.06028288485
576.122141973049
590.254804200238
570.15867976178
585.003989324271
570.306847838541
576.361471119967
568.424087184734
588.131517664145
603.183451699908
589.623434723798
572.165235573959
572.380347025587
603.126526639203
595.98559787674
576.236575147307
571.842401426194
603.249727546007
576.757665094946
585.312543379602
585.525678801336
581.869011558707
632.815809948385
582.379614320594
566.443057315315
593.174126536128
575.06896024055
574.962012238521
585.933209873744
568.937770839316
571.830431571522
576.042264864416
581.104304530367
570.720268860086
613.205933857952
586.930646729859
575.148843763801
577.634519899443
571.786468147944
569.954101076083
585.357689042642
574.507499530428
567.092044952493
591.784555104427
569.628486805
569.76654226395
580.819826491098
579.461855757975
577.297277754264
572.123459668446
573.741289946323
572.106976382947
566.739307996992
585.746900828245
570.736345055722
580.279475200702
596.015280181571
581.480043966542
575.659131719789
581.227665378323
611.840263487242
582.543247642028
587.950368914488
572.221788224462
580.515228788287
583.217895681398
567.421926852899
580.748321663052
582.693649983152
570.880733378601
591.081245324398
582.806019012313
588.96526219368
573.515146513836
570.033896387057
573.063814623657
591.348582148025
616.321166202533
610.320275124745
586.309865220011
568.710209752628
574.71667654822
615.023007361358
567.587393868961
588.877217317026
614.959182307872
578.971439060048
569.192735574938
600.095617237917
569.414113763546
605.069193304146
572.185626137664
596.535053746943
582.577434227748
567.778691121092
581.566311046769
587.861956774627
590.770092220649
574.501539384803
613.611734013986
568.232704570787
573.723609128809
581.675200533388
581.185353258686
566.648802918145
577.389141658868
576.28720882464
587.19181341236
572.596910832757
585.263171712961
599.171063401412
588.959293870947
567.285322221325
575.912339083801
595.08786912279
605.705425695574
595.555885595228
592.250655986402
577.301820788253
573.00262269094
590.152213487904
569.848939333527
577.113206595621
605.519453919067
590.945366384697
592.973433008348
568.896447502245
567.797021225793
566.808685612006
588.556150286192
571.986394996314
575.813505826786
575.017411135658
590.594266562159
570.922342581132
572.034630519988
603.437811663789
575.63581616822
573.151468417189
592.504681160623
568.594223790415
569.052295423545
600.609824885585
575.487405124472
572.427010388191
615.919687300825
578.506088067498
570.719206641456
590.954480722593
568.217070375125
582.493359748796
574.554587313418
572.694610850514
593.655844378826
576.220538633853
578.335453993503
598.259527999789
576.422367193654
590.839519483275
577.463983606212
567.196213984864
619.386927656545
570.917667381146
593.770818314854
577.242655802074
569.790151738768
568.501603496728
566.438725401032
567.207136753286
592.981640842393
591.268643436728
588.577040199193
577.281294484271
587.102493389669
570.404363589663
576.979642470422
591.679290162523
568.403841557027
598.231251263088
572.560692588575
572.024804681468
578.972820682783
579.789800306096
586.315420691429
589.900559848072
585.576707168707
594.672132232576
583.655791167141
569.456169272402
570.141118593513
575.495637887492
586.285572287965
596.234453321372
566.443913745511
591.825474479446
572.071553461065
593.217552854783
566.856390482245
572.4193042192
604.215026944694
575.882484937935
577.482378325055
571.284089122386
582.006099124246
580.601826054063
593.713193274479
591.354184226043
598.964014140976
574.831537158616
567.94838140512
600.49527170638
566.540647376387
591.685973970266
571.573381999455
577.133796616609
573.198632182035
569.508287473847
581.01710875186
583.351619605569
579.536136543321
612.650911899854
574.912035341505
573.75384584158
573.076556418859
575.183778701525
579.896419092037
589.980554230325
576.320617780602
570.136144203753
572.485650197994
572.006958058942
585.387265391195
587.694907397263
610.511518098014
588.505134952461
581.328501053178
573.780819084888
574.846823587128
579.931426782251
602.326056666079
571.297851501614
569.88698726925
595.386660087488
619.184989211724
570.055823357485
574.711560449376
567.111474979272
573.588632652092
576.710409960211
570.69162004628
578.98998145939
585.957248328043
579.82874961674
601.163179828929
589.00004283802
574.008614867386
601.166623206847
573.651114830044
598.668578100225
606.348641831287
580.780600244487
577.240337666593
567.835871028696
583.276973249013
582.870263823354
571.169401214454
585.138885764165
568.412884224206
569.710237432225
570.243239310767
577.59583148112
599.089217776789
569.869776459212
592.095851705153
577.52590680746
609.760187356576
598.406024013056
583.999398870697
615.413245315239
583.857042882965
567.615749678567
576.731541115394
581.895613071989
595.516344738367
582.888382653652
601.942972468104
575.131462145201
566.916605710765
599.400025464443
579.438996185856
571.52428175709
574.020915213924
578.209511950618
581.138939122498
569.332859759165
581.055285508107
601.706129258448
589.777615908692
568.996495145938
583.310157983006
582.850479070131
604.605470951178
582.831803811683
591.851923968611
576.096611105899
578.972164153734
570.262390794874
607.173041171744
573.470972132562
578.789126704846
577.18740998614
595.836219467938
575.008736689917
573.055609657242
581.811646908232
585.275469029819
569.224456975609
584.912978016915
567.548967836049
572.123135296366
580.4227277703
584.8283846818
570.256309453685
568.371253378021
577.45429268779
587.935250824811
573.850946095565
585.586102108268
567.526132518516
591.629410435604
594.58545354667
589.84284227506
593.168871530057
578.690268029814
606.086634494228
571.77705792591
580.316064860743
584.361422888849
584.12401018748
585.717579568186
581.01535978104
632.014802346188
595.047518334107
569.229815421585
578.192903579466
572.390921074693
593.71469580571
582.128577074046
598.77064476007
594.664701409131
591.688115788004
591.441734312374
574.196824866214
567.661098358077
568.99244327142
570.486068508738
597.296917151804
571.368855698558
574.673868491885
579.490298354704
572.752299676084
595.525450673496
590.568937685544
582.604019519525
573.993813122698
603.285892976616
569.016632573337
624.784050024408
574.590130815263
573.868350713874
581.305062852312
579.40610081785
567.414487856985
