1035.86030054841
1035.66698801905
1035.65931090853
1035.60523500473
1035.58333218949
1035.57634312736
1035.5569682184
1035.55626746435
1035.52891577477
1035.52871153338
1035.52831951123
1035.51813019506
1035.5044763805
1035.50314278934
1035.487614365
1035.48490747789
1035.48392560513
1035.48388925713
1035.48297114706
1035.47276464078
1035.4720782356
1035.46210050962
1035.45175676335
1035.44786633761
1035.44515560599
1035.44501459504
1035.43660808509
1035.41958848514
1035.41458431622
1035.41282107815
1035.41201080982
1035.41037002603
1035.40997733457
1035.40053505628
1035.39973516475
1035.39472397462
1035.38568787308
1035.38512064677
1035.37096169372
1035.36933579876
1035.3674675973
1035.36159911263
1035.35685823363
1035.35164513795
1035.34558012093
1035.34432586513
1035.34097908564
1035.33981294045
1035.33695066664
1035.33300535493
1035.33073981855
1035.32925049743
1035.32780149858
1035.32758541176
1035.32501356354
1035.31921175812
1035.31895025502
1035.31884690214
1035.31488237132
1035.31233473157
1035.31150780399
1035.30732840727
1035.30330293508
1035.30171429569
1035.30135671323
1035.30124166238
1035.30098037187
1035.29888361146
1035.29628413514
1035.29566315271
1035.29346635081
1035.292372073
1035.28718180038
1035.27991025621
1035.27884144212
1035.27849530177
1035.27645802865
1035.2755357235
1035.27153489809
1035.26887930376
1035.2686872476
1035.26835482055
1035.26796391066
1035.26773368323
1035.2654649788
1035.26199124004
1035.26121799873
1035.26111976433
1035.25947075601
1035.25566841546
1035.25534354934
1035.25153671801
1035.25103495577
1035.24877269015
1035.24823650178
1035.24673189293
1035.24461599348
1035.24432859683
1035.24383969171
1035.24213697362
1035.24173192961
1035.23945227781
1035.23734268535
1035.23644814906
1035.23530395292
1035.23206611837
1035.23178708351
1035.22879364347
1035.22793723539
1035.22624898139
1035.2257905496
1035.2232181234
1035.22184082096
1035.22162907799
1035.2196788952
1035.21860994567
1035.21808393133
1035.21431653183
1035.21394776947
1035.21383798069
1035.21379002429
1035.21246842326
1035.21181213544
1035.20908163496
1035.2087293014
1035.20630141787
1035.2041104646
1035.20405241818
1035.19924170578
1035.19755775774
1035.19741607953
1035.1963638096
1035.19545630158
1035.19539620191
1035.19509227141
1035.19069788174
1035.18942313968
1035.1887483958
1035.18797661345
1035.1875833287
1035.18728665819
1035.18538478558
1035.1840360757
1035.18392692698
1035.18164736208
1035.18110529499
1035.18077353618
1035.17993165376
1035.1790217439
1035.17748012078
1035.17733691991
1035.1766178444
1035.17614559411
1035.17492020996
1035.17446562591
1035.1734853436
1035.17258062866
1035.17176374926
1035.17014565235
1035.16721902959
1035.16714170373
1035.16678538935
1035.1649767524
1035.16271911937
1035.16211626382
1035.16024082861
1035.15951234387
1035.15923542988
1035.15820141635
1035.15780908053
1035.15712920498
1035.15704767885
1035.15622035026
1035.15581962753
1035.15480399204
1035.15380761539
1035.15231909466
1035.15106155891
1035.15059042554
1035.15045975023
1035.15000536153
1035.14975414088
1035.1481221342
1035.14791687808
1035.14700158663
1035.14698084454
1035.14366490896
1035.14321653015
1035.14276094293
1035.1424509434
1035.14232342033
1035.14091697699
1035.13727583034
1035.13529585208
1035.13512338835
1035.1350765839
1035.13496824434
1035.13443883441
1035.13280130742
1035.13278619126
1035.1322264723
1035.13158243323
1035.1314557333
1035.13139180708
1035.13013213168
1035.12797065437
1035.12766238192
1035.12590960968
1035.12553506242
1035.12525423767
1035.12496870651
1035.12468705443
1035.12330066412
1035.12171730971
1035.1213392314
1035.12073388407
1035.12026427297
1035.11991281318
1035.11874462477
1035.11748968542
1035.11649369133
1035.11625559942
1035.1161936667
1035.11609709096
1035.11426388153
1035.11310537524
1035.11155425535
1035.11133526756
1035.11128246297
1035.11124644682
1035.11106129628
1035.11073464847
1035.1107087269
1035.11004198492
1035.10971078177
1035.10960039043
1035.10951323546
1035.10936632083
1035.10808966195
1035.10787598967
1035.10715933157
1035.10686734812
1035.10640215488
1035.10490452738
1035.10377413949
1035.10246061947
1035.10204883024
1035.10022129436
1035.09950308492
1035.09895728182
1035.09883572402
1035.09879258747
1035.09819864757
1035.09743901393
1035.09606157529
1035.09517383357
1035.09486950105
1035.09468472708
1035.09465742311
1035.09457959852
1035.09441072511
1035.0941633292
1035.09296473451
1035.0927704825
1035.09264105497
1035.09255555643
1035.09228872211
1035.09148115415
1035.09136094129
1035.09092867216
1035.09065195
1035.09026249112
1035.09005230436
1035.08948645655
1035.08934425921
1035.08839598696
1035.08821824695
1035.08813062649
1035.08783399807
1035.08749780364
1035.08728806097
1035.08661036745
1035.08542851884
1035.0852548934
1035.08332455209
1035.08313279131
1035.08275884854
1035.08265510532
1035.08257135111
1035.08246796195
1035.08209199506
1035.08202841293
1035.08101681142
1035.08082587626
1035.08018771858
1035.08014343458
1035.07976866649
1035.07960711778
1035.0783259741
1035.07753581213
1035.07706582556
1035.07692480409
1035.07563263234
1035.07525677816
1035.07410590769
1035.07380367992
1035.07379871775
1035.07362273582
1035.07358594844
1035.07304811085
1035.0720351459
1035.07124323779
1035.07118299895
1035.07084063371
1035.07052892629
1035.06902522023
1035.06901731224
1035.06888631899
1035.06871713795
1035.06758197444
1035.06731996171
1035.0661083621
1035.06559814031
1035.06509636581
1035.06490867294
1035.06489881753
1035.06466685289
1035.06393666081
1035.06266422391
1035.06260149482
1035.06239731825
1035.06238708411
1035.06162801689
1035.06114484278
1035.05877260274
1035.05863553749
1035.05851450013
1035.05842224057
1035.05721731142
1035.05700268527
1035.05643005623
1035.05639601431
1035.05637148039
1035.05611414169
1035.05609866433
1035.0560523019
1035.05581905851
1035.05488477347
1035.05473019392
1035.05418210342
1035.05391641308
1035.05379889037
1035.05366014066
1035.05311741761
1035.05259652592
1035.0521895166
1035.05208666328
1035.05207924391
1035.05204767082
1035.05152165751
1035.05126616673
1035.0510715114
1035.05106186822
1035.0510617185
1035.05061629162
1035.05049505504
1035.05041195318
1035.04896988532
1035.04866380047
1035.04827469811
1035.04774580923
1035.04661174296
1035.04593107394
1035.04583598883
1035.0456462911
1035.04556775688
1035.04522618332
1035.0450593146
1035.04441069152
1035.04294082321
1035.0427462083
1035.04240059447
1035.04238981803
1035.0423196629
1035.04184085399
1035.04160216875
1035.04146663985
1035.04112959148
1035.04044976711
1035.04035089441
1035.04000911307
1035.03950223867
1035.03945623096
1035.03935331614
1035.03919283374
1035.03894041689
1035.03870239292
1035.03857286825
1035.03813201538
1035.03724907448
1035.0366820526
1035.03480161586
1035.0345614422
1035.0342057287
1035.03388073793
1035.03375030593
1035.03366871773
1035.03359792123
1035.03288459133
1035.03277651173
1035.03068295172
1035.03064346927
1035.02926811501
1035.02886202098
1035.02691149692
1035.02689132833
1035.02680311847
1035.02666862248
1035.02659686495
1035.02651898646
1035.02633903836
1035.02604883123
1035.02602672605
1035.02565820669
1035.02528912696
1035.02499164456
1035.02477313752
1035.02418763033
1035.02361861528
1035.02359616578
1035.02352447544
1035.02350244055
1035.02329629146
1035.02273058537
1035.0222863742
1035.02225589257
1035.02217540399
1035.02214987643
1035.02174807065
1035.02168731529
1035.02159178675
1035.02073059773
1035.02050809111
1035.02024532582
1035.02014903373
1035.01993282665
1035.01883505784
1035.01848889468
1035.01845274818
1035.01829442405
1035.0180647918
1035.01753698028
1035.01748684189
1035.01739102687
1035.0173729728
1035.0169682619
1035.0169266771
1035.01671630795
1035.01643369585
1035.01595158414
1035.01591797849
1035.0158898918
1035.01514281055
1035.01501578809
1035.01482368532
1035.01441339993
1035.01389201922
1035.0134777447
1035.0134238641
1035.01253040052
1035.01218949794
1035.01204080129
1035.01186989437
1035.01171218481
1035.01168792117
1035.01127040785
1035.01117947733
1035.01112855664
1035.01086297866
1035.01063510719
1035.01002786058
1035.00990248848
1035.0091486682
1035.00864693053
1035.00863611022
1035.00847445039
1035.00840479823
1035.00796095362
1035.00766261128
1035.00750153343
1035.00727018394
1035.00710256929
1035.00674280643
1035.00652040428
1035.00647421686
1035.00591907495
1035.00576105233
1035.00551343282
1035.5656194818
1035.03772200587
1035.26980068144
1035.04885277151
1035.04784782283
1035.27630568968
1035.0641825263
1035.13421556096
1035.21936129164
1035.0560629361
1035.43479685581
1035.10422774891
1035.093615279
1035.13886048031
1035.08374890872
1035.1654460813
1035.17796956663
1035.39104093658
1035.22632009412
1035.05754040743
1035.06572333954
1035.11434767065
1035.10720706579
1035.109051954
1035.12738163326
1035.04688437388
1035.10518209266
1035.41056043885
1035.1340276298
1035.11936562311
1035.37942854173
1035.01867845
1035.10944625069
1035.06898494313
1035.01444017442
1035.40374280038
1035.45856804786
1035.01334496752
1035.21034666585
1035.05194057525
1035.03944358608
1035.01440777452
1035.38769302306
1035.11592250771
1035.05839286207
1035.69440005866
1035.16034690391
1035.27970228344
1035.23252625111
1035.26558557532
1035.00541470752
1035.04457317234
1035.20680948216
1035.15046229023
1035.06277145258
1035.0842415758
1035.19270116747
1035.3653261622
1035.05119149662
1035.03875695975
1035.04649322067
1035.11845645692
1035.04430783643
1035.20881571676
1035.0845845667
1035.20959101256
1035.01559619125
1035.13310216692
1035.35455771206
1035.03406228384
1035.00982740817
1035.27964602681
1035.10503373491
1035.05627090569
1035.07373946606
1035.09136997421
1035.38995048304
1035.10319524527
1035.16268110598
1035.06578680845
1035.10435827251
1035.24541316035
1035.00676839422
1035.08907461362
1035.08154040908
1035.12647256587
1035.17535738704
1035.03991846904
1035.23470745521
1035.01492394239
1035.00625401872
1035.14215317032
1035.04877266211
1035.25901848955
1035.06836360068
1035.06590677956
1035.22010727611
1035.01857694483
1035.07668444859
1035.04782217733
1035.03177203486
1035.100070563
1035.0702254385
1035.05900515483
1035.01523764357
1035.31543730948
1035.25656769407
1035.20709529181
1035.2771152461
1035.32202213744
1035.20294939974
1035.0420828434
1035.09882124499
1035.67216024774
1035.19919058997
1035.03080543617
1035.03037636773
1035.00552080572
1035.1789346239
1035.48334800721
1035.32104543222
1035.02086177632
1035.65789157911
1035.04148006111
1035.02692056396
1035.1176772357
1035.37955493002
1035.41348919498
1035.30156922196
1035.17094843336
1035.10220027055
1035.20925299163
1035.07223857469
1035.0221099813
1035.26793659667
1035.08413935685
1035.01407630552
1035.05795004923
1035.02823983621
1035.27430044343
1035.09027429859
1035.31062489443
1035.06547024417
1035.25189015489
1035.0701129425
1035.00755103709
1035.07453157692
1035.08859835676
1035.13238682762
1035.78812553484
1035.05648042304
1035.16001940204
1035.08344132116
1035.03557715218
1035.15214591047
1035.17823862833
1035.09932289763
1035.16518984113
1035.0882215335
1035.11503176332
1035.11963441476
1035.05380811408
1035.06980642635
1035.04495438769
1035.37704538433
1035.0906578196
1035.11308505388
1035.095329314
1035.00889910065
1035.03728256433
1035.00971880492
1035.11529954941
1035.24414328164
1035.0419262935
1035.11365814444
1035.23988061462
1035.31872596063
1035.26626080835
1035.03632284565
1035.14895605699
1035.05631388663
1035.04319683578
1035.22432793717
1035.14862988945
1035.07128431797
1035.1366662093
1035.62037401006
1035.3714778543
1035.06170923539
1035.04083938212
1035.08408682446
1035.08681333551
1035.01091798723
1035.06134566149
1035.00765097585
1035.19177197772
1035.21764966148
1035.25151052409
1035.07248035972
1035.1091726689
1035.15054952856
1035.08408944031
1035.14985449237
1035.00687435243
1035.04478270366
1035.07368618765
1035.24524151935
1035.35757773506
1035.1144027643
1035.38384976911
1035.25420163484
1035.17442413254
1035.23637887205
1035.0229948414
1035.16999758732
1035.23575542964
1035.19567216366
1035.01598197567
1035.0740467558
1035.04130297126
1035.00714113598
1035.09592525607
1035.29399947288
1035.11582469393
1035.07828125039
1035.17007934272
1035.02235593748
1035.02262110375
1035.62500250023
1035.1963815538
1035.05375884861
1035.07947241884
1035.41750893283
1035.11256235836
1035.07173076827
1035.15621845851
1035.0562481287
1035.22967592003
1035.04086462994
1035.1841537523
1035.18550348801
1035.13412471071
1035.03482292714
1035.09224805598
1035.37108017709
1035.11689742482
1035.3782033011
1035.11300475754
1035.11357886223
1035.71760778497
1035.26486888665
1035.00961350366
1035.51162297614
1035.02530727615
1035.02387539654
1035.09722651965
1035.11758816741
1035.23646976992
1035.01051781029
1035.33943570006
1035.18845154288
1035.10907455759
1035.1325472043
1035.09926460066
1035.08760371021
1035.13897126416
1035.3826851754
1035.04069471565
1035.15087674869
1035.15587760501
1035.09823159029
1035.08218272697
1035.09449062134
1035.13056908395
1035.03490655003
1035.10312651037
1035.13921330151
1035.02533805232
1035.00692925748
1035.08492968608
1035.03826911386
1035.22027430843
1035.15692854314
1035.03126500943
1035.02556330845
1035.26003902773
1035.09588017388
1035.15628530013
1035.11702444339
1035.25696539178
1035.07698725708
1035.06261854198
1035.43433597537
1035.13447428629
1035.04296812683
1035.41200632738
1035.05581894997
1035.23816090304
1035.02276479724
1035.25304930721
1035.07991808773
1035.20382456805
1035.73233125101
1035.02320385663
1035.02940526898
1035.22823597967
1035.11952143599
1035.07025067522
1035.36185634096
1035.16417249696
1035.44750465528
1035.34360174463
1035.20383566618
1035.08933387754
1035.15906137214
1035.10869603346
1035.04697125539
1035.54618301511
1035.130117762
1035.23369190939
1035.06734519843
1035.15784299579
1035.04422897529
1035.02217658402
1035.18198510197
1035.01028929763
1035.05997897029
1035.1397894121
1035.18653172452
1035.27455783623
1035.42425096008
1035.08913021601
1035.40584661416
1035.16170544471
1035.05244208362
1035.15784219442
1035.10631428149
1035.00595036715
1035.07792508594
1035.20253681138
1035.16862027877
1035.033271498
1035.0346220433
1035.327140866
1035.07725937538
1035.09917297828
1035.02988268344
1035.06774553345
1035.19586137554
1035.40634017523
1035.06107776397
1035.35393320576
1035.0995523484
1035.15244191263
1035.01345627923
1035.00976998182
1035.36166506847
1035.03047268706
1035.19498464091
1035.31142330334
1035.3714169227
1035.28906159467
1035.03408227556
1035.01938176261
1035.05691820591
1035.32818159624
1035.03525022376
1035.01665614959
1035.0254839811
1035.26861126593
1035.25962732272
1035.12130679412
1035.04857691081
1035.0345624348
1035.08980648611
1035.18421594558
1035.2151035645
1035.21341776923
1035.18483747821
1035.19544783065
1035.06217020293
1035.01343364358
1035.22058938123
1035.46849712232
1035.22828190206
1035.076535335
1035.06494975881
1035.06610602214
1035.11781661854
1035.10143804542
1035.14003395373
1035.16246021827
1035.29764839452
1035.38494680593
1035.26234965388
1035.16304581048
1035.06987311027
1035.02316523847
1035.0908686255
1035.11057407241
1035.02402564326
1035.03293744044
1035.08688611253
1035.18290723034
1035.40629463985
1035.17504414322
1035.19612490827
1035.08111251832
1035.16474002228
1035.11764694743
1035.18766879223
1035.30679297565
1035.32811574085
1035.5542500286
1035.00563845094
1035.31420972332
1035.43704110443
1035.42686862124
1035.128208739
1035.12028979077
1035.12967616416
1035.22046951291
1035.24231756656
1035.0271961091
1035.06366557683
1035.34185976125
1035.06435705018
1035.01338726507
1035.23195745352
1035.17796242502
1035.03644427113
1035.12025927438
1035.18059642645
1035.03660019442
1035.10369731039
1035.14170928287
1035.03541816016
1035.18105039533
1035.07916896967
1035.06643025511
1035.07628140157
1035.14618422304
1035.12604653437
1035.18377264749
1035.22528696705
1035.10033697625
1035.01506923537
1035.05467184653
1035.19045512889
1035.1292948467
1035.03170853965
1035.46544518482
1035.16614215839
1035.07669679673
1035.14384562362
1035.19058052826
1035.54688113182
1035.04006806231
1035.11384360666
1035.06103630918
1035.1501182334
1035.22205540267
1035.0769134876
1035.11152766441
1035.2021660663
1035.01432317942
1035.28055380055
1035.06212564207
1035.06586018481
1035.2632639977
1035.15800106254
1035.02125673764
1035.076042131
1035.05450943027
1035.32314550874
1035.01136316416
1035.12951464148
1035.00876168578
1035.65141236528
1035.06919992711
1035.04592661746
1035.06337874312
1035.07464583001
1035.07643911404
1035.05860403211
1035.03311758192
1035.12393277264
1035.00738224297
1035.09629113366
1035.18577948195
1035.00976032454
1035.74467650526
1035.14359723964
1035.05367274557
1035.06310200944
1035.03509957674
1035.08275216865
1035.14001238909
1035.03776025573
1035.15129289882
1035.20029366752
1035.02153272642
