1033.20723274381
1033.07613659731
1033.04671785501
1033.00347930884
1032.96469099331
1032.92673145867
1032.88758899575
1032.88566360105
1032.86129593896
1032.68374000253
1032.61444134896
1032.47810014175
1032.42848261401
1032.21919821136
1032.20341234132
1032.13062437261
1032.11849155599
1032.08715026685
1032.08298283185
1032.0647561876
1032.06239747474
1032.05305997658
1032.04381561077
1032.03606581906
1032.01018107117
1031.9862277376
1031.94387512157
1031.9416750948
1031.91873232782
1031.90081030999
1031.89853649153
1031.89269325457
1031.8819461914
1031.88130572685
1031.84913983382
1031.82596644094
1031.80879447765
1031.78901779106
1031.78501671366
1031.766968722
1031.76421958145
1031.73728779751
1031.73409442978
1031.72227578973
1031.71606362275
1031.71047459414
1031.70797812618
1031.70711368247
1031.70071024454
1031.69780864568
1031.69537787382
1031.6953419937
1031.68616363525
1031.67678514093
1031.67337466299
1031.66608140064
1031.66598806147
1031.66162686782
1031.64441064869
1031.63926463142
1031.63598368362
1031.63526962406
1031.61894897817
1031.60401958942
1031.59660941681
1031.59140319756
1031.58897982403
1031.58451162369
1031.58100761409
1031.57613217156
1031.56756197318
1031.5648823134
1031.56427830272
1031.56384953094
1031.55239524153
1031.55169185733
1031.5396666212
1031.53864030234
1031.5321609992
1031.52821368084
1031.52766791815
1031.51894062332
1031.51817692744
1031.51637427526
1031.51010190654
1031.51003386181
1031.50630968589
1031.50582429483
1031.50462868467
1031.50205383185
1031.49770566948
1031.4969532868
1031.49253698644
1031.4840262617
1031.46442926613
1031.46319887224
1031.45668631612
1031.45411934093
1031.45411423153
1031.4491253323
1031.44352323842
1031.43264826018
1031.43210020169
1031.42785695917
1031.425999186
1031.42290878101
1031.41808924118
1031.4136410069
1031.41188430218
1031.4091771141
1031.40370390861
1031.40321825676
1031.3931025871
1031.38359941728
1031.37917096186
1031.37381207834
1031.37354972475
1031.37319414607
1031.37267452182
1031.37258182853
1031.37237879243
1031.36867537598
1031.36678560733
1031.36422780775
1031.36385533502
1031.36000301109
1031.35605541885
1031.3553630184
1031.35498618901
1031.35365892735
1031.34926671483
1031.34270258906
1031.34258519485
1031.33499464631
1031.33408407891
1031.33207093161
1031.33122590826
1031.32936357435
1031.32906909298
1031.32223370055
1031.32068703593
1031.31620148996
1031.31314881506
1031.31302472393
1031.30560255981
1031.3041756666
1031.30088305054
1031.29927149891
1031.29906847857
1031.29874869883
1031.2957904039
1031.29568012543
1031.29503459898
1031.29164920535
1031.29064606182
1031.28975762073
1031.28886145747
1031.28881177614
1031.28862416953
1031.27432121178
1031.26918137312
1031.26581576612
1031.26502919271
1031.26221846599
1031.25140288183
1031.25026835062
1031.24895029492
1031.24888222789
1031.24579687869
1031.244797932
1031.24361550818
1031.24307368274
1031.24173817149
1031.23965406401
1031.23375504183
1031.23351259305
1031.23103397924
1031.22934339864
1031.22671363273
1031.22522997308
1031.22215511027
1031.21730919756
1031.21544171446
1031.21440348449
1031.21421698771
1031.2097870147
1031.20243644527
1031.20171676003
1031.2009416573
1031.20055606086
1031.19885378811
1031.19819627783
1031.19612816996
1031.19590501329
1031.18982851488
1031.18818272259
1031.18780429646
1031.18493341807
1031.18334463101
1031.18097296869
1031.17862450126
1031.17645415999
1031.17635536513
1031.17610156093
1031.17527058738
1031.17091877001
1031.16931053507
1031.16591314914
1031.16309486969
1031.16183584939
1031.15791473091
1031.15687405321
1031.15036760395
1031.15017255096
1031.14440403438
1031.14415056987
1031.14069056728
1031.13794284592
1031.13770012863
1031.1371947623
1031.13617948409
1031.13539474206
1031.13275096864
1031.13063685116
1031.12871108902
1031.12752341954
1031.12676178746
1031.12453690199
1031.12411586046
1031.12191436355
1031.12001363752
1031.11832952373
1031.11728001479
1031.11388335517
1031.11300432687
1031.11233246556
1031.11204420211
1031.11165678386
1031.11003028047
1031.10860064516
1031.10781264604
1031.1068575732
1031.10645462129
1031.10460857998
1031.10206210955
1031.10013040773
1031.09325442
1031.09139449171
1031.08913757005
1031.08433367743
1031.08179693468
1031.07975359324
1031.0757317714
1031.07108305933
1031.0693689863
1031.06882569228
1031.06643568644
1031.06433969381
1031.06283024933
1031.06115646219
1031.05671691429
1031.05259521982
1031.05013424382
1031.04900097504
1031.04258532724
1031.03997441542
1031.03953672702
1031.03826769184
1031.03679828806
1031.03320867042
1031.03042339075
1031.03009681097
1031.02935095432
1031.02650248509
1031.02446609409
1031.024294668
1031.02415240929
1031.02341556414
1031.02324677257
1031.02171770809
1031.02032874095
1031.01284370037
1031.01131986537
1031.01124297761
1031.00980237914
1031.00939116946
1031.00661307703
1031.00619823214
1031.005655099
1031.00516751782
1031.00455515885
1031.00372761574
1031.00340696097
1031.00257831339
1031.00024375928
1030.99399744957
1030.99328080035
1030.99166672291
1030.98874073465
1030.9858648838
1030.98540421689
1030.98083825759
1030.98072074948
1030.97907314787
1030.97885898109
1030.97622970845
1030.9753120443
1030.974627002
1030.97458322661
1030.97451446921
1030.9742908764
1030.9736860027
1030.9733580321
1030.97040100263
1030.96831983056
1030.96733449698
1030.96725396745
1030.96652157043
1030.96622680016
1030.96530512879
1030.96284538307
1030.95845422195
1030.95640197305
1030.9559598874
1030.95584969173
1030.9540897267
1030.95049833759
1030.95041015976
1030.9503436864
1030.94013453563
1030.93802869433
1030.93654337357
1030.93381807333
1030.93353876953
1030.93263925673
1030.93211229169
1030.92881999327
1030.92880527498
1030.92856809457
1030.9231363809
1030.92199944423
1030.9171117083
1030.91671959724
1030.91663742903
1030.91385337928
1030.91348795517
1030.91143650355
1030.91022816692
1030.90972583416
1030.90958398765
1030.90942593309
1030.90855292157
1030.90632662488
1030.90587090141
1030.90474191484
1030.90464773208
1030.9020645331
1030.90024046974
1030.89897046452
1030.89853234835
1030.89791064398
1030.89757591437
1030.89383456233
1030.89360327783
1030.89308881514
1030.89224908611
1030.89199622316
1030.89152444404
1030.89132089257
1030.89108602949
1030.8876470975
1030.88761188721
1030.88746411208
1030.88644217057
1030.88585427187
1030.88572397917
1030.88118190131
1030.88065926223
1030.87853600105
1030.87834892201
1030.87609944485
1030.87395386798
1030.87346036791
1030.8709165172
1030.87083397457
1030.87005023418
1030.86529938998
1030.8652094196
1030.86508361643
1030.86470410443
1030.86242862768
1030.86205514177
1030.85917922917
1030.85857401314
1030.85785925138
1030.85776334262
1030.85756867769
1030.85643352605
1030.85576874217
1030.85564924358
1030.85499161951
1030.85136219775
1030.84749342859
1030.84575420164
1030.84501882428
1030.84426854873
1030.84215725259
1030.84063852569
1030.83849025109
1030.83790339208
1030.83775572297
1030.83674799211
1030.83479217065
1030.83413705627
1030.83363165459
1030.83362586724
1030.83354204495
1030.83280128902
1030.83279116306
1030.83259519995
1030.83243810476
1030.83209766994
1030.8313207451
1030.83088404408
1030.83073011477
1030.82948102683
1030.82926249825
1030.82890020378
1030.82806671415
1030.82720749953
1030.82414863273
1030.8230840183
1030.82286712625
1030.82195971116
1030.82135664048
1030.82108328365
1030.81906407697
1030.8189329447
1030.81577863694
1030.81521071333
1030.81492571119
1030.81433468007
1030.81385844609
1030.8135345364
1030.81342747458
1030.8133410619
1030.81313260126
1030.81156659901
1030.81105607422
1030.81055799093
1030.80942130536
1030.8075937026
1030.80554974495
1030.80458978311
1030.80198416497
1030.80132107899
1030.8012610852
1030.79937658346
1030.79816053879
1030.79803875576
1030.79772772398
1030.79639516974
1030.79590318254
1030.79370326547
1030.79370314582
1030.78836145063
1030.78767903168
1030.78558985396
1030.78401839927
1030.78360419642
1030.78290449462
1030.78239271493
1030.78211456188
1030.78208208601
1030.78042852633
1030.77958354611
1030.77940639209
1030.77907940447
1030.77632558274
1030.77516405219
1030.77450588551
1030.77394037897
1030.77391273604
1030.77197996551
1030.76982463238
1030.76623443953
1030.76577777606
1030.7656710597
1030.76523430178
1030.76471768492
1030.76456325652
1030.76201272815
1030.75981109534
1030.75973868244
1030.75922791113
1030.75759918103
1030.75107472064
1030.75080406562
1031.18848315409
1030.84939102949
1030.79072294766
1031.27658111202
1030.97351798743
1030.84016458447
1031.05574191892
1030.7724886702
1030.89628628886
1031.82530056092
1031.07300455514
1032.42649721827
1031.23647445523
1030.97471158502
1031.22787940984
1032.06900603274
1031.01832317365
1030.85205288362
1032.60239467302
1031.66795655395
1030.82873425011
1031.32646527673
1030.83918441035
1031.00607190229
1032.01683375204
1030.82139332632
1030.78649958106
1031.00192977292
1030.81000604785
1031.25582263697
1031.97835832158
1030.84921068485
1030.98169384873
1031.07943050705
1031.6550916942
1030.76092421376
1031.31910683851
1031.71663431863
1030.76191462865
1031.14031634607
1031.52819275088
1030.99312568544
1031.33319523709
1031.35469027125
1030.95539745753
1030.81157293385
1031.13772478165
1030.87648294985
1031.12520574365
1030.94216104827
1031.45609474155
1030.93360463116
1031.3313608287
1031.72927603412
1031.28376092566
1031.31083962629
1030.75519870548
1030.86038163542
1031.7055351395
1031.06630472348
1030.82890510947
1030.80505660733
1031.02166635997
1031.13884735231
1031.07050247234
1031.18900754867
1030.92984728232
1030.85713843024
1031.02242895533
1031.71005513939
1031.01545191718
1031.03076847676
1030.91050945086
1031.3968205773
1030.97645547804
1030.81855651863
1030.84519750823
1030.76173398914
1030.78136226535
1030.76710132207
1031.0819452505
1030.90084795827
1031.3931005607
1030.80757283718
1031.1017675597
1030.9118547897
1030.97798932794
1032.48286782731
1031.70953142221
1031.07414181058
1030.75439996664
1031.01888819769
1031.22890088658
1030.85651774438
1030.8519690088
1031.18715015471
1031.14627576922
1031.13594295291
1030.89899369464
1031.04263729403
1032.36624101702
1032.27868854706
1030.89772199192
1031.26512328752
1031.46314443313
1030.88631470971
1031.63459695285
1031.15007244276
1031.48743241624
1030.84112699918
1031.13894772075
1031.25979397745
1032.54363529869
1031.39901922325
1031.39493218222
1031.33316554644
1032.11849927347
1030.87214004654
1030.83535698429
1031.45868501951
1030.89743469126
1031.4114760694
1030.91921320537
1031.30943438412
1031.18107817953
1030.80673497532
1031.1119980198
1030.94727223016
1030.86281658535
1031.11004958952
1031.2416024792
1031.04119036561
1030.80913725193
1031.1607078303
1030.90108509329
1031.50740038325
1030.85014263213
1031.27345396682
1032.19484172756
1030.76180420656
1030.86554335566
1030.96149919018
1030.76304719653
1030.82178558574
1031.10313479202
1030.91722547754
1030.85185203081
1031.21420968184
1030.79956868716
1031.0142867244
1030.99524572711
1030.80420376529
1030.80536906995
1031.02064697171
1031.19082848551
1030.97965743498
1031.01014345123
1031.6831875361
1031.41885313745
1030.80747677139
1031.0534823571
1030.89989601301
1030.79567626014
1032.68985726898
1031.37744152178
1031.02909759275
1030.7827851715
1030.89330341536
1031.42697787959
1030.84163714459
1030.76555133132
1031.18528946965
1032.58963845116
1031.03772055218
1030.78655668078
1030.8679277472
1031.07435207408
1031.72108451322
1030.87729849451
1031.06784618924
1030.75331439477
1031.60051323459
1031.76744996168
1030.77548110851
1031.36183779133
1031.5451341497
1030.81933431418
1031.00288004346
1031.20957926598
1031.15376261175
1030.87963017167
1030.9827586254
1030.77130237825
1031.46890260379
1030.95455202903
1031.17434315613
1031.30134784611
1030.92546562508
1030.92823673051
1031.70430216235
1030.83073177687
1032.19667728322
1030.76413741362
1030.96157991572
1032.70370805818
1031.33076402549
1031.40822308777
1030.80391931137
1030.78073692163
1031.41421332683
1031.54512871674
1031.9390364255
1030.92469306409
1032.12930308803
1030.84672612447
1031.1875070865
1031.79156636922
1030.94871065297
1031.11335016666
1031.1872669239
1031.278640279
1030.85431005078
1032.24474390415
1031.47819933668
1030.8331386127
1030.77361349581
1031.07609844877
1030.79303350882
1031.19820837571
1031.39738621497
1031.01153653843
1032.71875662351
1031.40924903092
1031.16568491527
1031.01984859282
1030.88746187292
1031.17497828215
1031.22833701436
1031.17976308493
1031.06213607762
1031.04870121536
1031.0459852231
1031.57001191124
1030.77414947607
1030.95692314845
1032.14757920564
1031.00962808425
1030.89731985055
1031.57840970484
1030.90403840655
1031.42480487491
1031.14730466493
1030.77481335746
1031.40054433205
1030.85920807784
1031.5695502394
1031.1184054211
1031.31357871027
1030.75393209683
1030.87016968439
1030.8053447915
1030.96984679806
1031.41829200966
1031.73659155887
1030.84167354067
1030.77009049743
1030.91582005715
1031.2655611082
1031.34241940522
1031.21241954286
1030.75066039691
1031.90333961037
1030.75427366922
1030.91563714966
1031.31619217863
1030.77297778718
1031.05498689663
1030.76569726867
1030.89649671216
1031.09608532861
1032.38498438748
1030.90208325802
1030.95828140618
1030.87529071873
1031.45259484226
1030.97247157147
1031.49589228151
1031.08843846756
1030.88917445216
1030.79615181071
1031.26435253591
1031.59332105786
1031.86772475092
1030.8098993191
1031.79305138161
1030.95786947518
1031.13429243903
1031.67273960245
1030.97903760396
1031.26293108743
1031.27532076643
1031.4619722329
1031.01982457256
1030.78032092628
1030.94603207748
1030.93064979835
1031.73615267395
1031.71859535459
1031.07913971051
1030.83749036002
1031.54308930732
1032.17360621624
1031.4395591449
1030.96286145858
1030.77044922304
1030.93281834144
1030.81151591832
1032.54696176195
1030.99525157773
1030.97196078079
1031.22251443467
1030.91760966601
1031.1775594176
1030.78173660002
1030.94243242225
1031.296870465
1031.04360792045
1032.15292068744
1031.21313142037
1031.04555087635
1031.29604563123
1030.79682870884
1031.7731227555
1031.50166274171
1030.96554832347
1030.77559691201
1031.13665184643
1030.75909898105
1031.04320699987
1031.718222028
1031.86883868501
1031.94608014495
1031.05493193371
1030.75661700069
1030.99806849255
1031.05162516629
1031.38307517211
1030.87729378324
1030.80315251207
1030.93143584833
1030.8438423963
1030.7759095622
1030.95950838776
1031.00384741879
1030.81543025205
1030.79492807169
1031.10375537394
1030.82207339917
1030.81373255468
1030.8571629385
1031.52309057767
1030.97125559657
1030.92167990405
1031.77318171614
1031.16011790093
1031.41378990589
1030.87863681164
1031.10322741934
1030.78349791217
1031.09222145343
1030.83662088113
1030.83529836249
1030.79729426527
1030.83912915889
1031.47621301024
1031.20966180217
1031.33323569677
1031.79594571432
1031.07737871264
1031.43016116014
1031.49237279507
1031.42311616088
1031.35806375544
1031.46172377318
1031.30098505104
1031.603558156
1031.54922532354
1031.26233055999
1030.83369883645
1031.26338347925
1030.79568546507
1031.16471390599
1032.0057372775
1031.43103291055
1031.63334604939
1030.88535764961
1031.15540397712
1031.51680164248
1031.05280034606
1031.54837231354
1030.87858175994
1031.48131652932
1031.55551381695
1030.94157322525
1030.847859159
1030.76296152896
1030.90634098161
1031.02269029632
1031.18077385638
1030.98779236509
1031.17369870226
1030.9112680769
1030.79006800264
1030.78595092861
1031.03590022724
1030.77532842983
1031.27172006069
1031.02031771625
1030.79055088608
1031.17717623918
1031.12587716787
1031.83748022679
1030.92536009785
1031.49454485856
1031.31364026187
1031.06072129001
1031.44372389265
1031.63196417342
1031.36874998582
1031.00904327255
1030.84400489237
1030.79122548415
1031.48128633478
1031.6531631389
1031.03297579709
1031.93287389513
1030.98748711648
1030.84809573253
1031.02833854003
1031.27197239629
1030.85264593651
1033.41644603241
1030.85544694916
1030.90382189105
1030.77233023245
1030.80022287302
1031.24160276895
1031.4719331043
1031.49905503945
1031.52869718114
1030.85242946661
1031.60543498234
1030.91988187596
1031.21940027313
1032.44831955143
1030.75249162174
1031.34049404893
1030.8891189945
1030.81210370384
1030.91239232987
1031.06965685636
1031.02812232497
1031.11812091112
1031.00785819235
1030.99322864447
1030.87853406633
1030.9893754524
1031.7825592164
1030.9476958977
1031.41999968129
1031.01675434398
1032.3185167382
1030.89476347416
1031.12486731975
1030.90329070732
1031.29489578646
1031.12853701874
1030.79663890309
1031.46390190529
1031.81460190796
1031.50447356988
1030.98961907005
1031.06209950326
1031.07935075798
1030.82389171894
1031.4678608034
1030.80616101691
1031.27711692092
1031.46004487574
1030.76935738221
1030.80180725874
1031.12041911661
1031.57892207996
1030.79521276015
1030.89131358379
1030.96051514054
1031.13433860895
1030.87174004044
1031.22842732092
1030.81465062001
1030.8001926668
1030.93492539197
