967.046229740263
961.086234495667
960.705059898518
959.022777795803
957.216887314363
956.212234826457
954.628605312827
953.718259490032
951.881360245118
951.684047476324
951.639368627358
951.482784472775
950.961332868307
950.827168811496
949.961575361549
949.689639789657
949.547355358259
948.585608969285
948.351124860549
947.869545487545
947.768978967064
947.494113065289
947.267954492856
947.221243211128
946.691438261497
946.39139178115
946.306998441254
946.041739340796
945.80880706946
945.775791153855
945.244618463382
944.881140165754
944.223903992556
944.06955362893
944.065221208832
944.054641025765
943.956501269716
943.817552836299
943.744786769113
943.638655758424
943.426971566992
943.326643487862
943.088159233738
942.885124852911
942.522468912548
942.406163395769
942.290094386348
942.058136845358
941.990232085818
941.961306405886
941.88482555453
941.719177916888
941.642714328423
941.588929348765
941.46780368709
941.458691774352
941.299130564533
941.227892735596
940.847622182051
940.557029858515
940.465513536518
940.45349349736
940.38915682129
940.332612107897
940.265660333769
940.256165960556
940.201714834162
940.151391701757
940.057680721523
939.843177171545
939.810964757537
939.79157078752
939.765306873882
939.757013655551
939.580514120268
939.526133938149
939.357111777858
939.337667978558
939.303966266979
939.217210286259
939.124406090609
938.977631864941
938.947838945685
938.91077174722
938.750748741178
938.741507456177
938.618536705658
938.555884800898
938.525291169843
938.20700918982
938.136743411795
938.081129862409
938.007688903573
937.977020127555
937.827361137973
937.579246393047
937.452996572042
937.393766860426
936.769220799653
936.76603436586
936.598789440484
936.567725028333
936.428452192257
936.418155772093
936.399882002071
936.371269038804
936.364347267881
936.362423470395
936.314783164711
936.282861394577
936.256584378827
936.024629118471
935.963865753098
935.894084124835
935.870841227683
935.789479293957
935.781742910257
935.663908040053
935.63074205167
935.569424315945
935.567344708986
935.453427927868
935.299408147987
935.248507031522
935.22683791725
935.216757165995
935.185700013825
935.177684594346
935.093447462145
934.954711496274
934.944402879651
934.880300624689
934.738092461018
934.727037477396
934.712488383501
934.711071430364
934.632678200432
934.606253893704
934.550888882134
934.53197235021
934.303247101916
934.261376317583
934.178404795113
934.052325217651
934.004253030543
933.883224119621
933.831419360465
933.786853981198
933.770283155326
933.733683320516
933.722716099844
933.491724436925
933.410885052856
933.347544546127
933.282161115067
933.228829174253
933.205034409342
933.199785864925
933.17704763055
933.112463176662
932.995078977986
932.936159566211
932.932252986269
932.914099620348
932.885075545815
932.87723930329
932.84748913834
932.833015901767
932.781100536556
932.779002233545
932.761429762636
932.751239236985
932.739117493322
932.725811845312
932.703979189447
932.656712553273
932.646523043516
932.63516034947
932.57092189743
932.553701677544
932.539150638535
932.491826644835
932.305380516173
932.112156195961
932.104621403241
932.082373465506
932.043089628586
932.012890315171
931.997612914759
931.956512615809
931.953459984006
931.880691907498
931.840728932728
931.833456217538
931.829803845802
931.812823868024
931.757253195367
931.748742354383
931.733682325533
931.659196193526
931.59709446382
931.539652832626
931.484974390441
931.456991023656
931.443340559272
931.325224318236
931.299031599627
931.286585377086
931.270927530501
931.243309757592
931.183298489168
931.166453767069
931.127021774159
931.075167574399
931.034997370275
931.019254401146
931.000553332267
930.945488110107
930.924222858834
930.916839152932
930.838770120023
930.833062129109
930.744312919903
930.743841787676
930.655227123767
930.585068925613
930.54973753831
930.537632419905
930.493628678604
930.475232550938
930.468926172246
930.466712524185
930.45433900396
930.434189533832
930.357286466314
930.318695030302
930.317719594249
930.224051815623
930.223382635442
930.054853053587
930.030075755434
929.900241707053
929.879797076247
929.845513399707
929.786395917349
929.759743744719
929.713000423862
929.685585575286
929.68416282507
929.662986301986
929.595274161307
929.441306294169
929.406819026481
929.386640540934
929.312156001826
929.283420934638
929.277904590721
929.214293834809
929.161519659644
929.041296624767
929.013976127263
928.991139754925
928.986622077787
928.958928769317
928.942526484264
928.939613268403
928.901314944195
928.881063306876
928.847769011948
928.770313274839
928.746767529495
928.629226533765
928.529934110154
928.523487986404
928.459454345189
928.454901933429
928.404795009431
928.403967350904
928.26025190738
928.247039996529
928.229159538431
928.228912551882
928.209240890221
928.191757968835
928.112792068922
928.083083962993
928.065521512487
928.055192549037
928.025216671072
927.912187312701
927.897224222207
927.827978212085
927.825642087132
927.808171542758
927.799149023809
927.783210062842
927.764580783486
927.764498415834
927.760181187397
927.759981235162
927.742761714503
927.690851835221
927.656332740865
927.627602170781
927.555612058409
927.541091972689
927.501813327407
927.499463205936
927.405877255712
927.383255449475
927.374260794781
927.365505060066
927.27437781404
927.252373844002
927.251556301808
927.225808477961
927.214515990515
927.199319727506
927.115128630489
927.088881342458
926.924483711396
926.908574997447
926.850628074569
926.823326960278
926.80149760564
926.780152344797
926.707731765011
926.556001774405
926.554388905677
926.545308190836
926.518755128471
926.518095293788
926.434219404877
926.431900983705
926.365183879804
926.355925780051
926.227874811635
926.191811564959
926.170660897339
926.064787153337
926.051159857495
926.03394117403
925.980983106735
925.974587611682
925.908282519475
925.907610169974
925.890205925637
925.884483513046
925.878211056617
925.874331732421
925.856639880198
925.810343815062
925.737684487109
925.719148004923
925.696208010496
925.67192413276
925.642840656508
925.638948293265
925.63893278048
925.62272465048
925.600776249471
925.563859149881
925.521440703755
925.493392733826
925.472937471356
925.414676755008
925.397587121445
925.384043307164
925.342970633873
925.318406586802
925.21747790476
925.216973313216
925.214714821401
925.203389402476
925.191652219937
925.1698418129
925.126164856457
925.087647898767
925.043506085574
925.02287675725
924.992477568671
924.946776228949
924.944100494046
924.895994948344
924.886707266201
924.857555592438
924.83131129035
924.768353484632
924.768015496707
924.740444073677
924.739207576588
924.724348536358
924.716432833052
924.647438200737
924.588417044235
924.586030019583
924.508240157983
924.501894084498
924.494187488952
924.489869722191
924.475887497942
924.463304022801
924.455155877871
924.423820007907
924.39352142893
924.360728851511
924.337901359203
924.337893333461
924.299923827362
924.292583964498
924.280243390159
924.270907656319
924.234694941981
924.213382398154
924.211544093754
924.211018349986
924.192822738545
924.173562923432
924.121923451512
924.111203302221
924.1050429213
924.093652274807
924.0918387817
924.059572365272
924.044071656905
924.005583884102
923.94993491367
923.946369170019
923.914398432203
923.90974434299
923.896897423558
923.866277775647
923.837114242797
923.83470885345
923.800138774239
923.764340568627
923.730813103996
923.71068829776
923.70915823184
923.708472848582
923.692380845148
923.683181003171
923.667726174647
923.665259491547
923.641426944051
923.632213328275
923.6123247371
923.611869419902
923.609909905453
923.606831733665
923.605750705368
923.601285599745
923.554045457479
923.538831834729
923.530735010182
923.493166638178
923.467696525207
923.463149224633
923.454069473433
923.438963381158
923.432093645276
923.377399051448
923.375920877927
923.35100229482
923.332177734835
923.307054085156
923.294886377676
923.275069754689
923.221868771602
923.208304266869
923.142529571449
923.124160899932
923.066905169982
923.046477356527
923.03608826328
923.027101363379
923.002471307235
922.96296450953
922.924680120294
922.918102054288
922.91789279105
922.879177531916
922.877442462045
922.877013594488
922.848107946773
922.796736471214
922.768311384865
922.737129007602
922.703329512011
922.680888764375
922.672164168118
922.637493641458
922.549283837736
922.520983441308
922.513162110014
922.506941715385
922.454957083734
922.452033802993
945.537379136443
931.568481327704
925.899177115013
928.35158199872
935.659640014955
927.266806787082
926.426687840109
931.361016728592
922.525809642093
926.485616885436
927.726777445773
924.005081709401
947.594277412821
946.149299380156
932.182334559029
925.045421536122
941.648716672282
923.849443720791
961.708232189795
927.826219118676
927.962128625975
928.876445779547
926.111362871461
930.04733045691
937.995596001379
925.774146645461
927.693649698155
941.043992219749
924.992177275211
929.458130956409
951.759149350223
923.589621322521
925.100233536011
927.020941435917
922.956741918948
928.006374637837
935.6100050372
937.112375884923
924.917580447792
923.722839911626
937.031754998536
925.361993286521
943.24024433111
931.413496554169
932.21446654388
922.746349509031
925.42847677225
926.039965817677
927.71189697351
931.885501094906
929.803423471553
947.383745321794
935.477494903858
927.779585919035
924.767699336244
935.826269086305
931.37026279064
931.104347742992
933.508540057261
955.919708994536
927.390073087168
925.338576192871
943.153495262443
941.639747272141
923.250079815432
926.335595972441
923.746845646439
926.914965386806
936.69223923094
926.744644806197
922.962882253287
933.280024190409
941.944276065181
946.400907963385
952.395421161176
928.332722754932
942.774177438913
926.248689025736
926.140278640402
923.600284219708
926.964187300081
925.405946154619
928.595513638805
949.68188296152
940.853761907371
938.18801246464
941.874869984433
924.643966918861
931.901455887985
938.635017136591
923.282940411683
927.862976173964
945.688319161711
925.536029864768
925.255074971625
931.961484023857
927.790642571749
941.761991895123
935.491637390867
929.53213019714
922.962195810852
924.346981416905
928.482820324325
951.572064653411
940.328755255906
928.198688408274
923.64388152583
928.75446495823
925.626556234434
930.922459821694
939.111841742117
929.868323013063
930.432331489057
936.006134512838
933.77383996799
933.381680514757
924.234016757677
933.716247972351
930.678103450911
937.580646472839
932.350278502749
923.031516527815
928.339139602251
929.573033665824
934.680751601478
922.575865946595
924.71743398314
938.346607562551
929.527086014945
929.89540340004
922.808422573724
936.489749165683
938.896501952214
927.106742127585
924.181870898903
940.446899552758
932.789463222456
928.908613528859
923.912611728533
923.43029934557
939.152385410432
949.408857910401
931.656388055679
931.975307249977
933.852709549707
935.871616439487
931.573851995287
924.91161654497
927.220727300831
951.192986154079
925.694778181167
945.977750208062
925.65727988643
924.761838203451
937.541095855375
932.045104211451
923.121617276602
928.891626669496
932.175981454267
933.791208241467
924.93512086846
934.992945364038
933.024831112188
925.322802202764
925.737052365387
925.025866306836
923.098922992285
926.219948614491
942.527585470525
939.477812475593
924.596696768017
923.389946397136
927.382058930707
929.054852678881
928.517897474578
929.052746664494
933.530478229495
932.39607829819
933.831291585526
941.746022009891
932.962733872552
930.93709194881
930.833025924941
955.024203078459
925.129038170016
924.686348609183
933.320105423137
925.891624457871
944.311381390976
954.603191077297
923.071522145287
922.531755185628
924.029225754385
928.031035762554
932.041278126381
929.896156569087
938.627226377646
927.112257546327
933.069408963516
939.795162412194
924.043034280644
928.125401013972
929.540652340703
928.965227176348
926.705716428147
923.39052051387
930.718367219014
922.876809771717
926.684454495847
922.965301520915
943.995133673018
929.487369110342
952.007651998816
925.512625133424
926.835381032264
931.128489950884
937.881595573831
925.299147515781
954.850897818726
938.279929616305
928.048675637303
929.472193434823
938.291540878446
925.439153586731
927.967307944702
948.241766160665
936.118101059878
942.165877898834
922.698195916008
931.295979590007
925.150167500058
923.021419429065
925.935880269184
923.001549435653
938.172097107147
922.861499354346
927.024565496992
928.16592326035
922.95011835709
941.969154533704
933.335084129474
930.844391802271
938.741825973752
943.125406249671
928.686632517483
934.805059441965
930.448859385617
944.091401693446
924.826792970221
932.931663781161
931.704108035309
927.681665221465
926.99790747326
932.396856971777
949.832002162441
929.245936881049
937.030709019635
937.922682556893
924.278841096936
924.968890634248
922.608162241731
941.194346933158
923.361504689824
927.807441021568
946.531831597597
938.444302238723
930.032673893808
930.450784818719
933.813347696965
934.413752193249
931.850826304318
923.429051310216
938.279392927875
924.460995429174
940.074754902992
924.028035169387
928.946379451082
929.403456368709
923.473020068005
925.063727482532
942.763955787602
928.964330496003
947.949757106506
940.726630208377
924.110251645696
938.206942786139
924.437596270221
932.049231976642
925.954471593467
931.662288242962
929.029416857603
925.828232190387
924.837786000422
922.678336394381
940.928060611809
928.645988841064
950.383297750214
924.464451900323
928.397573927005
925.321489892237
923.983336782434
935.991739388538
936.134531855803
923.981075207877
925.177889920123
926.771713401817
926.470020971355
939.562268934042
924.053412644185
931.276944822421
925.564576157185
932.719015930569
924.355309937252
925.896421908543
924.883591906547
938.447251921406
928.835480757691
929.503683947726
933.786003363157
922.481913169552
930.01971631879
928.159124007787
929.645801846644
929.441753874052
922.710607010106
926.11328721953
929.4982827952
926.285801407574
922.449927882605
928.89422565412
923.980784554783
936.05625555732
926.182423098434
924.959422159624
930.361532213685
947.679744664499
927.528932073439
927.074140061086
948.913533147739
928.31219241119
933.927794284084
924.198715511229
926.429207949618
934.141276161365
945.107274255433
950.886750401544
932.154522574364
923.770086558813
927.000640801192
933.169219314301
933.849905985934
923.102207065208
928.324862589663
925.727776316639
927.956625547827
925.890278385527
933.224393063752
923.477900297434
925.663183121639
941.402472740726
940.150039074847
927.732879643016
934.68383416314
927.19123335354
929.890302757776
938.064713548841
925.430820003518
922.517626145816
923.103953627741
931.024867392645
922.984425887171
936.277753470409
933.591906847595
922.683278929537
933.710012778121
949.788703814279
929.040754899547
941.495974449991
928.152512796647
936.584697065484
938.146062066018
923.527364663383
922.690728836808
925.669707349666
926.658499672448
938.489140542454
922.580355827253
922.841446031746
950.157651126692
923.539812963852
932.847790801346
928.109464210187
933.538986253938
942.215367957048
932.180574804417
943.960156719751
934.073914203469
924.315795272231
933.123353271491
931.132547009709
929.514727629556
930.072576435149
924.965953381374
922.915957921013
928.059030183187
924.335886083705
923.719521184535
926.166564653789
930.569754696412
923.160351174049
932.282832252636
927.141089533989
938.170671868099
923.896634725996
925.445818620624
925.030429683815
923.277951266721
931.164591720819
926.447330251289
937.699612999099
923.769535124675
940.286891821821
924.382460718323
923.952516251716
933.597089236226
927.542715768725
933.033953467863
928.616441284962
923.308098294723
931.147649911319
949.718346706948
924.850131694916
923.59864313107
929.664814272181
929.47828673313
945.238263660151
937.112503499548
926.521357538988
937.371557715424
929.920268594773
926.508489463105
946.00482465513
930.28657437212
925.798283393781
932.336619058973
929.428709100153
933.194598711857
929.505657857344
926.118269180982
929.914212104198
929.759422127493
940.583074614454
923.760940928235
928.877291918661
927.767695485582
927.054555372857
938.340609442144
927.659699963569
925.944238808201
929.986360248286
926.486657369783
922.822994923746
931.93982935127
925.562666710843
931.607624112089
930.647084738946
926.505630224062
923.466646877798
929.373118697583
927.433425255825
934.144572580809
934.275329976789
937.088670790999
925.525316910273
960.511714059522
941.04714007835
926.698161946793
946.514664971614
939.600568270221
936.176283081517
928.802212184155
925.487205255759
948.445592223608
936.948844547436
929.454726565119
924.649057711507
923.86486237311
934.220619337916
927.245996351463
926.856629306756
936.660622863476
925.422760770273
928.811687080208
928.501157279948
936.784539512306
923.934343520144
927.880804493096
933.472983684095
926.521318097898
925.027542443347
929.765247493746
924.368295349261
