959.022777795803
957.216887314363
956.212234826457
954.628605312827
953.718259490032
951.684047476324
951.482784472775
950.827168811496
948.351124860549
947.494113065289
947.221243211128
946.691438261497
946.306998441254
945.80880706946
945.244618463382
944.881140165754
944.223903992556
944.054641025765
943.817552836299
943.326643487862
943.088159233738
942.885124852911
942.522468912548
942.406163395769
942.290094386348
941.990232085818
941.642714328423
941.46780368709
940.557029858515
940.465513536518
940.332612107897
940.265660333769
940.201714834162
939.765306873882
939.757013655551
939.580514120268
939.357111777858
939.337667978558
939.303966266979
939.124406090609
938.977631864941
938.947838945685
938.741507456177
938.20700918982
937.977020127555
937.827361137973
937.452996572042
936.76603436586
936.567725028333
936.428452192257
936.418155772093
936.399882002071
936.371269038804
936.314783164711
936.282861394577
935.870841227683
935.789479293957
935.567344708986
935.248507031522
935.22683791725
935.185700013825
934.954711496274
934.944402879651
934.880300624689
934.738092461018
934.712488383501
934.711071430364
934.632678200432
934.303247101916
934.261376317583
934.178404795113
933.786853981198
933.722716099844
933.282161115067
933.228829174253
933.199785864925
933.17704763055
932.914099620348
932.84748913834
932.833015901767
932.781100536556
932.779002233545
932.761429762636
932.751239236985
932.656712553273
932.646523043516
932.63516034947
932.57092189743
932.539150638535
932.112156195961
932.082373465506
932.043089628586
931.997612914759
931.956512615809
931.953459984006
931.880691907498
931.840728932728
931.833456217538
931.733682325533
931.59709446382
931.539652832626
931.456991023656
931.443340559272
931.286585377086
931.243309757592
931.183298489168
931.166453767069
931.034997370275
931.019254401146
930.945488110107
930.54973753831
930.537632419905
930.475232550938
930.468926172246
930.466712524185
930.45433900396
930.318695030302
930.317719594249
930.224051815623
930.030075755434
929.900241707053
929.845513399707
929.713000423862
929.595274161307
929.406819026481
929.386640540934
929.312156001826
929.283420934638
929.214293834809
929.013976127263
928.991139754925
928.986622077787
928.958928769317
928.942526484264
928.939613268403
928.881063306876
928.770313274839
928.629226533765
928.459454345189
928.26025190738
928.247039996529
928.228912551882
928.191757968835
928.083083962993
927.912187312701
927.827978212085
927.825642087132
927.799149023809
927.783210062842
927.764580783486
927.764498415834
927.760181187397
927.759981235162
927.555612058409
927.541091972689
927.501813327407
927.499463205936
927.365505060066
927.252373844002
927.199319727506
927.088881342458
926.924483711396
926.850628074569
926.780152344797
926.707731765011
926.556001774405
926.554388905677
926.545308190836
926.431900983705
926.170660897339
925.974587611682
925.908282519475
925.890205925637
925.856639880198
925.719148004923
925.67192413276
925.638948293265
925.63893278048
925.62272465048
925.600776249471
925.563859149881
925.472937471356
925.397587121445
925.318406586802
925.216973313216
925.214714821401
925.1698418129
924.992477568671
924.944100494046
924.886707266201
924.857555592438
924.768015496707
924.740444073677
924.739207576588
924.588417044235
924.489869722191
924.463304022801
924.337893333461
924.299923827362
924.270907656319
924.213382398154
924.192822738545
924.173562923432
924.121923451512
924.111203302221
924.093652274807
924.044071656905
924.005583884102
923.946369170019
923.914398432203
923.837114242797
923.83470885345
923.70915823184
923.708472848582
923.683181003171
923.667726174647
923.641426944051
923.632213328275
923.609909905453
923.538831834729
923.467696525207
923.454069473433
923.438963381158
923.377399051448
923.375920877927
923.332177734835
923.307054085156
923.294886377676
923.142529571449
923.066905169982
923.046477356527
923.027101363379
923.002471307235
922.918102054288
922.796736471214
922.768311384865
922.703329512011
922.672164168118
922.549283837736
922.513162110014
922.506941715385
922.454957083734
922.448607325981
922.40818424399
922.325686875257
922.283445164502
922.273752525724
922.243057105594
922.216620501657
922.214020200605
922.213878671407
922.211773656497
922.146198856838
922.095518767621
921.947165895215
921.921674435015
921.908030328601
921.874318998279
921.868122595108
921.862087308987
921.787302969506
921.778597635922
921.764247270452
921.637445166388
921.505445201632
921.4186626034
921.344760235245
921.325310214051
921.306013571528
921.294350812753
921.273581564979
921.272560116482
921.269835718149
921.266119010885
921.262949688457
921.260089793709
921.252123310703
921.242747126087
921.20637172969
921.095035221304
921.058211404872
921.042131541855
920.99036309695
920.907086040595
920.835971143223
920.815560484605
920.751394760098
920.74071611395
920.738273550262
920.718071420381
920.709014365703
920.694680500507
920.693348859393
920.692261196651
920.659125296997
920.629307914034
920.53601817647
920.500664583615
920.488049295271
920.408448905137
920.401718981539
920.368363864785
920.368177616078
920.281379459256
920.268849527543
920.252236363862
920.188419899272
920.165996322535
920.160620069288
920.10097864065
920.070184276055
920.051601988194
920.043329462199
919.872076037778
919.867682915427
919.858050720634
919.75177048796
919.692975893314
919.635396389414
919.63039046059
919.585802641757
919.580247881276
919.579963665692
919.554346431231
919.530739513928
919.520205872999
919.514580737556
919.507456887596
919.454417392373
919.340455597257
919.273072836421
919.272302552269
919.216681942843
919.195217134343
919.16824465152
919.128805526555
919.090344148534
919.068357333259
919.055819855926
919.045042549615
919.010153114384
918.999596688545
918.965592224894
918.960925940164
918.948638446697
918.918456418113
918.852697217753
918.83640860317
918.830537124692
918.826074613328
918.80699904256
918.782662060463
918.755338117777
918.7526177821
918.729187999835
918.692515120983
918.687323187468
918.613803755602
918.551488301017
918.535186825487
918.520564284471
918.455797140907
918.442348225209
918.434511328849
918.43216634091
918.303240353966
918.27230877285
918.251218436044
918.244629618855
918.194484522867
918.173435591781
918.164526890378
918.1273020834
918.075599443356
918.063759293675
918.049353121657
917.990686958847
917.951681575133
917.942348234644
917.927372579528
917.916414613252
917.910938486664
917.879811970204
917.840708633265
917.797566744849
917.796463191643
917.775660312228
917.774007175167
917.771981038031
917.752831158437
917.734991887595
917.730528442092
917.696497539777
917.660226206623
917.648937186169
917.549788767059
917.517653369
917.511305172291
917.426883370364
917.417874493342
917.397752283872
917.351581268892
917.34107983553
917.331902434955
917.308505469608
917.280997997646
917.210376188011
917.204468646062
917.184695540467
917.16624732042
917.140305037123
917.139611438417
917.091263013474
917.078607810066
917.065640850415
917.062093652179
917.037197333854
917.02341441863
917.018326234159
917.012856371388
916.992453365515
916.893592033335
916.863068734006
916.862215921549
916.835178353111
916.814369340487
916.794529969804
916.793183611618
916.781970399713
916.763694017519
916.725379318107
916.708405433715
916.70534366013
916.679266110563
916.629139082309
916.590848688187
916.571319077927
916.556832458129
916.508653768816
916.459379111579
916.412297975009
916.398782294493
916.370401749589
916.369375793413
916.321191459864
916.309308266464
916.296998157718
916.285194886435
916.272089513518
916.270798605256
916.268753671016
916.236391532637
916.20208764147
916.196456665592
916.190288491578
916.16500521934
916.113287100481
916.085737314283
916.03852211608
915.989557705069
915.966988835763
915.948725544639
915.943896140771
915.943650844247
915.922643352027
915.906021139696
915.903844962394
915.899892924731
915.888295136994
915.879675282648
915.857964487391
915.812584836956
915.801385822194
915.77808464439
915.728252177286
915.709843535325
915.705902468531
915.703871511407
915.69371368491
915.594476064565
915.587711623141
915.581163108571
915.557670352949
915.537404319205
915.528873999911
915.52551270095
915.499761024656
915.484242988835
915.471186758433
915.464377105868
915.437609865032
915.423122315655
915.401998100816
915.401689611925
915.390547627357
915.390266546279
915.374186653155
915.290453161654
915.706865547491
934.550888882134
930.916839152932
917.765349342966
917.199290555962
917.136518600252
933.883224119621
950.961332868307
918.958214734659
941.588929348765
917.724943107407
917.333108202213
924.494187488952
916.096816989867
937.393766860426
921.441654804077
918.603493142586
923.208304266869
917.968223580114
918.812902706362
935.894084124835
936.362423470395
935.093447462145
926.355925780051
930.744312919903
923.896897423558
916.78432190547
925.980983106735
933.410885052856
935.781742910257
922.13821283043
920.091540143938
923.730813103996
920.944045803873
918.9750206198
917.805313885023
921.319650977819
917.330393922492
916.739541082538
949.547355358259
917.032677780333
927.225808477961
941.719177916888
938.136743411795
932.703979189447
926.518755128471
951.639368627358
927.383255449475
938.007688903573
916.166764203624
919.952729976996
921.132858477035
926.518095293788
915.688581174634
921.250873950694
920.033160161563
920.198230760091
925.203389402476
943.638655758424
916.176272721839
940.847622182051
940.45349349736
919.333508281442
936.598789440484
931.075167574399
920.917581736995
921.879494271338
920.392578615008
924.234694941981
925.087647898767
927.808171542758
923.611869419902
916.158495769363
920.542837472391
919.883543131768
917.452557114593
936.256584378827
916.307417735025
921.944308230346
926.03394117403
917.934205786483
915.910974071045
919.796199518525
917.297384995937
918.477703177641
916.743822532452
921.470074663967
918.557331948005
935.216757165995
938.750748741178
916.541549603676
917.618745856582
918.990664715525
925.043506085574
920.18584192689
921.881181595609
932.725811845312
930.493628678604
935.963865753098
923.601285599745
922.877442462045
930.655227123767
916.541863654954
919.837263482092
922.296181579258
921.910509873781
930.223382635442
919.071344338806
920.446332267145
931.829803845802
915.299819512204
917.327353689192
917.380260445077
919.347142899592
927.214515990515
921.164865902201
922.452033802993
924.501894084498
924.0918387817
926.365183879804
932.104621403241
924.280243390159
917.678130538997
928.523487986404
916.059036227501
923.530735010182
918.218653368336
931.000553332267
925.810343815062
918.975616626943
924.647438200737
922.144498069238
918.760843319913
931.484974390441
931.299031599627
915.697349134131
922.737129007602
932.87723930329
932.936159566211
938.081129862409
916.927004799926
960.705059898518
927.627602170781
922.877013594488
916.100089104485
916.736623222045
919.109158735509
933.770283155326
924.292583964498
916.038702244971
921.323458801126
915.482080040495
934.606253893704
951.881360245118
931.659196193526
919.351982574322
921.848150263422
916.666053647359
916.43181593407
916.783984719139
917.360787259331
928.901314944195
917.755936488617
926.227874811635
932.885075545815
933.491724436925
924.360728851511
921.741133479128
924.39352142893
961.086234495667
916.479534690964
922.288336379131
928.847769011948
932.305380516173
919.741282722391
916.853116560403
940.151391701757
916.569480666161
940.256165960556
943.744786769113
922.3079390781
939.526133938149
923.554045457479
934.53197235021
922.637493641458
915.706328831478
921.738811688834
923.35100229482
922.879177531916
919.552984885316
917.580515348875
916.891280789472
924.724348536358
947.768978967064
940.057680721523
931.748742354383
920.823670597564
939.810964757537
947.869545487545
927.374260794781
924.946776228949
918.70630586756
943.426971566992
941.299130564533
932.491826644835
919.323986098623
917.706130643479
918.26431650871
918.480095566576
922.135711223489
916.303692457899
919.610301528016
924.211544093754
916.189706904113
917.290078073554
934.727037477396
920.136880870989
925.521440703755
922.848107946773
935.663908040053
920.576954515366
927.742761714503
921.504861798949
917.601494651922
917.315352872239
916.71835808125
932.012890315171
916.095554132396
934.052325217651
932.995078977986
920.109488111288
936.364347267881
936.024629118471
935.63074205167
929.441306294169
925.642840656508
931.325224318236
942.058136845358
919.45495810838
919.563167150293
923.493166638178
918.885503404736
935.299408147987
918.461661453406
919.50612647687
920.160579166213
921.26643125221
924.475887497942
941.88482555453
916.529589246144
917.110486976228
921.593996410664
918.597882950941
926.908574997447
929.685585575286
938.91077174722
919.30991465031
916.460905029531
933.733683320516
924.059572365272
916.426390959152
917.439657250027
925.696208010496
933.205034409342
920.21447116943
920.683113704486
921.543530604112
916.836597030317
925.737684487109
925.414676755008
924.455155877871
921.190593470351
922.013207942271
928.454901933429
923.665259491547
918.839198668442
924.83131129035
930.585068925613
918.412725454124
926.064787153337
916.727097416715
935.453427927868
922.96296450953
938.525291169843
924.508240157983
928.746767529495
919.98669088891
920.381964345617
921.369493904931
922.520983441308
934.004253030543
919.663453468058
917.226069241077
917.40789757275
921.462848321435
917.369987374275
920.958038781937
923.800138774239
939.843177171545
917.014198715698
925.21747790476
922.223565151158
933.112463176662
920.624440964437
924.337901359203
923.94993491367
943.956501269716
949.689639789657
923.866277775647
925.874331732421
917.212547962899
918.299703062662
920.078240188515
915.560963531348
921.120511842342
916.345664700529
917.859102663194
916.423099550434
919.125884380686
927.690851835221
939.217210286259
924.716432833052
922.096567756433
915.87469885955
938.555884800898
927.897224222207
919.355083460721
916.87975694567
919.58278055086
931.757253195367
923.275069754689
921.053276619637
928.025216671072
925.884483513046
927.27437781404
918.742773477893
930.924222858834
928.529934110154
918.67138763489
921.285287705234
919.452084635467
917.285100497667
919.056451467527
926.434219404877
937.579246393047
929.759743744719
928.404795009431
933.831419360465
918.824325989554
938.618536705658
923.90974434299
939.79157078752
927.251556301808
944.06955362893
921.08415898446
924.1050429213
919.55722100126
924.586030019583
928.229159538431
925.493392733826
919.709938629985
922.433704434473
919.089434605836
919.278961229044
917.356121067707
924.211018349986
967.046229740263
924.768353484632
925.384043307164
918.339307146064
930.434189533832
920.167771296317
941.458691774352
921.276796862533
931.270927530501
936.769220799653
940.38915682129
917.266309840159
919.7938779184
935.177684594346
918.376414419121
944.065221208832
926.823326960278
919.896977796402
935.569424315945
916.038741411901
917.456544234235
920.779449203092
928.065521512487
920.749539873157
922.128000074622
923.692380845148
918.521337050128
927.656332740865
921.095093233282
925.126164856457
916.352782751283
930.054853053587
920.422169324675
931.812823868024
915.768128961758
917.585892966516
923.605750705368
922.328735324937
921.331013686934
930.743841787676
920.891008419789
920.210973547069
915.278261737617
929.277904590721
927.405877255712
922.91789279105
932.739117493322
916.416384142024
918.07823950283
920.86243694068
926.191811564959
916.264308517867
928.209240890221
931.127021774159
917.015335783436
919.040339862522
949.961575361549
916.335613249928
928.055192549037
923.221868771602
920.781225792809
918.924127398675
923.606831733665
928.112792068922
932.553701677544
933.347544546127
925.02287675725
932.932252986269
915.463136617802
929.786395917349
929.041296624767
926.80149760564
916.759410719535
918.133798081289
930.833062129109
916.027286168109
917.261309621504
915.742515002477
917.047269812081
930.357286466314
923.71068829776
917.901339159303
927.115128630489
924.423820007907
945.775791153855
918.888307111271
947.267954492856
918.60877670552
923.463149224633
925.191652219937
920.290229008338
923.6123247371
923.03608826328
929.68416282507
923.124160899932
917.368529394162
919.315262995994
928.403967350904
915.557421814566
946.041739340796
917.127520189764
920.002182435143
919.652020313528
921.917984353
922.680888764375
917.291177242356
925.907610169974
923.764340568627
917.940154079577
915.435791944701
948.585608969285
921.733689816277
926.051159857495
915.238202602433
919.29990951358
919.154777463638
921.517220488025
929.879797076247
941.227892735596
918.437947849011
941.961306405886
925.342970633873
930.838770120023
929.161519659644
915.375063429074
923.432093645276
920.481367758286
918.893175063635
925.878211056617
917.256691668836
946.39139178115
919.619312472319
924.895994948344
915.826123257855
929.662986301986
922.924680120294
