713.085859114004
708.505990118822
707.245312287122
706.592104368444
706.327927318623
705.175959865365
704.636146670766
703.865741991141
701.665291874224
700.827807010489
700.450174025897
700.111827698178
699.945450401162
699.873787670174
699.674638707506
699.560373124194
699.547338572329
699.328279190335
699.312322986887
699.154217211582
699.136661875773
699.109628940306
699.014202928931
698.912210431811
698.887908843465
698.872826181576
698.784359242818
698.763192404571
698.720815494647
698.698766832346
698.674887585867
698.590029041365
698.544267902333
698.542759481939
698.535799287288
698.506565762701
698.488544811837
698.468325725922
698.429394395165
698.418664153126
698.398552323178
698.39632741082
698.380447062094
698.352686113255
698.344944146716
698.327265439156
698.325306035922
698.283598469548
698.159049671403
698.151497609643
698.143484988879
698.133199672578
698.129430306773
698.121152472064
698.011245517722
698.008106115028
697.963911338501
697.944493868477
697.928385461898
697.920184646349
697.919759455013
697.891805743143
697.887148520866
697.886630596868
697.85925689115
697.858809979235
697.776533612257
697.764510448736
697.718163195836
697.716245003967
697.713866837551
697.674773209729
697.642205794352
697.625577498878
697.608610662585
697.540668762144
697.522668568063
697.508131215686
697.493660489973
697.434211582203
697.403353504262
697.38497777471
697.375032139161
697.346669077208
697.29915276393
697.289218685354
697.287096734939
697.273640161673
697.271573609493
697.258785044448
697.236431669014
697.201937354553
697.180485159297
697.172071708305
697.154999541271
697.14973995323
697.149427564452
697.118642099249
697.116171346737
697.090005345374
697.06025299179
697.056029713315
697.037912341685
697.028649078794
696.992376480349
696.973507640593
696.962811545211
696.957209146332
696.909067857975
696.894803867
696.875102780739
696.858448188264
696.850785798111
696.849071347486
696.823258849247
696.813783339929
696.746012922703
696.713650129296
696.707814909606
696.704798116877
696.704344936188
696.699338611782
696.665425225338
696.636944958109
696.620477300295
696.607149496562
696.607110009274
696.591365745294
696.587060044283
696.574415853929
696.570588333283
696.550256047845
696.528045763591
696.522140099788
696.519208936218
696.485430350952
696.475657893582
696.470859693866
696.469528885409
696.46827499356
696.444168296631
696.429284289076
696.417698412082
696.409284070023
696.39811960642
696.395017288563
696.366531045152
696.358460701996
696.358260479184
696.349853971052
696.341464510339
696.340251160741
696.337840485689
696.330745876984
696.308774971226
696.299242433079
696.299171488882
696.283042536215
696.277873126507
696.263139759754
696.262545147854
696.251504904887
696.241019735683
696.239873590573
696.237450666857
696.199012077404
696.198898671096
696.18624547571
696.167137967143
696.145353225469
696.113754469173
696.097175626336
696.093525756668
696.091798037947
696.074606802446
696.074561404399
696.071669605022
696.054065329344
696.030276764715
696.014692826834
696.010839895047
696.002977407997
695.995741042563
695.989626438009
695.973624202829
695.959872452792
695.94971044136
695.949046821818
695.938449770775
695.902693835893
695.897739868442
695.894600047287
695.891260090471
695.889388031798
695.876777845214
695.862667956401
695.852964711288
695.840333596358
695.825760697667
695.818208981623
695.740427189796
695.737734985731
695.728534269415
695.723150388799
695.705648968716
695.704784869524
695.68926024219
695.685676047083
695.672097387894
695.671289570787
695.629574340777
695.605087602522
695.596015857998
695.594577105333
695.585456804172
695.579472710642
695.576365337919
695.56155783368
695.553042596194
695.516697312064
695.515465144917
695.495545788871
695.49290856621
695.490358736293
695.485567171861
695.483633408533
695.474629174081
695.473413955632
695.470165353698
695.456837375309
695.451344778839
695.448976700614
695.447572746354
695.436260636701
695.43220053675
695.432014482727
695.417780284875
695.409424255882
695.405870968628
695.40558234378
695.403030358951
695.386661299665
695.352403972596
695.349692750181
695.31543007304
695.315205603514
695.310086664666
695.298889976586
695.272982995327
695.267255210939
695.251740573408
695.250062246109
695.248970770287
695.245116147443
695.239610497951
695.205814818726
695.177194080321
695.158286763015
695.155810398356
695.155570522469
695.137298651018
695.136212521611
695.118580295968
695.111094599232
695.105385724945
695.092144608399
695.085529195467
695.083163610263
695.082766235502
695.075238393904
695.049348153783
695.045354217829
695.03694053687
695.036649221097
695.028529635601
695.023696065808
695.001661925508
695.000715309548
694.997786889594
694.994612553389
694.991360605729
694.990121257079
694.987387319345
694.980388193
694.970308234708
694.961042632523
694.961010768896
694.958970624697
694.95355555432
694.946067118062
694.93939366242
694.934675250649
694.93069642048
694.92722457064
694.925544362665
694.923202814797
694.921371718938
694.920865824199
694.895541515632
694.894906065374
694.886463817945
694.872258733459
694.869724855466
694.869452738268
694.861996979386
694.861570945116
694.861217395007
694.856491327763
694.814741991396
694.811694942635
694.800174458111
694.788705807652
694.784527160123
694.784401277445
694.780081089088
694.764830470495
694.751746118472
694.749835315796
694.738148055138
694.736018052451
694.732633612075
694.716904450598
694.715583934937
694.708089877625
694.695256022803
694.694407315333
694.694282149129
694.683716978902
694.649401667724
694.644528543065
694.643178870962
694.642707404954
694.639904643642
694.633788475244
694.61481197468
694.597856179641
694.5921180766
694.58606267323
694.582180913136
694.56976701995
694.568290753457
694.566338396521
694.560313967629
694.539078960798
694.532373390125
694.528000919639
694.527036328977
694.526028568579
694.511939671572
694.499600219406
694.497303281525
694.48941937731
694.465497102613
694.464702768796
694.453847128589
694.452838626573
694.433575705581
694.428294736151
694.425859612703
694.424764182854
694.421743196257
694.412610973547
694.411208765487
694.398978798867
694.380975733588
694.378736106447
694.372182914635
694.36739878697
694.364397738463
694.353029273293
694.346167221697
694.345486761288
694.343377995321
694.342064591172
694.340341535399
694.337623683395
694.298584379883
694.274664984593
694.269873535861
694.268420223571
694.261705565984
694.258259681526
694.224778632792
694.220279511134
694.169194442285
694.167816382201
694.114362232274
694.104183865912
694.094802960314
694.094092416448
694.082974048415
694.073254804891
694.066766194754
694.057134436595
694.056163660608
694.051322930041
694.038023297232
694.019256394871
694.010858885825
693.983260762371
693.977875839469
693.969878687587
693.96247984849
693.949062084443
693.946147534047
693.945931874254
693.94532509013
693.936024718183
693.932621427525
693.930218124116
693.929657695977
693.914054310159
693.909290441765
693.906245397086
693.905709656154
693.888610263553
693.883548733183
693.882513765777
693.882127761526
693.868187908079
693.863193679808
693.86152094917
693.858623076949
693.852501427082
693.828922246686
693.813478212824
693.799664097131
693.799485078996
693.795040969809
693.787190107457
693.781792023081
693.777372394358
693.764709548671
693.761597366835
693.759887373191
693.756577019322
693.743341831188
693.742608260156
693.736463623088
693.729699017222
693.714245811788
693.713516286216
693.705280015788
693.703994606975
693.70213897708
693.701251683593
693.695925098574
693.695755745589
693.695712774815
693.681635497734
693.678250909026
693.676709622994
693.675102916302
693.659161553569
693.655479839661
693.618856708762
693.611928388245
693.608611836955
693.605641185088
693.585674438778
693.575828022436
693.562424697987
693.53858410911
693.534127357912
693.53260910169
693.525124700382
693.510666619764
693.489018671874
693.485969413882
693.474854148697
693.474495374186
693.47445619354
693.470711219166
693.466268919403
693.462346660539
693.462083578836
693.456649766704
693.454389565224
693.438201069104
693.434783942001
693.428328070411
693.42721696643
693.421251029812
693.392228262288
693.370903389987
693.36684258007
693.36639488091
693.346953731721
693.3465789742
693.34474074223
693.339542689972
693.33950597108
693.335194669074
693.324151553546
693.306346121448
693.294889566338
693.276319004239
693.269907118955
695.238175455277
693.863139811537
694.501447155908
696.524581430323
695.04929934769
695.492445963365
698.546188407539
696.708742509656
693.833538955187
698.578272260638
697.541997186339
698.602736454002
696.077699487411
694.037139266806
695.501257874116
697.632813363564
696.690946967875
696.144310273885
693.314659512227
697.924507419109
697.088332085121
698.464276647388
694.398212630794
693.768629848224
699.037705535584
697.400617812827
694.017648293474
696.181168317973
695.533494855022
696.59269793254
699.761968092127
695.661289346844
697.3759204796
697.763645876856
697.150136489132
697.164085643782
696.175228154084
697.464872294029
699.074380686003
694.664763555171
695.816212543404
695.125555289811
696.599805903443
701.236277100526
697.758325421291
696.860120708932
694.527044242875
698.191464889603
697.975316033735
694.132814826911
697.615912323713
696.912561226047
697.243233493739
695.861713045455
695.120460939321
695.513062611614
695.020337853998
699.662497863923
698.111961199691
694.100067542779
697.819739492004
701.326469235705
693.320725676865
696.901273818912
695.615023117536
696.418760037369
698.144402365335
695.007812290487
699.11733907067
698.50303745532
698.76538644749
698.150048120355
696.25214404834
695.895085692939
699.356819846308
699.18801588954
693.878188071884
693.306848564616
693.376694866171
695.949382463026
695.966188732788
693.426617335379
695.618990630067
694.240808126779
697.225586078898
693.773862805253
695.105927445519
699.667280056387
698.673078997196
696.670827408008
694.718072774112
695.549230073671
699.143415234994
694.632687548708
693.582124626935
698.249593205894
697.757041335435
693.623052850906
694.709991416957
697.737812722962
698.147376425079
698.586534285392
697.540835514337
699.465308696845
696.81496266525
695.358848132552
698.194841735889
695.596694252427
695.056464700452
696.042823178886
694.574134692833
697.940974215444
700.568566992417
697.353283847398
697.314961353654
695.732250654837
696.014279481026
693.427085830926
693.610017047641
694.469196983727
693.625150890375
694.01556377512
695.53420569925
694.738535621529
697.64142794754
693.294287979484
697.949056448914
697.935478608119
698.343998533551
696.976615914629
700.290425233837
696.837145975386
697.987672007644
696.988198676081
693.282638472709
694.431218449277
696.041373771192
699.814080318446
695.349902435856
696.923230804755
696.784306981035
697.897337197881
694.729651423209
696.805133315834
695.340409970937
696.742262259725
694.962645531011
695.094666129738
701.35987640723
694.444135372836
695.252992050478
693.276277589202
697.126605303165
694.061807946336
696.758726509526
694.226880533465
695.745617420844
697.272478565815
694.570470390311
694.83227347852
693.755275102708
694.755945725101
696.93978250572
698.521648874215
696.265186422152
696.091649678723
695.501665118928
697.506379317504
697.232758381537
697.485913822573
693.811337865588
694.072913144136
693.948453561098
697.784653573711
698.501393085166
697.709224082525
693.322338478454
694.779399230425
698.547049392461
699.021959230512
697.649407592089
695.50404860192
694.42955396188
694.313700667799
695.606681177251
694.00743389301
693.944618536376
695.256828634324
697.041102259151
695.600748749793
699.414085042068
694.64927644168
697.914596357145
695.413285877715
698.915241151452
698.895528342384
693.976914860087
698.730354627478
697.571990901713
698.364235065345
693.981059198949
695.200169527486
694.998324713605
693.64096348033
695.425870015151
697.74118771856
696.128290760255
697.532989590369
695.706624184311
695.710236865642
697.622628649153
695.206967549567
696.816399396625
697.889081181784
695.774773422449
697.967427992185
695.173573161672
695.780741387626
697.152962549404
699.012104989223
696.141684148197
695.772089179466
694.142169405809
698.02719842013
695.296930942128
696.902978047618
695.216502332982
694.662192370435
697.809001455303
694.308221195032
693.617455587551
698.28536299646
693.431108486477
694.618862386392
697.08994750916
699.4138420908
695.42945264561
694.68265306234
694.25821219307
695.621256794362
694.756857280691
694.452835673965
694.822543176156
693.839055917266
696.506836492725
701.449747064195
693.639854873403
697.30855428792
694.445078385916
693.729912077897
695.603844894348
693.681488782351
697.408510482476
696.623458206765
693.572786761374
695.461116592467
694.50455606983
693.912915946788
694.445233161244
696.811082490227
696.707173141062
695.734597043284
695.291618754307
695.418253871309
695.752889434264
697.079281948938
697.060867809507
697.417249873726
694.612680774023
696.532546641926
700.286266431089
695.513424708738
696.197448020908
693.916517698718
696.678516999235
695.492146617491
697.347222174395
697.278139370965
698.392037421882
695.374865996968
693.419758238494
695.436680076091
696.512126144745
698.481834190035
695.676933913452
694.301000071645
696.227262844822
694.90312655796
696.469391804904
693.343314678602
696.447160145841
700.471210692823
693.395681869892
694.460185881573
697.983506010174
696.786167718142
696.120964749122
697.782679161597
697.478762161591
694.005861420781
694.036088081672
695.071898482294
695.43639210517
693.474833795714
700.732075595322
697.865662802602
696.705111994597
696.224631391533
696.204388480425
694.286552710282
694.870276758949
697.008582453426
697.900077635144
693.387616403558
693.991311928142
695.320599966913
695.532533011635
693.498020534321
699.432091053337
698.743136874171
696.818830986732
698.14601426275
697.423498606099
697.46098167413
699.868494095725
696.319964940848
699.840038072466
698.267572929749
694.803522462795
696.535225169473
698.079276571439
701.998658222234
696.255669433097
693.341220056329
695.309739985608
697.244348987229
693.654200798637
698.319197563562
695.435905979419
695.937146265891
696.089749782462
695.919839690263
695.569112943429
696.904841530307
694.483604443381
694.586974106779
695.658415767595
695.086466516467
698.341757257065
696.923588414551
696.085727596433
700.978339706286
697.908419866867
698.474418874569
694.319581804831
696.907778066682
693.873656209994
696.040481972462
697.658415835726
699.378095581071
695.181545751837
695.094941668516
694.287554326472
696.557213767369
695.084532329122
695.273184867573
697.125016932932
694.807140415353
695.39101267057
693.345263696664
697.573048144687
697.214625597536
695.668113491885
696.414064957021
697.986528192344
694.801322514718
697.9199693311
699.650984635711
696.429802679184
696.116020880098
697.056715050129
694.022494082768
693.848627278569
698.321843798012
696.913446468305
697.101110025418
693.297189358554
693.402152884578
698.109868293792
693.297612775776
695.858779012428
696.369151795311
695.014377281923
696.886892151164
694.491689627188
694.16520671147
699.799363224258
696.818274215755
695.792604002683
696.357993790209
695.182507032863
694.072000743096
695.866295999043
693.893496249454
697.442137474531
697.541462210333
694.067560430662
700.420978471923
696.141363885956
694.86782039427
697.403397023449
693.471344052391
696.725945997148
694.105520249672
696.928889631082
696.026719105531
694.270303910612
693.926751921648
695.957072278969
696.135366257075
696.091751521635
696.956732881576
695.474516524227
697.99034160316
697.885310663475
695.441072414322
694.838383659265
695.218521064631
695.125372628139
697.317518977899
693.994406926387
694.4328103633
696.330782923906
693.573242873878
694.202152995275
696.767630760213
698.509792839601
694.091246380299
693.642856768009
695.053841078149
694.307392187137
700.368086075288
694.639346437925
695.760322457673
700.182101194002
700.895849834587
695.658904799959
694.821950302541
697.624888080389
696.923122638153
697.25791753754
696.713747447629
694.112561399083
697.369275202715
693.49294102345
698.086586937334
695.644873686522
699.962051251156
696.549499357107
694.118543833917
698.557816926141
694.282874011113
696.629526613554
693.603932634573
699.041879754665
695.14517584778
698.683532815304
699.511489421842
694.950896172052
698.502886754269
696.925768635154
700.326538658496
696.278652612461
696.642819343137
695.51349776733
695.185249214488
695.428647528703
696.995890964148
696.280260975687
696.804702796402
694.165607742912
696.131687012993
697.148068090575
694.449038513545
694.371440556023
694.1578224294
699.156992434403
697.884931389886
694.209356833848
693.454211988659
693.285060419572
695.156520467322
693.929635648239
698.915996330883
699.253218777885
698.940195037678
694.17870533142
694.922087852424
697.517216955996
694.682364977057
694.777131275375
697.863392009216
