533.985559869189
533.224163327903
533.126695076216
529.998645953213
529.436830370517
529.046904074745
528.348920471624
528.200284778028
527.066866520788
526.673628971774
524.622929095196
524.555408228197
523.77983885998
523.736021400779
523.533835300172
522.843259528277
521.728873697563
521.657495935836
521.359269340238
521.131733968276
520.419895574222
520.226796619499
519.537078268953
519.078994660486
518.861167548877
518.084881843592
518.008585702055
517.587720644926
517.407853625656
515.934156599496
515.216887381669
514.940536811847
514.814750122354
514.789537092224
513.857952586542
513.617219889539
513.49175557311
513.088626847708
512.776778730625
512.645180791122
512.574085043899
512.476300604986
511.479764373615
511.175767357286
510.906055333337
510.817063199064
510.787235752198
510.725626156353
510.286187493502
510.043670260704
509.522023019616
509.297038670217
509.228536338413
509.1403144186
509.12420861231
509.121552401768
509.012719205027
508.89686787485
508.879644380303
508.840153744149
508.761259969928
508.462646692751
508.263773836557
508.064835395104
507.802366689651
507.692375087004
507.595036822556
507.247404578057
507.12846411076
506.99038386292
506.850268330044
506.670838880433
506.426330459223
506.296803909717
506.197911630187
506.074342813415
505.758556285097
505.544020447246
505.543804244344
505.455149837223
505.389244213823
505.141115731504
504.900263891081
504.827558724548
504.761336592118
504.572871441439
504.519825232969
504.435314680908
504.404348245537
504.382495039008
504.363548170379
504.353980667903
504.338708322691
504.140251478114
504.081735589256
504.067795119319
503.887457354309
503.87435790304
503.871851269281
503.701398639735
503.697942990913
503.688427969258
503.687059550614
503.636348797924
503.596258171657
503.580403927578
503.506044688127
503.345851897825
503.33411538664
503.256889261754
502.899382938573
502.856609564173
502.853749816718
502.681745442028
502.632366332362
502.591844005786
502.3584055825
502.256837794376
502.240003848516
502.179370625333
502.039684267532
501.789421076364
501.631951385392
501.48340207806
501.440485403167
501.240649515476
500.995070041708
500.986399749989
500.914005476063
500.883313234299
500.814474924614
500.7190778564
500.633150868897
500.5478061978
500.295994016469
500.184416655156
500.039670199226
500.012891302674
499.999919800699
499.963301249637
499.958491635278
499.835737866922
499.821304075018
499.754250689411
499.553149025821
499.546596729513
499.252000170151
499.204120137826
499.161359015499
499.063694801444
498.983095448321
498.899831128016
498.71902817141
498.705431396895
498.618603564112
498.563366387547
498.385288399627
498.176999386268
498.155676131564
498.054548311234
497.917024144985
497.845364693218
497.825131939438
497.748386981076
497.663399114059
497.651846742294
497.575563228632
497.573003322081
497.214048295921
497.141076748565
497.088898816078
497.04118713702
497.038107182312
496.936285598713
496.717733460086
496.662889868586
496.630047088328
496.378599994289
496.279235038278
496.188179482916
495.903311100688
495.890173034172
495.859831203769
495.83806266911
495.772982798389
495.687872268327
495.503338928051
495.500032461775
495.497314111018
495.486792848975
495.41771127144
495.33930452528
495.330438955522
495.055649473623
495.034208579352
494.995482534689
494.99308583972
494.963267379738
494.939664703987
494.882896719166
494.8626265307
494.847906845984
494.808741310019
494.556165419919
494.529622701765
494.48206692933
494.297146323853
494.29101267496
494.278421651877
494.26231160656
494.139764920777
494.067383922784
493.938183595058
493.784336804562
493.725611754819
493.690068685188
493.592823952802
493.561167880075
493.507513880344
493.460652082554
493.459575026668
493.355370338917
493.342056333234
493.324673497631
493.293956682993
493.104010446025
493.044839466936
493.042017979075
493.027947486359
492.966001026449
492.903225506778
492.842113654752
492.801364903392
492.787038466545
492.687462018684
492.581944924513
492.420724113352
492.343297231551
492.244077149126
492.195025425059
492.149272931126
491.891816874081
491.845356597086
491.807797438798
491.803846430003
491.649053103409
491.573393622737
491.556903457548
491.534730138266
491.515325199674
491.510449897436
491.506944328891
491.500012030644
491.393026573497
491.391097191916
491.366995208486
491.227936201253
491.119537194511
491.113799293897
491.076703177797
491.074559444154
490.981240174247
490.974266570258
490.869173334723
490.860076360675
490.830387574571
490.813151787321
490.79023316991
490.713242462808
490.691784527451
490.50331341962
490.410854972158
490.404380672185
490.348135356142
490.344148274671
490.333404765488
490.220875407368
490.217752943957
490.183692026037
490.094582931413
489.962662283477
489.887012962939
489.869088072191
489.718880616867
489.583191929093
489.578437570437
489.531903997941
489.512644795324
489.472323551492
489.470605232086
489.211854290296
489.15674057795
489.136638493326
489.112628382815
489.072467407717
489.028773078164
489.02024733535
489.013126838291
489.002609842577
488.825834176785
488.76706336526
488.748984252821
488.7195816188
488.577928505996
488.54316699305
488.496502525998
488.391359083561
488.366939684301
488.361866512214
488.34386625905
488.338546839836
488.291877375896
488.26909090879
488.263749669061
488.126604751803
488.012526266114
487.971681105009
487.924123353728
487.851572544473
487.844213594978
487.77957830686
487.690574006388
487.674346110223
487.649966891179
487.63049254755
487.607900800753
487.604789882088
487.602061367742
487.55588420379
487.511264770998
487.501522137692
487.380736585631
487.378917809058
487.300129024449
487.266306194721
487.228754956224
487.219679976831
487.212989880842
487.170445928506
487.119535541903
487.086224685603
487.085845858606
487.05986940352
487.038395120709
487.016229266021
486.883794449867
486.852972836907
486.821204391388
486.75797887613
486.752609555127
486.722794672538
486.686318473571
486.546141602298
486.494220262385
486.462081570678
486.34110504575
486.302475619287
486.263104923087
486.243056470871
486.193023585099
486.161806645694
486.150932063297
486.044470609759
486.016888044306
486.013287445551
486.012168362923
485.941318763453
485.628783519111
485.545534122436
485.508095075379
485.504800497226
485.45778984405
485.452504879757
485.439744045294
485.429003394804
485.373429250895
485.347225826442
485.286997464509
485.276071233868
485.264756863076
485.251883213862
485.195898812302
485.194131672372
485.12062760624
485.047776423863
485.039387073069
485.025303284498
485.007178220723
484.995350133039
484.991565056866
484.806895783578
484.767225052483
484.703694813858
484.667676058438
484.640076579543
484.636642211356
484.631107681107
484.603133245518
484.583580582145
484.552198014513
484.5187546251
484.471144962334
484.330954325504
484.318080538143
484.273072479652
484.139171033984
484.118789446731
484.089506128159
484.047392543351
484.029813994171
484.00554890094
483.898253503167
483.866212275595
483.854215372237
483.836946096717
483.78476996167
483.700457381662
483.386618635734
483.256454487607
483.213685641534
483.206556365547
483.155722429058
483.135556326172
483.04527597092
482.934818762398
482.92226843695
482.910586669691
482.854901877309
482.84331830839
482.7594972699
482.752558134619
482.739273939179
482.734229030246
482.713640452432
482.696642632183
482.66381692464
482.64399297614
482.640361820804
482.633584269936
482.631617255072
482.499405411837
482.4508457939
482.426242000099
482.399884120556
482.390053862152
482.357581044648
482.325771094726
482.254281479248
482.090825754798
482.021628130641
481.995325187698
481.972042656343
481.862382291199
481.805700448517
481.793728583873
481.760317547433
481.687726477154
481.672038655368
481.632913919643
481.559691236605
481.504063228854
481.464911994751
481.41159085829
481.403995997087
481.390686414541
481.370464700071
481.321709007269
481.31374800305
481.21802701779
481.184467838909
481.179093053722
481.170680072852
481.121472527095
481.037138643405
480.915078135007
480.905117091299
480.89142750867
480.877375492205
480.839727165774
480.776817310248
480.676440232396
480.607618306342
480.587540146676
480.584045710426
480.354632938473
480.348723837475
480.310256757621
480.244537647041
480.21569319981
480.174195180217
480.143889981928
480.142201058328
480.115557573485
479.974173199581
479.959353883608
479.951523219307
479.931700680744
479.853742777417
512.636091547204
485.355909286513
482.046888930364
521.302109762917
480.954394906639
482.343389634652
505.329649669939
504.728543800115
488.78868342288
501.491271986927
483.16193123207
514.173360882371
489.288480790931
505.183883672779
486.164340450688
500.284582912768
499.918506176472
486.080150970918
504.976431258047
486.792585717905
499.689640434689
518.700150204707
484.251438214608
508.37127118681
483.194190503163
481.423059608213
519.89606980909
489.887814048171
480.445134259148
503.634948721511
483.744094746181
499.203082983013
489.151793917019
486.118333412314
519.289390602547
493.771949766819
488.852069460225
512.102765892678
490.687125810591
481.298239402423
498.76307579969
494.845536704543
488.341544335624
495.988289565745
490.05495323776
484.255191146771
484.483254659904
509.840404867631
493.295458595937
518.538456616802
499.942407330025
485.549411259823
499.851144078116
499.109961784072
504.767765018739
501.116636797084
526.46531649158
490.781751449263
487.508505452667
501.612469291
490.888328119184
495.025902584765
518.221120129294
481.602832535311
491.126507556198
492.137696283051
489.224801754652
516.017710794068
536.221536182181
495.245962101024
486.014297465022
484.69098961799
538.349380148547
509.717514180939
506.257331961312
525.54840530934
509.325863873486
500.539787963509
486.364349347761
491.953164707104
488.820082061628
549.991991498258
497.915802709031
495.117887690852
499.901028535124
550.650676469368
492.035645210076
521.535238895814
483.968223410459
482.967793144287
498.518415998141
531.902875886586
526.161530359866
497.473497322856
489.802274441425
480.37700287166
501.996595690085
497.612466017757
507.767831232989
514.241762902945
485.176452711094
494.935448059678
489.951705198118
505.005329083494
497.451032327875
483.14826967493
508.742843740535
505.396597869145
486.412582237427
502.622466205299
512.841063382751
496.269368379514
482.770947202161
493.982448556302
513.838068821746
529.075255714444
554.662350632648
489.585393596229
507.350812311808
489.637124813249
485.772966289303
510.876851756804
488.370963592582
483.800344673204
500.619079731624
482.56588563537
490.774811144966
504.242515859851
482.880548789827
503.37018392725
482.919022864806
503.833066888807
499.812081928362
491.187977083748
488.418569058981
489.694427138309
482.560436659656
511.876449096134
539.390910063295
533.724367948897
500.198370517302
550.513223247414
498.07843785704
501.525756108735
488.481139827134
513.973965387165
505.402715426348
490.853595485121
503.217489198801
480.411014912975
483.087258867295
489.732684713965
493.662629463514
498.522061142827
480.265522930411
483.244408862256
499.023534260553
497.621297715923
502.285285870122
480.876588820775
511.344818465948
504.500421412278
500.742996442467
505.440543128421
485.706610553834
497.224414757866
485.617984725791
489.731473201929
516.856394938331
491.337294370138
537.544723358861
523.159732640514
484.100022607405
511.211046492852
509.11467320903
488.014589357738
505.129565957937
483.013057360555
487.749514210475
507.293918153146
496.013824179044
499.77267643295
498.144941790825
493.869541573981
489.939048929732
486.212088281415
512.744047829598
499.980303763387
510.13924562397
490.683774734079
491.954157709859
505.136348443222
528.751492857372
515.05959390344
489.022408112016
480.63723922035
514.694951105225
483.725311500774
484.247174059719
514.393428046572
501.091094180665
504.839811151776
518.779784978762
519.601724364497
483.858607734891
503.582019846816
505.481013990069
496.646921962267
513.038540130323
482.563396502766
567.046552073785
509.701609427182
539.938836813163
500.680924813289
498.069370421626
487.192563147774
492.798571091322
481.386392981939
554.288439989045
484.377255731527
522.872287146341
496.716913246579
493.981125062431
493.107195037695
498.184063194337
520.882666450789
501.248040379359
505.869813301918
501.267019409146
507.644769876951
480.208673036781
526.595091817414
488.549532774296
516.094784271761
510.646422531197
527.096834578123
481.053627450481
485.767456867106
492.991214303307
500.753986794676
491.818617550117
532.694146662569
480.825062216262
485.326196273434
494.006236455628
509.814131041216
507.681871557937
545.261543039119
515.243583814789
485.685900639972
480.003442069446
487.641937455168
483.944974922627
491.180002796522
547.022084290286
497.830462770692
486.750145067953
507.440866210483
496.890119434255
501.165616424259
518.743931051498
504.040563309747
530.693102761105
512.181063551839
523.451378431087
502.328212666158
486.632241911922
498.036378437757
497.701537666896
499.684832066632
480.794395453087
537.023180681495
487.987203456715
494.362838029098
518.540521847709
504.945125840421
480.35345059304
495.622778615636
481.683089475034
501.776073299827
516.020307988188
481.954267996952
501.627526715134
520.534140896256
480.749283176815
492.094194996758
515.047285192542
507.49577387865
482.126865850382
483.94891431579
514.56858611339
507.262200650717
484.56624096436
508.045206118172
483.654350555897
520.774030113447
481.375518226401
510.826532647369
479.807042815074
511.429867515367
517.288921280505
503.677340687114
497.051460898936
480.006174869034
485.113460661412
493.456827774599
509.553326928901
485.532280903015
495.325241236054
494.927404984837
512.641530796953
503.281815639765
512.874321499842
481.085107601621
514.913896244328
499.124465448451
500.633863990514
490.425707070872
505.278137076257
496.071084140587
496.629871003061
490.249503729795
537.272125278466
491.20477528935
513.28847713555
520.789145219544
495.617638079957
486.92790918821
531.206432120083
505.323038213255
482.111861804526
502.125945324232
534.867273983787
509.985067676217
520.502584064311
499.323209512282
512.600417541182
482.733164034819
486.81498155299
501.17096420459
500.045315231798
483.77452860895
486.042567191552
500.855164692901
519.820080688545
506.78852127675
535.960888667525
497.600392943592
494.231147164382
498.112001729056
484.839392316123
526.585194173695
488.884442144569
501.80779103934
505.150259992388
516.60568824017
517.984300105482
488.56738648699
493.766653571604
493.37346609515
485.821976575537
489.410538170942
493.040066147252
516.207126032756
511.631390168374
498.204946959907
484.504258578011
508.54996073656
490.25727560809
485.983963936278
509.251233059964
512.091333677378
514.702173676289
514.578762077891
481.779885454431
489.534346037323
487.945820494562
490.526252654454
486.001961518174
484.770252593532
524.246504881851
482.225349040005
503.678398691836
493.389701744749
490.097369560383
519.02896738565
482.390136775809
511.274792100906
488.523540501837
503.254266741583
501.289040948816
482.659076093409
480.962396506107
486.477325909589
485.513536457167
505.745542281184
497.994080508969
509.794421321909
495.93570343426
480.176931673977
485.863517992085
503.184061529356
484.541724029636
489.991714830197
484.729749269094
513.060539572161
501.028296846133
508.060361472882
508.939389273582
495.952271910918
489.955318640464
504.30799522127
514.316927256171
485.352745012502
493.095106340211
485.165364739904
500.21436491181
500.288878772537
517.513967662891
490.238821590723
547.022869343719
508.476782005855
483.152203799219
503.838425987817
490.838323392216
498.129812973245
499.775320436273
487.459089856157
484.631188806969
497.053844588323
495.90683718816
508.545041406574
490.57358925143
517.152241518706
480.231618521175
494.622653686579
509.807689467072
496.644866688871
481.731991810244
495.539569429866
497.327435149248
502.144566319414
509.057593199875
537.14322603149
510.666096687652
527.420511814075
520.017690015474
493.552516287604
492.368839628657
481.322480196624
508.97412240931
492.697626754044
511.787817414934
493.034302545066
480.798833042379
494.077558282262
505.302416262025
485.994772058736
508.110556567235
502.531993796166
499.023285177029
503.731216252191
488.279191221738
486.10386776436
490.373472426846
500.513705687626
498.864920467222
486.459856974705
480.07205906764
499.689224443031
515.314638714548
513.733743827949
481.909677208578
486.342719296457
507.07202703952
498.897290130785
505.531874825768
495.790726803666
511.134487143579
484.497000956266
497.0138976352
523.568087316985
489.737250059884
488.972848172355
499.204345531364
481.341310556657
489.211582549884
501.227987911616
486.456542282547
502.078834635448
524.497551913786
485.641083977424
502.799673384011
498.408105568729
482.347084769128
492.051394641259
500.611063609932
492.569899840206
492.408958920092
485.155018398671
501.87484900129
516.056012387746
