941.990232085818
921.272560116482
921.042131541855
919.507456887596
916.321191459864
916.272089513518
915.801385822194
914.923435015601
911.242807488645
908.679580200961
908.502484376975
908.323346457551
908.242746396335
907.990723509579
907.175747363108
906.78985101573
906.695346173181
906.23172718201
906.089344258454
905.804906686465
905.740218512107
905.324156586758
904.416762448799
903.843879124036
903.583692138687
903.456530064255
902.867510193065
902.862146047952
902.509891980336
902.493853519636
902.331064721255
902.106772387551
901.888377083755
901.842142903718
901.657455935588
901.454386836986
901.106595509491
900.990750638175
900.955962228836
900.316153051028
900.28071592009
900.201466106977
900.137722156105
899.890712235318
899.833802954726
899.66276401319
899.559680332759
899.228507925822
898.974599390086
898.775991659745
898.725801876742
898.655869389384
898.600022789678
898.522869043486
898.515567339897
898.386216605818
898.384339793828
898.361294054117
898.350041821369
898.292267113292
898.026002671762
897.943489243589
897.817331547602
897.722958566328
897.665084064735
897.627530122008
897.374154220916
897.365077275289
897.330775028999
896.996639290636
896.854671121732
896.835406557106
896.639874649974
896.557693718066
896.238787634669
895.99840247601
895.982455305415
895.910576001593
895.705180097733
895.621109803076
895.490622069509
895.445624748737
895.396899368115
895.359661796602
895.324660472664
895.254264327613
894.985472162958
894.984313093431
894.87628311376
894.85577139288
894.842932624879
894.821802598598
894.785068851972
894.697716120074
894.48980378222
894.449882768801
894.394692838723
894.36526126219
894.328560181487
894.16104478935
894.135643253676
894.097502904783
894.06082438224
894.030429359527
894.015497191284
893.968469248215
893.894220423479
893.865524858452
893.820335131344
893.779350411605
893.767966755572
893.621817798512
893.36839868184
893.2858186981
893.164466532393
893.122856596776
892.91094174932
892.842370940247
892.669607897212
892.64748207287
892.527519987974
892.480020815885
892.445882428206
892.445705761449
892.337130833455
892.309704756911
892.168753070108
892.139659982985
892.135895300249
892.131690435477
892.104505416883
892.078526954531
892.04477915919
892.015073914817
892.008564654754
891.999515629325
891.99856464545
891.980986268624
891.97623901153
891.894575590916
891.772390726196
891.706670906759
891.655424742448
891.65498925165
891.601917134948
891.533469918538
891.516794156161
891.477648437207
891.399251568862
891.36602619905
891.3378368281
891.290136971487
891.221360672392
891.208509426066
891.188313543852
891.17849359546
891.080593347938
891.042121543748
891.024575698876
890.957803351824
890.944077287224
890.92411168419
890.698776054429
890.695507374103
890.626651508904
890.503987490362
890.483687726532
890.404397393171
890.310040306431
890.226972003174
890.183112217289
890.129299118482
890.10192346112
890.097513113004
890.077111638315
890.04926792428
890.03106931523
889.917567503728
889.896657366972
889.752401007098
889.748598756919
889.736110277524
889.682750298343
889.676899336229
889.616000776139
889.604694017079
889.603224026868
889.535548705122
889.515859657311
889.505383155543
889.477672190643
889.386160198242
889.354502337608
889.342175351384
889.323102359733
889.292948965711
889.25101865219
889.238791113268
889.198827153306
889.166720904578
889.063013901472
889.045006744584
889.016281002604
888.990687785288
888.983507509909
888.922539095809
888.882233533558
888.874563640238
888.865640152998
888.740565459266
888.675947161164
888.622716026565
888.62221736687
888.607582211732
888.586690311654
888.569468519619
888.536786153015
888.526757395846
888.520610208237
888.481965601436
888.475643380648
888.417098833834
888.408827313665
888.407395780406
888.393358686596
888.373415180251
888.350512469954
888.348305736174
888.339519442254
888.326648772756
888.325169029815
888.317037635272
888.302859249864
888.213543942109
888.206024724194
888.134192165007
888.125617908307
888.101141611799
888.09609352878
888.081113324821
888.067152114979
887.981398088014
887.908997525702
887.90208502013
887.869541612176
887.863353238922
887.828432870132
887.794392050107
887.739310281348
887.72081223763
887.717359267774
887.681073487241
887.676243404807
887.629819893252
887.620520169052
887.610291125902
887.556702791762
887.548577885064
887.519057019599
887.487600275981
887.46837215062
887.451144342078
887.435909991954
887.403926783005
887.353632951433
887.349582239581
887.293380923777
887.279757467607
887.267442801602
887.223220756617
887.189164029353
887.154060744421
887.148482444993
887.145726190326
887.129130861584
887.116383063337
887.109976486943
887.032987478505
887.01853051054
887.005908080758
887.004707029455
886.957763673784
886.948603667799
886.920243063095
886.866630250132
886.863907144293
886.848612276436
886.835733597097
886.833929128509
886.819333822607
886.785404420888
886.742466004343
886.740479251868
886.723324615752
886.715147835365
886.676602666439
886.664901360863
886.659971651631
886.658981773846
886.657410726397
886.613086160473
886.606459454383
886.595145680979
886.594535719277
886.551668765219
886.538386907762
886.522909763015
886.470346706349
886.455201279653
886.449135337
886.441542472017
886.441289802335
886.436198205585
886.422924458009
886.405240891224
886.403444218232
886.31448665966
886.297733611707
886.294142948398
886.27850650356
886.270982287549
886.269027921921
886.26496473073
886.258111718123
886.242563903471
886.194914579054
886.148667821641
886.140902468338
886.118962220388
886.092809429098
886.087716959116
886.069183317369
886.047412567228
886.041621642986
886.033867002301
885.993462023255
885.985953013608
885.978635980405
885.963284132183
885.95704184561
885.952145813414
885.94589843131
885.872814249734
885.862017118012
885.85296967182
885.836842201245
885.824335417853
885.748812625473
885.744497635641
885.72288213534
885.669879778691
885.666657759461
885.629174359923
885.612631358058
885.611212425168
885.595755599632
885.583311784716
885.580652068162
885.572355617582
885.564279602241
885.547367390195
885.544567536769
885.507052685983
885.493140169904
885.492915095529
885.481325092896
885.459679149914
885.437776850269
885.415007081558
885.412856360527
885.391648792082
885.363492565216
885.361638762356
885.333879222958
885.322033797329
885.311149035117
885.305643687217
885.292868737575
885.288765796847
885.271186595621
885.267115053144
885.24642275785
885.237768372633
885.189544864207
885.181909337601
885.17482040133
885.172308418493
885.154126280349
885.111705396013
885.104876432858
885.08505967455
885.084757080429
885.082488620048
885.077940298849
885.038030081264
885.035466851343
884.992295761048
884.987203892997
884.982198896739
884.963966871714
884.958161942001
884.955164399625
884.954825298787
884.952551406828
884.952490268118
884.893073460787
884.880982336985
884.852436116484
884.8226474173
884.81519644813
884.814208816238
884.806432484088
884.774067154262
884.723694037871
884.717342760932
884.703476406296
884.700848474302
884.67084442188
884.665801710697
884.642610719312
884.586414247992
884.544687915005
884.536101964007
884.533631198728
884.500791571643
884.496330766565
884.48703782001
884.482929206949
884.44455240104
884.436985814009
884.395838892371
884.352839776776
884.32046824415
884.291865051943
884.284533029589
884.25680553934
884.244078001079
884.227167099605
884.179829004319
884.178703555359
884.161464250292
884.149134557086
884.141621976992
884.112313584166
884.07365992769
884.059244244888
884.048544216643
884.046774023846
884.019122934915
883.988677254946
883.984177994256
883.982759021979
883.981269740146
883.976774570622
883.973901351113
883.91882289398
883.917681291304
883.897626767016
883.8839069592
883.817795097776
883.811371083226
883.807675143798
883.745799785194
883.727439867437
883.717230753121
883.708948052436
883.704444943599
883.636926431494
883.617796418442
883.610565145387
883.591416635394
883.575688204404
883.564543727294
883.560040269417
883.534294517396
883.490731493992
883.482154336141
883.453653809904
883.41610193901
883.408188607781
883.407472934174
883.400040355092
883.379719284588
883.375880171095
883.37167458425
883.368629332593
883.36139878527
883.350332422887
883.334126084124
883.329863798122
883.321564919834
883.281168250684
883.268493235312
883.258504984531
883.238362313905
883.224655460077
883.213814589896
883.212236494507
886.571261674025
888.066313126613
887.672302812869
885.098089087616
896.148617099783
893.049904504837
894.311423134789
887.408462127113
900.754417844694
891.355789815899
898.377459051909
884.590337658634
886.777184834304
884.383140498478
884.76592375684
883.790707502695
885.434687654751
888.642268726967
901.094833886644
889.565417995547
887.948686685109
891.472198145655
886.312406622895
883.409166893796
883.985419362214
889.126727341408
885.216624622851
884.821263199938
887.11771034978
890.435815849028
883.933924620983
892.971486694931
887.17121534587
902.442193135548
887.153420445976
891.618084570152
886.648020386097
893.913389097903
888.598775262704
891.561075916943
885.276096557087
887.731654948898
885.94846452205
885.903869409156
887.886443531546
894.680094776482
896.929170725672
894.678518110289
892.050223342777
883.983767967198
887.96413658035
887.808325868212
896.869770579708
896.240478959344
884.407642226934
884.177509416238
890.436903975937
884.384209935125
889.802022277471
889.34122385965
885.578534537577
887.894206724638
925.216973313216
883.36817482158
886.028921348589
897.525873567914
899.479821556377
886.684317715119
886.930863786748
885.359958017496
884.398806846716
888.196203561583
896.979459694377
885.154155786233
887.446805674889
889.306384603794
917.648937186169
886.489768958644
884.651595178754
890.281295241594
886.19518467582
883.354070969988
894.738988674455
887.876740403998
885.579504128551
884.745134085689
884.247572071483
888.185833956763
901.328148633458
897.303487664306
884.043074098775
886.303039310999
894.508093360358
907.783174025363
887.686946020846
886.293991821364
903.351426501185
912.050221692883
884.418283215013
883.588952094344
888.451422424577
914.006048183182
883.885664218438
890.725763230697
887.706187587592
884.681393143835
898.628478343305
892.057126234881
897.677654072556
884.251144738228
884.154093696336
884.966128058978
886.33854329244
884.143002700129
884.109950941104
885.106764390421
884.633483550768
919.635396389414
905.186999498259
902.342149886996
884.812858516214
884.351545512518
891.821381675687
884.76337657168
888.868047775809
884.10670598836
889.202514148435
883.460380046582
885.608141537845
890.664140725395
889.240259565207
888.157653869791
885.983228932544
896.671868663993
889.75156847034
883.887364892866
892.260644028078
890.32596549832
884.478273337864
897.500868934981
883.853942615448
884.878210947801
885.021500511496
887.575721602198
889.034776739851
890.730059148776
893.303199805622
885.577387257323
891.466638820143
898.839021442139
888.805871096374
913.559376565286
899.732690691101
891.781664760394
886.896368929125
888.990320554389
891.330438823351
885.585080615012
906.055777848852
883.222917153814
885.322800683245
901.600553168305
886.26165781984
885.508307007767
889.713782488069
896.51035373101
884.419480290764
887.765596934425
892.379322043181
889.518402077994
883.850896042833
892.232687858021
899.647768911368
886.327734233364
890.773713773743
917.730528442092
883.277750450726
890.774769165798
883.461522335884
883.860110258316
897.023271824244
884.870194171803
888.736353140296
893.059528377993
884.707342224033
896.422035448281
883.968603252193
886.746838436328
883.30918829115
896.345919819895
916.309308266464
885.814320604259
894.799975353496
883.902005140886
890.338838047817
892.068104706847
891.849090184076
884.322669703505
886.36785569576
887.315280475949
911.766065089386
891.24727292641
890.10777630507
883.897304859886
895.232247437289
890.319961602902
897.081148239313
897.464859831347
885.648777742053
884.317544395851
912.098770928111
883.308043143589
899.684974072577
906.777130450542
890.181218792435
885.107443597138
890.480163676816
884.645405656027
884.456675600204
885.694072303901
886.366374100143
885.365957149633
885.092768304478
883.713007869468
888.653999203223
893.768960793865
890.49765020264
885.823011753918
891.788336798203
900.754058016388
893.915661700315
884.631259826009
920.815560484605
895.149514997132
893.345116150613
891.569180050195
890.552199196245
884.696793501739
895.387271921079
883.695680270975
883.470954093538
897.775531992767
884.639463657651
895.643885307344
884.719395489597
891.645559021817
896.107765337842
896.385875062353
886.724389545538
906.642996712333
907.440651467702
886.316644252648
890.641369532791
887.993964730228
884.875604156151
898.938420277711
886.457744415677
901.238580851851
896.546248460014
903.77573597473
884.202900343349
883.844077485361
891.957486913131
883.941515515879
893.220843977353
898.591170707302
889.84458738886
889.020818308407
889.693599872382
885.585229844991
892.02753067383
898.665534714144
895.305812065169
893.714567217127
889.289465798498
889.451441565503
891.042633635055
887.990084133588
893.022096005581
887.128420141473
888.995105844904
884.123685467316
890.242318810445
895.552494470631
887.831394790842
888.39483656374
887.783163022223
893.217560931553
890.849738515199
888.919668983131
885.359783363479
886.26433373729
897.517390533263
888.808229285505
887.983735243923
895.913300761034
885.937541403308
895.934698032845
890.303042107537
886.425625573492
893.368731928232
912.512229934589
892.098972965998
884.374447381897
893.106893285307
889.568388135807
889.423218054783
888.810687593496
885.141463340034
905.11813986201
885.665898861398
894.446179861814
883.258147019327
888.516811000541
888.989224622135
909.048941501367
889.022237964168
894.474019808075
895.908202818274
885.176540461245
885.480151003341
884.119271999425
887.835397972369
893.304266662116
886.164814647525
883.366131642075
888.985767214651
886.127116535827
886.576438148116
887.324741303343
884.846693535748
891.340322013341
887.965493314141
886.144487252665
890.409186807277
888.994612805262
888.830220604571
883.847581875559
892.514791234145
893.936766253022
889.441821659169
891.46837413179
885.218298291999
904.210292824026
893.078617332785
910.6500878292
890.012662446288
883.977713085428
893.77427512751
894.539672695144
888.444446793102
892.195634568297
892.926702244102
896.330242596683
883.978154164624
890.506112765647
887.712440082447
888.916708114341
885.66803259391
885.935911207383
883.41606869493
908.498939518825
890.868552551685
894.685585702347
889.441674920864
907.706652488319
892.882761177689
901.388091465135
891.716542900065
893.781263297923
892.17637738547
902.289617569565
939.757013655551
883.633918294708
898.233267058252
888.804805456143
887.36432750368
893.403605896186
883.535233422116
885.423373718631
889.853923368047
885.879003917918
891.533462130514
896.204195252778
893.467209210669
901.707251430539
883.686045232263
885.342747501144
887.127367488872
883.96715614902
891.14974552591
886.264175500571
885.053158041975
905.430364403219
897.352780788949
900.776118318213
884.176284691028
883.372411305541
889.065087530683
884.016200326121
883.254023918116
885.072108964056
899.398481276225
923.066905169982
887.488468974727
883.944715900236
884.957534959095
885.726958099106
888.706758237587
899.038927264757
890.08274316937
888.088124737318
884.133288685014
883.474985153331
883.85001658218
891.859382806112
886.49809686173
891.925319144135
901.635943814157
900.709292386206
891.305198761603
893.253070671669
892.337104749658
886.571322396095
883.611001903978
884.522586079158
891.859555855179
889.100773719169
885.071883013146
898.148452488062
885.908344804632
889.831728243332
897.861673519082
894.635251435919
888.757644225357
887.810012964296
905.554792739964
892.920538920689
905.750436494827
885.387889263984
892.673128795563
884.45172382035
884.657511708551
896.129754120638
884.015181144913
884.869261471713
886.774548998044
889.287814597396
895.694520223316
883.810129851913
918.613803755602
883.715624402854
906.280400296902
886.188656394054
911.36030994546
892.983155261662
883.31311499946
890.055129504556
883.715061714658
893.616158542267
900.770478889737
907.617053663634
891.218543142583
886.728336186208
886.965498700229
896.998395347364
887.140373408854
892.00945872968
884.145728448549
889.925676426168
903.042385200218
883.466135368506
892.705350253005
886.407274656218
885.468926145464
884.510044317648
890.59684162708
890.649064507298
883.322884422063
924.886707266201
896.072023176555
884.455947650751
891.888198872722
898.845892797022
884.050655840508
889.017156447339
886.101463656922
886.035158889926
896.61394978274
886.577501782638
894.216118113918
886.494535278759
888.270603191824
883.258277433513
886.027164031404
889.830183618376
883.290595854313
886.368596115325
883.903636141324
894.546757610174
906.510237636165
899.722468533522
