1011.9194059319
1011.89771551438
1011.55173575345
1009.5784821593
1009.48481674107
1009.4269318212
1008.81767452706
1008.37497619815
1008.13211133533
1007.70167283522
1007.56230903282
1007.56178274747
1007.51078266564
1007.48356158646
1007.39357575854
1007.31104771846
1007.27880995755
1007.06487741942
1007.02875921262
1006.9227589382
1006.89403806258
1006.69001836971
1006.55889923786
1006.54041378877
1006.50020075883
1006.28816467893
1006.2111440723
1006.2104686916
1006.02927052565
1005.88044862569
1005.82570034331
1005.81631752834
1005.78765182096
1005.78453128864
1005.73842304895
1005.711163117
1005.61939532015
1005.57703972926
1005.55776042976
1005.40081409766
1005.34285179909
1005.29243622953
1005.23973658168
1005.19801385552
1005.17700846735
1005.13135345177
1005.08971439454
1005.062034745
1005.05651830917
1005.03820040941
1004.975848726
1004.95744491308
1004.94542861723
1004.86167896129
1004.8292756674
1004.79659599469
1004.79194010538
1004.58082335459
1004.50007880072
1004.49251187647
1004.40678302009
1004.37673332428
1004.23055880549
1004.22795539487
1004.168280909
1004.1507116466
1004.04405620678
1003.99082368036
1003.92147740397
1003.88756368189
1003.87840702653
1003.8486918293
1003.82700092489
1003.70971887345
1003.67308074431
1003.67202286911
1003.66101424726
1003.6364810835
1003.63368129183
1003.60755478063
1003.57776961396
1003.57620983695
1003.57385651684
1003.56925639784
1003.52797354028
1003.5197160161
1003.42663643241
1003.42286007949
1003.41013218633
1003.23587430023
1003.19721670563
1003.19328951395
1003.17030541385
1003.15680097512
1003.14361610184
1003.07992750433
1003.06196394519
1003.05972321121
1003.03305068995
1003.03231641437
1003.02229183476
1003.01966898241
1003.00426315329
1002.99521502369
1002.96974547528
1002.95318775888
1002.94444526607
1002.93172686038
1002.92113341784
1002.91530521249
1002.90783381571
1002.882263843
1002.87873631043
1002.86195801905
1002.84915117836
1002.82555356026
1002.78653675821
1002.77606037607
1002.73585701972
1002.69390210337
1002.66536464055
1002.61192215114
1002.48821826692
1002.47228083102
1002.4636563762
1002.4249517614
1002.41167059921
1002.40000963701
1002.36420518441
1002.31571270731
1002.2722625316
1002.2163790123
1002.19982481057
1002.19180840472
1002.17930631415
1002.17804498576
1002.13532229285
1002.13361359926
1002.08952992581
1002.06875605084
1002.04088907501
1001.99706859055
1001.96704920448
1001.95616408059
1001.94648589059
1001.93903470947
1001.93694877378
1001.93310882758
1001.91120539822
1001.89812973103
1001.88894140592
1001.84008143263
1001.83819126655
1001.83685279308
1001.83276355336
1001.81803651659
1001.79910479973
1001.79762933852
1001.7946951973
1001.79055516437
1001.77956899863
1001.77643957799
1001.75436660129
1001.73572859053
1001.71832772384
1001.66341027862
1001.65279812322
1001.65035003011
1001.64207354694
1001.61682970841
1001.57313378606
1001.56359275078
1001.52191444508
1001.51967301128
1001.48956456408
1001.48539994901
1001.4755786528
1001.47270876894
1001.45131227372
1001.4422531411
1001.41004433186
1001.40698996125
1001.40335752689
1001.39194891246
1001.39187851285
1001.39081494053
1001.38333955162
1001.37765329551
1001.33022041803
1001.28866516695
1001.28699229902
1001.27489092613
1001.26055316024
1001.25317241559
1001.24021249864
1001.23343650798
1001.20077797103
1001.19559114084
1001.18813695798
1001.16809128704
1001.16283301716
1001.13664312813
1001.12667731506
1001.11780923464
1001.11470355722
1001.09380675871
1001.08948330439
1001.07829068942
1001.06886189055
1001.06225178559
1001.05704328453
1001.05565374722
1001.02993815507
1001.0295421461
1001.01841531438
1001.01327018551
1001.01083737811
1001.00786167479
1000.99847343843
1000.98212405832
1000.94058585244
1000.92217302702
1000.91462850456
1000.90592965115
1000.88820550053
1000.88189073376
1000.86356733275
1000.85107289357
1000.84517994578
1000.84398848527
1000.83898586396
1000.81079290713
1000.79737270877
1000.79083554591
1000.73561424084
1000.7332473777
1000.73124919924
1000.72988920067
1000.72904712778
1000.68016480599
1000.66695151581
1000.66122492587
1000.66025194409
1000.64011596802
1000.63216145732
1000.62487185321
1000.61827995384
1000.6165290564
1000.59286863285
1000.58999126609
1000.57977174249
1000.57322869732
1000.57032089608
1000.54436332087
1000.54010237397
1000.53808640563
1000.5342609085
1000.53178619798
1000.52808389632
1000.5194887299
1000.51856695298
1000.51124985491
1000.50988142194
1000.50282651004
1000.49401309802
1000.48908079622
1000.46964497363
1000.45979369688
1000.44657602947
1000.42458903724
1000.41148318661
1000.41003210844
1000.39223272057
1000.36612593632
1000.36429040376
1000.36343059784
1000.35529149863
1000.35276956984
1000.34964575606
1000.34391640751
1000.3421505882
1000.33861008347
1000.33610287202
1000.29706614877
1000.28972989161
1000.2768267773
1000.2677705553
1000.26262877581
1000.25942298612
1000.25322390586
1000.23957200332
1000.23440284449
1000.21135873214
1000.20527589182
1000.19770821991
1000.19461385609
1000.19097092116
1000.18151337485
1000.17898575272
1000.17724531117
1000.16471561947
1000.14194608094
1000.13501151148
1000.12111539077
1000.1147806385
1000.10564322241
1000.1054406945
1000.09592613772
1000.07685622441
1000.072902666
1000.06804832097
1000.06003664096
1000.05880493309
1000.05786367049
1000.05748759757
1000.05520200558
1000.03946825087
1000.03504047587
1000.03445414724
1000.02759142649
1000.02006097258
1000.01738395699
1000.00842211754
1000.00718099427
999.98691378326
999.983000823027
999.976207113118
999.959314692037
999.951887874393
999.949158017852
999.948453847974
999.947635541155
999.945496374171
999.945241287924
999.940943907138
999.929196523779
999.928663226094
999.912185584312
999.90528160658
999.905116937131
999.900011601318
999.895801222837
999.873266394417
999.859475288457
999.8481020862
999.841665229454
999.835277307249
999.829347941031
999.816423424529
999.811723188509
999.805469735463
999.79905633398
999.791370006082
999.790506482309
999.786903588242
999.772911206922
999.767046250233
999.756473888081
999.753451666394
999.74690637964
999.744342958997
999.729435895228
999.728702898406
999.722159258724
999.707756521103
999.700759001333
999.689357841959
999.688025084558
999.665243051401
999.662346560488
999.659893330281
999.659150704477
999.648866669044
999.643503963831
999.636669306365
999.635930689087
999.634990963087
999.633820787226
999.626412956666
999.622130536967
999.616974320621
999.612614610003
999.60208506852
999.595151526002
999.592191323156
999.580180629077
999.571608099268
999.527295527753
999.519726664385
999.512694643735
999.508040041217
999.50523550236
999.504270901519
999.502528911481
999.502353842468
999.486795142241
999.484291690493
999.468546195351
999.462011325702
999.458607075846
999.452442895957
999.445216658648
999.443167769364
999.437295422817
999.435977014121
999.430493126972
999.426103938941
999.424058906509
999.412161053879
999.402920129243
999.389011303365
999.375691360529
999.36810304243
999.366699257741
999.366686560375
999.356333943006
999.353889700793
999.351227991788
999.350597563129
999.350283043775
999.34596184883
999.333412676972
999.331571172452
999.328796851841
999.32854619221
999.325622683368
999.318401685883
999.316066645835
999.316041653953
999.315184644116
999.296892446472
999.294638766281
999.276346174395
999.269080488367
999.262652271329
999.2618797533
999.226153037979
999.214869501408
999.1936170072
999.193437814914
999.186003002198
999.17553532727
999.149245433142
999.140961509339
999.137601190859
999.133007873838
999.131229128194
999.121667883967
999.112215936383
999.100274943755
999.099710203289
999.093296829802
999.091261318038
999.088658846127
999.087569299209
999.0831483878
999.071763580526
999.068971776391
999.064784159237
999.056644693703
999.046841791691
999.043339762207
999.03801861235
999.03497292237
999.030943556663
999.027688193404
999.02635092065
999.022712728123
999.017863237814
999.017543351662
999.016824062883
998.984361886385
998.980306243592
998.979865478393
998.976468645169
998.976164754156
998.97523131545
998.9737591457
998.972353433383
998.959350059473
998.959107947775
998.956918244302
998.954681347311
998.943860100481
998.938810198438
998.934036631426
998.93181227217
998.928050940764
998.924979868021
998.924630056602
998.919745449991
998.906499450557
998.904083786081
998.903784231774
998.903073782751
998.897557024726
998.892742477325
998.889289996809
1005.5234115729
1002.31967300241
1001.81943458632
1001.25808993563
1004.01068393871
999.986759743827
1002.2237888804
999.997608060155
1002.14599615567
1004.26766583106
999.114967788554
1001.14608268825
999.662396969466
1004.15498878226
999.160596777821
1000.13159207162
1007.66693636269
999.259856389432
1004.38637738607
1000.80452625284
1004.06766014725
1000.01219375755
999.042136026009
1000.01024151525
1000.34548318116
999.480317899317
1000.63689092917
999.804332078817
1000.16661219104
1005.84104485027
1000.75731322551
1004.09332303691
1000.79062969802
999.147138568467
1002.87098028151
1000.26590882224
999.965654004253
1000.92506926206
998.958226508618
1000.63640421095
1003.61962491266
1000.39000461237
1000.20807932397
1002.44188018957
1000.33986302456
999.09814449367
1001.4796733104
1001.20467062855
1002.71027500281
1007.45574421578
1005.86645575051
999.772735480944
1000.21246866291
999.722143441111
999.549805426002
999.072903100956
999.098666452564
1004.67910576108
999.411477109358
1000.2535315819
999.319364665188
1001.68786856976
1000.72442187996
1000.42856108436
1001.35829819193
1000.59150486486
1001.45554123255
1000.86923482104
1004.13486297295
1000.00163868651
999.736792279633
1000.69493242479
999.067484896567
1000.6837369358
1002.27341531987
1000.92613833925
1000.73221795387
1002.17506928923
1000.19122830563
999.480934338499
1003.77208340338
999.38958745369
1002.35301504297
1002.17476880307
999.697936142192
1003.77822749836
998.921697080582
1004.64925273052
1010.66103319024
999.632193723258
1001.18113956768
999.051314482191
999.179134956216
1009.07658353712
1009.51885676214
1001.47715145806
1000.16031848586
1004.40455269894
1003.00351307611
1000.17934417726
1000.85377337315
998.98827674133
998.989143341176
999.12254750073
999.435489796635
1002.04864439702
1000.39048478401
998.939656111824
1006.12054309406
999.102242933999
1001.33490241186
1003.54105547368
999.669183948102
999.779587747164
1003.01720572055
999.938138359013
1002.2671066912
1006.28017636135
1000.65770471991
1000.65510063244
999.205860395908
1002.34160379547
999.388337263357
999.983124663557
1003.14148120772
999.330292234877
999.340908209689
999.604354778918
999.107479287738
1000.3538226626
999.364785341474
999.195557686827
1000.86100749324
1002.24101537005
1004.81853205417
1002.45788060501
1005.50369390558
999.79132989348
1005.55116250411
999.744484364498
1005.24535216106
1000.46777087121
998.915628473221
1000.09712065894
999.364596039052
1000.38240641531
1000.56169310662
998.949652456013
1003.38739694269
1001.61423089392
1002.93466773586
1000.90214874915
999.291096235714
1000.61736967456
1000.76738570674
999.349257539943
1000.63531997161
1002.21630940457
998.913820557383
1000.66452956832
1003.88351260362
999.659270855111
999.925326077307
1001.39731649556
1006.42269767546
1000.73323430988
1004.58206254073
1004.93744381216
999.600540386958
1002.73002054783
999.216041416806
1000.97046299542
1002.47056061924
1001.86460920708
1001.29642064696
1002.75121502131
999.195557809302
998.885988065611
1002.25256527656
999.004637567753
1000.29984022752
1005.25170895282
1000.31905537007
1001.19593424195
999.162743742123
999.654965590026
999.130264074551
1002.70896530437
1001.02665904425
999.000315294718
999.205308235088
1008.91863831275
999.43951153659
999.857186697308
1006.93530288473
1000.89835194157
1005.48063268313
1008.3490552024
999.115048552235
1002.7842492214
999.946969056732
999.261292857945
1002.64619352305
1003.93686557089
1006.82363716897
1003.60536975659
1000.72495111638
1000.57512298904
1001.51539311826
1000.30714093885
1001.21006338187
1000.32927003305
1004.15730572603
1001.57236512818
1003.17828811642
1003.08030979697
1000.14744406831
1000.10361509684
1003.09336042614
1000.30912738429
1009.24566312331
999.534842490564
1003.43632711973
999.802682093306
1005.41732767988
1000.05903917567
1000.96279518468
1002.50022525102
1000.91229676356
999.997551357525
998.953976799816
1000.49971933638
1001.64630398714
999.466652448805
999.557880815005
1001.3169877196
1000.15910449191
1002.23990101981
1001.13635673651
1000.81355442469
1001.71073572474
999.186125549168
999.775591138791
1002.0810904309
1000.24632051042
998.890542288315
1002.59975424804
999.86053229758
1002.97967328976
1008.02002591541
1001.14134937587
999.978181092467
1003.02487623183
1005.52818294961
1001.31550258217
1005.18524200741
1000.25172454033
1002.50294436288
1000.54626082434
1000.33950051334
999.088043989748
1007.22588796248
1002.92389799277
999.599594168421
1001.34402516705
999.230446252845
999.143181635843
1002.25214195922
1002.78450184781
1000.58670549204
999.664478769829
1002.37560029809
1000.03262957277
1004.4985131857
1001.64386469617
1006.68839861761
1002.51201652809
1003.27610008654
999.167899314232
1002.58099241424
1003.64848695888
1001.45383159017
1001.13515641571
1002.30332952136
1000.11148280012
1008.41968186029
1000.51910020301
1003.51051310297
999.387580710009
999.197470610615
1003.34774092445
999.85814329569
1000.7291410833
1005.74840256779
1000.01663621149
1006.72141434859
1000.45934572167
1001.15209708477
1000.16947901252
1005.83847013655
1004.77043038921
998.964801381343
1002.14833335592
999.272414520703
1000.6306467547
1005.49524593963
1003.35371631566
1000.01753566247
999.074674240035
999.35513758666
999.248329089982
1001.56623594958
1007.42523651253
1003.22106569964
1001.61461627598
999.466817974078
1001.73160194934
1003.70716295329
1003.46206934149
1000.36996250632
1005.2273788386
999.147080442789
999.825936056683
1001.41586698306
1001.22879563846
1002.77626460054
1003.34339774499
1000.64523779592
1000.45475556656
998.984569357795
1000.66123652245
999.286383421425
1003.20053078694
1000.59978154711
1004.3647545809
1002.14715524164
1001.39886039449
1004.92480263683
1001.8634270035
1001.11710009725
1002.32787137094
1000.00267072011
1000.66415248983
1006.00982268199
1000.96024790002
1006.40346971606
1003.60778552501
1001.28204244525
999.064987019374
999.685156095547
1005.73864853373
1003.74693331119
1000.06636645974
1003.00409621743
998.912057802552
1000.33456814838
1001.43732378909
1001.57067163759
1000.14257520951
998.925178499103
1000.00810309882
999.160428945691
1000.51023461179
1004.13632614288
1005.9055328749
1000.50214124426
999.209959513019
999.965470313449
998.974143520832
1001.33221567605
998.960503591244
1001.47282928708
1000.88312101409
1003.14036040979
1003.5820214316
1001.87960684176
1004.5909108573
999.927712913949
999.468610751406
1005.9919429604
1000.74315497397
999.789774494084
1002.30467639923
1007.98155762836
999.440177731693
1002.93949835995
998.929276627607
1006.58028533129
999.367022835101
1003.43454811497
1002.41083753023
999.168670528588
1000.17634682984
999.651960338824
1000.83482139137
1000.4734445125
999.119232770004
1011.98071857323
999.571695353646
1001.67460740056
1000.75546638435
999.595887886655
999.657757856126
998.888205935569
1001.92192141912
998.933700846931
1009.18625650806
1001.11905281378
1005.73781915651
999.512067378661
1001.01945501191
1000.25868703374
1001.38138533184
1003.11838227673
1003.78731168559
1002.22841893602
1000.28104927804
999.352496471749
1000.1119872392
1000.18602238619
1005.65374155394
1002.34134541019
1001.76342512729
999.972634602348
999.523997434015
999.762537502894
1000.52022661635
1001.97849025792
1002.04807198082
1002.00039134826
1000.2741602597
1000.64742645684
999.152273043879
1001.00789037397
1000.00743745189
999.157557523508
1000.90787954186
999.281466401359
1003.8758275261
1002.61506104276
1001.55898764474
1000.39319062748
999.624724766526
999.838811505985
998.981367012672
1006.74281485914
1010.46148448218
1003.56776691024
999.486020674487
1000.60912799656
1007.90782374415
1000.84501242001
1000.6874226976
1000.17919753378
1001.41572812691
1002.74627910092
1001.6055832859
1000.5735629785
998.955147794283
1000.15177395411
1000.41771499261
999.885022799212
999.761969301638
1009.64103125922
999.722465646544
1003.70530718609
999.525490228416
1004.50831523816
999.231647380832
1004.47877447491
999.670301245339
1005.3379611402
1007.50440673501
999.01407339893
1001.28910791067
1006.03129459206
1000.43730029826
999.505932321174
999.734741409467
1000.90825658668
1004.08957965373
1000.60033348258
1003.9045082563
999.276144239682
1000.01233147563
998.934254277459
999.137975799794
999.847685809915
999.960705369167
1001.90085232521
1001.35457276138
1006.07206517057
1000.20683184287
999.953058797055
1001.48095785965
999.135112620019
999.952200996336
998.946994628218
999.598893529823
999.184088103567
1002.3851004172
1001.42157975755
