994.705908220684
993.704875788772
993.204435535439
992.152619692889
991.142732146944
990.334675563827
990.040425733826
989.980811947678
989.939957469861
989.427620965736
989.256277850158
989.072526246612
988.392395715427
988.230056982465
988.211152506954
988.195258412929
988.064427416035
988.031673877834
987.598324103869
987.390449023174
987.3020853776
987.281695467689
987.200689467982
987.184511737952
987.024147826068
986.938146673231
986.850683369216
986.8135446675
986.811204567205
986.807939207319
986.806544830802
986.793969453788
986.791487789559
986.745812455618
986.717753494887
986.429367551862
986.412811373887
986.394305273525
986.390192776018
986.295472853714
986.284617356693
986.230202361727
986.122639371514
986.01262168504
985.928058811124
985.910612822628
985.89215556272
985.806729602322
985.803645714107
985.698513332457
985.69127929611
985.687944972167
985.669075607982
985.64833652165
985.646697898486
985.611610248079
985.508779173414
985.452831862113
985.44965508015
985.428037471796
985.405181927212
985.378404945019
985.345986419784
985.27250996123
985.207320305559
985.166820132816
985.153631819511
985.068518229868
985.060930061113
985.024977387036
984.99940778993
984.961499589318
984.956930548554
984.907504638574
984.86100898905
984.844933454656
984.834200844193
984.817560045411
984.755397590133
984.745871739666
984.660171705737
984.631128375679
984.616641429127
984.608682783714
984.574394910372
984.543649182359
984.541936966855
984.534459816302
984.524487062371
984.495652884083
984.471849169825
984.462665733513
984.435391318063
984.43023521685
984.393224823301
984.319728954416
984.306069574258
984.303529388565
984.240318679319
984.222857621402
984.205018936126
984.176698642538
984.156231352622
984.132343146885
984.080898174349
984.043595063907
984.013986651874
984.012868166943
983.980346889028
983.915879050689
983.899600329343
983.894006162067
983.871174967976
983.870030801103
983.823648906057
983.812417732916
983.80022400928
983.736325884519
983.712359663467
983.674234190586
983.665736794538
983.609147965783
983.601621817647
983.56004719172
983.556569059904
983.556058723144
983.551386665136
983.539707974394
983.522938231858
983.501984368393
983.499957122616
983.468664714573
983.454895969236
983.434545017216
983.387251687658
983.338260532168
983.296363658998
983.265554168465
983.224796827176
983.222174541475
983.220426981867
983.206448202586
983.186415031577
983.087988802844
983.075354468828
983.071142859464
983.0546833813
983.04988089934
983.04737751188
983.036428228489
983.00458459944
982.992649429446
982.982672693076
982.971496474675
982.956012478246
982.93443571185
982.901226093841
982.898675424763
982.893192620714
982.885183409869
982.884938883373
982.882689394751
982.876656908938
982.874638181087
982.871625850192
982.86226127316
982.856672932005
982.82338755129
982.818312517701
982.800961045194
982.796405421484
982.794637493705
982.790923010797
982.780107554844
982.776608857139
982.767813890563
982.766707769433
982.756083628365
982.755176006954
982.736674555264
982.734316279712
982.72604466341
982.695664275382
982.688299970372
982.658992439659
982.6576502715
982.641317832476
982.635368399034
982.615261669065
982.612041334833
982.570240026623
982.568484784817
982.566818756417
982.546399956299
982.545192297014
982.539812132037
982.536262991299
982.530985867295
982.508327396733
982.497865050391
982.492122232931
982.484431144644
982.465432023626
982.462644054175
982.404091135392
982.391096144263
982.38795008508
982.375186870031
982.34598497707
982.342982565474
982.335167778043
982.320357417427
982.30933005051
982.307257656709
982.302916666146
982.290621027678
982.287713318306
982.286481887022
982.266102054028
982.258519397568
982.252846861693
982.250053757145
982.225544641864
982.224856068319
982.172843164303
982.158287217314
982.13202920359
982.132019885482
982.108668890312
982.097933391454
982.088870690176
982.088258284938
982.075132944384
982.066217737161
982.064170746392
982.061742409421
982.058888041036
982.051779733575
982.040154659401
982.038538693786
982.037633140148
982.00969722947
982.006933504969
982.004636763845
981.964932104729
981.964850346854
981.938134094543
981.935975634299
981.93519973022
981.91635162073
981.892256361767
981.822050311599
981.799733379744
981.771670008666
981.771044794639
981.768823914858
981.763297522012
981.747874202081
981.721169717554
981.716805359964
981.698767418572
981.689599235317
981.68777916766
981.633055981583
981.630905381933
981.604429239324
981.603890474153
981.602096426678
981.593142181674
981.562730794514
981.557739536729
981.555935845932
981.537616897964
981.514356095901
981.502217733656
981.48730228738
981.475590546591
981.456413426613
981.455697545257
981.450576757713
981.431669057941
981.42021290311
981.401552684576
981.389586140721
981.355521730644
981.34793923999
981.342945071927
981.34079240892
981.337992716915
981.326839260397
981.306412515515
981.302334707035
981.298219159089
981.288789342756
981.282149843482
981.278644457034
981.269856374566
981.266777773835
981.253616064448
981.248504125622
981.244499872668
981.243882039917
981.235407582231
981.232926914396
981.21443169943
981.201670288842
981.188239791838
981.181134530136
981.167588896307
981.162358435613
981.157794879812
981.141948169733
981.13905932408
981.133406526367
981.104227728005
981.10251887134
981.077634120867
981.047124915193
981.040708537841
981.035561931799
981.029474362717
981.026473238555
981.024997783385
981.020706644996
981.018416406722
980.957792160847
980.932775316303
980.900334580579
980.899605546274
980.892992127654
980.884529947395
980.868196111734
980.861399450113
980.851644917835
980.848754472941
980.846990887054
980.821181846934
980.82011906894
980.81952435544
980.806567627229
980.806313307981
980.800071294688
980.796357092159
980.795564692614
980.790717128916
980.789921083848
980.759310429274
980.756626560558
980.753706507064
980.745537778664
980.744341676252
980.733115299038
980.731109693733
980.724757362694
980.704324342611
980.690250544766
980.681112892941
980.670913028983
980.666214445606
980.658934120578
980.654756236398
980.63081110323
980.625449203556
980.607533218572
980.602103141854
980.600817462897
980.597060016911
980.595482385584
980.585526358676
980.584094725722
980.578358710474
980.577467313214
980.56810062316
980.567973497969
980.558012145578
980.557030388472
980.550383965409
980.534915836246
980.529823853957
980.528795521948
980.513277059238
980.506842502386
980.498727364282
980.496892044289
980.491235701528
980.487284516544
980.482299097189
980.482171849827
980.481276083728
980.47961044308
980.473849926267
980.471011848585
980.464786666512
980.44744554557
980.446976190847
980.434397531099
980.430633853589
980.430199976967
980.429706465478
980.428197384288
980.418144052298
980.41601634185
980.398514976754
980.393601294538
980.381820048021
980.38177277265
980.364788979696
980.358500200699
980.351279484643
980.347390742287
980.344938066431
980.325568885153
980.31574770136
980.312478128546
980.306932022596
980.306568102352
980.302824671117
980.295335627474
980.28916407837
980.281242672625
980.281133846687
980.278729038017
980.260443550915
980.25658231804
980.243483522768
980.237935528618
980.232330151549
980.230854870219
980.229280143802
980.225309454
980.222929321493
980.219051867271
980.218515987003
980.217093858064
980.20203684604
980.201509248483
980.192482769961
980.190028892032
980.181935411583
980.175840135773
980.171588333838
980.170882331119
980.168842649978
980.168219566862
980.167576130038
980.167101986019
980.161170076882
980.145538968889
980.136212196567
980.131747394388
980.120914563323
980.116125485285
980.105857913567
980.105609720969
980.09625515974
980.096135855645
980.090027978727
980.079923951205
980.05746709101
980.051744141163
980.051545064661
980.051309499469
980.046796146187
980.045356381511
980.045250072086
980.036445910741
980.02729874599
980.017231485812
980.015799202278
980.01387322592
980.013207916929
980.007648387345
980.005486631626
979.991204699321
979.985560766829
979.985128746383
979.981370759047
979.973658287452
979.973308762507
979.965645875381
979.965414926619
979.958505130655
979.95201344926
979.917350645312
979.911765488818
979.902654971064
979.900596548985
979.892141396631
979.87556830755
979.873744460811
979.863005251495
979.851734259733
979.847979983476
979.832107049011
979.83117531769
979.825201667498
979.816982873456
979.810022773355
984.974101208097
980.520971099432
989.669867395752
981.243056793864
983.413674178403
981.090782212328
986.176753969641
982.301733018883
981.896887842813
981.178440746702
981.792595420861
983.520002238748
981.979233214017
982.206259834148
981.052067762195
981.552420517288
981.735087266039
980.004087588886
980.763664992128
982.695532795871
984.009986456376
982.341857272608
984.534089241096
980.928058177014
980.623838696013
988.059135346036
980.015275739434
981.394201417873
979.924780564868
982.14010122155
982.197499829769
981.771887708207
980.238834331142
980.608028837605
981.300405329489
980.49316145708
980.556810680786
981.994950907176
983.655247758343
985.326294957312
982.98649067896
982.99738442415
980.372662937185
994.442542254753
980.174850924887
980.646265396806
982.031382134277
982.543135602324
982.514124096595
979.851205655448
981.01980490535
981.192535779684
980.692905937349
984.902962188406
983.446397058657
982.491581567318
980.071788476783
979.880280752283
981.735946440734
981.037199711775
982.677142545888
983.823823289028
982.390000227891
984.303971622212
980.575416847786
980.172657192164
981.833524976251
980.033202567472
991.391687378595
986.471427683162
988.333612517266
980.789334512454
981.497255941706
982.220160471074
980.733802060543
981.696407911983
984.1287652817
980.081326440966
979.988330694977
981.782209626635
981.166253436854
979.849872785767
986.136750975828
989.370921540638
983.158543939604
980.161158252056
980.444343645203
982.628145508067
980.401133938411
982.773321958609
981.806821769136
986.891979819972
980.123331036784
982.100712089534
980.452330081323
981.161911576367
982.141471361927
979.889681517227
982.923604514751
979.878737834459
980.404616015327
981.745096689159
983.71747604303
980.157612992639
980.651116882494
981.896611475217
981.749991977136
988.137052956681
980.675060940195
982.299622179667
980.396242934635
981.111554158344
985.317294524378
981.719808722582
980.197005860744
982.360053951109
982.166544155227
980.585239480187
981.682175887742
981.702370968201
982.095293706583
982.22312059254
981.105009257991
979.894263820895
980.065082425646
980.32004351371
980.609469545503
980.757857726597
981.113833772694
985.611705882832
986.481225710418
983.566828137323
983.193463749748
981.070560647064
981.046197208885
982.211924055682
983.371144779061
980.986648760749
979.979046523735
980.280438132214
981.743274654897
987.37933248991
979.872895444174
982.025575441431
982.398657346026
983.64323264308
980.788601536495
983.168213188487
981.284643278584
983.037787717501
988.1614526446
980.408047632469
983.85068457565
985.768820522867
985.130979593718
984.352089181803
980.342071035414
981.124068848358
980.377185530929
981.43311840315
981.303913277149
984.550477995179
986.166453392522
979.902298188337
986.967063249559
981.342192054354
980.585840190509
981.862275656888
981.518877626306
984.620065910019
980.031479706695
979.938720446991
984.158324968961
981.393079213923
985.604702562466
985.277614301494
981.70725113876
983.550420389327
982.615364775358
984.103143891144
983.612490712565
981.740654565806
980.521009623231
981.368095298828
980.780592581805
985.029867918319
980.03765662197
980.272993785494
983.832272554294
980.447525358212
980.741503607634
980.687206524612
981.417167576688
980.963069870477
982.809298269373
980.301146845103
980.662032174541
994.599167490142
980.317590810657
983.668017797874
983.724523240745
981.023163013203
983.006013993187
987.007092240431
984.798247137176
980.968525752285
980.886951707375
980.337441436097
982.571471824627
987.468740545349
982.569565317869
982.886686901728
980.652770614728
985.550401118551
981.470449077803
981.050052574864
980.118712119187
982.777694628043
980.56514080573
981.744652508125
979.862583687219
982.750994645468
984.040004265045
982.739707043378
985.424525050376
981.611403982563
983.266560548418
980.224567983265
982.990968929561
979.846874659073
985.95415453105
983.499889640065
980.661005606215
980.662113399709
984.397629009889
990.437294420805
979.848477827271
983.414620590295
980.21482900108
980.405869270742
980.043602555739
980.685839392422
982.133506542293
983.173296065338
986.914306517716
982.258581658525
989.261248616914
982.688681013733
980.908522487067
980.658961583737
982.129266843311
999.976207113118
982.744089336262
983.601925105549
987.339685377214
980.635759751453
982.738206764217
984.244685333628
986.582205900145
980.731458055878
979.926202712348
983.065484816613
979.813151970047
982.176698782608
981.639130795144
982.770291734053
981.197708959381
980.936065848585
983.129451385978
982.411816907522
981.821762743368
979.869693970599
982.120176011113
983.934240575971
982.603712276492
982.93153694286
979.898805794467
984.638254587671
983.530956803244
980.590983353429
982.151471083305
981.309166513441
981.437743545451
981.615842695222
980.23246107407
980.806625550841
980.315573297189
980.144366693041
982.695213478539
980.293644780341
980.714124379899
982.56815184322
981.468658047841
984.1797003571
981.101172357877
981.638636944326
982.562269177059
981.754154495517
980.26231329915
980.076338326751
982.754072032743
981.933045456135
983.106078978579
980.588721426515
983.672180242806
979.951757643013
982.961523730367
987.18742483026
980.115608745321
982.410564674296
983.523241474697
982.355283349533
996.072627462711
985.369672149192
985.186516659869
982.43210261752
983.389273372653
986.396852553605
981.00141522294
980.43909485652
982.006379337605
980.002660541325
983.508931464288
980.833575044132
982.464214802001
988.012860293942
981.926611598312
979.801225570598
979.92318466433
980.181734121034
981.92109764421
983.30475898292
981.813666916926
979.971214136745
981.173627365937
981.600450769203
980.241743306637
987.904713897701
979.817676085303
981.134284534889
980.73481064133
980.71445024356
982.155421834881
981.392661978856
981.735981853739
985.245729160556
980.138446993775
979.969672234319
981.42607110316
982.810750605392
980.592620981159
981.724667956121
981.792951965919
980.463857800042
986.198492652886
980.186055610567
981.929561504267
982.243854321099
983.54907981625
984.418575963983
979.917659661393
982.698671476512
981.229646990011
986.188817032652
983.463617025289
981.706733364159
980.301254130464
983.696006232858
982.376116006818
983.308262727029
984.549017036096
982.764209662536
982.509634107356
988.21692076039
984.284234736241
987.618316924148
984.622403620591
981.430204777461
981.094530745019
982.850841066582
985.524508428049
982.338479619936
983.909112454349
984.814572370856
979.829435872393
980.255033129349
984.828577729328
990.156532347027
979.898262139605
980.758612009087
980.417603069593
980.379855533188
981.696802670309
981.383457425842
984.438500935059
980.882118321854
984.145940313084
982.744837086466
979.808945008582
980.239531557744
981.195295260074
983.984745776076
981.876694800212
982.790450082854
981.378780842561
983.861686023841
980.161832513701
990.261877042516
986.715546988003
985.893893619187
982.319238697674
982.445700773641
981.111417902932
984.987151198588
984.89811821039
981.415726058129
980.236798153768
979.883969843797
985.5213642749
980.177699900555
985.521474431926
981.54794254878
979.884971367727
980.542102596179
986.111219856091
980.456980817389
981.861889039327
983.601360762599
982.484523064346
981.063136419554
982.614485109678
987.288173284976
982.56028458431
980.28488426119
983.244984191575
982.943036457465
980.365905828216
983.543071462819
981.753489235798
982.015460343523
980.065915575009
983.271458487915
981.16237635106
980.26806547288
987.834658103676
987.405728112078
984.268900044351
984.562933209625
981.179148532889
981.738993780261
986.024037383079
981.077088699105
981.061758765596
990.83128051438
982.952688995711
982.074711975668
982.56695357995
986.42710580791
981.578962739349
985.572366508552
983.09149796003
981.636671807871
979.81169012526
980.930834722313
981.912789691522
980.188731722335
980.276711622911
981.798707943951
980.353402345705
981.007990973764
980.455294666482
983.041297868869
982.88401885695
984.669050514351
981.494550216937
981.655689654974
986.069885488272
981.877429581827
982.872336929745
991.746154732735
981.334838099643
980.416708665998
981.588871617824
990.415847570733
988.245914223992
985.45638957832
982.214411854928
980.97563429616
985.026373124852
980.854116037686
982.742777675279
980.307254304224
980.460361655899
989.283036784063
980.488211303004
981.986014041093
981.019185996521
980.344453530765
980.463047812246
981.528735705402
981.103234123733
980.504439209625
