463.060015252675
457.872817528508
455.910130866861
452.333036385239
432.047359696807
412.695227941368
412.631030692352
411.032763882761
403.409996759244
403.043965376999
402.823274152116
400.48252650464
395.571902533625
393.385002004857
391.336034064848
390.566828302565
389.110416358563
388.310444208301
388.287707620156
387.746220325818
387.64162792874
385.781996888743
384.273642847614
383.221633320329
383.189054921135
383.119434327595
382.643542499014
382.48156506097
382.421847475446
381.964271433245
381.460025201325
380.394522187851
380.271575802096
380.135486029087
379.854473146379
379.030029125414
378.884096477138
378.517024319377
378.430642257679
378.351209300607
378.035027011846
378.004734234342
377.992505614198
377.503227260473
377.284677395485
377.18868736864
377.158698620316
377.098483013918
376.872464987795
376.788804081619
376.713625017425
376.541623069966
376.514549857523
376.494905481355
375.904506694303
375.868007260129
375.495197934828
375.438391170868
375.39957017707
375.374007998345
375.370801684924
375.351229628365
375.278594817204
375.176314528948
375.109314539782
375.030024160733
375.02002766195
375.010109944128
375.006770555044
374.989229950124
374.972139442224
374.897594151725
374.895843980294
374.838903544793
374.827776828663
374.825257134202
374.822998769132
374.813431708658
374.807113295391
374.799651734431
374.785472679526
374.777277738895
374.749744410297
374.72677563557
374.721072007758
374.713875119986
374.71046190387
374.700122304321
374.684606247517
374.680847368305
374.673729525579
374.673157600625
374.671906845067
374.669893792024
374.666065513932
374.665941861971
374.662508363995
374.659469766435
374.658853941866
374.658492990154
374.658381251097
374.658054432152
374.657848212204
374.656579491043
374.656552973887
374.655155167905
374.654698919826
374.654522753702
374.654131114101
374.653874693416
374.652240167072
374.651618727579
374.651520004473
374.651374756544
374.651085664497
374.651050338982
374.65046118741
374.649873625772
374.649598641282
374.649456798841
374.649409587724
374.649378633236
374.649231978127
374.649228504315
374.649176408505
374.649156117781
374.649132685751
374.649086253181
374.649082748713
374.64907337676
374.649067227393
374.649066792214
374.649062829708
374.64906235618
374.649062329701
374.649062329545
374.649062329365
374.649062326608
374.649062321578
374.649062316816
374.649062313262
374.64906230904
374.64906226987
374.649062248957
374.649062235896
374.649062230275
374.649062140259
374.649062073811
374.649062027626
374.649062015139
374.649062003268
374.649061962771
374.649061951193
374.649061943263
374.649061816111
374.649061697127
374.649061653873
374.649061413794
374.649061334965
374.649061326219
374.649061303904
374.649061198733
374.649061157634
374.649061112539
374.64906105535
374.64906098591
374.649060974127
374.649060695285
374.64906067416
374.649060595032
374.649060564861
374.64906042613
374.649060344334
374.649060220862
374.64906004134
374.64906002358
374.649059991957
374.649059930063
374.649059473066
374.649059310424
374.649059281335
374.649059113521
374.649058942679
374.649058928432
374.649058852153
374.64905875985
374.649058668232
374.649058583606
374.649058287428
374.649058205471
374.649058111695
374.649057691367
374.649057636244
374.649057230657
374.649057001177
374.649056992081
374.649056941917
374.649056828788
374.649056355685
374.649056242555
374.649055567677
374.64905539272
374.649055357018
374.649055214059
374.649055188592
374.649055180568
374.649055159472
374.649055023051
374.649055018389
374.649054837476
374.649054779418
374.649054441763
374.649054409664
374.64905377786
374.649053710837
374.649053636211
374.649053027824
374.64905293368
374.649052586458
374.64905252593
374.649052445631
374.649052376636
374.649052075309
374.649052012029
374.649051586681
374.649051034117
374.649050916842
374.649050869668
374.649050789656
374.649050683946
374.649050594512
374.649050169188
374.649050141515
374.649049990504
374.649049478503
374.649049392007
374.649048884156
374.649048695588
374.649048037308
374.64904802036
374.649047875512
374.649047714407
374.649047404577
374.649046918668
374.649046791171
374.649046513033
374.649046444925
374.649046266655
374.649046019432
374.649046008282
374.649045592712
374.649045443156
374.649044868469
374.649044746708
374.649044531463
374.649044198378
374.649043926325
374.649043366903
374.649042564815
374.649042340046
374.649042227495
374.649042052181
374.649041985408
374.649041715909
374.649041563957
374.649040890726
374.649040037237
374.649039932123
374.649039144202
374.649039100277
374.649038600987
374.649038535428
374.649038485474
374.649038362932
374.649038206589
374.649037829061
374.649037811211
374.649037759454
374.649037395613
374.649037335799
374.649036607544
374.649036106694
374.649035938558
374.649035927933
374.649035918597
374.649035063953
374.649034647532
374.649034271381
374.649034236345
374.649033269459
374.649032957836
374.649032494338
374.64903092406
374.649030844736
374.649030791424
374.64903063602
374.649030049165
374.649029208122
374.649028967108
374.649028120087
374.64902797195
374.649027780371
374.64902734017
374.649027282263
374.649026629997
374.649026035263
374.649025530672
374.649023345134
374.649023008663
374.649023004689
374.649022351966
374.649022139495
374.649020760129
374.649020484459
374.649019445377
374.649019390857
374.649019143553
374.649019024748
374.649018929851
374.649018869561
374.649018417609
374.649017485107
374.649017295971
374.649017144567
374.649016140288
374.649015974214
374.649015564938
374.64901553732
374.649015247284
374.649015145967
374.649014171432
374.649013880447
374.649013744279
374.649013155949
374.649012230459
374.649011166531
374.649010960702
374.649009736353
374.649009524255
374.649009447822
374.649007413915
374.649007206854
374.649006276546
374.649005712674
374.649004768
374.649004180515
374.649004176827
374.649003898772
374.649003653458
374.649002252535
374.649001144057
374.648998698295
374.648996854195
374.648996562432
374.648995564387
374.648995324394
374.648994940086
374.648994892095
374.648994745514
374.648994326381
374.648993196528
374.648992309463
374.648990425586
374.648990110478
374.648989823589
374.648987997506
374.648987743545
374.648986912555
374.648986892324
374.648986233229
374.64898540665
374.648984496795
374.648983376999
374.648983375045
374.648983371911
374.64898313248
374.648982821522
374.648981881222
374.648981747214
374.648980144245
374.64898007153
374.64898002725
374.6489790719
374.648978260209
374.648977996384
374.64897761096
374.648977267657
374.648976666182
374.648976602601
374.648975047691
374.648973623153
374.648973494038
374.648972890893
374.648971794248
374.648971684453
374.648971552954
374.648971512633
374.648971000882
374.648969998743
374.6489691541
374.648966933653
374.648966107036
374.648966045756
374.648965004344
374.648964067509
374.648963853628
374.648961865732
374.648959911171
374.648959831106
374.64895783908
374.648957196862
374.648956295392
374.64895625778
374.648956257172
374.648956025268
374.648955979387
374.648954246709
374.648951682623
374.648949930054
374.648949559394
374.64894942309
374.648948778656
374.648948452972
374.64894796807
374.648947085756
374.648946801164
374.648946775816
374.648945023646
374.648944419505
374.648944381073
374.648943765495
374.648943199161
374.648942806927
374.648942230969
374.648941796011
374.648941541967
374.648940508792
374.648940078363
374.648938905072
374.648938315035
374.648938185884
374.648936786183
374.648934689043
374.648934408532
374.648933092676
374.648932357334
374.64893234565
374.64893160954
374.648931434233
374.648931303781
374.648930704561
374.648929473379
374.648929303797
374.64892714893
374.648926901826
374.648926745844
374.648926267099
374.648926070334
374.64892488158
374.648924259707
374.648923437615
374.648923081255
374.64892088374
374.648920114631
374.648919330233
374.6489192228
374.648918887404
374.648917956053
374.648917344906
374.648916442809
374.648915698325
374.648915293974
374.648914456857
374.648914234008
374.648914198639
374.648913797557
374.648913430849
374.648910892162
374.648910887286
374.648910288799
374.648910064162
374.648909535853
374.648909511729
374.64890943966
374.648909051272
374.648907475443
374.648906375373
374.648904917053
374.648904785061
374.648903331321
374.64890271896
374.64890150913
374.648900220787
374.648899162356
374.648898890313
374.64889881322
374.648897606651
374.648896541802
374.652461938756
374.649044624368
374.648978917774
374.649014008342
374.649024376123
418.25990045402
374.649237134538
374.648906256778
374.649019334715
374.649044285766
374.649039156632
374.648991305627
386.206959223727
374.648968064318
423.56117757291
374.648906734285
374.648969007745
374.64905496307
374.649060237108
374.649049922699
374.649042808027
374.64891232924
374.649038300927
374.648949195857
374.648923220492
374.649062090436
374.648959383675
374.649018104683
374.677926792487
374.649057471735
374.649052979424
374.648992923965
374.649017172078
374.648983499166
374.648907606401
374.64899175708
374.661386338573
374.649060166118
374.648926278934
374.649005203947
374.649036075612
374.649061657327
374.648919638996
374.64900135533
374.648997941451
381.694275328135
374.648978423962
374.648979360702
375.430740281518
374.64905249539
413.403289084477
374.649062127072
374.64901911804
379.603643604952
411.659068015294
374.649036815157
374.652372522377
374.648938364785
374.648957088296
374.64905476605
374.648909863128
374.649031074978
374.648914592424
374.649061731789
394.661057715175
374.649013103374
374.65114554108
374.649061827272
374.654071856657
374.648957360589
374.649061752242
374.649062138739
374.649039445476
374.648977541148
374.649032814645
374.649062092751
374.649026692622
374.649028837296
374.648952773063
374.649062239161
423.235163277055
374.649056574469
374.660199673665
374.649023918937
374.64899656209
374.648969136292
374.648926434916
374.690882168102
374.649059250769
374.649032584068
374.649024082014
374.649059838589
374.649017609654
374.648936273796
374.649023203279
374.649042067745
374.648983983422
376.146102553084
378.171679236513
374.649049908367
374.648918359213
374.648997003148
374.649067435545
374.649027868365
374.649045251355
374.648973213792
374.648976028187
374.648954334496
374.648902001616
375.464223219891
374.648998201328
374.64905441861
374.64893684525
374.649080529336
374.649060066174
374.649126188551
374.649071968114
374.648951671427
374.648975898411
374.649036719672
374.649061513214
374.648957298969
374.648964795226
374.648914780882
374.649058207199
374.799375823726
374.648915562083
374.649061245667
399.672225685805
374.648906473028
374.649038167163
374.649051170692
374.649060722454
375.983880534292
374.649062303824
374.648979885019
374.649055347767
374.648972574266
374.648996144442
374.649010387251
382.396150457025
374.649024284198
374.649060744329
392.633976352157
374.648957125749
374.648974830276
374.649046902239
374.649058653464
374.649042278881
374.648907940185
374.648977487614
374.649024758561
374.649053276588
374.649056965139
383.733002961282
374.649025146294
374.650116283721
374.649041181383
374.649031575885
374.648976597063
374.648996865504
374.737425518886
374.649103440257
374.649048831179
374.649049570497
374.649054429292
374.64904274465
374.649062039327
374.649058956438
374.649062325093
374.649054359536
374.649054735718
375.443056740342
375.228317849622
376.003041621219
374.649059772683
374.649016764849
374.649001764864
374.648990226869
374.649049379882
374.649061996507
375.034263443363
374.64904777095
374.64899803423
374.648938029489
374.648952495536
374.649033778557
375.578163673586
374.648958431267
374.648907758734
382.111746884139
374.650144598105
374.648908588641
374.649056288854
374.649043960373
374.64901658032
374.649011416723
384.182858958258
374.649040855105
374.802423639644
374.649037613798
374.649062230989
374.649014382605
374.649059670638
374.649053414676
374.649000148502
374.648900442398
374.649018504449
374.649049433256
374.64894482558
374.649018231853
374.649028898589
374.649058059597
374.650680930513
404.97157608494
374.649022557482
374.648962109803
374.652722650951
377.455179575857
383.686809821211
374.649058500716
374.675668289203
382.078592682869
374.649059241926
374.649032829744
374.648984947724
374.649047575412
374.649058598496
377.978028630772
374.648904606763
374.648993837127
374.649028585412
374.649056253959
374.649030538083
374.649057170632
374.649018787987
374.651424099031
374.648904590201
374.648999307777
375.579011330793
374.648979271058
374.649030093178
374.662592558144
374.698056426864
374.649055392872
374.64900494824
374.648913870716
374.688325642756
374.649009579299
374.649013765774
374.649031010114
374.968500082657
374.649081653477
374.649058263915
374.648991622046
374.649018665228
374.649340872433
374.715596934447
374.648919271967
374.648934541872
377.48385928747
374.649016371702
374.649039688852
374.648907361047
374.649049195717
374.649017011163
374.649057792784
374.649041776953
374.649054040097
374.648947106744
375.517506861815
374.649031824524
374.649059429335
374.648930704498
374.649039161917
386.923256166697
374.649053278036
374.648986489561
448.960937695158
374.649056492324
374.64892216725
374.649257459609
374.649003377077
374.649062050059
374.649020298662
374.649018165385
374.649013848411
374.64893752188
374.648986334431
374.649011253126
374.649062192684
414.982654449837
374.64904820498
374.648977206612
374.649062326474
374.649058537709
427.766923530153
374.64906225361
374.648944483965
374.649062284874
374.648923311371
374.649061087236
374.649049434263
374.648993935381
374.651772518804
374.660135301909
374.649053128764
374.648955381216
374.649043157517
374.649029951472
374.649028706253
377.165580825967
374.648997632376
374.649036014913
374.64904637575
374.649038386698
374.649060776393
374.648933399938
374.648970859308
374.649043010417
374.649023264423
374.648920162273
374.648995130608
374.649047590203
374.648931752395
374.649016141281
374.648916324251
374.795795352416
389.086671951018
374.648953132159
374.649001333251
374.64902167777
374.649051357015
374.649115075057
374.685590308512
374.648976579245
374.649035987705
374.648978772224
374.649102727756
374.648972539001
374.649032264561
374.649062034609
374.648996900836
374.649055369273
374.648967759528
374.648981802911
374.64906208438
374.649062540098
406.339078087729
374.649003236263
374.649030848826
374.649062328325
384.1612014305
374.649012630966
374.648973681283
374.648958746914
374.648957300802
385.507664269638
374.649019924902
374.648929167344
374.648985509773
374.649049935342
374.649061795889
374.649034519112
374.64905896595
374.648943365451
374.649056768211
374.649045891581
374.649054618564
374.648917222415
374.64894919898
374.649042254025
374.649017439187
374.648920662183
374.649042469186
374.64900582804
374.648944337328
374.649001773723
374.64893518793
374.6489679067
374.649062278971
374.648970924866
374.649058235853
374.64893316799
375.872759417454
374.648958149749
374.649028618134
374.649023851473
374.648946528383
374.655155323327
374.649004791404
374.649046086268
374.649038183759
374.649029582825
374.649051781508
374.64923076457
374.648949074663
374.649016614981
374.649044390072
374.649046049754
374.649053839955
374.649042838936
374.64902557108
374.686376535501
374.649042671213
374.649022306392
376.498277000176
374.649031711726
407.669352255336
374.649060290278
374.649019015295
374.798414932118
374.649009513538
374.649060326178
374.649062061366
374.649061389308
374.648999632968
374.64896862426
386.406147688068
374.64900956649
374.649035359192
443.596545526467
374.67191787089
407.166249629967
374.648985765104
379.021797981379
374.649023909101
374.918084669132
374.649471580819
374.649061336035
374.649052498394
374.648990253637
374.689321834647
374.649060752934
374.649014313361
374.649051642572
374.649057983885
377.723856313522
374.648983977619
380.635955325885
374.649061422998
374.649013598111
386.505025700062
374.648947689249
374.649191098054
374.64903739641
374.648899926538
374.649053520621
374.649062301738
376.47939580906
374.672748982344
374.649069327672
374.649036808056
374.64906226624
374.798350416885
374.649061192808
374.64904794267
374.648907573033
374.649019827801
374.648917914621
374.996423467825
374.649048565914
374.649060341966
374.649056691541
374.649021295956
374.649059778225
374.64897965373
374.649030221733
375.770944357639
374.649000900758
374.649047148543
374.649059729402
374.648991132437
374.659898333343
374.687499958377
374.649026463355
374.649002228659
374.649044295715
374.648997395888
374.649062322123
380.262063970945
374.648965273908
377.308223796361
374.649058663346
374.827339711526
374.949925289236
374.649026078831
374.649058333999
374.648995744373
374.649056688008
374.649062291213
374.64901260987
374.649031228661
374.649046761483
374.649061265217
374.64905912582
374.649048874798
374.648995086615
374.649029270401
381.525073840199
398.362165452596
374.649031844252
