707.245312287122
706.327927318623
705.175959865365
704.636146670766
703.865741991141
698.159049671403
697.608610662585
696.574415853929
696.409284070023
695.959872452792
695.036649221097
694.925544362665
694.716904450598
694.644528543065
694.532373390125
693.932621427525
693.905709656154
693.743341831188
693.454389565224
693.42721696643
693.392228262288
693.218243994539
693.212119335473
693.177644662216
693.121929783755
693.027818358746
692.965135865546
692.731700067404
692.72332707424
692.66492890847
692.636603695995
692.626921526977
692.619263038268
692.618674550513
692.60545427951
692.516061976923
692.503135252507
692.410066846791
692.404110254503
692.339530165449
692.309357975051
692.228447898905
692.22582197533
692.074562243019
692.054085152573
692.002260141481
691.935571099734
691.903469588137
691.852749708425
691.760037618508
691.745098228268
691.703870464212
691.699677925823
691.650796280578
691.63972064991
691.561090828226
691.529993897083
691.46103675324
691.39131895736
691.376526581838
691.334411336593
691.298295576146
691.26296098058
691.251717280931
691.196325618185
691.133317224924
691.099469651104
691.069419100166
691.024638029219
691.005608553748
690.880501600328
690.862381320911
690.805930945926
690.805631985823
690.761486049261
690.717909020895
690.643560993341
690.37250671477
690.307496339736
690.299755560989
690.254237674547
690.213475947838
690.199863548443
690.185864088641
690.172473966639
690.154911843407
690.142576066335
690.06848683325
690.029783855802
690.020129237859
689.983100067516
689.976337696326
689.971174337868
689.869194596833
689.858191606964
689.85604519303
689.852045456662
689.847642218687
689.715657312258
689.715318694391
689.659259813169
689.620905215195
689.612126263213
689.59910599598
689.579530949205
689.513353500462
689.455650596736
689.40926589646
689.409083564414
689.402621370865
689.392197379485
689.370184806517
689.344381473507
689.31624700238
689.308163503895
689.279108200861
689.231848949299
689.220213098974
689.185675485673
689.170281990627
689.123069120378
689.032493985361
688.996251170248
688.985274658972
688.973814019518
688.937379834525
688.927117197189
688.884797835879
688.880511253409
688.84831373278
688.823354420608
688.799192964305
688.799036379065
688.777354915674
688.751868440321
688.742525253928
688.742202921242
688.637810245165
688.631131130933
688.61639690457
688.610840294234
688.595026965278
688.56138971759
688.510035838238
688.509076955516
688.496849051614
688.48020042798
688.477752338851
688.45359176399
688.432327272127
688.413854064402
688.400707623763
688.376071432177
688.368912722671
688.338200963762
688.318102075259
688.277111758803
688.271163167515
688.269138789012
688.239520446363
688.230401484607
688.228952440635
688.221509331517
688.216613691132
688.172015006673
688.137376118284
688.105966413257
688.097364632713
688.089264695299
688.085996250134
688.066875946514
688.046913806667
687.913763009086
687.904813009063
687.887546474471
687.848165688827
687.842318374545
687.838395359989
687.832819575673
687.820448431318
687.805699410779
687.803241958015
687.798440295994
687.795290730935
687.780646869928
687.760564401275
687.723806845083
687.696042303933
687.678388104
687.672396990968
687.648128356159
687.643676439679
687.642673660487
687.638617473943
687.55671879854
687.553150253953
687.549617295624
687.547843620975
687.541144214764
687.521251907778
687.516514210006
687.512639575973
687.480833006651
687.475937864142
687.450223580846
687.448751153737
687.397822979049
687.395065646714
687.348294541431
687.342565839948
687.341152624508
687.330255917018
687.325846663434
687.273569041916
687.242452550949
687.220473338693
687.199041237232
687.170733679975
687.107518714797
687.090114926431
687.089624579014
687.044765778104
687.019887402859
686.994679097456
686.95298940169
686.952928919954
686.925076026647
686.908093654574
686.905155800365
686.894066300091
686.858496066128
686.828023505378
686.827683757372
686.809118812929
686.792599135231
686.771150756496
686.767194731356
686.762514719257
686.66647880087
686.66204346773
686.660211753337
686.644993051895
686.63779113792
686.632853800257
686.598995618043
686.5974761874
686.576400001485
686.564364905264
686.562354586109
686.529669316668
686.517422654309
686.503342955944
686.488785357662
686.446294842378
686.444562901938
686.42869746571
686.409041566254
686.401825080087
686.326181617005
686.322142650809
686.294574245229
686.25760205161
686.240759666584
686.186652612977
686.147392595292
686.129907352268
686.122370998819
686.120405505825
686.11042156212
686.101228780905
686.097188013854
686.086102293156
686.082938353748
686.055802170637
686.05556086082
686.055135026141
686.043567320778
686.031390458169
686.014217017031
686.004878472757
685.995205857718
685.991372446643
685.979915070624
685.939610109219
685.938290197835
685.936307661247
685.919070935169
685.892137961304
685.891567014821
685.873764755258
685.825482408758
685.822560681874
685.79961553744
685.797577706584
685.788695695187
685.773346340787
685.759914508783
685.747242038008
685.735022691661
685.691639388411
685.662237503677
685.636361325607
685.635870553939
685.622014635057
685.614893380882
685.600882684296
685.595747191146
685.57753846598
685.555977215247
685.535264168032
685.520669889735
685.518826000794
685.502829956048
685.480176304233
685.476052627473
685.467395932272
685.464225261085
685.452903028701
685.442341277965
685.435419998288
685.413078472638
685.404583063084
685.386592291737
685.386528172511
685.374697924867
685.37111826215
685.368356132459
685.357604457701
685.354591938638
685.337088316721
685.308796153422
685.246865454937
685.24240078204
685.237248572439
685.223049556461
685.192240681004
685.190025265979
685.18704562896
685.186275034391
685.18081446734
685.169417354732
685.146970586917
685.124996024764
685.100428838102
685.096428993122
685.080103431014
685.076384325751
685.074289826054
685.072466736024
685.070262009509
685.054200164487
685.045769028844
685.041864724542
685.040887080459
685.021493995743
685.001798180064
684.947204620761
684.891308495662
684.866541823615
684.831184116654
684.828778492213
684.828584076999
684.824659708001
684.816990736765
684.755578783434
684.741397282998
684.738187273407
684.733228377179
684.726615852778
684.715297498857
684.703797321827
684.695155612536
684.691004194766
684.677522131417
684.651062757443
684.63651609192
684.631897893106
684.613966337927
684.584696145715
684.581288816341
684.562258607761
684.558560106117
684.554243498156
684.517875078908
684.502419160963
684.495166837207
684.479286601576
684.411366631344
684.389208602475
684.378523483406
684.370607883222
684.363199972265
684.352102887387
684.351580666681
684.345362223157
684.245413837029
684.222241510761
684.214929092705
684.204095438694
684.203188512844
684.199035918421
684.198728750255
684.194142181178
684.179221545875
684.178256438716
684.169118343334
684.154264014361
684.152127962102
684.151763671027
684.150817535963
684.147168890162
684.139977480078
684.136221516013
684.129761747587
684.126960035979
684.12047419796
684.114210984975
684.099805933879
684.086431799975
684.081104563895
684.061915640652
684.061604415468
684.049574216905
684.046828641374
684.046574691605
684.045057799543
684.042172129731
684.040968190365
684.039291987501
684.03519258321
684.035033975624
684.032945174083
684.023724509543
684.01770056554
684.010683366347
683.999458443231
683.977530637557
683.974916794774
683.966381419609
683.956047460169
683.91899808125
683.898959860583
683.887598897188
683.877654581403
683.867868459355
683.863932128832
683.855516030029
683.840524108226
683.832557767503
683.827111442526
683.809305526065
683.806642514205
683.80010827094
683.788927406887
683.788023309818
683.780600303901
683.762648999986
683.758423562152
683.750238362436
683.748709968017
683.715067871714
683.714606690761
683.712394890264
683.694179687633
683.692976669767
683.684609187818
683.675350906476
683.656466185039
683.630306271072
683.62852484011
683.572865163578
683.572788681012
683.552296898054
683.550815255716
683.547472491817
683.538909371739
683.498755022635
683.489123348812
683.471082367889
683.454949306221
683.4538169388
683.446600225726
683.440413589155
683.420566019811
683.418785275099
683.414034132088
683.403216260521
683.387496198443
683.384011900279
683.377450889685
683.363706097402
683.3559396987
683.349336617126
683.345140134582
683.340641608793
683.337138186603
683.332556019658
683.317795586026
689.127395546363
687.534450932677
689.36525387263
687.362348072224
692.858653623759
686.188847142512
685.161116240467
687.970080067653
691.027453560243
683.506818747755
693.434783942001
684.928867789653
685.688623179799
688.494348679899
689.205822088303
686.572752542366
685.167634934243
685.317266919461
689.610035301149
691.586194071932
688.538069693834
691.012717814406
684.38823722506
687.057861700267
685.504188228194
688.435438484821
685.188479767627
689.483585932891
686.436416354105
683.750877748091
690.932386163674
692.520197337771
687.15943292193
691.608234578285
689.363546671273
690.844362565225
685.614744016814
691.355174225587
685.121062055954
687.679960556648
684.873639402686
689.099985057538
685.911307294438
693.021149172596
684.288018503325
684.692412317325
687.805753631539
689.118674561461
690.973884079928
688.392546205372
683.48238884257
694.073254804891
690.164201071369
686.170575554112
688.973915482048
695.386661299665
685.816742466777
691.616058057214
684.903729927851
692.663022422865
697.713866837551
685.71441451305
684.563525984447
692.813509799189
684.746332244213
686.786568895355
684.344722825278
687.767199923588
688.863793784654
692.658221917011
689.325046264591
686.56017374869
693.863193679808
684.445187452245
696.909067857975
684.31178790936
689.075571771195
691.489221817921
693.96247984849
684.309698401792
684.908228034539
691.896471656285
685.250660966958
688.322173064055
695.862667956401
688.194067202765
691.976058897853
690.59183227275
692.260329096267
689.685870061728
686.792131356525
685.899341887278
689.707038280537
687.411789563625
687.292174861033
688.087936729709
694.010858885825
684.260842446182
687.401690854325
689.623716297671
689.131125551829
689.05021927719
692.633184395328
685.51751777885
688.694538346328
690.407317733583
685.015881028397
686.247847069859
684.282474624915
687.848688553538
685.703446748186
684.435255608302
686.444300651132
695.272982995327
688.526685722491
690.409890833053
683.358724814037
693.983260762371
685.967564111798
692.732762707084
683.946014078287
685.267583674388
683.467579573238
683.465762808192
683.810904795608
693.70213897708
687.545814049354
695.483633408533
689.917274216292
686.057317417114
687.134667676675
687.834338981624
688.129880395829
689.378314107879
694.345486761288
692.829850657558
684.746463429401
683.658272282089
688.434994371662
686.500906292681
689.070854212447
688.121909922148
685.801845652204
694.736018052451
687.636640729383
683.477215593742
692.483048805688
688.695176337682
684.917424589895
685.31339531079
683.907371553858
685.195649928179
687.488987536635
690.700233282952
691.585355525278
689.296712064158
686.411897979914
685.50023130819
689.146840542849
693.202520686396
686.299162965257
692.859332115456
685.228352013727
688.257341598076
685.08478008235
689.043402439014
685.726299130901
687.248834982601
684.951490989404
694.92722457064
686.637931815092
688.884464571292
687.732947827801
690.347936769544
683.890361991722
688.571732665548
695.111094599232
688.291770880108
686.101212969418
685.020650445156
689.000790565884
684.971750418763
685.891162231123
684.419411407306
690.130601064686
690.744697983557
690.665234931617
687.665579024532
685.472439913131
688.352191544508
693.828922246686
688.244888497498
686.754734830058
688.877247467066
686.787647991172
684.698746938249
686.686239215449
685.837914417327
685.445509013455
688.218660107449
690.504022538693
689.076733452774
687.393871096884
684.267029587878
688.405680794023
684.96838407098
683.524573100712
692.370098280969
695.490358736293
690.428022898005
686.867606062629
684.503644056261
689.637657980507
689.756373913725
691.859100752609
684.526789934319
684.016213745536
685.761366642774
687.415763062849
687.993527838267
687.995952952007
683.806357117161
687.02855860301
685.710722621342
693.029663578708
692.607826518095
683.913579477634
684.119845675384
692.618102037894
695.685676047083
683.63221299535
687.432466176821
684.158917309243
684.364547890754
691.081407874731
684.421854962673
694.784527160123
686.511474370108
689.837356348793
697.403353504262
688.49325139654
684.740733571748
684.64227627277
684.174507479448
696.337840485689
690.59904652266
685.266255721539
686.142229732737
687.137844597095
696.093525756668
687.507478938384
689.223918452322
686.871835090213
685.499309528695
686.932326044865
692.052735866001
684.662227649511
687.244915005544
691.260402175953
694.094802960314
687.252957228459
685.579457367447
688.532369659047
684.496614037976
690.544058977232
686.099665981714
689.60719519778
687.317384483228
690.145143780577
688.499858526492
684.377156584286
683.427234681331
689.407887998627
689.953697558367
690.734430827948
683.619117278649
690.523894913494
684.071817272094
688.060109777851
684.509406778744
695.470165353698
689.15788056397
685.813431091794
686.686353088325
684.689052513002
690.790121216434
690.405511066853
684.634998770207
689.739151109177
686.186028651509
688.332843702013
690.994171135294
689.178727583712
687.332770647766
684.113287278363
684.662991909465
683.532572757696
694.994612553389
685.828052899614
687.054143210395
693.53260910169
686.033913758201
685.39287206177
689.624653195332
691.655649188814
683.422650822933
686.213314533789
687.706996403908
688.174799856335
687.846156041881
685.950939383691
684.064391527054
686.542599654835
694.421743196257
689.069623277666
683.477692371266
694.094092416448
695.553042596194
684.154211941839
687.943962656936
691.244493017217
686.833401834783
690.40318762118
685.556107367306
685.897360673142
688.474756454901
687.956329927246
689.287670655913
689.258574816041
690.750649927419
684.679219191838
684.252720267656
688.30394697564
690.354325001204
686.875703322268
684.282921108934
687.125673967361
683.892221273178
693.703994606975
688.248469182134
688.537135533975
687.267740090087
684.705488645059
684.728174712954
688.315763734706
690.535137506568
698.352686113255
685.734719874951
686.339293982202
685.398428447491
686.76658571147
691.593660096496
686.502604460018
683.316300591385
683.616360026836
693.695755745589
689.607134049938
690.0554156404
690.197013110414
683.601459822527
683.785969565609
688.685467727159
687.535422298636
691.534241517729
691.316014400746
689.596313854443
693.655479839661
690.338367777042
689.682371629099
695.456837375309
688.086747127703
692.055620308063
690.809496600724
688.385380326119
692.725441232732
692.798973289306
687.211034927737
683.919575131046
685.576712092883
688.108214855668
683.717019182281
686.710995429945
685.4420499165
691.750501431535
683.79026523237
687.512571374513
696.071669605022
689.864595603117
695.474629174081
688.586490188918
695.671289570787
688.99485270702
686.263272634309
697.493660489973
688.055880094431
690.330991467011
690.23654284864
686.500387817912
691.152961381878
686.797223252164
690.098171880733
693.002230982006
692.576232184589
684.794952725019
688.516730734264
684.042527185209
691.617044496529
683.513271580847
692.638322077627
689.325949991829
689.716256314603
685.816545199042
686.000332370857
687.355932526727
684.495096579787
688.193026934782
688.18088531159
685.265196841284
690.42038484431
687.874699314824
683.848741083399
688.344260387217
691.370139843255
686.470311373855
686.497784821474
692.999638183081
690.283284649593
688.5011640695
687.007312969818
684.641518170638
688.115854844024
685.780551415584
685.400549065253
683.660045317716
689.939827527748
686.759256081341
684.302364719497
684.390118955789
686.163833866079
691.632097879697
684.76232415068
685.126428879257
685.457195900552
687.399732842767
693.94532509013
695.105385724945
690.727596909849
684.872824600402
684.754459199322
685.001365849707
692.942333209064
687.736626405597
688.096375325844
683.808432854247
687.131302850239
692.009479108836
689.643397425268
687.485859000456
691.125948024886
683.906937257972
687.66976133596
690.706272939758
684.914113476028
683.943012929919
684.444574327921
690.889865632783
692.629723167299
686.917972421921
683.847007615329
685.871647614348
684.695093606462
690.794783893
687.759073107451
689.988419943691
688.219373436061
692.794144269542
688.838979932501
689.823966337196
687.786270580845
685.626624001329
689.786603801402
695.448976700614
689.443861173787
686.415708946726
684.688568459222
687.014499160377
687.091968645052
687.552030535563
686.268745533305
685.042674906133
685.063999868732
690.253756323477
685.042134118819
687.755192502187
689.018479039778
692.538092920731
690.026641353795
687.015461171337
687.079039471479
689.798723963067
693.101637344604
685.303464073075
