1034.35028901967
1034.09456187714
1034.09262519008
1034.05872912912
1034.05643806336
1033.99538496492
1033.88265880664
1033.88241083491
1033.88144451327
1033.87416349771
1033.86967052814
1033.83639315654
1033.83268961433
1033.80270670366
1033.76462312523
1033.76091225455
1033.75825475307
1033.74473703423
1033.72823856599
1033.7186467426
1033.70753371014
1033.70408897801
1033.68725017295
1033.66952000805
1033.66833873413
1033.63921195238
1033.63410684716
1033.62974665258
1033.62592539114
1033.62009555108
1033.61868388292
1033.61705464156
1033.5990074634
1033.58316624301
1033.58286058543
1033.57258585113
1033.5700385034
1033.5653570554
1033.55217346402
1033.54858404613
1033.53888573694
1033.53278280816
1033.52974393301
1033.52549371394
1033.51433930976
1033.51369990112
1033.50566112218
1033.50551798465
1033.50075244716
1033.4936886695
1033.48861308115
1033.48490062309
1033.47643422174
1033.46359209379
1033.45678974389
1033.45215949398
1033.44288501068
1033.44273686455
1033.44238291761
1033.44031217892
1033.43691549617
1033.43379526017
1033.4317215261
1033.43087714943
1033.42720928907
1033.42470983037
1033.42338096644
1033.42173240168
1033.41891705948
1033.41644603241
1033.41354547655
1033.4131621802
1033.41286530105
1033.41267611988
1033.41223339106
1033.41102885319
1033.40808497006
1033.40766195329
1033.40655061633
1033.40535439258
1033.40344471869
1033.40308971114
1033.39422320259
1033.39180546905
1033.39154822198
1033.39145372746
1033.39097067052
1033.39063993304
1033.39012150965
1033.38956482
1033.38951269495
1033.38636400337
1033.38267373131
1033.37728525856
1033.37725305756
1033.37277061729
1033.37021571725
1033.36623215856
1033.36170600454
1033.36149688001
1033.3607826133
1033.35865979327
1033.35824063136
1033.35744768516
1033.35379613816
1033.34687528957
1033.34238095384
1033.34011425647
1033.33863826898
1033.33755871468
1033.33289280201
1033.33120302831
1033.32974671646
1033.32460852398
1033.32234051648
1033.31842473515
1033.31593092745
1033.31580097113
1033.31225865001
1033.31038435362
1033.29597741155
1033.29292586367
1033.29210491755
1033.28468974667
1033.28310556719
1033.27981373936
1033.27862880711
1033.27731875772
1033.27672454518
1033.2763327622
1033.27623401997
1033.27396253415
1033.27369790095
1033.2718462146
1033.27052713465
1033.270370667
1033.2662194674
1033.26557999677
1033.26384009438
1033.26188685215
1033.26173041178
1033.26132552297
1033.25705233348
1033.25647938699
1033.25276316398
1033.25214180794
1033.25019945021
1033.24925879632
1033.24792423341
1033.24701128469
1033.24691597375
1033.24603859629
1033.24579881953
1033.24515591451
1033.24476321205
1033.24354399468
1033.24263229307
1033.24089470632
1033.23998542608
1033.23701504128
1033.23229046356
1033.23051943702
1033.22873391948
1033.22733281202
1033.22700203347
1033.2257495176
1033.22572972449
1033.22361601238
1033.2199169193
1033.21944613954
1033.21920237676
1033.21741528506
1033.21727439865
1033.21457462382
1033.21333659712
1033.21092903989
1033.21006174169
1033.20976412677
1033.20898627066
1033.20856211268
1033.20729044348
1033.20723274381
1033.2067487853
1033.20467195468
1033.20355098171
1033.20312118897
1033.20253124786
1033.200436075
1033.19854193554
1033.19608522115
1033.19223414652
1033.19218779193
1033.18962128341
1033.1880850316
1033.18787796057
1033.18759642109
1033.1814440474
1033.18092959063
1033.18037336395
1033.17800199621
1033.17728100636
1033.17677163413
1033.17387880109
1033.17307188522
1033.16657639252
1033.16511019367
1033.16369879197
1033.16321292353
1033.16319552778
1033.16237709579
1033.16014003788
1033.15949223119
1033.15934448645
1033.15932512705
1033.15893222207
1033.15812757472
1033.15597675681
1033.15524653146
1033.15425010212
1033.15422191964
1033.15411450236
1033.1525192243
1033.15169321994
1033.14723688224
1033.14710824189
1033.14653529226
1033.14593858336
1033.14206633828
1033.14125958892
1033.1408280861
1033.13960764633
1033.13861672215
1033.13854435658
1033.13732540791
1033.13683644178
1033.1357515686
1033.13478541549
1033.13402588326
1033.13223158749
1033.13182143595
1033.13157424891
1033.12965720005
1033.12592060798
1033.12565300179
1033.12533983997
1033.12403000149
1033.12387445216
1033.12275400855
1033.12211746034
1033.11991767098
1033.11862130678
1033.11785948533
1033.11702171093
1033.11553357093
1033.11495011452
1033.11281578286
1033.1106953774
1033.10893394406
1033.10803644412
1033.10331186207
1033.10221460367
1033.10064336194
1033.09799802996
1033.09636887151
1033.09480637927
1033.09480410099
1033.09468684424
1033.09172209747
1033.09003156412
1033.08755902213
1033.08569968724
1033.08444921904
1033.08326072673
1033.0827652288
1033.08250231961
1033.08179136609
1033.08156105341
1033.08123462543
1033.08090723056
1033.08041178829
1033.08009187726
1033.07795642536
1033.07613659731
1033.07456208332
1033.07447713867
1033.07432400107
1033.07395273669
1033.07243474029
1033.07213670792
1033.07116798264
1033.0711007538
1033.07090557164
1033.06910316219
1033.06895786468
1033.06754024411
1033.06753836669
1033.06739929759
1033.0665498385
1033.06562103543
1033.06443015801
1033.0615295018
1033.05882136748
1033.05743720883
1033.0526774467
1033.05187391674
1033.05168106324
1033.05159849122
1033.0509246753
1033.05015061779
1033.04960730266
1033.04843881017
1033.04819478145
1033.04753615197
1033.04714722107
1033.04671785501
1033.04651233139
1033.04623754309
1033.04587834746
1033.0455301878
1033.0443534281
1033.04415227083
1033.04409958943
1033.04401708625
1033.04324927397
1033.04181360498
1033.03991561644
1033.03855008211
1033.03753584963
1033.03644200303
1033.03375598086
1033.03174152981
1033.03018162766
1033.02987906439
1033.02602667284
1033.02427755911
1033.0228694417
1033.02100132733
1033.01819964927
1033.01691411092
1033.01673325399
1033.01575426554
1033.0155208148
1033.01441166981
1033.01330272522
1033.01238035072
1033.01181505729
1033.01146779588
1033.01131377245
1033.00954060865
1033.00890521361
1033.00872164102
1033.00811173545
1033.00681024858
1033.00486188584
1033.0046242571
1033.00397033918
1033.00347930884
1033.00198217912
1032.99881080627
1032.99764021595
1032.99726194588
1032.99653197928
1032.99616404578
1032.99523650586
1032.99475578721
1032.99274411497
1032.99251767357
1032.99218002425
1032.99217284012
1032.99101207053
1032.99096594803
1032.99029104734
1032.98895908079
1032.98857093159
1032.98765491884
1032.98713666392
1032.98671069794
1032.98655057555
1032.98634349037
1032.98621109007
1032.98501288179
1032.98434332449
1032.98057814432
1032.98056986994
1032.98008872485
1032.97626816175
1032.97598046326
1032.97442380263
1032.97333952847
1032.97183696223
1032.97018386235
1032.96973098045
1032.96964216331
1032.96958394017
1032.96955405354
1032.9675901454
1032.96742676588
1032.96702967377
1032.96662856552
1032.96641250915
1032.9655828492
1032.96469099331
1032.96447566298
1032.96444616801
1032.96329923779
1032.96229810365
1032.96130682804
1032.96023557639
1032.95992189011
1032.95892065122
1032.95841779285
1032.95831231539
1032.9577452428
1032.95684215283
1032.95414916451
1032.95409483343
1032.95395137089
1032.95382988521
1032.95375757156
1032.95237651521
1032.95034425303
1032.95015021222
1032.94870917926
1032.9486920664
1032.94867572064
1032.94805649315
1032.94801740884
1032.94772665857
1032.94713527228
1032.94675602618
1032.94619945034
1032.94180577409
1032.94146138422
1032.94119375378
1032.94049913877
1032.94031727372
1032.93973329308
1032.93886626077
1032.93757706144
1032.93754689994
1032.93637811584
1032.93452167404
1032.93412960982
1032.93398531469
1032.93217949929
1032.93177207372
1032.93125526794
1032.930521681
1032.92872158061
1032.92803346018
1032.92673145867
1032.92626830349
1032.92620479493
1032.92581417975
1032.92511322637
1032.92476458015
1032.9241734375
1032.9227885921
1032.92238781762
1032.91994725122
1032.91987671699
1032.91984054879
1032.91925188421
1032.91883008706
1032.916893567
1032.91671584424
1032.91608629542
1032.91532614263
1032.91518727511
1032.91516107738
1032.91512297404
1032.91458129279
1032.91454454138
1032.91422023922
1032.91266608961
1032.91122057531
1032.91100211569
1032.91062083315
1032.90704676969
1032.90670795385
1032.90643009147
1032.90554560795
1032.90531814747
1032.90530746725
1032.90496054031
1032.90491901852
1032.90483302096
1032.9048190594
1032.90398670496
1032.90389614007
1032.90349173876
1032.9027649687
1032.90082331271
1032.9004567542
1032.89986572582
1032.89968223919
1032.89840543416
1032.89795187988
1033.64677946179
1033.56276340704
1033.87232437833
1033.54135041139
1033.075220203
1033.13989010328
1033.03716948198
1032.9021242154
1033.13436335792
1032.95085590744
1032.97016478703
1033.02364960133
1032.96587421688
1032.91901804106
1032.97845398013
1033.35743032164
1033.25060142357
1033.19393558913
1033.02793109513
1033.15750304658
1033.24791428782
1033.08473332819
1032.90135764042
1033.21352731158
1033.19946904763
1032.95400166418
1033.07611354031
1033.28689293474
1033.67774776471
1032.93598233168
1033.19027238244
1033.13759800122
1033.30607839588
1032.90760791127
1033.06677393685
1033.13135778187
1033.08123649855
1033.05495028146
1033.06811594766
1032.91137004896
1033.00514052138
1033.09029515717
1033.29274216835
1032.90375786611
1033.55167878395
1033.14974836944
1033.14472229661
1033.52996586103
1032.96724025979
1032.95953420659
1032.9364220087
1032.98397219922
1032.97631658515
1033.64117244853
1033.12715356724
1033.24838865537
1033.01029492447
1032.98943559096
1033.4921504807
1033.23966734203
1033.11129335514
1033.2611420808
1032.95675525739
1032.94336641826
1033.44883082206
1032.98837823357
1033.03147155906
1032.91376780502
1033.13755027564
1032.94073147299
1033.26454447155
1033.15679536224
1033.40330516566
1033.0363421847
1032.9713092651
1032.9000274079
1032.94085479285
1033.01507258828
1033.33205511992
1032.90922350681
1033.78380681846
1033.30975716747
1032.94713676969
1032.90222676921
1033.12561449951
1033.04485003669
1033.23209525878
1033.00987215293
1032.93354224484
1032.93071638429
1033.20594634804
1033.41021609012
1033.13014547902
1033.44375984666
1033.17503150526
1032.978593413
1033.31742578842
1032.90614382518
1033.34145235971
1033.5028435602
1032.93972997838
1033.02721692284
1032.91944589269
1033.12173574259
1032.91357095706
1032.96406995322
1033.20768815337
1033.15168967175
1033.0668307546
1032.90556810515
1032.96365151352
1032.99151212129
1033.39918051536
1033.73302238589
1033.27952876717
1033.30239432579
1033.01308780513
1033.0169330455
1032.95917939224
1033.00604930551
1032.97596677211
1033.46289073505
1033.54837341962
1032.96406016326
1033.67601075037
1033.00237022592
1033.08515272008
1033.0215112763
1033.31501682219
1032.92607695819
1032.99888633205
1033.50324546749
1033.08873940351
1033.60755876624
1033.24911903934
1033.33918373269
1032.9280603595
1033.28635540377
1032.92841253585
1033.50451795775
1033.36105233655
1033.38575398818
1033.31156132612
1032.99699555895
1032.91159980416
1033.04629227691
1033.5988637086
1033.19350097664
1033.02564290067
1033.10538734706
1033.08767540305
1033.01691347168
1032.93960312996
1032.90878876843
1033.12144274246
1033.08157456106
1033.27405671364
1033.68902136548
1033.01084657679
1033.44194856591
1032.91272154733
1033.14467552416
1033.29114828164
1032.97852535524
1033.07095020677
1032.95135058656
1032.91815348518
1032.97635852267
1033.05141939487
1033.0204166558
1033.31907547059
1033.15354595542
1033.11878282598
1032.9616961064
1032.95620024316
1032.93157546386
1033.01787504759
1033.0544463819
1033.08381573789
1032.9214146217
1033.06953557596
1032.9140140328
1033.14263244264
1033.35239987522
1032.99468256038
1032.90101165477
1032.98027834841
1033.24564851686
1032.98953518041
1032.91798920054
1033.41575108363
1033.20803271129
1032.99884177538
1033.03027931009
1032.97808088399
1033.53909283905
1033.07762045062
1033.12028479889
1033.12223136676
1032.94543178093
1032.98872739836
1033.25145918016
1033.26490659878
1033.18143372131
1033.2929600372
1032.97009915227
1033.05912916206
1033.21087044425
1033.17947570952
1032.90469495894
1032.91678861971
1033.11559266809
1033.09554009464
1033.2400296567
1033.29838518544
1032.90738192
1033.19126499671
1033.03004573477
1033.12630224824
1033.47545493846
1033.10527190575
1032.92058960425
1032.9466990804
1033.0575048844
1033.14373741683
1033.32208713798
1032.96461665176
1032.92809097264
1032.91283566903
1032.96386077306
1033.33750708297
1032.9458229387
1033.15001475332
1033.12335930422
1033.09540609749
1033.05197179909
1033.28568200603
1032.97730657497
1033.08956488933
1033.43156060307
1033.37359150137
1033.22939806097
1033.32194751722
1032.91104762121
1033.37129563415
1033.25248062953
1032.92686517399
1032.92866645688
1032.97371060323
1033.19000027737
1033.22405658068
1033.51263705298
1033.27304345375
1033.08383639832
1032.95076378059
1033.15239940555
1033.41907091042
1032.97701626959
1032.98105447598
1033.55923143532
1032.91581025932
1033.02767675988
1032.91137667997
1033.42877668116
1033.88897603496
1033.3543549073
1032.9585528462
1033.09529100327
1033.37767394504
1033.05217736315
1033.0270958966
1033.30561902365
1033.06078386564
1033.48552964771
1032.94827764794
1033.13589573804
1032.93713140865
1032.94993635637
1032.93444097717
1033.61695937073
1033.00398068763
1033.57684465261
1032.92115799676
1033.35540733061
1032.89763422912
1032.90042510416
1033.18195637974
1032.97669467118
1032.94157162176
1032.91771897613
1033.09478723825
1033.19744161235
1032.90740289402
1033.0217059792
1033.88214295381
1033.18828878534
1032.93580182526
1033.0091078311
1033.10058888606
1033.50315852605
1032.93389739286
1032.97847784812
1033.4027544386
1032.99614293974
1033.00205412335
1032.93714531005
1033.1599229349
1033.12990938055
1033.23894505605
1032.95675277228
1033.35267410789
1033.00087841018
1034.47157425443
1033.74851299453
1033.01053857908
1032.97352134132
1032.92673754615
1032.90378553676
1033.35630804211
1033.11572092245
1033.03633208272
1033.23759133159
1033.22114525012
1033.27426888446
1033.04291270095
1033.20063007399
1032.9186974496
1033.63802318747
1032.94516599451
1033.55260049553
1033.12030730047
1033.28274515338
1033.11239764819
1033.53056659689
1033.33231962251
1033.27991633101
1032.96001615266
1033.1250360772
1033.41590335483
1033.32306123579
1033.12664859013
1032.98602011841
1032.95061889518
1032.99512263512
1033.70738817729
1033.29957855872
1033.69989586623
1032.93560763312
1032.98502331904
1033.21028507496
1032.92308355711
1033.04286707622
1033.15601216204
1033.61669806248
1033.10012636111
1032.97165897696
1033.09006249468
1033.08487820955
1033.22264637991
1033.01439942499
1032.91911093309
1033.1507383938
1032.96792067339
1033.06894522447
1033.63316469338
1032.9331484299
1032.98094620923
1033.02435494712
1033.10219559979
1033.2341699627
1032.91711495044
1033.80615116228
1033.12239226402
1033.21122893765
1033.07048500032
1033.13865477766
1033.72310327153
1033.93844846636
1033.9692628593
1033.11614338582
1033.10363165683
1033.56203011788
1032.9091509313
1033.06255492064
1032.99341005074
1033.16210154759
1033.20435438594
1033.07190534084
1032.97080998648
1033.08490862366
1032.92347263462
1033.03505361927
1033.1048735487
1033.07224634537
1033.02772971917
1032.89832913655
1032.96152455952
1033.20860498065
1033.02744831386
1033.59535586115
1032.93220173378
1032.98468062857
1033.4867643796
1033.4952878584
1032.99669369918
1033.46461060878
1033.12625812263
1032.93625047653
1032.91750398695
1032.90833286218
1033.17331658315
1032.99464626822
1033.02460124709
1033.06796190667
1033.21882271297
1032.90500867504
1033.15755904122
1033.04115953854
1032.90052382998
1033.2609328518
1033.20816825083
1033.48428720362
1033.01088251007
1033.22793027627
1033.17782708964
1032.90313958986
1033.29616818055
1033.68848029879
1033.63036511185
1032.96932321915
1033.42473174884
1033.39893910242
1033.02698163117
1033.02567126758
1033.23040751687
1033.32086949993
1033.00580867442
1033.44309087979
1032.91327651649
1033.05822521423
1033.07661300526
1032.99572365455
1033.10815713182
1033.0678294075
1033.17711130408
1033.09938283424
1033.08409446822
1032.93174898026
1033.21402484993
1033.21046570499
1033.09673575256
1033.56377743149
1033.36444642215
1033.04302135059
1032.99872501009
1033.49605479482
1033.36630561511
1033.05194348699
1033.31332112357
1033.566188974
1033.72820171876
1033.13120937943
1032.92397464093
1033.18172461337
1033.25798398803
1033.20288088894
1032.89963547081
1032.92205120664
1033.05623936018
1033.12153418945
1032.98806881785
1033.64650206053
1033.00162140962
1033.17889056571
1033.40616460433
1032.94132872036
1033.22984492777
1033.19973729938
1032.90016909818
1032.90853430334
1032.90865789009
1033.041171687
1033.01546429887
1033.06323389263
1033.04140938518
1032.930107273
1033.49348433357
1033.1286588827
1032.96973217288
1033.07034305748
1032.99315268381
1033.12317005807
1033.39889421807
1032.91961842099
1033.2704465779
1032.9225644194
1033.3804765005
1033.14576608331
1033.03931752367
1033.06114462935
1033.04015726561
1033.53649548039
