751.216197612992
750.381344428996
746.960996115959
745.750528883242
744.124109097845
741.485480500446
741.039606012542
739.611844416346
739.324455203119
737.545586989972
737.513773740497
736.062009862397
734.416375379352
733.516932112277
732.525924321511
732.170823074092
730.982953769194
730.640373649114
730.457630545377
730.363055458722
729.799876763603
729.299325948387
728.573032222318
728.489523429572
727.950995849263
727.800319167162
727.557370868267
727.134534804269
726.270320874542
725.83901553258
724.662338123345
724.622594887328
724.528241374092
723.785429391149
723.51930650034
723.512836349382
723.274149059046
722.997452536667
722.679159222537
722.674777116171
722.565295001706
722.268923137809
722.183022434005
722.086135087744
722.046564472811
722.046298169933
721.939386746135
721.771034811571
721.22720592186
721.105305516877
720.574111344145
720.421668660737
720.246786015601
720.241186640846
719.958866368742
719.947757633502
719.828102769419
719.800923957669
719.768341204405
719.394208327675
719.326443065334
719.117802602524
719.115233886501
719.083252120758
719.065650453976
718.834969362442
718.762941501392
718.570872815075
718.010877830007
717.958769625354
717.89641686989
717.841852660654
717.133763827397
717.008274914593
716.958483127609
716.793489671341
716.78631108747
716.652033730518
716.593506329809
716.503128360851
716.489497633419
715.833747178495
715.811025114462
715.728302777423
715.548912562907
715.49465346948
715.311170133539
715.089992016161
714.791261547884
714.790855585045
714.76207303394
714.646790876402
714.399224260936
714.381783023919
714.301191294123
714.183980884544
714.161361417429
714.05140826181
714.038120112851
713.689012585635
713.489445710789
713.43235481819
713.085859114004
712.904668873542
712.843882728924
712.6506311666
712.473195743184
712.43508274605
712.198521860318
712.125111536943
712.055014146267
712.048743951199
712.008819619842
711.978783144033
711.975998702902
711.926757454812
711.719260080855
711.637639095402
711.535613609126
711.526389665771
711.481873023604
711.477218673722
711.416530060969
711.326745439121
711.315444638579
711.164398960803
711.087574131452
711.002657728324
710.796755121647
710.627343824808
710.583244165455
710.02471055738
710.009551297041
709.802640107822
709.732749141385
709.684401052289
709.670538327133
709.483584089567
709.252782102201
709.021892244563
708.912924026313
708.898809471416
708.743727589016
708.676218684561
708.505990118822
708.413201164899
708.312957019831
708.178558505714
708.101680659271
707.980442074095
707.957739170017
707.928858992709
707.913989651102
707.740460513601
707.661667927955
707.624477408696
707.415180782822
707.345710393001
707.245312287122
707.169259315151
707.163116197339
707.140869272552
707.080733493883
706.8367707738
706.807422343251
706.745705903743
706.610277087852
706.592104368444
706.396135178625
706.395113059105
706.337291246575
706.327927318623
706.281558427595
706.249095257435
706.164494304037
706.12928880996
706.101353186039
705.933057727707
705.923813898254
705.917732103875
705.868420584516
705.858873910725
705.722443757618
705.66730313805
705.600407186055
705.586866426288
705.420025340995
705.395107545794
705.292351771082
705.175959865365
705.095184616339
704.928653523005
704.8248052785
704.791911226339
704.658365110374
704.636146670766
704.632740227808
704.600626838005
704.592491585177
704.591665829368
704.589149072501
704.418152053085
704.256495800059
704.16626627686
704.163932936066
704.155841465133
704.143018860037
704.134120434144
704.111133776701
704.086731432331
704.016990645994
703.956371956011
703.930611005345
703.865741991141
703.822496917688
703.706271501503
703.649297621577
703.511122774234
703.466565560305
703.376975255076
703.354586258353
703.27864341943
703.168109658437
703.061734760685
703.050459149531
703.027496860328
702.929528806545
702.893357709601
702.888976780429
702.862395139005
702.854499825978
702.841124468631
702.83288889033
702.827274963898
702.786195749194
702.762076391882
702.749380345009
702.732276895312
702.728988029859
702.727044566319
702.72200385596
702.719742076683
702.697048634287
702.694606864406
702.686684015667
702.682759855434
702.682000437861
702.679317256798
702.667166635493
702.663629451454
702.661393169986
702.660900757094
702.659180482537
702.657563523238
702.622293696266
702.621397459727
702.620536176278
702.615818300083
702.606717349927
702.603698811097
702.602366349671
702.59187962012
702.573114845405
702.570748722919
702.562865285568
702.562079901678
702.561581388829
702.548588751112
702.545965297863
702.539322020738
702.535580360669
702.528717150724
702.525131501865
702.524576128668
702.524528999485
702.520036883431
702.519101323975
702.515139815809
702.513217855476
702.512810233242
702.510678378715
702.510583893532
702.507020831383
702.503811686633
702.501883542453
702.501873194772
702.498976024946
702.497763953291
702.497495972936
702.493634235484
702.490837747309
702.488491120721
702.484279578259
702.482771005608
702.482289168692
702.479998920753
702.466033063061
702.464995059222
702.463980326026
702.452280156019
702.449079454662
702.447575391948
702.445805998659
702.441350655592
702.44041045929
702.434498353063
702.43240504579
702.428621351676
702.428545785754
702.422851337633
702.419011929893
702.418061854736
702.415137111107
702.414825545781
702.413322724975
702.408080144802
702.405979996568
702.403870809203
702.403541836144
702.402815046562
702.402748555621
702.399763201218
702.399059868683
702.397941361229
702.395313860205
702.395122481173
702.394855907988
702.393249291372
702.392576237753
702.38656546755
702.386239948638
702.378300137553
702.377364617086
702.377093138392
702.376892458229
702.375764627378
702.375260536635
702.374753701812
702.374704914298
702.3741557561
702.371194185973
702.370325656742
702.368137444481
702.366586582627
702.363621778814
702.362746235163
702.361196515757
702.360841001987
702.359238480533
702.358162859454
702.356980300524
702.350052543392
702.348519799842
702.345220452536
702.344600653956
702.343889414155
702.342249326316
702.341965747642
702.340268556069
702.335063401157
702.33504379589
702.335043186134
702.32987558001
702.329487838425
702.326704635779
702.326263817271
702.324412393104
702.322583711963
702.322552643251
702.321182663975
702.321149352968
702.320054634313
702.316561947246
702.314514580377
702.313906765664
702.313736252825
702.311724783174
702.311526095514
702.30633549451
702.30108101359
702.300020078563
702.297217029352
702.296942043706
702.294504171989
702.293707231002
702.293626205782
702.286871987539
702.286593653887
702.28487781897
702.284364136984
702.282991128472
702.280432999484
702.279782745982
702.27615625349
702.271964430062
702.27090945976
702.270122226797
702.26913473764
702.268919796399
702.268893625638
702.265579506128
702.264586893997
702.263592863224
702.262953084383
702.261597308727
702.26128465095
702.260302337983
702.258145992879
702.257827785954
702.255133510025
702.254704409572
702.253390843803
702.252303828756
702.250374183891
702.249146186858
702.247737966767
702.247292084707
702.244444360266
702.244266690235
702.243753563023
702.242683351938
702.241336352498
702.238606047206
702.238236639322
702.23773502626
702.236619089754
702.235941361924
702.235167181521
702.233550175224
702.232203244885
702.228272758646
702.225098990275
702.221882867748
702.220597118384
702.220133138465
702.218906182451
702.217521644131
702.216964592231
702.216168642194
702.216064279907
702.215263903929
702.214591439828
702.213438830013
702.211985472395
702.211572736785
702.21075172809
702.21031395075
702.210256572377
702.208475889277
702.207872298142
702.207203687058
702.204010664587
702.203597344913
702.203026308675
702.201161493739
702.200045289015
702.199499920004
702.196778014328
702.19656722621
702.194555023691
702.193904876382
702.192768475895
702.191498376949
702.189245639067
702.188926080201
702.188663801676
702.187196422981
702.186428101969
702.185426920459
702.185118975282
702.184266910159
702.1839590553
702.181649624545
702.180466146043
702.177252071675
702.176901541922
702.174833924786
702.174063553919
702.173871382393
702.173834789793
702.165982539684
702.164533435599
702.163196919164
702.162261265268
702.161940781501
702.161756006394
702.161566513872
702.16073688464
702.160678703501
702.159008532973
702.158489416365
702.157499339613
702.156907222152
702.155863677503
702.15424967881
702.153641701881
702.1535799851
702.152618885457
703.756601804816
708.038488730714
734.758370143508
702.337835436389
709.731685700115
713.987002048143
702.41457784234
705.810390836843
703.554053219677
702.512627961332
712.331413051947
709.481105790627
707.977891213978
704.06883566094
713.585936145116
706.025039352591
713.690184977704
702.820431681112
722.120354573328
702.392967974881
710.987655847232
719.482301932545
723.897943039723
719.540383350154
702.477684037141
702.296075090157
728.600991405557
702.268671031729
703.116003008757
702.425675421746
720.078347085772
702.267395830351
712.299328542475
705.915409554588
710.885423686443
736.562558316289
727.371878910599
704.791737982472
735.272096446934
711.316376560215
702.327767707373
722.000763302982
702.316037338189
702.587595306885
707.077753371335
706.61215785355
702.19128212185
716.501296372159
702.17385459117
710.034787505985
716.464345726398
703.252999056685
714.976515329086
702.251955436504
705.003550947788
710.143003143093
702.178500428858
702.543263701324
717.819190049637
711.380869428348
702.152717961125
702.189618103443
711.882493844028
703.090165678931
721.646221555111
702.154650782109
706.77064076706
702.217046821346
709.956238961127
709.568988326761
708.809048211482
703.83521697992
735.412626426779
726.999750386649
702.179786577344
702.205530176413
708.794839000053
705.080983269399
716.10756548602
710.909658112519
715.539608246048
718.806921461923
702.196493349548
703.6244716949
708.854216341822
707.927745928606
707.106236588738
707.478667771857
708.085001955809
720.537148764729
721.084620303612
702.370914628801
702.20132587618
705.452169394638
702.187304410453
729.278185970705
702.503203064162
702.255006183775
702.387474905567
702.156702619527
702.293860873319
702.323437825216
705.523238438377
702.314505800879
702.578443047133
711.710584916865
702.25445961255
702.51563044134
702.529560909714
702.345815539572
709.830520320846
710.786066086115
702.396850262602
712.642737672727
703.156527433201
709.824906590375
705.366082362839
702.199455644701
702.39327585481
729.048867454975
707.19558693796
706.084876915292
710.210071209923
717.786943956114
722.765030105556
712.870113209153
702.869763157689
742.098005602566
709.660080223682
702.233332933191
751.077554725231
713.048464179551
702.189995827543
702.358412291558
710.302382706816
716.795442112109
709.247051780379
715.734133413863
709.023529000787
715.790298190661
707.101486273951
714.454849028045
702.568475277537
702.471886113237
712.774154691808
705.537277254543
729.082231953352
707.319315609822
702.214631197303
726.765536354372
702.605444024556
708.941954845135
712.992208443289
710.337072378699
723.18411268495
703.813734353065
704.768096171059
706.839069023435
702.550569821723
704.195245985385
716.091953784521
702.29207694215
702.596306999999
711.898689985763
704.15350378819
707.831936926269
703.805299178087
726.689181619087
702.390706789919
706.099532427206
702.970881608905
702.375720497514
704.346456020805
707.990480673507
717.506493319796
713.30956349747
717.317134603741
702.44841414504
702.484941416557
709.738146995292
705.565616848067
706.666002395134
731.895054187333
702.161068044741
710.312385105345
702.509638962492
731.693010044796
713.240233764636
702.581658511709
702.245764555457
702.192423597402
702.272016157477
702.362431469816
702.343934902287
711.868599474685
718.445155506406
702.31742847259
717.269263979939
731.897086296361
702.201282299778
706.360072416671
702.474028805385
707.969677179102
716.2387535936
702.548410356349
725.071188903836
707.517594619071
711.478496379041
708.119262409224
702.272240173838
702.416664249847
719.059852172711
708.11383188999
712.711205501208
702.367491658235
724.687069607175
714.196001809186
738.076914612757
702.511051118319
728.698912028213
702.18084526436
702.365035307537
726.223516890786
718.104590647863
702.804165324182
711.962025146951
702.504832786249
712.991301389174
747.856618393067
713.496306920443
715.887653483667
721.77391604748
711.945439201521
705.240948228344
702.164531565491
708.555777577906
702.223014998414
702.263843132826
703.929191262386
702.354388725512
702.591260787414
706.253370763868
722.451414544743
702.591905812526
702.509683839685
739.683408476102
704.268195849513
702.364698426757
702.469061149688
702.731339437914
724.216257589746
708.291059405575
704.929974483082
702.776427758205
702.269090177898
702.160922846228
710.35844474012
711.245247959583
721.497222401107
720.590190670647
724.935150631699
702.609550627084
715.639383376252
702.581589638108
702.373927213338
702.276479632373
725.994583820616
703.832365392098
704.67305893786
716.502191373414
707.368607171989
728.38153532162
702.174996923369
717.891534244661
707.767977227383
702.511452119982
719.411819508298
713.143137055101
702.293613204407
723.631251603805
702.222941435822
714.838593259924
702.207566910758
709.682806220278
702.179818744115
707.067326187645
702.513011524156
710.315783204178
702.198632635777
711.572390238143
705.76174957791
706.237946298717
728.925112106338
702.477421683946
708.513465393581
705.417129217393
702.494500469597
723.465431204166
702.417832241076
707.657938254585
702.755736294051
702.34268128497
727.190125905893
711.646390525317
702.457912193755
702.242209304575
702.491262431553
702.458127612376
702.15386622919
731.492843733324
702.384156743369
731.442959301425
719.732916389594
732.335473195418
704.068677374364
702.583209070714
724.58330855614
740.955368336174
707.772684093626
702.620824060591
719.930453882604
713.85821028811
702.21005043689
702.344392535316
714.993204029891
722.336829663559
702.729219934421
704.634376045456
705.270770816023
704.684385281973
702.316038773166
706.239366498374
722.6038717021
702.388726868015
710.175601322922
702.552151601918
702.19106008755
703.788224362454
704.548819832693
714.353121601079
702.187524094568
702.236574106589
702.15867342002
702.566528480304
702.240959565531
705.257907462663
702.242079380418
702.658721075231
715.661564142506
705.89376200538
702.426433717263
702.218290631526
730.34558209263
702.260163139431
708.676944088847
717.01384819566
704.318143807741
702.349217840302
743.62374093162
714.698924278298
720.626997179469
716.070242669307
712.805549313135
715.566004580629
713.02869941582
702.299528114901
702.606938859768
703.169997225477
709.982043828933
706.069170816311
702.332948715057
702.180688842245
707.032373320291
709.319876137945
706.929599680205
713.451606644885
717.539384709304
712.86308155384
702.168748401442
714.947355160271
703.281378854672
715.319861481709
702.214189821939
702.226600028322
726.920572319573
725.907382263075
702.393960716156
708.513136266225
716.597221531161
702.223619321469
702.28540293107
702.427249308081
712.475448200682
722.166708021917
706.505627167057
702.352210826584
702.23735080115
727.04596952539
705.351878209655
709.103205320548
708.275989726883
704.245659220478
702.246144513103
702.415799249274
727.976574250035
702.215391887545
715.574556993135
703.828463380362
702.414995058496
707.603613539165
710.560546405328
707.836864527672
708.753671543132
713.095675892591
728.31991759833
702.236089086985
702.312182718405
702.352893093754
713.752397549411
714.512140123529
704.828992209881
706.95868158919
703.507838679649
706.382898872151
706.582812053055
702.840968448621
718.368988987068
708.713497813077
719.837726060244
702.49017216009
748.427574611087
702.248232018224
717.487192764086
717.606798735388
705.699582997299
703.395527365457
715.744539836168
722.602403190722
702.686345713679
718.250259257949
702.32437451981
713.249786958171
708.244151820724
723.084982494581
718.090126491092
702.445178863079
709.731005416628
702.234425907112
702.242359771214
714.145225582884
702.164451855023
702.449818660524
736.069586214318
706.109994633044
706.294122343418
716.826382159235
722.904074005311
702.343424699436
702.255881009762
705.146005766291
730.935775384877
730.320153686803
716.436410295448
710.564570477011
708.608552549415
723.712239456907
702.43555612334
733.855778747019
709.997502876791
702.398836063866
708.433906132066
710.804525557738
705.315178241806
702.337971489527
702.419317511022
704.200928614352
702.70375044115
712.220191652141
702.157473224248
715.699793979885
710.794093196506
730.993523280438
704.915865007524
704.677669345317
705.75459311667
702.573632147945
722.553638752985
736.549452257059
718.180568717635
702.20480623509
708.568344152589
708.422994656432
702.510769148661
726.178323204489
702.480906153874
715.235911293824
716.79663593683
722.268654417682
702.347917241566
702.460635579065
707.936638736706
717.794369251029
