872.528858297462
870.659359621621
866.433703468205
863.878055553259
863.767410241572
863.67900511976
863.373261135679
863.271273216659
863.262330221401
863.148937881439
861.76625144642
860.986190402416
860.154053003094
860.030888612324
859.890548584011
859.464797310173
859.414151849215
859.109225856754
858.94649507896
858.843379186367
858.722888129123
858.358843661505
858.333313977658
857.134129329784
856.930024076555
856.759316929182
856.755177797511
855.545930652016
854.187777572182
854.154068672974
853.75471253806
853.637278177735
853.591690225652
853.261994421033
852.858316470148
852.497524907914
852.393470387003
852.304804660471
852.197627011635
851.753035085887
851.715801914625
851.60127083732
850.663724910013
850.5283137289
850.416057224672
850.10016666272
849.992693029684
849.930316088469
849.81233589831
849.809913758543
849.767980201209
849.691725201743
849.673703023874
849.640460798948
849.614276138579
848.851832395869
848.640157822787
848.612386361028
848.507925553553
848.49954167281
848.451901829119
848.289432125509
848.276646118751
848.247406314087
848.068498402207
847.908558778383
847.851933531569
847.649749336859
847.560700615462
847.510339204016
847.244121487943
847.211289826779
847.16140465851
847.062463114745
846.891183505351
846.807030702937
846.537047395825
846.40087164744
846.363925670028
846.362067019991
846.308763917148
846.286884134777
846.218187377029
846.206518655741
846.184002564373
845.956266380419
845.82273574019
845.740917734078
845.696550489763
845.612978280233
845.456486009602
845.425424273383
845.416053656641
845.394860699913
845.384790589481
845.060613148492
844.939186050445
844.919515576566
844.885282683669
844.81084773951
844.50186122495
844.487878380681
844.36923548536
844.366225828954
844.342448589604
844.232498494417
844.230726538792
844.16031779719
844.095684386546
843.975069126913
843.959688154666
843.909358767035
843.898420597531
843.858407122468
843.774953674562
843.660498767464
843.383315681404
843.368850986607
843.312636470028
843.227739918865
843.22187327796
843.197451846122
843.082235817013
843.018338292445
843.007401663919
842.848388343416
842.832843718332
842.799733056475
842.782473357081
842.721782681744
842.707621916373
842.665585620042
842.554813293209
842.48840542452
842.433055091214
842.381652939202
842.376878439209
842.333772945841
842.316947506815
842.198386298288
842.143718239351
842.127113187175
842.090866168983
842.003500295389
841.914006749728
841.831013732918
841.732993449473
841.719897040947
841.638551693624
841.591812488759
841.578177127857
841.478090348166
841.423535051662
841.417272723859
841.35707660534
841.325490588304
841.324215452907
841.206251412975
841.19159680398
841.186330173834
841.045681303738
841.018625426708
840.997509159878
840.977940830724
840.963150525912
840.961678299669
840.896360343156
840.888366750176
840.865046009156
840.817932071738
840.812515443572
840.705130729477
840.682090360498
840.595909504724
840.522031517422
840.390796671425
840.34223472045
840.275018583067
840.271285592713
840.181602301263
840.150202918652
840.050596337308
840.047354727419
840.019597345716
839.962510328072
839.951228802816
839.933997878813
839.845080559792
839.84131013604
839.831232777162
839.794612211691
839.726752228519
839.63294638869
839.601796169106
839.558213700265
839.512652929432
839.512592490054
839.49983527348
839.423012604318
839.377982080885
839.343097639353
839.289699327789
839.267578055585
839.159665109441
839.149778976906
839.095183409082
839.070369065397
839.028238654195
838.991148000141
838.957160495062
838.957105422836
838.908656722904
838.885444522556
838.82771977327
838.74639308449
838.738011010923
838.672649866897
838.608051588971
838.529626365069
838.472574571183
838.437099473357
838.429932800652
838.410485008025
838.392669124324
838.370845014835
838.36664098601
838.322523581119
838.30673152254
838.209862199136
838.203748199676
838.15476442524
838.140874658334
838.092849399203
838.080799921211
838.048323496057
838.026059767375
838.024756433558
837.997802435994
837.983120459652
837.927182220853
837.926711149607
837.903070575797
837.839591374412
837.828987794136
837.817347651217
837.813925514656
837.797234156121
837.779154780905
837.774339468784
837.764479072747
837.757184436762
837.735034699213
837.706189544297
837.686104432719
837.66364402523
837.658316591984
837.588470777758
837.57846637361
837.570051727363
837.538353513089
837.525712665819
837.417638574375
837.398155096241
837.38210229436
837.367619066455
837.362413295724
837.314333794923
837.302100302998
837.248841242473
837.223848310076
837.220297582624
837.194131095661
837.181642094644
837.144241967098
837.133424504807
837.052015242849
837.003071380842
836.91190865921
836.877307570357
836.868538644734
836.860556698884
836.817759357914
836.810074438994
836.800329139302
836.725675847847
836.709059314946
836.691733092796
836.580090230378
836.578049043923
836.533631963912
836.524087566132
836.480834449089
836.47242085146
836.464393229297
836.457698196587
836.429059523264
836.322109509442
836.284069217159
836.226019212815
836.156432163965
836.063491429062
836.040818682521
836.026262143989
835.998560242921
835.974949683495
835.974548576341
835.958185602661
835.941573684255
835.926720932481
835.923453868058
835.894901003772
835.892788101086
835.885882066463
835.846305898821
835.832144684092
835.828325476721
835.816547512325
835.726460283244
835.692274338257
835.650145306245
835.597883891069
835.596389776285
835.579347141874
835.577663128574
835.42410565679
835.317876734015
835.314349125735
835.306796071845
835.305178218971
835.297252987844
835.241996284744
835.212108508714
835.200853064969
835.172178062175
835.096717309822
835.060627308654
835.058682741776
835.047635809689
835.034738052802
835.032914336035
835.009509355167
834.996115665679
834.992930611631
834.978218753372
834.968315926474
834.925831494502
834.893781346844
834.873465797855
834.849368170641
834.841462055515
834.778073941044
834.769464819895
834.760438021049
834.742583006385
834.676308623377
834.660452363871
834.61400250269
834.612114580626
834.601557036578
834.586477379411
834.561132512529
834.557616663269
834.542680961897
834.538532091841
834.537307616466
834.518659178022
834.506520817191
834.492302592895
834.32559162029
834.280727176975
834.273108102057
834.251860511074
834.241610485535
834.228537215515
834.191641445625
834.164288473575
834.162419821347
834.156894994489
834.13732797923
834.062350219851
834.029206162236
834.029011055394
834.028625992604
834.020156097189
833.99608651538
833.989844018175
833.989705292708
833.986117029526
833.96905321009
833.955023875569
833.89936356086
833.86768607261
833.839927211532
833.822292106978
833.812445296335
833.797699784685
833.792648668877
833.777646637752
833.770603474297
833.76776582518
833.740600466467
833.736577244715
833.733652939684
833.684414905011
833.679110376298
833.668080409075
833.606376109772
833.596998897505
833.557012614893
833.551169641411
833.513559632385
833.512176727948
833.452375661506
833.440582182989
833.434257458794
833.385544858292
833.352445134688
833.287824236099
833.273183148895
833.257888863137
833.229558751749
833.20659322435
833.203182408854
833.194685741922
833.187204761147
833.158819858827
833.155713938511
833.144719916143
833.137446678914
833.1202286256
833.116933504426
833.104731259631
833.100390405239
833.098893436174
833.044133588023
833.0390239371
833.028641768747
833.008213400995
832.960284867202
832.928550593521
832.898064075191
832.891906481256
832.88162048568
832.871933686248
832.84404761828
832.826960071665
832.816424731625
832.812092949051
832.807699318694
832.806993405022
832.80222751689
832.788496602447
832.778572279262
832.746172170451
832.741317502456
832.721220256995
832.718243017664
832.707103277982
832.69129289971
832.690242736195
832.67997051192
832.651385463852
832.640796247874
832.632974674886
832.628387298838
832.627637844388
832.623310269274
832.59685458065
832.553411760707
832.541059250054
832.532433978896
832.531370326922
832.472342631704
832.466943731662
832.460729690267
832.456151433565
832.452077916696
832.434976771849
832.427819187725
832.426164918815
832.422215523655
832.418657653724
832.410654446471
832.357109979184
832.341062896571
832.282229692013
832.23352323349
832.205556089798
832.17171151063
832.166472561055
832.134971439241
832.12008076117
832.082760179597
832.076274730126
832.055962927132
832.039592820535
832.024417531798
832.014651030993
851.773410110423
836.228761334548
838.259639908322
847.24427616622
862.058226253897
841.090947900724
838.551778692631
841.426080528528
832.045838665889
839.130568090813
832.496875255818
840.044077627264
844.829497918036
842.21962838562
860.931102617993
834.072644779422
835.749227760056
841.653790779042
843.838222462063
837.543389011348
844.90906492216
843.612310246691
831.990208627066
833.166525552408
833.821776434198
837.510618166599
847.725730829584
834.638672136163
835.591553817916
838.230377392699
845.74799866295
843.984377072017
834.537468174057
832.33147809491
855.970863164712
846.309911529064
835.959114756974
836.578884836996
839.275793757557
838.06984439662
839.432954366663
836.603919441985
837.799001328969
854.976176926656
832.39819608112
837.814644552648
837.605568794082
832.712351796861
833.619699285271
841.359686047516
841.437690000332
847.052289137012
839.265100335691
835.731827215986
837.922834810611
836.851908707613
839.173872180116
842.254554460211
841.278693797964
845.024890109439
837.127269644315
844.402858495932
836.351853587384
843.692735830046
833.051342080372
835.016140123691
858.572739607048
838.528845225685
848.137650352329
838.276946919499
832.170355796339
863.125800209049
832.285518825162
837.006790544125
859.375572543889
847.695162051366
838.756727781683
836.23242317909
834.629317275431
834.532762085385
832.720646182746
838.013334391548
838.920831587286
851.782352298317
840.575008989741
834.446009017252
832.428472406169
842.368746103835
833.301026214883
838.511930868988
861.983939086841
836.237255218944
835.646846355382
836.070483577663
855.344533646447
844.6301525772
838.506050049323
832.825585477094
840.139356663714
838.797047680979
852.670569677764
832.778057040483
834.890609244822
866.254485888292
834.860404945914
835.953329210695
835.043477117831
833.952533394436
834.322933353574
836.917027647951
833.560777509716
838.503604433546
834.974474242904
832.945886773463
838.152033768919
851.579820978548
832.743321600876
849.655386018307
841.111933923721
839.211680061348
844.937970498817
840.058693417231
841.379008733022
832.165914170311
841.060912116415
832.546321248662
845.684358166255
833.708924341725
839.251902380694
833.526238098393
832.740882402698
842.184557560906
851.965685885994
832.222747153896
851.894153210657
850.172723478196
834.133082466976
838.592570234996
834.501175902201
838.094690041111
836.511241487522
832.574938497294
835.688447456792
833.95315566778
838.608127764357
833.977229559416
842.524727340724
842.846269080134
835.107550845025
833.074305803576
841.504309244151
832.194887551945
839.947297260485
832.175426823114
834.013121145088
844.368689973605
832.196816134104
842.480097530733
836.898729023787
834.597512727016
849.60961203452
854.687925663073
836.429611803076
836.263263212716
841.054777460412
833.181096147324
847.477259926663
844.617472343309
839.600809426915
850.167019504668
834.158411860147
833.290573255704
834.405352509179
833.190939516004
836.699061464809
834.696277155903
835.503996984923
837.636080402469
859.526306440064
832.077490056986
848.989076480287
832.95736517242
852.262276708044
835.918643845304
860.278828671469
836.243576655367
840.186125306096
846.342670464581
847.787355248794
837.858437627058
841.049543609698
847.605909499146
833.428054283155
832.44441827325
848.25321574731
833.273223874527
835.114308474791
836.046105964267
834.539476118636
832.059862364245
835.378181689171
833.342417832906
836.866477064146
843.70213818176
845.686250438321
835.58645901915
836.960093283825
838.512853953169
840.305094217421
841.477717744045
832.78309147636
859.441230222895
841.01557646374
832.11176684576
838.857145586494
848.064420540573
846.533527607692
841.304420056432
832.4723501471
835.08659257459
837.649505585472
841.760992009726
839.990151598586
833.160491176078
842.778371623743
844.470318830044
859.885557280592
832.595158824048
846.520003700071
840.238681168986
867.003375021506
836.520907912988
832.437753250684
833.404516406855
850.455363262378
832.132000818224
842.325352345952
862.978484676892
871.925394249923
853.081362945804
835.649693381943
844.720632773925
834.600742598072
838.966665941804
834.01115539386
868.496409451718
839.844263187803
833.665755791832
863.338447449392
841.500285722914
844.968287718012
833.332010690218
881.848639485919
839.374359053545
842.828765919978
832.469102980214
848.433062671687
832.220594238686
839.596390076466
840.336762884546
839.91246025457
852.860027365649
837.472919457914
833.162837256686
833.1925880408
833.24381189351
833.607041671541
846.897455691014
837.522165662761
832.915980641077
836.350008538567
838.423508076738
842.586274660266
851.552075742295
844.337102293018
841.880263932662
832.79539625949
834.62040365707
835.582197924725
844.482651941088
834.289357480444
840.540743487949
843.743920152136
835.591265941541
834.312703177836
833.358225653101
846.325979439958
835.601038714221
840.420591593569
839.504760229044
840.288432197482
845.305960391403
832.062254015261
842.89210512554
843.966917510876
833.415526321006
837.592244644177
848.00318982757
841.806037405395
861.711799609313
834.081557450172
835.173598007963
842.150382465957
852.819065177272
836.938916695889
837.834121664608
857.39990493341
837.426377823413
836.768748318712
833.297285822424
832.743117239456
844.036862716319
832.949326252632
834.615998595851
845.18960134505
838.074250072859
852.445889162048
832.653994704581
832.33504425772
845.632041286383
844.281070192885
860.831464622776
833.557474426756
837.435582897982
832.695295939723
850.232138605036
844.885617306078
832.141953857571
870.748268262664
849.557738336957
868.008850109013
835.567637354043
834.693114852332
836.008052237182
845.036674008067
845.442619381301
852.36732540681
842.361164347769
850.004755917073
837.737785582135
836.161988209285
834.385763684468
835.451917336574
839.672962163984
835.231250797056
843.967621986031
842.904789001034
845.543944154084
845.019843060217
841.141570501762
834.464190217919
841.494114327684
848.833555308164
835.378487724527
833.737695764721
837.172370054776
850.130483423589
835.150634333588
838.362513033108
836.543565411943
865.500430533922
851.353503166858
834.78799508818
845.8627077962
832.99318984365
851.872972691994
833.646370343266
836.569300759587
837.550934079977
850.673859400894
843.467646482351
846.0834910113
845.838731260719
842.979486845751
864.54987935459
833.559089208553
840.521101389745
846.583228255673
833.340524880754
836.907102557518
832.19389950421
854.280940725903
841.163008462631
838.771004676742
862.344828988455
832.617447818707
833.746803831735
844.376383830138
850.807610763349
833.359286220749
837.049280905929
847.84461264102
849.100624485161
841.318783913192
845.439042090873
832.210543932428
837.569419378597
839.393376238264
837.470795258568
850.606390967766
835.221761011169
832.62099119412
836.054823541688
846.896232977172
866.558623940704
837.893602369225
834.227033611023
834.045276672735
837.372264679457
847.867304720967
834.335293702928
845.380816983572
839.601070438398
860.561205401973
852.540103456399
843.439872205106
836.342809089189
835.766479861019
835.608285713466
842.112993406837
841.648486296294
847.427115413332
856.54716169041
836.570451783745
848.083443558793
862.101984217455
852.803109232244
840.90836168307
835.255645734254
842.730856036387
845.470518529655
880.593229343119
848.880988387125
846.44677905265
841.990224130582
832.339894448439
843.242475217538
839.36622600292
836.474887200915
862.782595282608
833.930662225219
835.939303589819
846.391477792771
836.591483209281
842.985469428501
835.334266914259
847.570514298681
832.800553828465
832.860501702203
832.575678023412
843.019303135574
833.600025736342
841.250009071149
833.965130958523
838.122498339413
840.857160982837
834.080270184843
839.367501770034
838.354510479797
837.038036112657
832.777257404037
856.206196571837
838.646797925084
832.768211084519
834.162648845184
834.22452021986
841.656743808257
833.643304494889
840.291237376104
836.804410201396
842.091415169804
840.704501500305
839.202143970718
843.297001822518
842.710151400549
842.498518715598
844.493973612573
836.720265997001
836.933022099624
836.330292078217
870.875978332217
840.336787881394
832.032358588656
853.192417959166
862.429476092214
832.338386437414
832.37180389341
861.177509837029
832.150884780986
840.205916575459
835.394488799612
840.37285483072
832.926592985578
839.961858526188
839.055051467501
841.588492278536
835.053905604619
841.874820251133
844.583690400187
845.867634079692
846.342423470502
845.979893035245
