698.159049671403
693.177644662216
691.196325618185
689.983100067516
688.880511253409
687.913763009086
687.832819575673
687.547843620975
686.809118812929
686.5974761874
686.517422654309
686.120405505825
686.043567320778
685.939610109219
685.936307661247
685.691639388411
685.464225261085
685.357604457701
685.045769028844
685.021493995743
684.947204620761
684.816990736765
684.613966337927
684.517875078908
684.363199972265
684.352102887387
684.351580666681
684.199035918421
684.046828641374
683.80010827094
683.278501478275
683.140884805466
682.773048824798
682.55133750649
682.416161158583
682.384939380279
682.197863290662
682.15421152045
682.109022916365
681.987453369272
681.915086029
681.877179816547
681.781259758987
681.770215150339
681.578137128572
681.524171002023
681.523015828719
681.42889432916
681.297839611035
681.2180757104
681.191881083983
681.174712819705
681.109560306407
681.008070932425
680.702849347228
680.592617485781
680.588775754393
680.458155210479
680.4076636526
680.377874725025
680.343472951462
680.239357305226
680.237082001884
680.185007041164
680.155000595761
680.123217030273
680.102285094306
680.038642469297
679.977980470688
679.912989964993
679.908625235601
679.863070186362
679.762242614042
679.744720851988
679.66162492215
679.609407271843
679.568856005468
679.501849155087
679.501603296631
679.490034111013
679.476013116028
679.458805497896
679.372841106645
679.358280053308
679.139793841258
679.116612363759
678.921512427832
678.783417839304
678.727250764699
678.702213688723
678.589092938374
678.588658017012
678.466718399137
678.365309027761
678.34044418078
678.271774193465
678.209931195685
678.185886834854
678.078965456131
678.058962699973
678.045189409348
678.02099349255
678.016353846501
678.002708591444
677.996461485606
677.882902167029
677.837958628792
677.827592331786
677.815466024756
677.739497319001
677.734472668005
677.654413695057
677.6284130135
677.521643410722
677.47716224795
677.418459003385
677.309806749135
677.291735331897
677.286135707616
677.265233227664
677.199517325766
677.04513738712
677.038783845175
677.009153721491
676.997649712689
676.97740940634
676.96099871311
676.897778001747
676.874769303114
676.849936631543
676.822251387879
676.750417164547
676.712940761608
676.684181683397
676.636670253385
676.588492086245
676.457219731673
676.455521724143
676.396004952308
676.390431802725
676.33738998292
676.332680961516
676.316925867564
676.279640753226
676.260607232362
676.246561919344
676.226349336947
676.220666632864
676.2021003652
676.165643359287
676.13989706695
676.119233395097
676.006431585978
675.975296138828
675.925398247614
675.882012333674
675.853644313419
675.837888062175
675.745899776449
675.741077034054
675.736159756847
675.727856777787
675.627809056388
675.507439039576
675.466137932434
675.447336096468
675.312945999277
675.305209410922
675.17093835575
675.094514130581
675.085524499288
674.987067602956
674.926484793908
674.926080458043
674.889816568076
674.886760619782
674.817568399572
674.817437605918
674.810722576535
674.757381376935
674.720560819921
674.717829905513
674.70149318421
674.677380790453
674.609738870165
674.57076921592
674.480464695441
674.439872158522
674.393626714832
674.384834511124
674.367196470557
674.349284161458
674.343603391961
674.31489804658
674.254236423675
674.245675033192
674.178863453944
674.149868382257
674.149798361153
674.114371172338
674.084978487643
674.071810838805
674.071296671051
674.064875162073
674.003742525147
673.95778343932
673.944627368481
673.935070705668
673.929652127501
673.883026885604
673.871648777182
673.851749547673
673.843123934644
673.743810256646
673.741279279327
673.693468330973
673.678530345999
673.526682333438
673.468911855458
673.404503617448
673.330143817
673.327682367456
673.319334874261
673.311954230963
673.28264054255
673.260644201898
673.259637440077
673.252240028118
673.223618822066
673.180985434621
673.166669548868
673.14370054461
673.139372431733
673.103900081369
673.101642466204
673.099699502939
673.097905224719
673.044053102019
672.943763021843
672.913130895782
672.899433454127
672.896754503391
672.873579808398
672.823582947417
672.822152557334
672.811536733537
672.765333787333
672.748051032766
672.731664738504
672.730235635453
672.729737841646
672.682001193086
672.677794440446
672.63056716161
672.599611225031
672.580564289353
672.554824856035
672.488907967841
672.479948694793
672.467842764769
672.424364387096
672.397281897342
672.385480575966
672.382282608807
672.339149746038
672.313814572556
672.290253107944
672.286024130995
672.214939229934
672.193460838473
672.192885654649
672.164273864021
672.141277725293
672.109216950792
672.107244954225
672.104157902872
672.082227073022
672.031180676052
672.030913595873
671.982581987485
671.975253432589
671.935475049735
671.93238014359
671.927085784346
671.920762314865
671.884323753668
671.85670226047
671.802953235276
671.781108795138
671.772040366606
671.702962938686
671.608107127702
671.589827152433
671.562801651181
671.553206008603
671.5521277695
671.542913187557
671.532225788923
671.477949431243
671.469550595181
671.441593626474
671.421962153026
671.41289118185
671.393410394325
671.39050081736
671.338643444285
671.335470134569
671.283680003892
671.276583152034
671.256611534909
671.225475812797
671.199211166457
671.194186112505
671.191595095224
671.190896473366
671.183677233284
671.176208165079
671.159777657087
671.122957353703
671.111937385329
671.099413482668
671.083355239029
671.08117334854
671.029535336834
671.025116945063
671.025088577908
670.984114166634
670.922614673815
670.894395536653
670.885043495473
670.858105377387
670.833672716825
670.77874712726
670.775201008915
670.770610676354
670.688836662159
670.686814587734
670.670564270683
670.650003462852
670.602713651499
670.599290675244
670.566426912784
670.563196187863
670.5522769929
670.54232306781
670.520807602361
670.519590634719
670.509579052586
670.498786587963
670.49226927386
670.483166796502
670.458338816991
670.438731598292
670.419592037453
670.366292544442
670.365513783005
670.350978272883
670.334028002867
670.329334148341
670.32689194254
670.311118824554
670.285148634321
670.276009507911
670.274458591513
670.257747577358
670.254000121061
670.211653380076
670.176846242301
670.166957839218
670.153043018452
670.152311630927
670.149500172173
670.115519338818
670.099419661186
670.063326699177
670.029818142099
669.983803924366
669.960762971512
669.95973773273
669.951506945168
669.948169149241
669.932306325562
669.930730011248
669.921781078209
669.880999576499
669.867007810815
669.861572988532
669.857599920123
669.853920075886
669.833954371
669.785618014086
669.774156408933
669.767440272484
669.765512092756
669.675158879184
669.667976833271
669.666897866765
669.661239369863
669.656731823061
669.631742170767
669.553577943851
669.524750870201
669.508426763231
669.500318539746
669.497916232615
669.482127652744
669.47417633273
669.468316716946
669.42087600077
669.413863638739
669.388786817714
669.362878294991
669.332224042115
669.279811088213
669.256548568625
669.214764166069
669.207496662705
669.180527491484
669.179994703014
669.176290158616
669.172953204059
669.168763123787
669.164052145851
669.137130105503
669.092174244313
669.045134949167
669.02762907086
669.020584221026
669.004997264504
669.001544405239
668.994204099721
668.976484399208
668.974768697665
668.951498263341
668.925016578751
668.884966263474
668.821494826925
668.811867369584
668.796190692845
668.764625469222
668.7526829875
668.730759605711
668.713805445456
668.684757240503
668.623747353059
668.61897308658
668.601207906186
668.598775293426
668.59587033945
668.587924908057
668.556271924503
668.546933695303
668.543815714024
668.513096974722
668.451774151346
668.445466806011
668.440451337177
668.427231137871
668.417308032771
668.391883595676
668.357967146394
668.339907752852
668.323437402081
668.322600475616
668.308938138924
668.288412638458
668.280069325451
668.220180187917
668.215096048671
668.174558938558
668.150741347649
668.135529250462
668.13294349786
668.132448238809
668.129042396717
668.102683034504
668.094049963423
668.06422644701
668.060601554263
668.05633895675
668.038468258407
668.031666946272
668.025150858121
668.01872486829
667.991144088132
667.970911560842
667.933803048803
667.929968840783
667.928166740798
667.9234958239
667.914853415162
667.910955983001
667.910080545484
667.90186029723
667.897822367484
667.886357442292
667.868036358962
667.862876704562
672.107595100199
681.805686924192
668.963475443843
670.154535286812
678.279544363204
669.252008750634
676.381898823141
678.579430891321
686.771150756496
682.638379002704
673.701111484645
668.76906973726
669.677539600937
670.558325945593
669.163482510964
677.450484353685
675.139711482737
669.917029789274
670.400554931978
669.555210099703
679.42722780953
684.147168890162
674.306964272244
675.824280851521
670.246666214092
679.361717396492
669.437959015658
676.380081748937
669.726136674295
669.932066006791
674.541150684487
670.566597332178
685.520669889735
677.247465172779
671.489022464804
678.918154649949
681.398936594457
678.773443512236
672.308402475885
674.069879230202
671.032921807325
670.17473346161
679.691990664622
678.909936272805
671.085463748868
678.253129197468
672.318445326408
676.988643092452
676.548890613839
683.489123348812
671.502933814579
672.442187686921
673.578654108746
682.358502597597
682.480344463466
681.184625904328
676.293429202527
672.397011682752
674.912057928775
682.781206033921
669.839811084856
672.698640680563
676.860300127501
675.808774517915
671.890517271771
682.720276577206
671.872904892337
674.636476562199
670.1610279399
669.924819241163
672.69347667709
680.290898797369
671.964608951383
674.034313552266
672.021678841616
672.123575411518
681.853600837609
671.463084426374
672.406142249426
683.547472491817
668.912474997869
669.197920722335
680.614951968419
674.052929024231
682.138817666589
673.548390280397
675.493715204576
669.036700717853
680.576748572433
675.262816494294
670.943566498831
674.079327830143
668.086822091688
674.457394755483
676.499742410878
671.383751585379
668.508552447838
674.640133095554
670.452708396554
672.693426529692
685.892137961304
669.575187742018
683.161332201185
674.548610837747
674.72954792445
672.725389552578
670.777645362721
669.804453271631
669.795142626735
673.982604670843
675.454853463011
670.337240070016
671.891521159018
676.202616001206
674.844725645916
675.825665461173
668.902561132526
677.929014951488
672.290838285687
669.71221699693
678.771995272659
677.596335910893
677.487711292583
667.934339264082
681.530871159972
684.824659708001
670.447059906319
669.176130760046
691.650796280578
669.709154399981
685.873764755258
681.143165919381
674.902696061446
672.717067771498
673.30010792398
679.029647781262
670.571557282698
686.409041566254
687.199041237232
679.623346728956
676.406266837517
677.566366194409
669.080053623092
676.20160102487
675.904547934526
676.13422175365
675.379237905516
676.987372461308
675.005018437838
670.516370539128
669.209877242985
670.964507964368
668.623810279561
678.503233783427
675.968246615007
681.072887076297
669.455088207445
668.55100993617
677.539533364168
677.536826926251
674.140179320603
668.949379021331
674.173997651746
675.457599790736
675.182172723461
675.412841279457
673.374122180113
673.939289203212
679.513688996968
674.455002979038
677.034767914591
675.073716415534
668.507092149888
670.470574399494
677.118082357882
673.659300166884
671.764582753338
673.825629758997
675.391447047822
669.668038878614
678.394115455616
680.534430279797
687.842318374545
670.474676405051
668.039024881198
684.245413837029
679.884127922355
680.986226740947
670.797287209618
674.67473976856
684.154264014361
683.788927406887
676.875490880625
681.975180787554
680.265485309336
672.902867709148
675.437212174281
681.58196861783
687.512639575973
671.388691863468
672.37173376469
677.708326640808
678.963650321978
685.825482408758
677.323125896766
677.695791326452
678.349972956969
675.852518391141
672.295249276904
672.336231959727
673.605134132146
669.936994850122
675.982741632566
673.537194445837
669.854367782334
669.073415108901
673.233057599092
670.412065428187
673.892659961922
671.929584016999
675.097967959356
669.161532096915
677.075559267869
680.714084242377
682.005811182878
669.310674910302
680.269978782971
668.080864152051
683.164586530182
676.780738983203
681.260975490963
676.872830557418
683.538909371739
678.108398495169
672.629206096349
677.791740662601
674.232569825053
673.500266122522
669.235820010654
684.151763671027
674.192758382884
675.449884173987
670.988760008185
679.488171411022
674.227508186823
670.887144897148
677.021043127505
673.137884195555
672.305297305896
671.328317499781
674.366233133294
674.615562458756
674.25389706168
675.875124893727
673.186082802618
675.044807672835
684.040968190365
689.392197379485
680.344900332142
678.142429217961
685.074289826054
677.354386245904
679.677288277264
678.798730547436
669.320396840352
669.143304252219
668.484998680353
677.943473229278
672.759352896284
672.642394971636
673.386320695989
681.946011493951
670.228068271565
681.001625139829
669.628383977151
672.582486349585
683.714606690761
682.259789789205
675.9154230054
674.426787043139
681.616170877782
671.310545171849
676.844361257855
671.94321275274
679.369512663365
675.852477495917
674.908659572537
684.222241510761
681.494193770176
669.177181566264
678.533859553358
671.967808290898
673.322242855674
673.444274163289
678.519945440687
687.448751153737
678.129764200236
684.081104563895
677.585325922713
676.912768846674
672.286202713184
671.282347139135
674.606640057034
671.078478349077
676.391193993949
671.465430429444
671.585698250312
680.743297524359
673.52381764157
675.912220120078
673.228331808669
673.236594679184
668.151966416352
667.969166138237
674.873465538044
672.121476981383
673.763106111654
686.097188013854
675.647845353297
668.931320869706
668.258754566698
678.925686146918
670.226237854619
676.338820182994
683.832557767503
668.234893540702
679.478038144289
668.706355097843
674.151539698498
672.317726931376
680.568586616338
678.248346108526
674.689416705524
681.659410437954
668.119696561545
681.865825635256
670.738830832204
671.182816958278
681.482505309681
675.94350734921
677.051454040955
678.817930282605
685.735022691661
675.879118847899
678.161592920925
685.635870553939
671.501293257247
672.173969265101
679.249721827969
668.966844416638
672.937465350919
671.949084573338
673.390914567284
678.039499632914
675.52268003591
675.75189423653
676.177707408886
671.382780833891
674.46965404353
669.16153380552
685.636361325607
692.618674550513
669.700159443487
679.723956121543
673.216291059178
673.045689726915
673.956699630362
674.555850081804
678.951618118576
672.056388408818
670.331359426852
678.933545659345
677.900577971119
677.620514853074
677.882032148978
668.063630442465
687.820448431318
686.401825080087
676.309993001933
669.195532111976
671.233949772495
680.741527454931
669.427215139944
678.200158789115
668.82013258527
683.00081110959
671.572158034567
677.506381458419
677.417027676611
678.986289541509
670.92735763617
677.775749264768
675.889554166374
685.502829956048
671.574824340398
677.193263466111
678.255925423609
685.919070935169
668.111044166553
669.794158782459
673.343044428043
675.629442589111
670.633846359052
685.991372446643
675.950265149729
682.151399271213
669.984855145119
670.007206124525
675.334607090632
677.509174417828
670.540805970031
684.114210984975
676.85019976155
673.512880518453
668.40057910928
685.041864724542
667.985385578779
682.839149098136
679.777086602193
692.619263038268
673.823257574745
669.563049878308
674.539478871827
678.697369895996
678.061351784324
669.971245132383
669.539282194803
674.263145472908
683.750238362436
673.544800427054
670.685655885217
667.934377075631
669.496938484102
676.195681260653
678.99728216704
679.758484770692
672.587283638085
688.105966413257
668.180754314904
669.258576573949
668.909971049292
679.092094565714
681.216010458897
671.746100704332
686.503342955944
680.547617207076
670.759229188427
678.551757877807
668.904234565588
671.133650248205
669.438146564617
681.849210523501
669.239416710779
669.973443213347
678.509658977202
677.635660962587
670.436858881803
691.069419100166
673.751122021517
670.305315006877
680.151355514106
673.586797700674
668.369069381607
671.192342530755
668.867217976707
671.166214461204
686.660211753337
681.360001823665
690.020129237859
677.954634582167
681.221146681627
668.840842809498
681.106999568791
669.608462975282
680.69700475618
685.37111826215
668.666580849216
671.357550357383
680.699663698966
672.929996793568
675.681012270546
670.008234667722
671.189992296336
668.161271708271
669.628884671035
680.711683163918
670.318608187537
680.604247602158
671.454192956586
675.915884601078
672.630365555101
672.269577745058
678.182750074493
675.341300423449
670.101260547239
684.502419160963
671.161357413271
673.229902392596
675.733532205407
677.010363026035
671.433818268444
668.877716049656
