1033.62974665258
1033.44031217892
1033.41644603241
1033.40535439258
1033.39180546905
1033.37725305756
1033.36623215856
1033.36170600454
1033.36149688001
1033.35824063136
1033.31038435362
1033.26557999677
1033.25705233348
1033.25647938699
1033.25019945021
1033.24792423341
1033.24701128469
1033.24603859629
1033.24476321205
1033.24089470632
1033.21920237676
1033.21727439865
1033.20723274381
1033.15893222207
1033.14710824189
1033.13861672215
1033.13732540791
1033.12275400855
1033.08156105341
1033.07613659731
1033.0711007538
1033.0509246753
1033.04960730266
1033.04843881017
1033.04753615197
1033.04714722107
1033.04671785501
1033.0443534281
1033.04415227083
1033.02987906439
1033.00954060865
1033.00347930884
1032.99101207053
1032.98713666392
1032.98056986994
1032.96973098045
1032.96958394017
1032.96742676588
1032.96469099331
1032.94772665857
1032.93452167404
1032.92673145867
1032.92581417975
1032.91984054879
1032.91671584424
1032.91512297404
1032.90531814747
1032.90082331271
1032.89968223919
1032.89012441285
1032.88758899575
1032.88585472219
1032.88566360105
1032.87845493329
1032.87792570004
1032.86828398675
1032.86129593896
1032.86028859242
1032.84777584993
1032.84145164809
1032.83835692518
1032.83755072878
1032.82698436265
1032.82636812807
1032.81966832352
1032.81494272391
1032.81355410773
1032.81255036965
1032.80876179313
1032.80685804451
1032.79708843249
1032.79594088773
1032.78610298061
1032.78322167185
1032.78243779189
1032.78234527207
1032.77437081946
1032.77287267825
1032.77135953634
1032.77016516307
1032.76947653103
1032.76926341312
1032.76444537877
1032.75776347633
1032.75368297194
1032.75103534815
1032.74142167238
1032.73716903686
1032.73625345118
1032.73316359006
1032.7314780396
1032.72855873017
1032.72566854668
1032.71875662351
1032.71437511663
1032.71385832508
1032.71136888281
1032.70962532384
1032.70589228644
1032.70546211982
1032.70503739454
1032.70370805818
1032.69916838838
1032.69775520154
1032.69513892011
1032.6945676075
1032.69451972493
1032.68989935381
1032.68985726898
1032.68951090576
1032.68945508895
1032.68822121628
1032.68505193457
1032.68374000253
1032.68344077018
1032.68003276776
1032.6772504202
1032.67628684765
1032.6758493492
1032.6756102739
1032.67420853376
1032.67406094851
1032.66795773025
1032.66749316342
1032.66389857603
1032.65940647172
1032.65641876879
1032.65090203834
1032.64958617356
1032.64894474178
1032.64838046823
1032.64718122327
1032.63773421681
1032.63715845193
1032.63512065265
1032.63455616082
1032.63102702036
1032.62964274584
1032.62764780719
1032.6275748742
1032.62172177122
1032.62027416558
1032.61923641019
1032.61751771899
1032.61645552694
1032.61444134896
1032.61136369743
1032.60866161806
1032.6084935186
1032.60817843695
1032.60239467302
1032.59771354639
1032.59745972468
1032.59524134726
1032.59472422512
1032.59468469999
1032.59134520064
1032.58963845116
1032.58810124737
1032.58454737257
1032.5812620109
1032.58046452448
1032.57632565277
1032.57468676051
1032.5714836187
1032.57081801772
1032.56622114472
1032.56389667459
1032.56292474037
1032.5629066346
1032.56220102937
1032.56076090685
1032.56051072363
1032.55838906958
1032.55772166021
1032.55334836494
1032.55259564174
1032.55000968998
1032.54920025102
1032.54818678081
1032.54696176195
1032.54363529869
1032.54352358653
1032.53959889722
1032.53649160321
1032.5318257342
1032.53171424622
1032.52963299176
1032.52889779038
1032.52885809706
1032.52881866448
1032.52797367009
1032.52375202045
1032.52043744234
1032.51814986219
1032.51584783414
1032.51261124832
1032.51205799783
1032.51074974274
1032.51072071771
1032.51012391895
1032.50985363846
1032.50823349862
1032.50737355075
1032.50071978217
1032.50007563893
1032.49960375354
1032.49855789717
1032.49829801864
1032.49828949021
1032.49596337109
1032.49561386962
1032.49511178208
1032.49447900577
1032.49356537561
1032.49064651333
1032.48944702736
1032.48877191552
1032.48617176339
1032.48602975606
1032.48323376568
1032.48306051128
1032.48286782731
1032.47846669247
1032.47810014175
1032.47532243675
1032.47091197924
1032.47004706728
1032.46841590515
1032.4667548707
1032.46490783816
1032.46305983725
1032.46147399546
1032.4590955447
1032.45847929832
1032.4575466771
1032.45345222032
1032.45278535178
1032.45002479484
1032.44942455823
1032.44835081802
1032.44831955143
1032.44796677986
1032.44751173528
1032.44646680339
1032.44518927062
1032.44512636959
1032.44502764393
1032.4444303404
1032.44379727179
1032.4434603597
1032.442838402
1032.43875314253
1032.43458309276
1032.43328436323
1032.43321709518
1032.43195990395
1032.43187258804
1032.4314583277
1032.42985022359
1032.42919207751
1032.42848261401
1032.42649721827
1032.42644945621
1032.42107113298
1032.42072826321
1032.41990257471
1032.41623786546
1032.41534125643
1032.40975804708
1032.4090266772
1032.40624120178
1032.40621879215
1032.4059960099
1032.40593370505
1032.4054323307
1032.40323490447
1032.40319116321
1032.40110786321
1032.40054787427
1032.39744737936
1032.39513746847
1032.39403499289
1032.39035795834
1032.39027360424
1032.38890695911
1032.38774922354
1032.38520805432
1032.38498438748
1032.38418336537
1032.38244675604
1032.37988112934
1032.37615245872
1032.36972552691
1032.36900774215
1032.36852027007
1032.36744943537
1032.36678467396
1032.36624101702
1032.36531469113
1032.36522173975
1032.36512319592
1032.36507038669
1032.36467669116
1032.36464376348
1032.36396338577
1032.36213571375
1032.36017299181
1032.35873761435
1032.35799699768
1032.35743724367
1032.35624387593
1032.35545254349
1032.35436527864
1032.35251512145
1032.35213271883
1032.35160106706
1032.35065913389
1032.35003299892
1032.34809840233
1032.34748379479
1032.34641079642
1032.3442996196
1032.34245503808
1032.34218384485
1032.34202097035
1032.33615668626
1032.33473365242
1032.3345939044
1032.33386959521
1032.33339581028
1032.33317633102
1032.33287494044
1032.33257334934
1032.33196631287
1032.3312855256
1032.33028548864
1032.32585893823
1032.32583657035
1032.32084887921
1032.3206897813
1032.32027425778
1032.32024356669
1032.3185167382
1032.31836916797
1032.31824032461
1032.31475072085
1032.31019708622
1032.30954232161
1032.30838329875
1032.30807199543
1032.30516343549
1032.30452084526
1032.30358628337
1032.30207315812
1032.30167056577
1032.3015710569
1032.29997461178
1032.29697521103
1032.29692653139
1032.29446440595
1032.29439884679
1032.29438178102
1032.29393832058
1032.29109817283
1032.29045142319
1032.28991895801
1032.28871961448
1032.28783755008
1032.28603708371
1032.28212815366
1032.28122585266
1032.28086323998
1032.2806601105
1032.28030228956
1032.27954656798
1032.27951263642
1032.27947037424
1032.27868854706
1032.27843092892
1032.2767248791
1032.27316637367
1032.27273561735
1032.27168610017
1032.27105275796
1032.27021466648
1032.26934371692
1032.26703964108
1032.26698917656
1032.26491983596
1032.26412883648
1032.26246923329
1032.26112730645
1032.26092420226
1032.26055009404
1032.26022958249
1032.26010596012
1032.25953329962
1032.2580110203
1032.2567810886
1032.25636859928
1032.2526447373
1032.25231615337
1032.25073952051
1032.25070949861
1032.25012310602
1032.24985994722
1032.24895556898
1032.2486551637
1032.24828264101
1032.24824752789
1032.24811134355
1032.24779845423
1032.24740623226
1032.24604331356
1032.24598220687
1032.24592215254
1032.24541753499
1032.24474390415
1032.24461460617
1032.24446405675
1032.24184853682
1032.24103752074
1032.24100314797
1032.24082294898
1032.2401414617
1032.23892723144
1032.23882130795
1032.23835745523
1032.2377544257
1032.23718785968
1032.23534671914
1032.23380707811
1032.23338886724
1032.23278595663
1032.23175682527
1032.22990505528
1032.22951973226
1032.22859517254
1032.22835635098
1032.22750651982
1032.22720882517
1032.2270812134
1032.22672277623
1032.22555011042
1032.22030895964
1032.22020334289
1032.22002173534
1032.21919821136
1032.21788358528
1032.21504937925
1032.21475041949
1032.21469644543
1032.21365677114
1032.21265627908
1032.21169008793
1032.21028397111
1032.21001125243
1032.20913872762
1032.20903859465
1032.20813428189
1032.20791415868
1032.20752360216
1032.20725758902
1032.20710180492
1032.20547308734
1032.20544902491
1032.20341234132
1032.20339957866
1032.20317823975
1032.2030049813
1032.20279579973
1032.20136210027
1032.20125764938
1032.20117371231
1032.19963762261
1032.19804905532
1032.19782403894
1032.19772804544
1032.19724353048
1032.19709182707
1032.19686986083
1032.19667728322
1032.19650353621
1032.19601809828
1032.19557107175
1032.1951278373
1032.19484172756
1032.83921712461
1032.58832000434
1032.29387973431
1032.59909873215
1032.45239036937
1033.23701504128
1033.37021571725
1033.38956482
1032.47487579765
1032.93412960982
1032.26151887686
1032.40673195988
1032.85761157918
1032.78411779471
1033.16237709579
1032.75459616026
1032.76195710122
1032.70399552329
1032.25263766798
1032.30874529627
1033.53888573694
1033.57258585113
1033.02602667284
1032.63320363922
1032.4592618434
1033.12533983997
1032.78184684761
1032.28736886536
1032.48343011919
1033.08041178829
1032.33978581241
1032.34402684028
1032.4593598819
1032.20877622969
1032.85993811858
1032.44150214079
1032.25518093379
1032.53523836593
1032.57154848302
1033.04651233139
1032.55178164863
1032.21980045519
1032.48450323649
1032.57860645477
1032.2259882766
1032.21752471733
1032.52106634403
1032.30418998681
1032.44383855374
1032.4642277582
1032.24122241161
1032.58896618767
1032.38702210784
1032.85171498776
1033.1106953774
1032.89342879979
1032.82001768011
1032.42767176955
1032.37973950999
1032.80730965424
1032.76075143073
1032.39688464142
1032.24497653947
1032.40900596326
1033.05168106324
1032.40062516173
1032.21156760105
1032.69026270856
1032.20901615387
1032.75848095638
1032.20221242255
1032.22124090829
1032.46924823271
1032.23793063853
1032.21105225917
1032.36349317422
1032.55315072656
1032.69077847938
1032.44101252476
1032.25428279813
1032.33007774638
1032.29250367586
1032.68443400383
1032.41612743093
1032.3430587227
1032.67415392278
1032.42742163404
1032.31299892965
1032.48406491975
1032.57310816774
1032.3446787203
1032.51309327697
1032.39564785907
1032.80199705519
1033.01131377245
1032.24167348948
1032.20397990494
1032.44166927246
1032.95382988521
1032.28365669677
1032.59745721938
1032.20385055174
1032.20762594257
1032.39599180282
1032.30027626514
1032.45202426537
1032.30391457503
1032.38179698678
1032.26081024261
1032.75758842092
1032.39431466662
1033.06739929759
1032.2114315658
1032.27714801085
1032.21055124197
1032.9004567542
1032.83992068859
1032.3984220758
1032.24705670041
1032.47641550034
1032.84532056348
1032.7551774159
1032.4340317195
1032.51892588741
1032.27805115846
1032.27999620789
1032.59820127648
1032.42559605327
1032.30552642455
1032.22592408898
1032.45224521596
1032.54047806911
1032.25858677594
1032.75137496753
1032.71771466196
1032.82248398719
1032.24869957744
1032.77508786862
1032.36489074145
1032.49640327309
1032.19758267412
1033.4131621802
1032.20221080985
1032.98434332449
1032.37581931382
1032.61983550826
1032.5820284684
1032.86731178797
1032.29703095032
1032.76273942193
1032.39960129084
1032.40636369996
1032.89616592624
1032.2169825447
1032.37403829861
1032.74063791211
1032.53277358288
1032.7004721902
1032.24473076233
1032.68723475511
1032.32496949453
1032.96444616801
1032.55979659923
1032.25817664617
1032.23383579753
1032.44180755491
1032.65220591792
1032.53505237984
1032.37967264936
1032.70512629455
1032.32331898062
1033.86967052814
1032.22843210065
1032.23090539436
1032.53710537401
1032.37955197052
1032.49937033462
1032.98671069794
1032.4731767099
1032.63942279093
1032.55214833584
1032.37379611754
1032.50770785986
1032.50196041023
1032.22009536513
1032.23208749828
1033.03018162766
1032.59439861669
1032.52555059955
1032.41826231857
1032.65481180278
1033.50566112218
1032.22784847698
1032.22207102248
1032.21121498978
1032.76770196632
1032.7052211186
1032.38599032422
1032.8932593936
1032.20308135602
1032.48654346903
1032.43576161445
1032.98057814432
1033.7186467426
1032.3104815924
1032.36453701298
1033.29597741155
1032.22397793672
1032.27052784229
1032.46126532391
1032.8102515888
1032.51483560071
1032.39514346957
1032.21221091042
1032.22655995002
1033.1814440474
1032.32728313953
1032.21387763824
1032.77421086728
1032.39849071434
1032.90670795385
1032.34404862835
1032.44752055588
1032.44967667036
1032.82034011227
1032.42477608362
1032.1968405642
1032.20012358299
1032.32183749378
1032.27334328472
1032.26228063472
1033.63410684716
1032.33792836058
1032.58569099742
1032.36391471767
1032.22602362057
1032.46179522508
1032.49388364169
1032.35472990838
1032.51750136318
1032.19944483871
1032.5333395692
1032.73568014279
1032.23631709601
1032.38651340312
1032.60584853311
1032.26780587975
1032.41478247553
1032.60718593822
1032.44579676906
1032.36201061057
1032.61035575207
1032.40861839144
1033.37277061729
1032.46437270154
1032.21050273731
1032.43696294487
1033.08090723056
1032.30358208854
1032.4479714486
1032.33912730303
1032.82381518568
1032.85366530245
1032.67387839482
1032.65712848041
1032.71424968609
1032.31575652571
1032.48473290126
1032.29490065513
1032.55846350466
1032.46430927447
1032.77482541841
1032.88236672161
1032.21007100444
1032.44806919065
1032.70417884012
1032.80230927228
1032.90496054031
1033.40344471869
1032.21676985119
1032.68882149867
1032.62791684407
1032.28490282257
1032.23579774235
1033.14723688224
1032.95684215283
1032.26466270469
1032.8868456495
1032.53476627735
1032.49874596667
1032.34994440599
1032.64970572278
1032.4811451918
1032.75911486643
1032.26228777677
1032.75789737091
1032.44958103784
1032.36282131465
1033.5700385034
1032.58384083957
1032.57598569363
1032.39391552604
1032.51463180158
1032.4175140967
1032.88882975105
1032.77259088103
1032.73303201967
1032.63698638404
1032.25891041173
1032.66555092562
1032.50173577297
1032.54928802868
1032.24774633794
1033.09636887151
1032.40252040975
1033.15949223119
1032.68432030547
1032.51463051537
1032.76782877685
1032.56631647213
1032.61150719118
1032.47357568024
1032.70818330852
1032.65399436248
1032.49799574241
1032.43189832945
1032.22967026614
1032.25279941847
1032.64290441115
1032.93754689994
1032.50058432272
1032.29034606775
1032.40542522957
1032.8204927384
1032.33731343679
1032.52304576744
1032.21234513561
1032.22729468105
1032.39964901515
1032.30689063596
1033.06754024411
1033.41891705948
1032.33112945231
1032.26684916029
1032.79044107986
1032.20118168758
1032.49718145992
1032.47466384984
1032.5348154597
1032.37156616023
1032.30694761595
1032.88957394336
1032.4274718505
1032.3050086074
1033.2067487853
1032.50890204591
1032.77694965322
1032.26590354466
1032.59150509352
1032.20844614016
1032.21854556344
1032.25861062803
1032.91994725122
1032.26287172085
1032.36996748154
1032.43099288575
1032.24400707375
1032.80825217346
1032.22578874547
1032.41849703876
1032.34315446526
1033.04819478145
1032.52247392814
1032.60354869836
1033.23051943702
1032.49723404846
1032.23183278311
1032.36359179944
1032.62739184298
1032.64692808977
1032.54240593099
1032.28884028885
1032.31697140454
1032.19480572949
1032.3747911762
1032.65015034533
1032.24040008567
1032.89279422119
1032.27495142469
1032.31762033308
1032.25040474483
1032.5672188615
1032.28978765351
1032.2810605056
1032.45052629388
1032.38152538197
1032.78161564463
1032.29995684092
1032.63553290721
1033.40655061633
1032.29238393727
1032.32718341644
1032.34213823112
1032.54874050182
1032.85278722783
1032.43628920351
1032.23357758482
1032.57643613516
1032.2594651759
1032.37908972657
1032.53427386241
1032.99616404578
1032.87264855589
1032.22338610387
1032.5709487905
1032.71815250923
1032.21535767897
1033.15169321994
1032.2830912063
1032.78890552594
1032.27846358609
1032.3999433162
1032.43966440645
1032.62127516532
1032.28604851656
1033.06443015801
1032.33372123406
1032.66918554241
1032.44645091678
1032.34830877823
1032.36478470621
1032.39560611076
1032.33273106857
1032.22203474533
1032.29126752105
1032.32140909509
1032.41303864693
1033.07432400107
1032.247957749
1032.27623149581
1032.50808223975
1032.57393053325
1032.38990699188
1032.70030024916
1032.41559577326
1032.29862088985
1032.26778642508
1032.73406409751
1032.9577452428
1032.88352801126
1032.68172502376
1032.87732153632
1032.3287531127
1032.19852874244
1032.49433106254
1032.49707845539
1032.88561641493
1032.27632571427
1032.2677864679
1032.34681110836
1033.04181360498
1032.68155887954
1033.41286530105
1032.23811323686
1032.40747368759
1032.20535072358
1033.35379613816
1032.93177207372
1032.37530600807
1032.21621499122
1032.70914484664
1032.22955275359
1032.25470555867
1032.32509528908
1032.98765491884
1032.53784900786
1032.20455689511
1032.27300390295
1032.34079263702
1032.23974240998
1032.21199018503
1032.42122259385
1032.56284512828
1032.94031727372
1032.23773149065
1032.31635090978
1032.53935549812
1032.74788444361
1032.26642018156
1032.6248851764
1033.35744768516
1032.39001464387
1032.69309939674
1032.22673363599
1032.46071942364
1032.34283997829
1032.28040414944
1033.07395273669
1032.79199153596
1032.26213748297
1032.79142637101
1032.30196067542
