1033.44031217892
1033.41644603241
1033.25019945021
1033.24603859629
1033.20723274381
1033.08156105341
1033.07613659731
1033.0509246753
1033.04671785501
1033.00347930884
1032.96469099331
1032.92673145867
1032.92581417975
1032.88758899575
1032.88566360105
1032.86828398675
1032.86129593896
1032.82698436265
1032.79594088773
1032.76947653103
1032.73316359006
1032.7314780396
1032.71875662351
1032.71136888281
1032.70370805818
1032.68985726898
1032.68374000253
1032.68003276776
1032.6756102739
1032.65090203834
1032.64958617356
1032.63773421681
1032.6275748742
1032.62172177122
1032.61923641019
1032.61444134896
1032.60239467302
1032.58963845116
1032.58810124737
1032.55772166021
1032.54920025102
1032.54696176195
1032.54363529869
1032.52889779038
1032.52881866448
1032.52797367009
1032.50823349862
1032.48286782731
1032.47810014175
1032.47532243675
1032.47004706728
1032.46841590515
1032.46305983725
1032.45002479484
1032.44831955143
1032.44751173528
1032.44646680339
1032.44379727179
1032.442838402
1032.43458309276
1032.43195990395
1032.4314583277
1032.42848261401
1032.42649721827
1032.42644945621
1032.40593370505
1032.39744737936
1032.38498438748
1032.36972552691
1032.36678467396
1032.36624101702
1032.36531469113
1032.36396338577
1032.36017299181
1032.35799699768
1032.35743724367
1032.35624387593
1032.35160106706
1032.34202097035
1032.33615668626
1032.33317633102
1032.32583657035
1032.3185167382
1032.31019708622
1032.30358628337
1032.29446440595
1032.29438178102
1032.28783755008
1032.28603708371
1032.28212815366
1032.27868854706
1032.27843092892
1032.27316637367
1032.27021466648
1032.26112730645
1032.26092420226
1032.25231615337
1032.24811134355
1032.24474390415
1032.22002173534
1032.21919821136
1032.21475041949
1032.21365677114
1032.21169008793
1032.20791415868
1032.20341234132
1032.19667728322
1032.19484172756
1032.19170922256
1032.18938499412
1032.18771744035
1032.18613393358
1032.18316633434
1032.18031992957
1032.17667923007
1032.17360621624
1032.17018607345
1032.16611078727
1032.16236947246
1032.15786519497
1032.15694141388
1032.15292068744
1032.15056149939
1032.14962356591
1032.14757920564
1032.14382282545
1032.13892506615
1032.13867422528
1032.13439538667
1032.13399675723
1032.13062437261
1032.12930308803
1032.12886834472
1032.11871820203
1032.11849927347
1032.11849155599
1032.1140261005
1032.11052140154
1032.10446452036
1032.09499778526
1032.09254788633
1032.0915725445
1032.09104686808
1032.08780296326
1032.08715026685
1032.08584074126
1032.08298283185
1032.0813997506
1032.0770424952
1032.0743691619
1032.07025888845
1032.06900603274
1032.06793348338
1032.06750784891
1032.06499107887
1032.0647561876
1032.06239747474
1032.05354220234
1032.05305997658
1032.05300679538
1032.05282977542
1032.05149528268
1032.04951422611
1032.04719474165
1032.04629016073
1032.04381561077
1032.04255980003
1032.04190994255
1032.04128386883
1032.03606581906
1032.03275583617
1032.0326133647
1032.03171426681
1032.02775476217
1032.02496285191
1032.02180164232
1032.02113817364
1032.01921122772
1032.01825122551
1032.01683375204
1032.01599125016
1032.01512067895
1032.01459500517
1032.01215064933
1032.01154010914
1032.01018107117
1032.00880710649
1032.00801285167
1032.00598454984
1032.0057372775
1032.00038138235
1032.00021195954
1031.9956255672
1031.99090763006
1031.98789367995
1031.9862277376
1031.98392828252
1031.97835832158
1031.9779313493
1031.97668499936
1031.9757265623
1031.97242889709
1031.96952892684
1031.96888437878
1031.96653969259
1031.96579408741
1031.96226160151
1031.96027241974
1031.95976507609
1031.95470599307
1031.95457046211
1031.95148509145
1031.94963929991
1031.94886717797
1031.94711193235
1031.94608014495
1031.94540544671
1031.94534606193
1031.94481781075
1031.94387512157
1031.94346034291
1031.9433132895
1031.9416750948
1031.94150025616
1031.9390364255
1031.93865523406
1031.93603578394
1031.93287389513
1031.93090047812
1031.92984894097
1031.92972213902
1031.92251918753
1031.92217121216
1031.92075212822
1031.92063659382
1031.92019612977
1031.91967093707
1031.91873232782
1031.91852359758
1031.91706668889
1031.91570031627
1031.91509832723
1031.91243774104
1031.91102404239
1031.90950467088
1031.90831170167
1031.90333961037
1031.90081030999
1031.89977682634
1031.8991263188
1031.89869069028
1031.89853649153
1031.89788968194
1031.89725381528
1031.89448250345
1031.89346941064
1031.89282802299
1031.89269325457
1031.89100377524
1031.89014217468
1031.88253532867
1031.8819461914
1031.88130572685
1031.87999717271
1031.87958077659
1031.87739340627
1031.87482966038
1031.87444070251
1031.87286605941
1031.87079931682
1031.86883868501
1031.86876811142
1031.86772475092
1031.86702392031
1031.86664993468
1031.86559487537
1031.86448687344
1031.86191080796
1031.85993119549
1031.85889860016
1031.85260359945
1031.85253336809
1031.85163059463
1031.85151132682
1031.85046086844
1031.84979410491
1031.8495177555
1031.84913983382
1031.84430482225
1031.84321858007
1031.84299236071
1031.83953920611
1031.83748022679
1031.8373274139
1031.83552253215
1031.83496583124
1031.83430683984
1031.83109679641
1031.82731048712
1031.82596644094
1031.82552616643
1031.82530056092
1031.82439997518
1031.82263472116
1031.82215664996
1031.82142126783
1031.82066966664
1031.8184199451
1031.81507022312
1031.81460190796
1031.81168214393
1031.80887399573
1031.80879447765
1031.80381422077
1031.80329075079
1031.80317153863
1031.79770615948
1031.79767238864
1031.7974773888
1031.79594571432
1031.7948001136
1031.79451399173
1031.79410156673
1031.79340154383
1031.79305138161
1031.79156636922
1031.79072654169
1031.78973688567
1031.78901779106
1031.78897182822
1031.78501671366
1031.78421833884
1031.78318440313
1031.78263833763
1031.7825592164
1031.77906881262
1031.77844728485
1031.77513107125
1031.77353101852
1031.77333352192
1031.77318171614
1031.7731227555
1031.770971356
1031.76859773867
1031.76813569175
1031.76744996168
1031.766968722
1031.76510317619
1031.76495218298
1031.76472568555
1031.76421958145
1031.76305524604
1031.75861358603
1031.75741297067
1031.75709426499
1031.75594963917
1031.75585545543
1031.75203228514
1031.7492835919
1031.74753584148
1031.74613190732
1031.74448657595
1031.74342895095
1031.74248559031
1031.74093458388
1031.73872906912
1031.73728779751
1031.73669164861
1031.73659155887
1031.73657589977
1031.73615267395
1031.73561160819
1031.73409442978
1031.73364509863
1031.73296172339
1031.73261201386
1031.73159967357
1031.7315633546
1031.73127860238
1031.7304721289
1031.73009989857
1031.72931217693
1031.72927603412
1031.72865637574
1031.7271778622
1031.72668206603
1031.72666063611
1031.72311734174
1031.72292760737
1031.72262672309
1031.72227578973
1031.72211935894
1031.72118760108
1031.72108451322
1031.7203440497
1031.71983088981
1031.71921266403
1031.71859535459
1031.718222028
1031.71699991668
1031.71663431863
1031.71606362275
1031.71511928585
1031.71468057835
1031.71413655187
1031.71402941621
1031.71269542794
1031.71261535979
1031.71257130459
1031.71149505961
1031.71149161253
1031.71047459414
1031.71028784213
1031.71006973513
1031.71005513939
1031.70988314931
1031.70953142221
1031.70905553065
1031.70850577198
1031.70797812618
1031.7077142011
1031.70711368247
1031.70617686704
1031.7055351395
1031.70468778216
1031.70430216235
1031.70190212154
1031.70181652992
1031.70071024454
1031.70052327662
1031.69780864568
1031.6971635352
1031.69537787382
1031.6953419937
1031.69515545998
1031.69439728488
1031.69313653599
1031.69033319294
1031.68961400855
1031.68868613753
1031.68807992717
1031.68787422343
1031.68777132991
1031.68751804728
1031.68684498552
1031.68670592073
1031.68634187794
1031.68616363525
1031.68557682079
1031.68345644645
1031.6831875361
1031.68165953285
1031.68106115872
1031.68059405521
1031.68044342696
1031.68040299103
1031.68027969456
1031.67972454227
1031.67678514093
1031.67465652094
1031.67458421964
1031.67398777806
1031.67347589612
1031.67337466299
1031.67273960245
1031.6723903286
1031.67107074416
1031.67037016621
1031.66976472617
1031.66872215986
1031.66868982326
1031.66845442752
1031.66795655395
1031.66793464884
1031.66782380187
1031.66777086049
1031.66608140064
1031.66598806147
1031.66162686782
1031.66087642857
1031.65933868255
1031.6582623801
1031.65819779229
1031.65642438936
1031.65597796561
1031.65558632227
1031.6550916942
1031.65444010984
1031.65427139507
1031.65423632324
1031.6531631389
1031.653017865
1031.6519374008
1031.65182285656
1031.65136310682
1031.65134283828
1031.65128859084
1031.65088439397
1031.81931116867
1031.89019359981
1031.91553803646
1031.67298981948
1031.88916583968
1031.92105939245
1032.05329343781
1031.65766195213
1033.13861672215
1031.9817676674
1031.72064306911
1032.30516343549
1031.72206366443
1032.02613376744
1032.1124715797
1031.79027080477
1032.06745782483
1032.13328332324
1031.68860926992
1032.0094574937
1031.72963816213
1032.13839011796
1031.76401829114
1033.37725305756
1032.34245503808
1031.65456734746
1032.6772504202
1032.29045142319
1031.84468130782
1031.84960321701
1031.80365987971
1031.74066973619
1031.68056354909
1031.71163723366
1032.05782466206
1031.71862138598
1031.77643365841
1032.19963762261
1031.65945614913
1031.77869555207
1032.36852027007
1031.69143345484
1031.8907132516
1031.67915709328
1031.72672201702
1031.91929827319
1032.81494272391
1031.8457554507
1032.47846669247
1031.85316916226
1031.68891193654
1031.88964038955
1031.79311765221
1032.4059960099
1032.64894474178
1031.93070107552
1031.79749560983
1031.79658467533
1032.2486551637
1031.89846535182
1031.92372503164
1032.16079586995
1032.68989935381
1031.85940823253
1031.84092047938
1032.36512319592
1031.88554686921
1031.85479523509
1031.90983163977
1031.75817311896
1031.71987778835
1031.72697030659
1031.68939265268
1033.12275400855
1032.08004669477
1032.4090266772
1031.92446302139
1032.16970935563
1031.81136842624
1031.99187190161
1031.69645809341
1032.87845493329
1031.71604408944
1031.88427816152
1032.66389857603
1032.51072071771
1032.14484553379
1031.69881336094
1031.86429528163
1032.50985363846
1031.84529127026
1031.81968686655
1031.78324428419
1031.79066302685
1032.55334836494
1031.95957517617
1032.16273790187
1031.74546842149
1031.94326017541
1031.68876658987
1032.76444537877
1031.82010568632
1031.66397186942
1031.90778720664
1031.96110061147
1031.71911840276
1031.79176569049
1031.76338900592
1031.80174250247
1031.83487556363
1032.17850427476
1031.94050226472
1031.74007220575
1031.85144382712
1031.88923410317
1031.65414409574
1031.66787625398
1032.0451706173
1032.40323490447
1031.98939223734
1032.42107113298
1032.36467669116
1032.16594856544
1032.11685649386
1031.79345852873
1032.05628714384
1031.82422823486
1031.67812436045
1032.14449578265
1031.71195296884
1032.84145164809
1032.12066407864
1031.94604695466
1031.65520769102
1032.04407361353
1031.6683431216
1032.19098116446
1032.24592215254
1031.69575747222
1031.94513966388
1032.02648503907
1032.72566854668
1031.69347921662
1032.01529292733
1031.97305312771
1031.65024107137
1031.85427408439
1031.78088914463
1032.50737355075
1031.71808638654
1032.55259564174
1031.73310364534
1031.72791650793
1032.20903859465
1032.60817843695
1031.68280756678
1032.89968223919
1031.93014508973
1032.63512065265
1031.72960646877
1032.5812620109
1031.99761667508
1032.50071978217
1031.78115656795
1032.96973098045
1031.69012512588
1031.7550212028
1031.78123397705
1033.14710824189
1031.7041244142
1032.5318257342
1032.23338886724
1031.95390963183
1032.20339957866
1031.96041139154
1031.78489160805
1032.1841793699
1031.93907081212
1031.76129169747
1031.74893757231
1032.20117371231
1031.96541368472
1032.24184853682
1031.66859577803
1033.13732540791
1031.67050435405
1032.99101207053
1031.97622594214
1031.85851452618
1031.79492934175
1031.73945628677
1032.00378410459
1032.24598220687
1032.35873761435
1031.65659026679
1031.74506799513
1031.68686199872
1031.72625961502
1032.56051072363
1031.75947918891
1032.07327891019
1032.01485101326
1031.65959725758
1032.03289053396
1032.69916838838
1032.36507038669
1032.13972935671
1032.77437081946
1032.03960271469
1031.67087775896
1031.98336697946
1033.04714722107
1032.59745972468
1031.84111501872
1031.69415158807
1031.88663430778
1031.99592194431
1032.78234527207
1031.99286095191
1032.2377544257
1032.6084935186
1032.24604331356
1031.88165499233
1031.96525825257
1033.25647938699
1032.27951263642
1031.77616126119
1031.67309067862
1031.74673036628
1031.89664811384
1031.88605768369
1032.11262866026
1031.74857303309
1032.00676479698
1032.30807199543
1032.91671584424
1031.65729690332
1032.04265405561
1032.66749316342
1031.79516437672
1032.3345939044
1031.85263560455
1032.0799860228
1032.67420853376
1031.68923851864
1032.5629066346
1031.99176614916
1031.67952849922
1032.24446405675
1031.67698623899
1031.96507281471
1032.20913872762
1031.70153552838
1031.98003209098
1032.20125764938
1031.9546751809
1032.21028397111
1031.9994679512
1031.75710797462
1032.0263027271
1032.16442435436
1032.19772804544
1031.82546895635
1032.1951278373
1031.86704441035
1031.96040478724
1032.98713666392
1032.03367387392
1031.96500050117
1032.14764398831
1032.48877191552
1031.72570794304
1031.82571063004
1032.54818678081
1032.13433284231
1031.75237423894
1031.92405518336
1032.29997461178
1031.97257423262
1031.85256416391
1031.77544932198
1031.65901020882
1032.18108024251
1031.85114053905
1032.87792570004
1031.74435608291
1031.91520638451
1031.92019417776
1031.90096380785
1031.80628824347
1033.24792423341
1031.75972287498
1031.9910682599
1031.83446239201
1032.20136210027
1031.65095592426
1032.23278595663
1032.51012391895
1032.39403499289
1032.15030605677
1031.85225831441
1032.19686986083
1031.78498157294
1031.69294287874
1031.65189128564
1031.76582423448
1031.85575265192
1031.97300969957
1032.81355410773
1032.36213571375
1031.73595191872
1031.79889653814
1032.75103534815
1032.06997323105
1031.9983883548
1031.87828956886
1031.69546938033
1031.68750256377
1031.99975311541
1032.24541753499
1031.90779695784
1031.73535808213
1032.3312855256
1031.68324791145
1031.72083351228
1031.73442902568
1031.76748285
1031.67753144791
1032.10324906434
1032.52885809706
1032.23882130795
1032.15918867541
1031.72608601569
1032.10739505518
1032.16928291127
1032.17540551402
1032.0562276688
1032.06769567331
1031.76913753683
1031.8605266323
1032.11110868646
1032.59472422512
1031.77022360772
1031.8811984754
1031.7971090624
1032.30207315812
1032.0523565121
1031.75588561513
1031.75552723537
1031.7636090981
1032.01947430886
1031.77548586586
1032.19601809828
1031.67834756467
1031.91373134566
1032.25953329962
1032.4054323307
1031.86759324957
1031.88525708133
1031.79793669473
1031.72595714037
1032.01577043214
1031.96163344588
1031.82685031653
1031.73394987722
1032.70962532384
1031.99684491862
1032.51814986219
1032.26703964108
1031.89650481541
1032.04086684002
1032.35003299892
1032.52043744234
1032.02886365918
1032.15379372738
1032.07266651877
1031.99342218192
1031.89098186791
1032.16090443951
1032.19782403894
1032.24461460617
1031.91172509655
1032.12596482441
1031.67903839975
1031.78231501043
1031.89324941863
1031.89425930444
1032.12560609807
1032.29439884679
1031.72454132796
1032.61136369743
1032.08104852334
1032.0825933719
1031.76603991666
1031.85613162793
1032.68822121628
1031.82488799422
1031.9420817378
1032.19724353048
1032.31824032461
1032.05600095246
1032.01062987888
1032.24103752074
1032.23892723144
1032.04921162938
1032.10633250507
1031.7631981677
1032.08734564859
1031.93112118096
1031.68235348338
1031.67847793646
1031.72976416105
1032.02866406637
1031.73933540642
1031.99116479541
1032.26022958249
1032.25070949861
1031.82912481143
1031.87537212518
1032.25012310602
1031.93640249501
1031.70782506641
1031.80628874896
1031.7506190999
1031.81044939068
1032.96958394017
1032.03309532731
1032.49596337109
1032.03472287949
1031.82059284433
1031.8356689096
1032.06660871784
1032.06722334205
1032.11035876453
1031.82717840804
1032.27273561735
1031.6517641669
1032.26246923329
1031.92216670047
1032.28086323998
1032.14282292451
1032.15995421988
1031.72086147801
1031.75723495282
1032.05200354082
1033.04843881017
1031.93874371503
1031.65910724606
1031.94664747691
1032.14128104359
1031.70206771713
1032.00921211696
1032.22555011042
1031.88195015129
1032.07554084292
1032.19709182707
1031.67441454068
1032.78322167185
1032.3015710569
1032.69775520154
1032.0340081353
1032.04367168588
1031.98692911691
1031.71152543546
1031.90190020381
1032.56389667459
1031.69086645864
1033.62974665258
1031.8790472685
1031.80958631202
1032.4575466771
1031.82110249028
1031.90797372626
1031.75065323399
1031.75805420685
1031.83638350974
1031.67324990426
1031.77783092574
1031.94648016365
1031.80534356607
1031.77763877179
1031.86884267185
1032.09822482144
1031.75816450316
1031.74219166563
1032.26698917656
1032.30838329875
1032.65641876879
1031.80292125379
1032.04187651055
1033.04960730266
1031.94525769936
1031.7127454603
1032.71437511663
1032.94772665857
1031.68562049797
1032.24895556898
1031.93609969481
1031.9025981401
1031.66546567547
1031.65577731629
1032.68505193457
