1062.96217419512
1062.88030175886
1061.96930014697
1061.92051167078
1061.91950186007
1061.71047986888
1061.6381402521
1061.05672511011
1060.86052590579
1060.44031372841
1060.41929859327
1060.35932457888
1060.32269572455
1060.31265020289
1060.08718439846
1059.94005683858
1059.8217269864
1059.74661085274
1059.64770484615
1059.57645196264
1059.43543532388
1059.31602622819
1059.26841060969
1059.13442841677
1059.13300387913
1059.06233779656
1058.99985584316
1058.94018971373
1058.90074304887
1058.88471078139
1058.85950993119
1058.62124554197
1058.5579109877
1058.54776694014
1058.44086156944
1058.42001240113
1058.1872854628
1058.17929657065
1058.17504308485
1058.1731758986
1058.14419418684
1058.10429312832
1058.02962746171
1058.02662498355
1058.00762050541
1057.8409079747
1057.8356365111
1057.78384735588
1057.76998173443
1057.76505658977
1057.6745880324
1057.59840580157
1057.54749275243
1057.54260771522
1057.52005280863
1057.48370399556
1057.4799349506
1057.44697618014
1057.43315024562
1057.34640999969
1057.33768005688
1057.30224970214
1057.28963906013
1057.25545292516
1057.23069345714
1057.22599371697
1057.16068025117
1057.14342832555
1057.08722132583
1057.00874792929
1056.9559569621
1056.94648151274
1056.92046154557
1056.91935079977
1056.87583553783
1056.86672399071
1056.85096238291
1056.83201672181
1056.75077713251
1056.72823950037
1056.70786259083
1056.70536588571
1056.69775444323
1056.69714463009
1056.67562598915
1056.65910890499
1056.63737209904
1056.63381782207
1056.62236138706
1056.54571202495
1056.51804347307
1056.50982950825
1056.48208046246
1056.457274161
1056.45389307459
1056.42403570647
1056.39457426156
1056.38869616787
1056.36340772158
1056.34615827991
1056.33021506971
1056.30577528923
1056.2837812829
1056.27303802763
1056.25723834018
1056.25350347229
1056.21732504995
1056.21299287036
1056.1974735026
1056.18177437434
1056.17054337749
1056.07495615038
1056.06868041564
1056.06511745089
1056.05456228296
1056.03097748795
1056.02407083188
1056.00149741111
1055.99135054944
1055.9790913696
1055.97179408839
1055.92877432543
1055.91124410219
1055.90384039582
1055.85108564883
1055.83810582084
1055.83752296683
1055.83383263833
1055.82556435895
1055.80359259251
1055.77561510039
1055.76217145426
1055.76025458644
1055.74753358205
1055.73630081018
1055.72664517624
1055.69929854306
1055.69085771202
1055.66703078264
1055.64511212642
1055.5820477822
1055.5717080074
1055.54322944762
1055.54131589041
1055.52607904374
1055.52457936536
1055.51002228493
1055.47013038014
1055.43303238544
1055.43033427085
1055.42241395132
1055.42222224866
1055.41761554326
1055.38560159539
1055.36926618719
1055.35063466615
1055.33117881425
1055.32500805466
1055.30711483596
1055.30431996197
1055.28212304043
1055.24481233313
1055.21646119337
1055.21283138971
1055.20747456715
1055.19819657377
1055.17034516849
1055.14058516497
1055.1179905017
1055.11772975743
1055.10166740565
1055.10056110999
1055.09608432719
1055.093471082
1055.08196772129
1055.0646234489
1055.06023918668
1055.0438290439
1055.03844006005
1055.0322692526
1055.00899119004
1055.00782366488
1054.9970105803
1054.98446269767
1054.97384357774
1054.96639765591
1054.95605477243
1054.88219482407
1054.88085934984
1054.85261472328
1054.8371070394
1054.82725087245
1054.82699637951
1054.80804180177
1054.79426116726
1054.76749480731
1054.75568035547
1054.74206442014
1054.72165333557
1054.71718355166
1054.70775316945
1054.70314827217
1054.68148498552
1054.68146018777
1054.66600282855
1054.66194755805
1054.66005001433
1054.65062354412
1054.64405789004
1054.63434677007
1054.63312349231
1054.63175111267
1054.61129625955
1054.60682584791
1054.58434370011
1054.57951386586
1054.57856166339
1054.55380214594
1054.55031910424
1054.54889728578
1054.51159011863
1054.50018352039
1054.48990662689
1054.48907275111
1054.48572824647
1054.48226784812
1054.475399641
1054.47308583781
1054.46546459496
1054.46225658947
1054.45823532991
1054.40587463124
1054.403577611
1054.38591794715
1054.3855222152
1054.37462263273
1054.36503877122
1054.33831525551
1054.33102967071
1054.29847029566
1054.29643180651
1054.28975053471
1054.27861032266
1054.26874315775
1054.26220938152
1054.25793261555
1054.25705798354
1054.25583069276
1054.20684573128
1054.19050148259
1054.18941853286
1054.18693657664
1054.1865220412
1054.17719363487
1054.1691871392
1054.1557650229
1054.15236704404
1054.14972634911
1054.13830897085
1054.13009234806
1054.12556739929
1054.08944430509
1054.06888679905
1054.04047865804
1054.0375511278
1054.00985741181
1054.00979647456
1053.97117454459
1053.94492371628
1053.94421043759
1053.93202196048
1053.92610481962
1053.91505039328
1053.91264451168
1053.89563919368
1053.8952228262
1053.8911756921
1053.88168929593
1053.87615242379
1053.84678768098
1053.84528727616
1053.84350063613
1053.8418710945
1053.83644649065
1053.82876565398
1053.81251301726
1053.80197366409
1053.79429957055
1053.76195671452
1053.74294308073
1053.73781073958
1053.72900903687
1053.72061342707
1053.70858669197
1053.68942059537
1053.68306015193
1053.67529124143
1053.67461805423
1053.66444639916
1053.6535870184
1053.65266938585
1053.64683104937
1053.6459964009
1053.64576806255
1053.64208953033
1053.64103060149
1053.63814919395
1053.63401974602
1053.62782880768
1053.61492184245
1053.59693727031
1053.59337597529
1053.58446138562
1053.57691288825
1053.57292414443
1053.56285992437
1053.55200847361
1053.54625692194
1053.53290558466
1053.53232773446
1053.52125673922
1053.50578912017
1053.50235528005
1053.49801800793
1053.48828870921
1053.48048183505
1053.47169308164
1053.47113828067
1053.46153682895
1053.44705864366
1053.4434558971
1053.43816710905
1053.41315476552
1053.39123466606
1053.38834687895
1053.36462592343
1053.36363345294
1053.36020169271
1053.34896297447
1053.34603740564
1053.32043804703
1053.32003785356
1053.31216309701
1053.30101856418
1053.29470792563
1053.28549152642
1053.2750924836
1053.27157218467
1053.26936728524
1053.26646652482
1053.26449972921
1053.25415018004
1053.25083443558
1053.22712266587
1053.22290256402
1053.21475849895
1053.20455581517
1053.19764914746
1053.18981819834
1053.17721723978
1053.16044096756
1053.14597028367
1053.1420306009
1053.13842022462
1053.13535234911
1053.13247214042
1053.12654885585
1053.09463671732
1053.09244347414
1053.08699780466
1053.07535049139
1053.07454306181
1053.07258984687
1053.06333412248
1053.0618377102
1053.05766754493
1053.04334290722
1053.03872477991
1053.03248012262
1053.02872002817
1053.02499633133
1053.01927625054
1053.01865884989
1053.01601886552
1053.00607460049
1053.00502818614
1052.98225650045
1052.97855073112
1052.97299704518
1052.9618947788
1052.95534824554
1052.95210249127
1052.944776612
1052.93304592776
1052.92919509648
1052.91895176084
1052.91710937091
1052.90964756288
1052.90845613407
1052.90783128625
1052.90750248044
1052.89389491087
1052.88762208601
1052.88133791187
1052.87615998734
1052.87415374184
1052.86718566549
1052.86652573956
1052.86087953438
1052.84846255926
1052.84626934552
1052.84318324704
1052.84174608312
1052.83329530322
1052.83013428067
1052.82615086995
1052.82584077647
1052.82556938441
1052.81059970463
1052.8070794895
1052.80316576536
1052.8031327995
1052.79933224478
1052.79032128434
1052.78427533973
1052.78187207855
1052.78101052258
1052.77843230551
1052.77765541803
1052.77502689834
1052.77253829182
1052.76819589139
1052.7676900949
1052.76706489839
1052.76654149087
1052.76225137873
1052.7293022065
1052.72903912742
1052.72426640285
1052.72095298356
1052.71527141466
1052.70333465431
1052.69427483321
1052.69220352739
1052.68764612363
1052.68298177906
1052.67979408465
1052.67890333188
1052.67864936286
1052.67076117233
1052.66839033665
1052.6675778525
1052.66256367235
1052.64975916012
1052.64241303177
1052.63947636852
1052.63469370155
1052.63429933865
1052.63008449899
1052.6263490798
1052.62580216503
1052.62447685809
1052.61465107139
1052.61268084185
1052.61131189216
1052.60844197367
1052.60834408496
1052.6064730154
1052.60090663343
1052.5897500288
1052.58865991145
1052.57607681224
1052.56013727832
1052.55985888622
1052.55787656903
1052.55041895797
1052.54270062549
1052.54240408617
1052.53454409513
1052.51485140193
1052.5067451214
1052.50550312213
1052.49341893135
1052.48499409907
1052.48421664945
1052.48383996164
1052.47853169282
1052.45295104085
1052.44366002257
1052.44282540021
1052.44269688161
1052.44157791674
1052.43272291076
1052.42989738689
1052.42936371952
1052.42270035595
1052.4095413059
1052.40537460854
1052.43836479978
1056.50102942228
1052.67245306709
1055.70885472929
1056.88706249541
1057.74272023992
1055.48384146082
1052.56700888317
1059.03814927318
1058.96080595306
1054.83475960227
1055.76375515555
1052.88310058501
1053.0165612241
1052.74220084749
1052.40809094534
1055.08840896191
1063.79709038882
1053.10162325432
1057.14456964297
1055.28975872231
1054.27290789642
1064.20435150361
1053.50679308458
1052.55976893433
1055.60649885508
1053.92323566847
1058.4580396618
1053.13707651377
1052.63683325812
1054.14816454427
1053.69344428687
1052.85641086832
1055.13140642453
1058.19842444828
1053.99647747131
1052.8231728524
1055.60033290443
1055.83165312953
1054.78560189297
1054.19779338345
1053.76902282566
1053.46404946084
1058.98756990334
1052.40922604801
1053.3038395055
1058.29266543999
1053.8562528337
1054.02663719825
1053.77078334347
1053.84406620379
1052.56581630569
1056.0416757631
1059.96958209517
1052.93264532036
1055.9846284406
1054.85051832389
1055.93744477328
1052.99339369763
1055.2261495363
1055.35394086693
1055.11348455334
1055.32420873348
1052.52727697014
1052.72942610251
1056.28145213805
1052.9749020141
1054.88915307738
1059.24808405279
1052.45341374606
1053.27025339701
1052.59665387978
1056.53653808344
1056.09666096644
1056.03219873589
1057.35242703198
1052.45781326567
1057.81093814364
1053.45376193318
1054.65204324471
1055.99043175901
1055.29313280515
1053.13696961806
1053.747354892
1053.42182898362
1052.50347785879
1054.2187528501
1052.65859324112
1055.25568928535
1053.01425333891
1053.72940446337
1052.56697964957
1052.84326734313
1053.20865268117
1052.45666720868
1058.06975318111
1054.38596247556
1053.2963495363
1053.51094052415
1052.88257193126
1054.8448369757
1053.20080426938
1056.46910505069
1052.58730197668
1053.35604704193
1054.12579644937
1055.82253008401
1054.65808919772
1056.1434093179
1057.17721495656
1060.22989608782
1053.70230237612
1054.23105772647
1057.32144772276
1061.35717556885
1053.03613684019
1053.25143920327
1054.7671142314
1055.68765474879
1056.04275802843
1059.35192311393
1054.91003045129
1056.47183804041
1053.04791782487
1055.495352694
1055.81840708406
1054.12060515628
1053.45764043723
1058.72278543511
1053.32553120253
1052.54304359848
1052.67756608822
1054.92838737964
1054.41279978295
1052.74228467535
1054.10041442542
1055.21079786314
1053.88248860226
1053.17998338746
1057.23236589782
1053.33044040856
1054.09903426971
1052.79980851559
1057.35253809899
1059.29810193893
1052.40499382276
1053.56920449919
1052.74975533601
1052.85216230303
1056.79722886745
1053.03237622364
1054.48954969413
1053.33659439319
1056.01974322487
1052.60357952903
1058.12049321515
1062.43897766655
1053.77203401191
1053.36690611808
1056.98224032854
1055.70065286767
1055.65861399033
1059.19928331202
1053.52514749879
1053.05642986545
1055.51710256433
1053.23274628666
1058.18654954461
1056.16836932628
1052.64604203424
1052.9498756763
1053.75986796602
1052.47472355517
1054.5171694145
1056.14254052909
1054.20178486065
1058.53182508222
1053.61988465208
1057.79237194962
1053.27659648973
1054.35126526811
1053.58412139171
1056.21884265
1053.0930449132
1054.61067174023
1052.51558205147
1052.59655134204
1055.2036257929
1055.97218304894
1055.46233874219
1053.40432101148
1054.95113406553
1054.54201736686
1054.42207159393
1056.0391129107
1056.19346758841
1059.53418230766
1059.65004369901
1054.54330284509
1052.77282828041
1053.01191554366
1052.96459798305
1055.27735621727
1054.77061183242
1053.05802841556
1057.13995365398
1053.68066239882
1056.51843350915
1059.21063502486
1056.07391443988
1054.84105914139
1052.71694705939
1060.52723291217
1054.68049864832
1053.45092141019
1053.09222521099
1052.50590383164
1054.47430182049
1052.47713290146
1053.75287673714
1054.80281585637
1052.44804320406
1052.70325658795
1056.3064245105
1053.09855477804
1060.85595095906
1056.22807046314
1057.82400323736
1053.71208906454
1057.18061656291
1055.78047395793
1056.57184000413
1052.82394668123
1055.47760903495
1056.71450456287
1054.55712763555
1057.41484224951
1053.63365268204
1053.30514320464
1056.11446480815
1054.78849081167
1053.47065385295
1052.53256219079
1056.5655851159
1055.00167937592
1053.10273552036
1055.3646041072
1053.22002707947
1053.27794039484
1055.50183994561
1053.40871218018
1063.91480718447
1057.14405608078
1052.6605695781
1054.60927540219
1053.5168011279
1055.66065147393
1053.8685360954
1058.33715526798
1054.96751730577
1054.71900330233
1052.76554095617
1054.93989832893
1053.93395982609
1054.12379772544
1053.36397898423
1053.8326920342
1052.64346205386
1057.33814995923
1056.23509233402
1053.95296550804
1052.79498859142
1053.96581583821
1052.91239911005
1054.37455471003
1055.44082064903
1054.97931334172
1054.19563876637
1053.27813264985
1055.38285697693
1056.31404315077
1056.19389418281
1052.70705616675
1056.94080961523
1055.28982069908
1054.5848936953
1052.64585544883
1053.26847392716
1055.37984911331
1053.82828650759
1054.54973368409
1055.82808527041
1055.06237815096
1052.44563909715
1054.03194606349
1058.47158094258
1053.46995604824
1055.23703949682
1055.39518426874
1054.50654546871
1060.31356891623
1055.52489752488
1053.83499571185
1052.7345893629
1053.3289813468
1056.2305968859
1058.21419161016
1052.69938460473
1052.58788330746
1053.68608736876
1052.7681672605
1058.15616114252
1057.11210898924
1054.53932493387
1053.52489883793
1053.69438789527
1053.83501020266
1052.65127314007
1054.30915382837
1055.98866469187
1052.80583234287
1054.10892262656
1053.96473705779
1055.4266801908
1056.13928168545
1057.39094243695
1060.95578047708
1052.77149660678
1055.18040047892
1053.21768610718
1053.56160679243
1054.74017495977
1056.62294403767
1058.04197770862
1055.39483064794
1055.76815169323
1057.21578377531
1053.51078659126
1052.63376196046
1052.62172075166
1054.05173978757
1055.91821332491
1053.86156686565
1055.12766568984
1054.60667239279
1053.6844630821
1054.47705687983
1052.54317125468
1053.17339085815
1060.11768119083
1053.19767116627
1053.09522282114
1053.20324060637
1053.78064829249
1054.89838059796
1053.86588404504
1052.92157884748
1052.8452128335
1052.62268739381
1057.97147029085
1057.46882057598
1054.90781021319
1053.76363431757
1053.67648203546
1054.25172296775
1057.27633578524
1052.51759223336
1059.41580629285
1053.5007973092
1054.22027978783
1057.78379708078
1052.7431977974
1054.12465295092
1056.06153883695
1056.48760835464
1053.8641512944
1056.44697932189
1057.67881600258
1052.77446082545
1060.31566465505
1054.41369317997
1054.62762627329
1052.83873590847
1054.17767305778
1052.81628615648
1054.09549622638
1054.35520953079
1054.07333887231
1053.34816877237
1054.17412638513
1056.79122588543
1057.56949860787
1052.56888865763
1053.08747260086
1053.48343658421
1053.34598949946
1054.97399579355
1055.35379236136
1054.36132656264
1053.18799947512
1053.98811516143
1060.79258565553
1053.6725145261
1056.96300190913
1055.75149922478
1055.33615076128
1056.06744340976
1061.47503599434
1057.71735696062
1055.06474221999
1053.88113170316
1055.2171973723
1055.23408668918
1057.1895091142
1059.32294351077
1052.50848019024
1060.30845087096
1059.28925078488
1059.15341273707
1052.43614149863
1052.99930890123
1052.89506007611
1053.83307182163
1056.56605908255
1054.5719250271
1052.90012508715
1054.76323510908
1055.3791198688
1054.22905945083
1060.1122100011
1053.68932194973
1052.43896804681
1052.8077752197
1052.50455726365
1061.2200866992
1054.41742942892
1060.81188116616
1055.86863622923
1053.34675962582
1053.72009295468
1052.48816083719
1054.11301459703
1052.55158953976
1058.01918872138
1053.73875972012
1056.91416110641
1052.55832077675
1053.16682171758
1055.65261526975
1053.53283843744
1056.39257221072
1052.77673834151
1053.75840872772
1052.9682057739
1056.63334042859
1052.65250649711
1052.4961992772
1052.80310458782
1052.67273251013
1055.54191291862
1055.41242090814
1054.39112794962
1053.45307815729
1056.84444134266
1053.0511873108
1052.82646616247
1053.24130712058
1054.76022065454
1057.35741993306
1058.71106456698
1053.70728483523
1056.3974287456
1054.5140062859
1055.21518548909
1054.34286831038
1057.41897606688
1052.84077134101
1053.81645959615
1055.02465486127
1053.02363719499
1057.20392608394
1060.9118541958
1054.95963883542
1057.34861300588
1054.37294056607
1053.75706499719
1054.01339129635
1052.43587682946
1056.01193248444
1054.93746067603
1058.20436238694
1052.60666039251
1054.0079697641
1053.24316566693
1053.098653325
1052.93125896881
1053.96631227489
1053.41588619613
1055.96724866293
1055.2588652557
1054.59415666246
1054.30089048236
