700.085277929931
699.242982628056
699.058010701074
698.90230037358
698.790012453325
698.774796012373
698.771141606026
698.769710866444
698.742785577579
698.738357785179
698.716622811376
698.714251178916
698.696462980648
698.645826107427
698.634414595567
698.618823501895
698.5870378636
698.582347321768
698.56635923473
698.565550829321
698.562421864342
698.561716380383
698.551898173544
698.55110342272
698.540356398858
698.514274138556
698.508888507146
698.50597518139
698.497632693495
698.496002202852
698.491054919532
698.481345745087
698.465033347674
698.464611545399
698.450957894266
698.447553855567
698.425050781358
698.423558816387
698.423512146518
698.422152433058
698.406235565635
698.398769769918
698.395651760031
698.385151095501
698.378064587284
698.371269686062
698.368189433704
698.36616945415
698.364132879408
698.361457126058
698.358894425961
698.354148145773
698.353213240493
698.351756580641
698.346453774389
698.312915343932
698.307978712512
698.307589538406
698.290307397442
698.289909186911
698.282983256415
698.281788815204
698.266346941598
698.260209878414
698.252185299444
698.250815443287
698.246766498515
698.233132764274
698.228507879028
698.225887990616
698.217746546317
698.21447918281
698.185667598572
698.181085877672
698.179613660148
698.178635359342
698.177965275491
698.169349892061
698.164681462589
698.160476436781
698.157697576818
698.154840775266
698.15450068204
698.151764208277
698.148404588816
698.148253569361
698.147069594332
698.142308907422
698.141146923289
698.132199777248
698.132188714922
698.131635118927
698.128662946407
698.127431795228
698.127065310194
698.126949783419
698.126826325273
698.115387468077
698.112583275175
698.110959784238
698.110375226552
698.108840420087
698.103553671604
698.10096166971
698.100779698151
698.100332280002
698.091402128385
698.090851981791
698.087767431765
698.085457853536
698.080669343961
698.078793025883
698.076048173299
698.070859488404
698.067173813088
698.06592292975
698.063203720025
698.062520877829
698.06179889947
698.061771329835
698.059640514345
698.058298177424
698.055415074517
698.054824047248
698.05293018581
698.05192451176
698.029868455692
698.029549431164
698.029369673417
698.024738136111
698.0191697529
698.015406324981
698.013068875249
698.003194373302
698.002813367282
698.002501047408
697.996773180915
697.995979428301
697.994949084734
697.991963029032
697.991518038789
697.990014140361
697.989276538014
697.988177156773
697.986323587088
697.984444808024
697.980468244641
697.980431445995
697.979526029058
697.975098538093
697.97481744034
697.974649808459
697.974450368008
697.967580821977
697.956706919001
697.953254883015
697.952662414795
697.947388805884
697.946908418403
697.945223522226
697.939755011401
697.939715307074
697.93323535961
697.931838841063
697.929359053096
697.927196668515
697.927088619589
697.91628781461
697.915631494377
697.915115061683
697.914576917169
697.912198638951
697.90996235038
697.90734337008
697.906113579917
697.904622068385
697.903994873646
697.901210544996
697.90112616731
697.898985366311
697.897858607839
697.895565411129
697.894435860175
697.889260275331
697.889219940043
697.885487121305
697.883512018114
697.880986598682
697.876883710524
697.867657302131
697.867558605949
697.865065463551
697.858312122059
697.856083438418
697.851941547222
697.848934322335
697.847511833844
697.847503838845
697.845782928856
697.845439689445
697.844213663713
697.843017718514
697.84266050678
697.840928200049
697.835954449878
697.829635449341
697.829465559354
697.825941042035
697.825887275862
697.825713959357
697.824733430367
697.821725383096
697.818912393763
697.813966145225
697.812630414867
697.807544112179
697.806231084733
697.804615461874
697.804444184
697.802323692557
697.801477693997
697.800913490629
697.800849202669
697.80021132863
697.79874633893
697.797654567946
697.797226141935
697.790985672053
697.790484720479
697.789236104858
697.787980818578
697.786165036234
697.78094919043
697.777071215188
697.776323872486
697.7753729124
697.769278073256
697.76790420553
697.767198249706
697.762190447147
697.761356803268
697.760260197864
697.754492597849
697.754105493017
697.750176505589
697.746460329101
697.745774738517
697.744151820625
697.743009978058
697.742079320998
697.739156690404
697.735641195355
697.73533302388
697.735254312612
697.735063247966
697.733777721179
697.733206814823
697.731815365112
697.73050701753
697.724152726832
697.717905116126
697.717580642155
697.717100542826
697.710724037898
697.710482877826
697.710420328355
697.709970906801
697.707079389183
697.702787268764
697.700282188564
697.696899504218
697.696520492468
697.693863712518
697.693370749991
697.691042747144
697.688669492734
697.686717412043
697.685521913051
697.684191729229
697.68352866559
697.681293115945
697.680641427657
697.673234283001
697.672752374985
697.671363582981
697.670262048559
697.66530084582
697.659410060142
697.658088009145
697.656156121741
697.656119933197
697.654179450321
697.653539315109
697.652562003093
697.650776822335
697.649158666127
697.641000627216
697.63674530996
697.636030742992
697.630757643302
697.628915226312
697.628384169108
697.628236106911
697.62543252027
697.625386687826
697.618717061423
697.618231899805
697.615941385532
697.615454515678
697.612390901863
697.612092438955
697.611933837493
697.609538285052
697.608865425621
697.605174954414
697.600569736306
697.600162926054
697.599234962414
697.599020982193
697.598526097455
697.597471231597
697.592688977647
697.590222982644
697.589686025531
697.587981016002
697.586694158615
697.584967878757
697.583177771835
697.580632574342
697.575307272874
697.574799753032
697.571514176403
697.569520643647
697.568229594325
697.566726695231
697.56541042098
697.564632019171
697.561686730624
697.560966840961
697.560308235367
697.557665247556
697.556460696157
697.555676359475
697.554574811375
697.552294256458
697.551131547229
697.548704211347
697.54804332597
697.546487387389
697.546135067642
697.545671546631
697.543985301308
697.543589309017
697.541653014939
697.541619425362
697.539192670378
697.535767950484
697.534182446191
697.529948791347
697.529258435055
697.52849510716
697.528436516233
697.527243267036
697.524164151018
697.524067278287
697.523937367081
697.521576084658
697.517157231994
697.516604264928
697.516158667606
697.514669511515
697.51410224871
697.513842181776
697.513174238303
697.511382428357
697.510824671754
697.508493979862
697.505573667704
697.503907963943
697.503572624439
697.502251106064
697.501586985969
697.49915060944
697.494444010267
697.492924834455
697.492451145158
697.491436334091
697.491067133721
697.490006511337
697.489812240207
697.488870534479
697.488463041284
697.484584656936
697.481558805842
697.477900656031
697.47741122202
697.477384018119
697.477170622115
697.476716291145
697.47536897841
697.475076890286
697.473174458368
697.472950836679
697.472431178212
697.470847810179
697.46957925604
697.467284959284
697.465429994511
697.464269517474
697.461904853089
697.460736145437
697.457860929677
697.45555803626
697.455383778949
697.455354164875
697.453097958444
697.450746354937
697.449376608148
697.44918060294
697.449170004642
697.448509699821
697.448235310457
697.447712848958
697.445185460351
697.444182839706
697.443902295164
697.442416450071
697.440762919639
697.439472301342
697.439417110662
697.437360086923
697.435801959207
697.435205242112
697.434304244752
697.432781717166
697.432472448904
697.432399802863
697.431828009245
697.426301842613
697.425001336222
697.423971724099
697.421756991425
697.421724672581
697.420537264187
697.419128094697
697.417062949596
697.417002175779
697.416721205615
697.415036473122
697.413658413298
697.412180486664
697.411507300285
697.411470431344
697.410258025499
697.410208484345
697.409934724172
697.409668512814
697.408894727655
697.407360193816
697.404863361065
697.403782213725
697.402306746082
697.402302298251
697.402087334634
697.399182539565
697.394670121115
697.394021960604
697.392547287709
697.391768915747
697.389818570938
697.387296759292
697.386336673956
697.384864311348
697.384150248686
697.383774867435
697.382318151895
697.382217936819
697.381317269145
697.380409274002
697.374482197672
697.374401009112
697.373903933548
697.373099322893
697.373081547959
697.372691687232
697.372435794977
697.37204104649
697.370245261805
697.369053397785
697.368657683867
697.366039008913
697.364708711833
697.364188234467
697.363669118091
697.363635055024
697.363529332971
697.363232401566
697.363171337641
698.059482707768
698.092583540675
697.555248335972
697.797671415786
699.014522278631
697.72105717946
698.301467098722
697.863850390185
697.66941928325
697.757980202841
698.245399032239
697.972448850837
699.058026068574
698.042974587559
697.581847938572
698.6282847589
698.741415012267
697.817459518845
697.533850534477
698.107956899288
697.902097492609
698.380317543335
697.610264236222
698.407319341329
697.573178238565
697.873829469193
698.169136049493
697.599093244487
698.968780952876
698.427081531184
697.803632561639
697.724588209553
697.395330276362
697.557973306639
698.016236863927
699.527694410927
697.759325250204
697.676216032249
698.450037424752
697.39223212754
699.754680529745
698.546334480123
698.839709326204
698.211685734186
697.554115535527
698.053745442483
697.374941795631
697.849559943072
698.190530213939
698.168532614005
697.541536013346
697.745347837934
698.134594696782
697.523140327186
698.253274254829
698.767949557959
698.062471817456
698.218533856874
697.569259891366
698.080553328056
698.919284803346
697.851900077049
698.36140524133
698.312055704717
698.077229188775
698.985984555656
697.590526750953
697.482101635219
698.026388804802
698.377746294054
698.065567315221
698.063226925584
697.673008645532
697.506017920518
697.685790863824
698.166141245554
697.435147334324
697.845315134488
697.689985897694
697.415547657641
699.76501608053
699.248029763638
698.106450388193
698.930673807136
697.445412158276
697.46731937555
697.604691142457
697.506769220898
697.799489686896
697.644378569768
697.757871146867
698.235844047863
698.974113666056
698.033742974689
698.305092943219
697.732156818284
698.642799330417
698.277129569164
698.100744074552
699.277326416301
697.977892093661
697.474952608098
697.703625206959
697.616631207315
697.573978087733
698.409040774486
697.426868122992
698.747828958155
697.441059810562
698.303103463607
698.958485671237
697.910589968792
698.415185713577
698.585176487683
697.952349805533
698.07089052901
697.742116468942
699.39668633438
697.873565373299
698.040435842268
697.555481665203
697.596436192042
698.784793230056
697.80481064783
698.364293361086
697.37978203547
698.30800277912
697.487112573432
698.187902697507
698.198289895953
698.39327456856
697.907634673118
697.66380504562
697.482461666661
697.744621780553
697.499059119727
697.495059773822
697.729803030405
697.383000501221
697.38113452274
697.858800883297
697.822277157088
698.349946570476
698.231494706043
697.869632224264
697.781581741557
698.209438845125
698.299283537018
698.923941309194
698.803568417104
697.628594544174
697.543496926296
697.999906927033
698.243177172389
697.465368747732
697.373465035664
698.090497048466
697.663474160357
698.86808565289
697.431663457733
697.646546704432
697.953638240507
697.652614495431
698.980863183435
697.775235525239
697.911893427117
698.063954458432
698.266705343391
697.740155122348
697.557167831833
697.932699516932
697.599097294744
697.934849875729
698.264645549197
697.931968599993
698.253052827343
698.046710928939
697.58728228839
697.942671049646
697.69468369458
698.003773595662
697.956964429387
697.46375244376
698.131029770209
697.389340286875
697.450696716284
698.876658019132
699.0783744857
698.35684218931
697.754106552591
698.126416103044
697.841573801159
697.443324634709
698.283389342942
697.993994487183
697.472568805075
698.064118689685
698.195730490204
697.659725639429
697.887213182135
697.696771311584
697.951021733571
697.541138241472
697.646790017271
698.899954830244
698.273974327657
698.361500289594
698.003696777556
697.96967000825
698.758886415842
697.950467843853
698.162939905923
698.383804306399
697.48311872301
698.39604994962
697.822810293507
698.559693445659
697.852257203878
697.543903715847
697.640129148548
697.47634818722
697.678267131305
698.695332843695
698.730675900367
698.296072427828
698.075735676864
697.446522870476
697.970423675888
699.026479617391
699.46841792116
698.124111958969
697.784019721667
697.90703773076
698.176021650838
698.358896872195
698.334023605348
697.728390539193
697.523336010798
697.551335128804
697.740799991647
699.502316361206
697.583442677322
698.104889214644
698.055901119135
697.472814924456
697.513029193514
698.426710291506
697.84547465309
697.406891305783
698.132492272746
698.255824874894
697.363885946897
698.187281708698
697.708268418267
698.170074032273
697.977396757783
697.642326584776
697.621838656061
697.92459387049
697.470653373372
698.419608572351
697.720930912644
697.948695252029
698.52568434277
698.800686307297
699.047126975658
697.634310787886
697.781431467889
697.395579019671
697.551033660594
697.926883756842
699.155918335864
698.084144775799
697.578609864482
698.9333295602
698.074181856614
698.435449408497
697.372579965338
697.598671276247
698.24854927769
697.886255827435
697.540961116482
697.987122801954
698.536667473638
698.173216166411
697.71447587266
698.137352604418
698.112549489914
697.459821028938
697.694388054874
697.503516963281
697.511672264099
697.811207866789
698.756212343035
697.675493232589
698.618585825201
697.926723622104
697.616766878943
697.807678202464
697.643326359391
698.383265412158
698.16818892926
698.067265017003
698.51887299088
698.416379698551
698.405590714036
697.50868026014
698.135047718456
697.603607679023
697.430967564424
698.422757149096
699.454782187266
697.816960529698
697.412000110896
698.210560482045
698.71347782171
697.537755648373
697.625708801955
698.64618043313
699.121248273321
698.06007660888
697.833018962045
697.784360575517
698.213929316507
698.34856070046
698.261269579573
698.224985167012
697.901966599746
697.923581904243
697.560078941384
698.215783280221
699.102717808367
697.598744007885
697.71872446304
698.451526998641
698.850161226993
698.296098288215
698.038402935764
699.499092473883
698.314003872207
697.458811199787
698.001731067488
697.379881160444
697.87872452524
697.505075270977
698.277256307019
698.281795497234
698.152912612295
698.497672572702
697.844640110526
698.127309195816
697.73230684665
697.364668865299
698.977597051603
698.476455447712
698.102788129322
697.619236434074
698.960430571208
697.965860861463
697.509174633157
698.584270012317
697.911513338641
698.449657843863
697.720335821253
697.772776042183
698.08844725165
697.543969085756
697.591960703622
698.328053206184
697.507880004559
698.140502187544
698.046798266378
698.467551835498
697.934962868088
698.112542832061
698.916476623118
697.813988715843
698.69057329666
697.990244191481
697.458853446478
697.414085911201
698.832022686065
697.567689508458
698.339601805468
698.070663932269
697.976808877843
698.233786037896
697.784672374913
697.506985203607
697.816772776107
697.774641940284
697.639096754511
697.974289085442
698.774926346986
698.007514043499
698.380858936012
697.822108155364
697.758858308184
697.736505997593
697.3743297506
698.324439329039
697.539668023383
697.930308462953
697.543783077933
697.920650400349
697.465154439847
698.053272794661
697.570076451981
697.389434117636
697.367518073225
698.716999210006
698.099007472238
697.800782384939
698.162580030322
697.43763957317
697.959264720039
697.845713932643
697.595628386891
698.29467586356
697.771368171731
697.813975289174
698.151522675817
698.350353529371
697.479520998011
697.576159752604
698.574772270703
697.930906996182
697.830274895553
697.612770036378
697.745801122653
698.927311732002
697.791114914369
698.768102840024
699.550438063633
697.534902323514
697.455694171286
697.36419613269
697.795114145204
697.967555134117
697.614706078144
697.971824451283
697.461497038079
698.580988208365
698.895831826799
697.421832360935
698.115429070144
697.650972475908
698.638897294081
697.412105677256
698.046914532558
697.597389541744
697.740756158726
698.574839007068
697.839021905749
699.604446464942
698.539532315955
698.274992434517
697.821541261413
698.081400999145
697.420662564448
698.017209456808
698.782493686059
697.996811968666
697.692116483808
697.586830680749
697.952211069186
697.819091015962
697.897469123559
697.481763889556
697.640339880915
697.56837715916
697.906356621229
697.563223668172
697.641126299914
698.942147608989
698.29824477607
698.966927639169
697.928771644635
699.018115823669
697.800447918224
697.823867814363
698.352144465434
697.807534642626
697.497634677266
698.679186920237
697.480978907858
698.026993962698
698.583616038968
697.363496672456
697.903126566212
697.475749804299
697.911555813822
697.498701646511
697.989779746616
697.43057563441
699.281735976289
697.868596140513
697.49401324958
698.045551809248
697.482301937301
697.516672922313
698.91711615382
