552.643563779503
549.391060514861
548.420257917825
545.504510871419
543.171299730119
542.683520910353
542.459636363426
541.639525708829
541.546017540056
538.404642733872
537.543047343481
533.503162607135
533.107485777128
532.521829433632
532.269839200355
531.083824345295
530.335323186397
529.871498199196
529.824016291886
529.455670039265
528.951934944469
528.617784338243
527.842558863421
527.59509294329
527.395262643571
527.204751503396
526.499463067117
525.846844659948
525.795870509284
525.229030424685
525.085272513577
524.645111043431
523.007783157491
522.828139751202
522.575265048516
522.218425997889
522.061736087466
521.712909421106
521.553522547401
520.591475859909
520.496455016002
520.415226064914
520.379686517383
520.375325950857
520.333949653738
520.017649387815
519.971045857776
519.872053366886
519.815611305616
519.387393837817
519.250773188555
519.233148455663
519.02343394701
518.925228818355
518.844078996398
518.777368794736
518.750169574175
518.511599977108
518.379164311499
518.135140817547
517.96436023344
517.269980617217
517.264889981009
516.929613856716
516.881552615622
516.270276245716
516.195800702925
516.194626239465
516.123513019665
515.88362633204
515.738871745932
515.692666882295
515.53924238965
515.460723265648
515.383680859578
514.969030565293
514.882620445979
514.81253302263
514.658545794985
514.332034324695
514.224499098023
514.108248992276
514.085024112683
514.045066650042
513.90179653591
513.883595139843
513.64353832098
513.503162004523
513.34926597288
513.341943005919
513.18680439652
513.002531218053
512.980443853989
512.86038093786
512.524074014015
512.172611591706
512.111205830874
512.016489593638
511.944908574149
511.794596772998
511.709153936995
511.459523499516
511.44166535376
511.421128105301
511.421044452543
511.293608184708
511.168617152658
510.799394411101
510.754228914525
510.714683087152
510.65967853908
510.653590469335
510.555725223476
510.476665690695
510.428418599204
510.344391022319
510.277157449839
510.209442738943
510.09095209633
509.974372323389
509.902747820863
509.706206718543
509.419792742897
509.391945567029
509.352491244837
509.300380961352
509.294567082729
509.187933678219
509.019713656539
508.775840122868
508.71086171033
508.702159941443
508.690117675923
508.670425574978
508.532745686243
508.398736940854
508.319788200992
508.314402131719
508.268347410545
508.073330046472
508.003269469225
508.001906187557
507.958464027102
507.908430078416
507.838539594679
507.832364768316
507.752893749394
507.71514644862
507.7000093747
507.616092225321
507.547824753286
507.503237269973
507.326230061864
507.129766886652
507.055355367642
507.053892263681
507.05195434556
507.039527866487
507.031651183602
506.698288302022
506.635011892712
506.53071959222
506.489049559066
506.250462704766
506.223348041093
506.219426963388
506.198033935134
506.193011993114
506.152198336297
506.114355078454
506.104904783516
506.080730606283
505.982428160137
505.891307065337
505.768543091089
505.76666180388
505.748670643115
505.595789373369
505.443543540289
505.435679774045
505.406412008438
505.406210756348
505.378442160965
505.317749095081
505.203662999954
505.174326653708
505.125458768361
505.04013776582
505.034517672404
505.022843154183
505.008895905758
504.9532041564
504.919169521008
504.856255190325
504.673838064489
504.5974797523
504.557593765042
504.534607494781
504.488439052636
504.4249226948
504.371897077568
504.371136236328
504.361470202044
504.206319013536
504.165175329577
504.057926176818
504.042045333138
503.972209820655
503.814620855509
503.799785773903
503.744121264288
503.709223300655
503.604715998542
503.548693504753
503.52270113173
503.500111865119
503.419427551599
503.40814505375
503.342817681707
503.320856431863
503.232366708089
503.198092026569
503.116906661264
503.112014650808
503.074396474243
503.047191303671
503.011451991356
502.936014362393
502.875345356264
502.853122259362
502.797258435303
502.790732958035
502.691564357511
502.691224738231
502.674891418632
502.665078164155
502.506916677027
502.458491487677
502.439187384815
502.402156378657
502.364054856896
502.333056619772
502.263744013827
502.167678741081
502.162101024491
502.156269133571
502.024419364783
502.018750022351
502.009248130381
501.869139751986
501.823855784574
501.820201929758
501.78981451444
501.716056743555
501.706273844369
501.660462074997
501.65452277531
501.415958530387
501.400746000486
501.139785661868
501.107134943505
501.099848823351
501.008439357417
500.98291708331
500.913919741086
500.884640598345
500.877614956267
500.856303188348
500.832945932346
500.805643985436
500.751514594812
500.712691538991
500.686602613978
500.624660349944
500.588656855799
500.446848607302
500.40035555466
500.391033221689
500.377070993444
500.342411479822
500.251997593435
500.21063676181
500.201369328124
500.200150485012
500.176119203338
500.145069754698
500.123472290005
500.11687356101
500.103959921859
500.0555740272
500.033052742453
500.009589078591
499.915418739921
499.912916809871
499.89110387059
499.858257468899
499.832197629014
499.740635048127
499.725064032776
499.666052932268
499.652349671043
499.646909218334
499.592901242464
499.48542941892
499.46206897353
499.444899561187
499.244309417975
499.177744016097
499.170082264034
499.09730950931
499.019958273568
498.934076066024
498.883453798107
498.83571797456
498.749785791199
498.717761944597
498.678952268008
498.670973704947
498.645661116092
498.639421555222
498.627978823438
498.615696540162
498.615177135918
498.614720127407
498.599533655023
498.572633707325
498.560047780784
498.560032130492
498.490019798877
498.453597988134
498.350170331049
498.346251233082
498.329827523798
498.306966114654
498.291785631028
498.209934753735
498.196096716102
498.122224208037
498.055031174788
498.00736654393
497.955025185418
497.856071961216
497.792821751699
497.76564929349
497.752524613893
497.742572904045
497.730497792384
497.713512823368
497.677654555539
497.669633224692
497.64068240611
497.636396685893
497.608412416198
497.595900933367
497.556634640588
497.553519155498
497.543044446551
497.490811568229
497.488214421881
497.471578542564
497.399730379921
497.39622146414
497.37845911047
497.372398559617
497.366473737282
497.295327881361
497.267432472494
497.185770760744
497.142560844312
497.107462588106
497.101314310936
497.008562214143
496.938655790572
496.896544892938
496.771189342868
496.730327564931
496.591167009333
496.560638152326
496.471387329856
496.462327603547
496.417469423074
496.390018504055
496.35726386156
496.307687796158
496.299794953071
496.259620392
496.131272720068
496.102973909154
495.889227954585
495.885478221611
495.875604948034
495.843541652421
495.821495230486
495.78618404548
495.779807099412
495.770930504557
495.690050251522
495.624128969648
495.55759081321
495.510904473706
495.474462849727
495.469822543469
495.39495960864
495.379700185974
495.35535186333
495.322649313608
495.230513018443
495.120760577905
495.119406949009
495.099548237449
495.0795369331
495.061855181272
495.038362763871
495.034477377751
494.960170949095
494.882563653539
494.872107027724
494.822158532065
494.804222906299
494.79435167218
494.774510205914
494.735861385648
494.695107744005
494.67890944325
494.552014487138
494.471871106253
494.429555499368
494.379655258263
494.372525933662
494.362268969441
494.358682984291
494.281678344586
494.262592766731
494.25143950198
494.240905340552
494.154319029262
494.065032126164
494.05269319858
494.051535575051
494.015200329642
493.98699289498
493.955777970396
493.926913607159
493.873666645784
493.826218818772
493.818798650651
493.795576152895
493.739477374587
493.733419934742
493.731969868599
493.71431508484
493.666528372725
493.626035631548
493.62571630378
493.558411971174
493.554869979092
493.542466748166
493.516188062128
493.171170128523
493.134271554037
493.048513780748
493.047160458019
493.041242858548
493.009374235702
492.95692288314
492.915209223928
492.888880373618
492.88647756551
492.877042232564
492.794700018349
492.783488225892
492.765367596363
492.761406043018
492.714870074028
492.710171156799
492.676161594177
492.673619506841
492.664008684488
492.62801965158
492.616244642966
492.601287520202
492.532020208063
492.489299377881
492.394804678835
492.356422054967
492.355600571594
492.34083826736
492.340144716472
492.335212590664
492.291120916057
492.266778400865
492.253320845689
492.215751291996
492.207667660725
492.158681514001
492.148592120272
492.133777869605
492.130360337678
511.441988289014
496.356674455794
498.948165118742
492.467684429431
503.276493186735
496.264114578311
493.497772534931
504.273162968966
523.521378794639
525.066690073176
515.26291898419
538.102245608198
519.037945962779
556.031314969641
498.652617865211
498.126677319611
523.327897005951
506.506841856151
510.214917599577
497.075388149511
504.695963974399
492.674696826947
500.934125109888
504.948217512828
529.654657094646
499.570440171208
533.911022614324
515.358968527328
501.517091892607
538.592979485863
533.096767673038
524.450473700775
506.809051687367
496.003310475311
531.999056527497
532.236082872084
500.576742479494
502.385961691772
506.832772364923
519.866853531244
496.101654549023
515.84067378236
498.659654517875
514.980291035504
493.909756274402
516.669138365502
492.441225225483
503.878581742974
501.964205357771
507.196997859608
494.789853069832
505.220372015669
498.397405968981
522.07890528393
506.96725175054
506.54017117024
517.207408885107
510.601080504119
500.797174460516
540.231382290934
546.81362342453
496.195939175872
503.026303298501
503.568211096231
498.466585315376
507.89220073363
517.561310668036
499.724705680145
497.104421413306
514.556928032013
542.279279187833
512.276667965185
513.654595528585
494.451222664455
515.404381980655
505.557439353105
499.637698987148
496.067824471748
494.159125166268
512.021184080311
493.543116382732
504.7682234698
516.384793831131
502.367263819224
512.221038852889
498.588519606854
494.042339103447
496.474333324581
505.726856904215
515.799920379259
500.272569778843
505.015636233938
509.509752162924
509.403048547279
500.839832899082
510.00223478026
498.351533415539
538.935243790919
494.640082053404
517.953993138667
501.040273416092
514.575967605955
508.989650294852
503.425882373066
505.992559536177
509.049975873474
495.300140452312
503.822338591663
528.791380335417
504.447490185536
504.065965304336
496.868093566123
494.678973711809
499.437976657354
510.019545345319
513.893889460002
493.081935763287
543.180030522588
497.788766477369
513.568969783202
496.275394662267
532.15997293762
499.409332160978
513.645260253066
522.41326885662
496.370128539891
508.289198976793
517.097946743488
501.265024054794
519.000805781987
504.606039273518
492.669640140442
495.289230415301
501.535109987411
494.930488611597
498.01246828321
513.456418519285
523.725675641259
494.543414969667
497.417279404149
508.08235537522
501.062640827219
498.729415552104
523.819711702509
518.236489970883
520.794843053181
502.161550545412
492.7045381144
510.808923839642
514.810899456222
501.104332908931
522.499861321096
496.551857440936
501.671243518093
502.059774678085
499.158107557839
537.104261889185
501.261973918501
535.169632782779
515.633055650994
510.681005235085
501.000651076474
505.385219125713
509.706366921812
499.468421603709
494.915182194013
505.189034695088
495.125465994474
493.008844069097
504.091264688781
506.776428947893
509.63040577176
494.494490577454
526.119213787346
498.43910526333
493.860609560605
505.319469773379
497.030782099395
540.442262688386
506.518433406158
492.063487745979
497.20269931675
493.814110500397
503.959976375753
501.506912024542
507.687559145355
507.500332003365
533.557894510257
493.120384512594
505.181048536255
495.815570297816
501.199597517274
514.607354680122
503.769503497334
509.013655417345
530.812819657819
506.984615815591
518.557500637343
510.515044890217
494.783255562099
516.247569883697
501.853923063134
526.357495568383
492.925580255973
503.260027374455
502.656556124513
503.514401342881
504.521646376605
508.907840535156
512.473651428685
505.104827671773
528.3226821583
501.515099008825
498.650278358819
492.181506436662
531.526279122937
493.700918477814
507.024400838931
503.472524376512
516.483335324723
518.56485859489
493.490195770153
526.240390944503
514.83945095146
505.445347289902
510.442855734214
502.560137686894
507.999513492115
509.573616505785
499.004531043132
506.029974962794
510.170090705669
492.076674070394
497.400322075544
530.342130891197
512.058877827832
512.581360765149
522.535864260731
499.300674405233
521.554698077161
533.949416754342
492.627004516424
504.048455106517
518.36928087532
501.990895601546
505.200392128155
492.758768589888
509.840022478078
507.860858706063
498.60605744149
507.3800316466
498.636897561733
497.888053834625
521.016691686692
514.890784384084
502.363018931385
512.298536384293
519.400413209035
496.546057951117
503.714032129888
524.690963083312
495.872649967223
494.718623165794
508.717564828879
509.781811397878
530.743010528028
509.644211979877
512.549659492315
495.183222816286
493.107975674774
507.226665901898
502.261145189639
510.972589711404
534.802763648471
514.462602947768
506.315881764727
508.108104858866
513.107212104628
517.194121726631
505.756188676397
496.298985256237
496.367211995924
492.957384659064
495.436706224055
506.962625929489
543.542042300384
530.17466496575
495.619811254841
510.476417000148
512.304802945374
499.556329355461
495.26359127127
505.737066849207
499.86560117339
525.31288720694
507.345609840875
511.714402692316
492.087317651848
503.152239215792
520.415337988741
534.831322696275
509.186636165115
528.77651036333
504.419738799576
503.980083959716
495.499509662977
511.514323406119
525.621470705934
523.590986646268
497.708698995061
519.948267042214
520.662951854745
505.642706286771
509.906427904678
506.880536860504
553.479400209241
492.131072943302
499.870716679632
496.719769528406
504.23367209461
534.566521925243
520.062316119593
493.860068969675
496.034165810032
509.797582714829
515.131161968451
497.224288117932
493.426630141662
507.815095540613
499.863866972378
514.893546422337
513.319483330721
504.114232661428
499.63801609148
501.217616003433
501.05083102503
510.131573562764
494.323824256329
492.033494520374
516.296727635338
499.47992334
507.43039996324
493.891159031583
510.610586288181
524.897089941259
505.366867717659
512.147811877102
501.764641632512
515.673646301842
497.338498571393
501.851292093155
501.957761517064
501.542420113186
510.064296792431
510.437684903131
519.766576139069
517.620617200319
494.743479849208
502.001794990336
495.424398709007
492.480544020165
509.190687104906
514.182412343231
514.524027839941
507.517348694319
527.610584736335
500.882819951675
499.432104003591
508.153713120793
502.20998980982
497.636651959933
525.989088038982
496.409275192257
504.485317340044
533.968156972625
500.229290149426
502.682589685979
502.106975752959
513.710883916353
509.335887479003
507.142437250552
500.175877680011
523.906217828089
505.544766828134
504.043613882407
524.009708827147
520.111778785419
518.233116846871
497.41526111965
511.179035258826
526.320156353829
502.245169631061
512.303053545786
502.634997382756
507.761633021729
496.330659025332
504.597707948136
505.375978087957
521.486255795083
538.352056902137
512.241421402903
506.47476214354
514.645814965279
507.172970188024
495.95735207289
524.550820110248
504.424404809006
514.433499603529
532.93375147409
494.381850782157
511.860568275208
509.909316014725
522.26532415502
494.261336168965
499.692768296179
499.996999107815
507.545277900536
492.547267165677
511.479969392615
496.884294682952
504.119107664089
501.505520824217
507.772299152117
504.620897405177
494.180340103784
503.509482111334
563.546416491436
509.125565954254
547.014260067369
502.291443381604
498.351861352946
536.878104906875
500.61563180136
497.875492114981
507.153856726734
515.151557348854
497.998082410146
504.238497978098
497.924827646034
514.706801607599
505.7966925083
501.796419425742
513.017467238347
507.609721494343
517.111938113909
507.075779507265
498.740181277103
506.328276209549
500.594838169951
510.781899837827
516.556473438314
526.970658693813
518.025141903614
501.071123401803
505.021254950204
505.30196208102
510.152821666607
509.319167066967
509.411760914368
514.716149773426
501.818067869793
502.340911034476
496.905433754881
524.549551423109
520.336691411876
503.683961370292
492.783286389168
530.835579190818
516.851296179662
496.967923969636
539.153669943
498.184046490438
534.574774050897
528.247721917635
509.536368463591
499.136064967869
506.078445622232
505.375370876923
492.388412880148
511.092880226435
498.724195858114
523.116023095517
491.991831885245
506.536027027048
502.219654078149
504.421151747897
503.988944853902
515.168950639519
494.75100399947
511.69245747685
506.338402924883
518.903956187572
519.654743270821
521.593182103214
511.475829475174
517.447457519012
500.768680280839
525.673138693264
495.834264704681
497.515496107447
511.979665972239
503.369166873357
