549.391060514861
545.504510871419
542.459636363426
537.543047343481
533.107485777128
532.521829433632
529.871498199196
528.951934944469
527.204751503396
525.795870509284
525.085272513577
523.007783157491
520.496455016002
520.415226064914
520.375325950857
519.233148455663
519.02343394701
518.379164311499
517.96436023344
516.881552615622
516.195800702925
516.123513019665
515.88362633204
514.969030565293
514.882620445979
514.658545794985
514.224499098023
514.085024112683
514.045066650042
513.64353832098
513.503162004523
513.341943005919
513.18680439652
512.524074014015
512.016489593638
511.459523499516
511.421044452543
511.168617152658
510.799394411101
510.714683087152
510.65967853908
510.277157449839
510.209442738943
509.974372323389
509.902747820863
509.419792742897
509.300380961352
509.019713656539
508.775840122868
508.702159941443
508.532745686243
508.073330046472
508.001906187557
507.958464027102
507.832364768316
507.7000093747
507.616092225321
507.055355367642
507.031651183602
506.635011892712
506.223348041093
506.219426963388
506.198033935134
506.193011993114
506.152198336297
506.114355078454
506.104904783516
506.080730606283
505.891307065337
505.768543091089
505.435679774045
505.378442160965
505.174326653708
505.04013776582
505.022843154183
505.008895905758
504.919169521008
504.856255190325
504.5974797523
504.488439052636
504.4249226948
504.371897077568
503.799785773903
503.744121264288
503.709223300655
503.604715998542
503.548693504753
503.419427551599
503.40814505375
503.320856431863
503.198092026569
503.116906661264
503.112014650808
503.074396474243
502.936014362393
502.790732958035
502.691564357511
502.691224738231
502.402156378657
502.024419364783
502.009248130381
501.869139751986
501.820201929758
501.660462074997
501.65452277531
501.099848823351
500.913919741086
500.832945932346
500.686602613978
500.624660349944
500.446848607302
500.21063676181
500.201369328124
500.200150485012
500.123472290005
500.103959921859
500.009589078591
499.912916809871
499.666052932268
499.592901242464
499.46206897353
499.244309417975
499.170082264034
499.09730950931
498.934076066024
498.883453798107
498.717761944597
498.670973704947
498.639421555222
498.627978823438
498.615696540162
498.572633707325
498.560047780784
498.560032130492
498.350170331049
498.346251233082
498.329827523798
498.291785631028
498.209934753735
498.122224208037
498.00736654393
497.856071961216
497.792821751699
497.752524613893
497.713512823368
497.669633224692
497.64068240611
497.608412416198
497.553519155498
497.490811568229
497.488214421881
497.37845911047
497.372398559617
497.295327881361
497.267432472494
497.185770760744
497.107462588106
497.101314310936
496.938655790572
496.896544892938
496.730327564931
496.462327603547
496.417469423074
496.390018504055
496.307687796158
496.299794953071
496.259620392
496.131272720068
495.889227954585
495.885478221611
495.770930504557
495.624128969648
495.55759081321
495.474462849727
495.469822543469
495.35535186333
495.230513018443
495.119406949009
495.099548237449
495.061855181272
494.882563653539
494.872107027724
494.774510205914
494.695107744005
494.67890944325
494.471871106253
494.372525933662
494.362268969441
494.25143950198
494.240905340552
494.154319029262
494.065032126164
494.051535575051
494.015200329642
493.955777970396
493.926913607159
493.873666645784
493.826218818772
493.818798650651
493.795576152895
493.739477374587
493.71431508484
493.666528372725
493.626035631548
493.554869979092
493.542466748166
493.171170128523
493.047160458019
493.041242858548
493.009374235702
492.95692288314
492.915209223928
492.88647756551
492.794700018349
492.765367596363
492.761406043018
492.714870074028
492.676161594177
492.673619506841
492.664008684488
492.601287520202
492.532020208063
492.489299377881
492.356422054967
492.34083826736
492.291120916057
492.253320845689
492.215751291996
492.148592120272
492.130360337678
492.006563497945
491.982283595567
491.960039409552
491.880771469834
491.784902449231
491.757264783468
491.728242905018
491.724270124593
491.601565391689
491.591775662572
491.49623625315
491.409606664242
491.283224433954
491.11792552327
490.972530748486
490.914837653441
490.872625385206
490.748937460502
490.735879010792
490.718363387227
490.592489778266
490.373659084499
490.356160768297
490.312620921939
490.175552911529
490.153387386843
490.127567807651
490.089713543153
489.953015073318
489.889318347081
489.870597653767
489.724891126996
489.699324789302
489.650493307953
489.577235690177
489.499451338155
489.481812137436
489.469661299502
489.368750117047
489.300324528303
489.264323271865
489.263818678579
489.255103333913
489.177682544142
489.15861551245
489.122150452582
489.076672915323
489.067577499922
489.051736426728
489.016414539635
488.964241634802
488.941385213503
488.93856719197
488.885188343738
488.872755279709
488.852316500928
488.845732352943
488.606457946399
488.587393092415
488.581428976134
488.487117107499
488.415993474433
488.413588571531
488.412886171867
488.400112896272
488.257491192242
488.173606176833
488.045106650924
487.957540988914
487.903395055078
487.873473340527
487.8623091537
487.852313996589
487.718234251572
487.677206310329
487.642159990102
487.543744547229
487.516287191225
487.484231338621
487.304994634055
487.186649602007
487.129650431665
487.031560283387
487.029284801657
486.969238448049
486.820449981257
486.770141794689
486.747232012991
486.72195131801
486.6766856717
486.55967260671
486.500001080296
486.259913403083
486.251955904057
485.991946266022
485.933914805741
485.870251130605
485.856732073076
485.812156647462
485.803271643185
485.708703394077
485.70187337496
485.526631119936
485.472208379873
485.439578794202
485.416038138558
485.339087990009
485.263186715969
485.24072210221
485.199773929629
485.172746959975
485.117417051038
485.101286139303
484.920186358002
484.897345646201
484.853187859443
484.831442213549
484.694088785611
484.622842291282
484.617789706538
484.609274139239
484.603902973533
484.602559121813
484.578317632086
484.574335410217
484.513910400694
484.480636263941
484.477808542675
484.441538188907
484.350234191449
484.239173800103
484.120680820973
484.060581459125
484.02355244113
483.879534223957
483.690332913091
483.656711419088
483.613917615775
483.575141159368
483.553619108033
483.515736717661
483.506002506181
483.429542522403
483.386714134176
483.32055806561
483.319264221015
483.310616477778
483.300900763704
482.971181640047
482.918527186683
482.847040499331
482.834488173947
482.832154051672
482.823408510155
482.729180058851
482.638494751752
482.626692437546
482.591714361531
482.572292449204
482.504093413683
482.427297223011
482.418778266086
482.402878864275
482.398997570664
482.376133898095
482.351092403878
482.322412009082
482.260475431156
482.22337813821
482.158962434176
482.085890486171
482.081661227017
482.04157165412
481.981275102366
481.959040655382
481.890534844999
481.81213346352
481.772852278302
481.769776364422
481.76183380285
481.745014270323
481.741448720337
481.73052420207
481.721305152239
481.666748626628
481.666503835018
481.625135749036
481.614747707692
481.605944242717
481.60460800624
481.493191251084
481.485458263782
481.465989546684
481.439121775677
481.396280981178
481.193214135312
481.073593777189
480.961940843611
480.890383606667
480.793725051778
480.681336596574
480.6806612723
480.66258163407
480.652947234839
480.642463017154
480.525944304528
480.49433536852
480.471876025031
480.471474579542
480.432115547169
480.425539843345
480.376315810362
480.342548765391
480.341811685125
480.178236874788
480.125518959137
480.089440350267
479.971963182006
479.91171882313
479.786434780733
479.768314316422
479.716388350978
479.673601405139
479.665759462376
479.58253343682
479.563731586055
479.549129416414
479.490851717881
479.399237710383
479.346727434541
479.287674063465
479.278675695713
479.269577535107
479.255032589024
479.253457997924
479.19813962413
479.177424342957
479.161766857506
479.118099855609
479.094866955689
479.07848822875
479.042438528353
479.036669464355
479.035230204074
478.943571924601
478.836969251737
478.671494419244
478.634545216139
478.620973549984
478.601716355561
478.556856532214
478.523544255745
478.512535602678
478.494842766376
478.443083519951
478.433878558696
478.381901502152
478.301295165674
478.299058431014
478.102953235095
478.087807409538
478.080988768011
478.024003418973
478.002949090597
477.99419767496
477.989635952442
477.921511999482
477.850796346892
485.109269548805
501.400746000486
502.156269133571
483.105327589007
480.124687848902
492.133777869605
510.555725223476
482.382112100911
480.399050156152
492.877042232564
495.821495230486
517.264889981009
507.908430078416
488.240269868983
500.391033221689
515.460723265648
508.003269469225
501.008439357417
484.43292379757
508.398736940854
502.162101024491
479.998157052609
510.428418599204
512.86038093786
505.125458768361
518.844078996398
482.069694506017
497.008562214143
515.53924238965
485.904644587812
494.05269319858
498.614720127407
508.71086171033
486.651776072264
521.553522547401
500.805643985436
501.78981451444
483.059544462729
482.466861023543
485.247733393186
480.900140101824
504.557593765042
480.617062504827
498.453597988134
500.40035555466
491.198676019544
493.62571630378
485.375714717164
493.134271554037
481.993949813845
483.778435419567
479.235199599427
497.471578542564
498.490019798877
482.268174316333
482.40617574186
531.083824345295
497.730497792384
507.71514644862
483.711157610911
489.046305241964
520.379686517383
490.343459632142
541.639525708829
483.796410554416
495.39495960864
490.866388321281
504.206319013536
478.056955225245
499.89110387059
481.1903852442
541.546017540056
488.313930677535
488.403004884741
489.119363279571
483.947832932614
504.371136236328
530.335323186397
489.926477254814
504.165175329577
492.783488225892
492.62801965158
504.9532041564
479.918296971004
480.633951409697
478.169484407331
499.48542941892
495.120760577905
495.510904473706
514.108248992276
502.167678741081
492.266778400865
500.176119203338
502.458491487677
487.252265998997
494.822158532065
494.735861385648
501.716056743555
489.386401897926
505.406412008438
492.207667660725
527.395262643571
481.049210950162
505.203662999954
518.511599977108
482.255842793224
513.34926597288
484.212517444621
511.794596772998
502.333056619772
507.053892263681
497.39622146414
489.656419769556
505.748670643115
495.779807099412
487.881785891097
495.322649313608
509.294567082729
491.481742964679
490.830665596226
479.333478246958
481.655712171429
485.762637868234
519.971045857776
498.645661116092
488.652326882112
489.632843210933
491.200066338445
499.915418739921
496.35726386156
509.352491244837
491.856084169714
499.832197629014
478.88634844346
478.248509839564
480.13805067488
498.196096716102
486.640768621262
480.112980720931
502.439187384815
510.344391022319
486.546384252468
502.364054856896
478.331874869756
485.356172123965
490.918012570204
482.238090388556
514.81253302263
494.804222906299
516.929613856716
500.377070993444
478.559923354717
500.145069754698
489.969716447034
484.243915805923
494.358682984291
495.0795369331
479.056843140521
490.248164922199
481.45166201385
487.595162875547
486.361637011107
499.444899561187
484.630099091431
485.177096087225
505.982428160137
510.09095209633
486.736975987852
488.227400623239
507.547824753286
497.399730379921
512.172611591706
508.314402131719
490.070193230164
501.415958530387
528.617784338243
487.400392220444
517.269980617217
478.429970642799
514.332034324695
478.619684156527
513.90179653591
482.647470790753
520.591475859909
485.835071810342
504.057926176818
494.262592766731
481.622573062788
479.680306959004
499.858257468899
491.4944379121
527.59509294329
503.500111865119
497.142560844312
481.952830985958
488.253541728481
488.402410940832
498.678952268008
504.361470202044
504.042045333138
500.251997593435
499.177744016097
525.229030424685
494.552014487138
480.520077930701
502.506916677027
489.437530023655
479.721873119751
485.764932919906
529.455670039265
483.871042437629
518.750169574175
520.333949653738
524.645111043431
483.887470883467
494.79435167218
500.033052742453
522.575265048516
497.677654555539
500.877614956267
552.643563779503
489.611363472739
478.369528477886
484.950955742287
478.753676659437
516.270276245716
495.379700185974
504.673838064489
483.207345346733
480.327489571122
479.357121840736
487.71025059035
485.13863449257
483.967885405597
506.698288302022
478.562453004001
504.534607494781
478.512304340199
489.286603465817
506.53071959222
481.146705880111
485.876658261114
486.907233644687
495.038362763871
483.870604187385
477.98525237651
490.393651562273
488.51215849883
493.98699289498
487.726493944799
482.992003760328
481.388522898348
519.872053366886
483.755042376371
494.960170949095
490.089699940706
500.588656855799
490.949952350281
503.047191303671
509.187933678219
495.78618404548
497.595900933367
518.925228818355
510.476665690695
511.421128105301
490.451712167
513.883595139843
511.709153936995
543.171299730119
515.383680859578
492.888880373618
488.096142468469
487.514266492124
501.823855784574
489.119889615145
505.443543540289
488.946021993829
482.073995411698
486.73783828655
542.683520910353
503.814620855509
484.019556516659
522.828139751202
480.964988461534
502.674891418632
488.228277113866
486.875526730489
492.394804678835
498.615177135918
538.404642733872
498.306966114654
486.816433008485
486.157950325384
498.83571797456
505.595789373369
493.048513780748
490.557256938149
525.846844659948
502.797258435303
494.429555499368
489.790049057409
500.856303188348
527.842558863421
522.061736087466
492.616244642966
498.599533655023
488.406963295245
501.139785661868
487.586304573529
487.408786083514
491.037888030316
496.771189342868
481.93852631105
488.710699065249
500.0555740272
503.52270113173
510.653590469335
521.712909421106
511.44166535376
482.247801796064
484.525000106923
499.019958273568
488.766695938502
481.845475146036
487.690982630699
509.391945567029
494.281678344586
503.972209820655
532.269839200355
495.875604948034
482.850372855238
478.365171403047
478.996478582651
485.360923314902
485.1402891462
488.903514608904
480.682049183455
483.179132018811
481.03850050055
512.980443853989
490.420885904411
481.771469194761
489.282404720121
506.489049559066
490.502234552263
511.293608184708
489.912107941545
548.420257917825
503.011451991356
511.944908574149
486.760994580736
499.646909218334
507.05195434556
496.102973909154
479.568154451578
492.355600571594
495.690050251522
508.319788200992
487.623729633541
510.754228914525
489.651963504989
493.558411971174
502.853122259362
481.106652891819
529.824016291886
481.279831910411
483.379553948459
492.158681514001
488.714436973686
489.882512297065
519.815611305616
533.503162607135
478.321928554658
485.5731135001
518.777368794736
508.670425574978
481.135456065294
486.57829687911
502.018750022351
512.111205830874
491.874028518999
489.752291498732
480.003980699865
497.543044446551
478.465564158225
484.048131431693
489.781169863116
498.749785791199
499.652349671043
509.706206718543
497.556634640588
505.406210756348
493.733419934742
488.938584076851
493.731969868599
516.194626239465
489.617202130416
519.250773188555
500.712691538991
500.751514594812
480.110414584872
491.116043111792
497.742572904045
485.568830745166
507.752893749394
499.740635048127
507.326230061864
505.034517672404
505.317749095081
506.250462704766
502.665078164155
505.76666180388
491.850966959989
500.342411479822
488.498827887674
513.002531218053
492.335212590664
497.76564929349
502.875345356264
490.600020676386
490.824570191836
501.706273844369
499.725064032776
492.710171156799
496.560638152326
515.692666882295
491.466946032984
522.218425997889
520.017649387815
484.694744101391
480.318245989164
489.025713754916
479.305152648877
481.942566571059
479.412254090675
490.205231313938
507.503237269973
502.263744013827
480.563823783653
490.518500314681
493.516188062128
526.499463067117
482.192361202223
484.371566027733
487.472612164505
489.661563267883
487.630901709177
487.477168123776
488.891426932155
487.228782072438
480.180166163708
500.884640598345
495.843541652421
500.98291708331
478.327987147025
507.039527866487
501.107134943505
481.070362871696
494.379655258263
478.656292789854
487.092372730756
498.055031174788
508.268347410545
497.636396685893
518.135140817547
497.955025185418
503.342817681707
487.399578098153
486.827675882049
487.764840915341
484.837308022588
500.11687356101
488.219090495686
486.45571130334
482.681302308317
479.655738698145
480.597279839593
515.738871745932
519.387393837817
503.232366708089
483.520723043805
478.567475615174
496.471387329856
507.838539594679
487.322782545018
497.366473737282
507.129766886652
483.083736554023
508.690117675923
480.938608689111
484.905030227263
482.758836926116
496.591167009333
492.340144716472
484.749742301406
488.639638171539
495.034477377751
487.046903623641
486.225569475922
479.815483695926
488.952394334103
487.615877089667
