710.154530649569
709.208956171583
708.768807222147
708.723733857759
708.575434838168
708.513492692241
708.405017922893
708.373855504703
708.304064779654
708.179731925821
708.109581158334
707.873233088859
707.809261632453
707.661563863436
707.57761820635
707.504992094179
707.34493122054
707.314758898921
707.303876016024
707.272807125132
707.264965477239
707.245377636768
707.235106415244
707.109984608495
706.990130088981
706.968953934586
706.896360462464
706.89594261393
706.766031829721
706.651115973757
706.648233039074
706.642437374656
706.637007835184
706.541809903777
706.460072281177
706.306707635635
706.239410173717
706.203482652248
706.203044096486
706.190053967523
706.180003465807
706.166043845883
706.157571853246
706.134445363752
706.117589249924
706.086444750397
706.081437005525
706.048525876549
706.040416263303
706.018412589408
706.011501763992
706.01137410003
706.007816558043
706.005394388382
705.993057830688
705.96274208867
705.94752433063
705.927681562508
705.918423328578
705.902643651501
705.891949500762
705.86571552243
705.860772218174
705.859531660832
705.848881496563
705.841658627044
705.830438644919
705.824234886605
705.812664696831
705.81079097847
705.794548054442
705.774293045909
705.774281617304
705.752407718934
705.736237102638
705.730582648145
705.729686800951
705.707064389925
705.702986359577
705.692912328571
705.678852178667
705.676157085613
705.674501466701
705.656367067499
705.649010131627
705.625553741716
705.614428979499
705.612258656139
705.588442515407
705.586677456454
705.584545743497
705.582223322629
705.578178487205
705.573621514201
705.57126743456
705.555362456553
705.536777532008
705.503131777739
705.502528055372
705.499308078795
705.491373319322
705.472658838803
705.449959527791
705.440852400079
705.423674441693
705.412582722477
705.399003003279
705.377469637062
705.375823496158
705.366069579841
705.361562638656
705.355178613352
705.345309891607
705.343620541309
705.334741104126
705.323599835575
705.315883468254
705.311298897225
705.306483715182
705.299816984829
705.299756786866
705.287619918988
705.28501595287
705.28354115619
705.277228822311
705.272686156497
705.270738996715
705.268170506652
705.267452465191
705.265442086861
705.263619108442
705.261176091847
705.252279130748
705.252204063886
705.249497571697
705.242730501768
705.229470697614
705.226477215151
705.218846175228
705.218204819165
705.213681821365
705.209466106698
705.197386703356
705.189852624217
705.181545924386
705.174297647039
705.162586379115
705.147062210138
705.139234778848
705.121052775338
705.117775602398
705.116257552805
705.116240221806
705.113200368522
705.091879737448
705.085975006686
705.085924945202
705.075674088288
705.073298955193
705.069768923147
705.066592214669
705.065588245481
705.056458487337
705.055432059827
705.052232895664
705.047438502053
705.045397559822
705.037959909288
705.033300859799
705.024944246269
705.01500766563
705.012648364268
705.009153298465
705.008391270673
704.999294246944
704.998710839763
704.995715813361
704.994063520133
704.986714941636
704.981127529636
704.97073054234
704.95570137148
704.952555891879
704.948445656639
704.938797404902
704.937979629031
704.936178310048
704.935410307867
704.922458500386
704.917986504058
704.917698357226
704.913528486465
704.912271898187
704.907386294459
704.906344086882
704.902338633226
704.896306190077
704.89552755037
704.89116087917
704.88708192133
704.885864466274
704.882703036581
704.880568888301
704.87874966365
704.873060936647
704.872913253151
704.870478085598
704.869115813579
704.85964155201
704.852861537384
704.851667404888
704.849595353031
704.842790513054
704.842523001073
704.835470813
704.835371902638
704.830780330024
704.82986705019
704.823870361522
704.820938590838
704.813186546524
704.81230243651
704.807732523433
704.793805626599
704.788622306374
704.788582985922
704.781211095179
704.780384449346
704.777534839199
704.777215150402
704.775748143485
704.770732993857
704.767811562563
704.765837115879
704.762137580848
704.757289376327
704.755397595547
704.754469817022
704.73717259786
704.736315095006
704.730411886737
704.727597892773
704.726951810424
704.724719821928
704.722177833716
704.720132946987
704.718177898929
704.712142222559
704.710799616936
704.709796090824
704.709186730446
704.709104873506
704.708307235461
704.707311099908
704.699983001528
704.697421304711
704.696203326993
704.696104336519
704.694963997752
704.690630190868
704.690382648974
704.689329622619
704.687286141848
704.683064650064
704.671591503358
704.671430525082
704.667835457703
704.665100782193
704.661323810614
704.660637796308
704.659369284322
704.652073329258
704.649634592793
704.646540140573
704.640925980944
704.640858913287
704.630823540513
704.626684678373
704.62428686544
704.614428933228
704.612514693344
704.61247349556
704.606646702147
704.606056733287
704.601048696424
704.600947106131
704.595718092183
704.595027453805
704.592944365144
704.592944010445
704.57299256683
704.569762232065
704.565925316687
704.564050724205
704.563917767831
704.557805955882
704.556376101447
704.555828216354
704.554105142877
704.552740953985
704.543895202755
704.54003618422
704.539433199452
704.539295430228
704.538396942453
704.537644569343
704.536501391733
704.53377015419
704.526946521319
704.522771300901
704.51678239101
704.51631392115
704.510705535466
704.509894250671
704.503692249481
704.491704707002
704.490723360379
704.48674274657
704.482627383666
704.482275397993
704.480788838385
704.477785819936
704.468084798225
704.467267586759
704.465939582899
704.457288875129
704.456163964064
704.451771964082
704.451364418081
704.446409148333
704.445391966649
704.445179883366
704.438764990771
704.438305464367
704.437746709992
704.437135270585
704.432315389866
704.430493992905
704.429928841418
704.428774767234
704.422486188334
704.421856836657
704.41943664452
704.417507074121
704.40732741163
704.403366615509
704.402149861302
704.396031650979
704.394771404723
704.394425438835
704.390976102284
704.389869697054
704.389046638916
704.386603231316
704.38530651476
704.384861029141
704.377062326367
704.373526392896
704.37172524716
704.371261470546
704.370439647111
704.369112872433
704.365816010514
704.36551027625
704.362617008397
704.359578445954
704.358469982717
704.355934058762
704.348217081387
704.346882256227
704.346466962296
704.34521120424
704.344735325911
704.337160387371
704.334405286428
704.333667386359
704.331249391523
704.330623269811
704.328866521896
704.327242674133
704.327073824951
704.325816330091
704.323776144414
704.323205519534
704.320255975402
704.311079078014
704.310938286744
704.303658166434
704.30114355351
704.298019658482
704.29028141654
704.287717277244
704.275542403169
704.274942989491
704.274928492381
704.274790950997
704.274304660012
704.27199745458
704.269903389873
704.26900480968
704.262837468277
704.261375932829
704.261262413797
704.260192012242
704.260006030451
704.259581368609
704.250272852756
704.250155491315
704.249271536973
704.248030177266
704.246352904308
704.245815379491
704.242390491375
704.241040305684
704.240515369607
704.240409019066
704.239654565766
704.239448052375
704.237240538397
704.234961541773
704.233976308842
704.230952536374
704.226557378653
704.225094462867
704.224505550092
704.224415249419
704.220987857702
704.218575747009
704.21717958205
704.210070424761
704.202284634813
704.197436519914
704.195913969161
704.194362120954
704.194269391289
704.192006943308
704.191717043337
704.185194695474
704.185099958398
704.184031559166
704.183995685435
704.181066644589
704.177132625733
704.173263889195
704.170449556222
704.169212927739
704.168647954676
704.165754328611
704.158927633826
704.158601633047
704.157881826047
704.15753336716
704.155988169902
704.151793787431
704.151375261924
704.149044098527
704.146474687737
704.144935622972
704.142504930532
704.142122376856
704.141089347772
704.137489672957
704.137429035252
704.137190497925
704.134951212411
704.132981428216
704.131708568
704.127034151345
704.12388390781
704.121119047195
704.120443399848
704.116439287712
704.115731552842
704.113620845109
704.113572517597
704.112195770748
704.110006814145
704.108846639813
704.105453432736
704.097240023877
704.094410580359
704.093146844172
704.088617314216
704.085035466678
704.082885866788
704.080869051322
704.080392349195
704.079803207728
704.078925698783
704.069760731948
704.06931768625
704.067475639482
704.064593289248
704.064506816491
704.064505685553
704.061677292191
704.055070778327
704.0549856566
705.167306027682
704.807707075184
704.586953486292
704.091807798087
705.153545309436
704.885200963944
704.599900965764
705.360304567337
705.120118032254
704.64735603716
704.341124661003
711.053263479742
704.346606531019
705.625942167663
705.314547814256
705.54849631496
704.81813433149
706.069741865839
704.773896670047
704.149915065983
704.956666352595
705.647007224709
705.619545394733
704.350421334312
704.902437134451
705.450711571088
704.301077277493
704.644659033773
704.681965753542
705.238541924986
704.239933373559
704.614788913877
704.773066585632
704.55659276389
704.60680502387
705.89739439559
705.414042032994
704.962111630655
704.941555542143
704.238602176874
704.691189607145
704.402615128783
705.599824039892
705.540084123979
704.159997812782
704.868707031568
705.259365609991
705.855914484174
704.245031145554
704.176732900041
705.179925875839
704.635387521797
704.992757637937
704.32418553428
704.936366228589
705.27356618881
704.609551146598
705.307921939459
704.278072900424
704.501154341212
705.063370743817
705.023500944319
704.464028207715
705.149199411492
704.368343838089
705.306549740236
704.979823756185
705.180685427989
704.426601230841
705.082466015141
705.674588928183
707.667020474488
705.880143904233
705.560169411592
704.52618242383
704.082058341039
704.2065713157
706.222597864831
706.566185788596
705.251074820154
705.024496778706
704.388349669958
704.081357553546
704.322040338493
705.812175983736
705.485252032139
707.596339380228
705.664283110716
704.086286015376
705.627607892913
705.456487397825
704.533748551488
704.629808260087
704.251224415811
704.152347336103
705.345599781478
704.9336333184
704.263266320788
704.197226564955
704.752849727337
705.033737711825
705.885565537311
704.048661278843
704.149903982318
704.116108792366
707.127620541747
704.346369511735
705.767990286372
704.980777122604
704.073878319561
706.038007045261
705.779046961322
704.277946080086
705.121822159014
704.121492540628
705.4208503688
704.230365251168
704.847010366018
704.793575813377
708.51472784362
704.869083903009
705.531824567709
704.609904056931
704.310377771347
705.138475364371
704.424804679783
705.910573619924
705.405488306511
704.632052996678
704.87159218519
704.684788531918
704.059483228371
704.373861003465
705.191065363238
707.17805100674
705.128864670483
705.448396618369
704.432768803676
704.248630411598
708.111358609243
705.436379960919
706.647245425935
705.650458578337
706.013485001325
704.438257242699
704.282444286706
704.595808538513
704.192220101183
705.18180372614
705.873144980481
704.27633668444
704.422776168759
704.651257538277
706.16915540559
706.223357059827
705.008366090629
704.59928247326
705.305182150062
705.611333774964
704.352740255838
704.588760516958
704.42909688791
704.572852341708
704.432103918455
704.710033822884
705.953313224931
704.134549375757
704.667391945764
705.115099872917
708.005182265569
704.329240377046
705.242241640119
707.814714729663
704.271114134487
704.546792191458
704.418075439937
704.119279696066
704.434398731539
707.756691596082
706.056001630475
704.95307572289
708.536588992426
704.091811133984
705.378825970527
704.222465436521
706.042551507971
704.511292413565
704.251891420584
705.782632873508
704.131014878739
704.382825806258
704.137667471795
705.759210939835
705.642041289613
704.06942228884
705.69940171861
704.369614161003
704.471778617931
704.704302580713
708.181475217953
705.868295524576
705.185030330626
705.978397297054
704.503784250467
704.448141860936
704.49061886018
705.000028249773
704.370631185323
704.772482813414
704.959619212175
705.200162002151
705.496741212932
704.34266648704
705.040688048667
705.402257280912
705.550157536239
708.188171307037
705.328281728511
705.026008475183
704.081757727178
704.282738601618
704.257263126721
704.296680611249
704.710333668187
705.043135572998
705.511022917648
705.134921115716
704.234693709405
706.897787406429
704.220505754875
704.889671271069
705.367617691211
705.0529512224
704.746086381975
704.828821213936
705.196186378428
706.456054598352
704.483724174437
704.888430639669
706.256817590835
704.161927172531
704.393264658581
704.424250473711
705.639705294292
704.154936051386
704.40154088312
704.480018366654
706.168313370594
705.254940721682
704.105184657863
704.988626547654
706.576431034999
704.090528841003
704.221862241439
704.496268812941
704.31036919821
705.195671558979
704.631500886789
704.861602442455
705.219306973434
704.086100527241
704.652146088435
706.625821556134
704.747340473903
704.913166097664
704.452314772348
704.119999940549
704.576553790135
705.362971276445
705.186997917543
704.09802697003
704.816239499243
706.380993143172
705.033110148544
704.409817730681
705.608856490419
705.308703206482
704.784649549661
704.293966750052
705.051764364919
704.512945303848
704.335431599307
704.66937380852
704.165184930973
704.069661062394
704.127731430222
705.365511329789
705.099803190667
704.321751333669
705.342000035246
704.559898606263
704.39076229078
705.217317083294
705.104025761304
705.00184962287
705.709324923579
704.779196833972
705.311967289457
704.84437260355
704.133366275849
706.61601302441
704.742249109568
704.83047026933
705.030965915546
704.068054959698
704.447889720988
704.204411327158
705.159605621074
705.315857613638
704.899555575362
704.07774710858
704.565162577724
704.376003824177
704.138316054782
704.290926628527
705.9149664337
704.077217914213
705.372446523345
704.691515678561
704.229349884479
704.418602767471
706.553636275562
705.343583890107
704.140196214413
704.261784733894
705.577535899834
704.185883368576
705.325660416284
707.131286246539
704.313748087895
704.45164141188
705.549899404123
705.368803193069
706.095043042002
704.230219912094
704.939979020799
704.350300168449
706.492415083942
704.862264129904
704.120139584959
704.208450788398
705.82665817879
704.53962214229
704.19918843152
704.474451441676
705.386794938198
704.792817768568
704.740303055012
704.505875218137
705.042806860128
704.443987221474
704.344619280105
704.962348013554
704.762844898179
705.64095841536
705.70156233512
704.914593293167
704.603078240313
704.892991819194
704.953250536903
705.225894854489
704.250858365645
704.299789158572
708.318408198521
704.276220039749
704.758637797815
705.42505470521
705.508527208254
704.660024667361
707.55512913399
704.981168976284
704.066230141123
705.302979218359
704.311600477212
705.516311619554
705.532039515834
704.291606626845
707.619775083797
704.089461846432
704.484501540275
704.457379044093
704.39984935566
704.066173003882
704.720016659113
704.764537687619
704.576994274107
704.401996763389
705.276133077246
708.071774562065
704.181902113894
704.505975194972
706.466172037076
705.353608592164
704.895729653931
704.08422970802
704.933635724637
705.987488433116
705.795367931498
704.123565177544
705.909926684062
706.017840957917
704.431043275738
705.135341424467
704.135644048987
705.136458302197
705.398027203138
705.465293313064
705.53505453272
705.074562168675
707.103774706455
704.122258196147
704.175508849692
706.01278045914
705.300623038012
706.11807031642
704.162149926506
705.615598507221
704.924994862734
704.486358612507
704.863304911005
704.270918509176
704.782217282322
707.626454908027
704.936628016945
705.208056034369
704.057926661685
704.26212047614
705.554314826081
704.536588079205
704.162939750127
704.240465653905
704.346582358318
704.253842478259
704.755145938538
704.285339593246
704.045503258735
704.657034262412
704.529980707171
706.78819003022
705.4789082081
704.375233888518
704.05240002218
707.030959642877
704.878355210556
705.313582817884
705.26721307089
705.030508829974
704.179841769099
705.421258773394
704.482165917314
704.662326680137
704.290996476667
704.923972299542
704.464370439493
706.48111583713
704.842441714107
704.321366451635
704.084204040559
704.237652445675
707.864757543069
704.631735227778
704.293612249972
706.615392607674
706.025606141633
705.460332363674
704.586680393412
706.13804677864
706.268485164454
704.90393334387
705.612908995763
704.339732914351
704.912214070143
706.09038401305
704.487422964242
704.56075143797
705.299886113725
706.087976126774
706.181817041113
704.140610650357
704.064585115467
704.54568247329
704.418493534469
704.418266980548
705.515526163239
706.337785990731
704.989465148432
705.89809340419
704.077613152715
704.156139570771
704.4676937362
705.12514847441
704.151256387831
708.529931875816
704.98233688446
705.725778885719
704.707515097008
704.835245133323
705.616275777988
705.836282554937
704.125605963632
705.576353923322
704.811668819316
