513.18680439652
505.435679774045
500.446848607302
500.201369328124
497.267432472494
496.131272720068
495.35535186333
493.826218818772
492.130360337678
489.889318347081
489.499451338155
488.845732352943
488.257491192242
487.957540988914
487.852313996589
487.484231338621
485.101286139303
484.603902973533
484.574335410217
481.493191251084
480.6806612723
480.089440350267
479.716388350978
479.549129416414
479.399237710383
479.278675695713
477.25490783831
476.896353435526
473.935424420575
472.40551918407
471.97445741108
470.862520619523
470.735209784014
469.827975394486
469.79495058739
469.576272405096
469.4341858568
469.132792349324
468.876564966873
468.490203062511
468.482292655249
468.132817964138
467.992869369105
467.879639941257
467.875043977902
467.353701011065
467.243844228967
466.392583840624
466.230026207582
465.589041857272
464.715161468797
463.882640895454
463.64828215321
463.590796718661
462.877258696382
462.430374100691
462.103141398857
461.027516480038
460.570249866198
458.861426762388
458.503147474918
457.034302166994
456.538180056923
455.421290573238
455.12907940717
454.868121957375
454.654402393862
454.201238345371
454.037694374336
454.017642484995
453.851350919093
453.709255494171
453.656553981848
453.50337433027
452.896555760738
452.599682732348
451.81113955343
450.974587419714
450.736774299586
450.697575437359
450.487830205352
449.299763622022
449.162664615833
448.982882350205
448.674318129699
448.559145185792
448.37253413295
447.966268723537
447.751931167149
447.518426014201
446.840597167739
446.119274116428
445.549264592712
445.522461284984
444.978764191473
444.737078589927
444.668924747999
444.578371336717
444.533422156709
444.157003101765
443.499695082972
443.185362165572
442.063118945359
441.499700539555
441.130216589757
440.95578594635
440.544745204485
440.424431814414
440.321878942435
440.187549255535
439.954353858436
439.756468689163
439.714299472937
439.70857704822
439.589847791613
439.378184502467
438.755535453344
438.585583450715
438.136304430157
437.95822172003
437.635303362927
437.126538735119
437.008201422469
436.863485763008
436.126593128268
436.014365695426
435.542523684483
435.497474607934
435.14192241778
434.976701267461
434.270351208723
433.903985321391
433.484278188687
433.368635572636
433.366625404485
433.19897443555
432.966984722721
432.408544546526
432.091534100942
431.805094383785
431.694303380427
431.577778662788
431.363466861747
431.164608918995
431.074438814256
430.641848204629
430.638348228858
430.362193140192
430.320448952655
430.2207325732
430.158547452123
429.858631338187
429.723655596294
429.457291864967
429.405405627539
429.269645181733
428.838829108788
428.293564726575
428.244304812579
427.752757783491
427.391403858971
427.266566098843
427.081228510385
426.893503516689
426.71146763312
426.524820679918
426.185207067178
425.877035183831
425.800316005588
425.658657172778
425.552766274148
424.302960421003
424.288620432466
424.284047350199
424.049710836583
423.06365975692
422.929284415355
422.890528541947
422.837386854382
422.820178622367
422.765411068687
422.308049228572
422.037766430218
422.03750763098
421.952169733148
421.927808459171
421.667202970774
421.34715677547
421.252558135363
421.241485206262
421.177488582073
421.028825742943
420.892905240899
420.705099288211
420.452393710968
420.415201530738
420.306596708922
419.756104499343
419.373186386856
419.35659637367
419.345786367065
419.338574687381
418.75350504206
418.611907818797
418.480688602197
418.478704914183
418.36193618518
418.023347646668
417.882014409133
417.637250706985
417.493789771031
417.167076059763
417.102149872856
416.909262686918
416.908508055129
416.75696643346
416.67417936783
416.661555436173
416.221709821178
416.109284759627
415.697911831831
415.695146396468
415.648305396121
415.475556988013
415.197988529937
414.492572135486
414.177661360029
413.722934038567
413.648199217373
413.451699067787
413.37760882284
413.16285291827
412.966457162464
412.815073206115
412.68540802192
412.670248688843
412.662028279673
412.56637347723
412.11920845889
412.051279180818
411.529986016667
411.480469329398
411.084169227348
410.987886016561
410.973256322313
410.969447246365
410.956515246413
410.780846496149
410.616617789666
410.603824600182
410.449108201898
409.790546290162
409.349112903129
409.229811250972
408.921261828623
408.720557101555
408.452543896213
408.380949797611
408.29079367082
408.22858579129
408.064217552279
407.971720607913
407.849791600488
407.81423531335
407.626813099055
407.588474088048
406.672656671859
406.537107289073
406.493201597396
406.375647591301
406.192839136472
405.92573891985
405.909264149694
405.766547733859
404.952617193331
404.950539428883
404.765867986049
404.621470922234
404.509462217606
404.324111661955
404.076299248044
404.02060187105
403.815444790027
403.783821420144
403.71416511905
403.549043081411
403.403792814053
403.387423021884
403.309074090879
403.281346616925
403.233616237815
403.229642908162
403.192985932905
403.09691807197
402.993014889638
402.910310613453
402.829427960127
402.786422163847
402.78574028958
402.696843378048
402.682093227859
402.597695016617
401.782822321001
401.707798284859
401.679083386643
401.385645156242
401.236465798109
401.229547728155
401.171748678924
401.032620386944
400.855462166817
400.816154991039
400.762448260777
400.743602878147
400.708450352172
400.07929100413
399.985180776718
399.959837507595
399.874660451882
399.80630020895
399.770338396839
399.711144439107
399.483121081967
399.479803314095
399.447881621881
399.0512435427
398.900922730633
398.832210174941
398.765284252445
398.523308449689
398.165237132082
398.162961314219
397.977364648694
397.957506818958
397.93080730113
397.732995384748
397.531660573067
397.531597279988
397.373047057234
397.36653426164
397.264813480169
397.092476810863
397.03706140711
396.915639602124
396.893425241363
396.846400329543
396.84419969973
396.758771499791
396.665313027314
396.56037492384
395.958873114299
395.95064324687
395.888597661706
395.864213080672
395.69300166439
395.595743634542
395.167447312074
395.09028751022
395.066173697234
395.041849601884
394.876594725956
394.772875931104
394.575171057423
394.5082303089
394.49585786519
394.451106491252
394.199100602109
393.972182577668
393.808595416658
393.731586302372
393.700030572577
393.680090288661
393.573138097001
393.47416562655
393.456764997434
393.450564351599
393.37980848558
393.32814001652
393.285690949122
393.241426300332
393.020278795295
392.979821358604
392.952852686336
392.830770229824
392.622289198633
392.620568743663
392.440075337117
392.41360762283
392.139512149093
392.104112614616
392.101018937011
392.014164572591
392.011049029417
391.98624552958
391.931886803315
391.909822209953
391.817932924982
391.733195975764
391.471850988822
391.441403171473
391.421360132515
391.289834610941
391.205856596722
391.203108221851
391.033267753756
390.96518707234
390.859916509513
390.853233726046
390.753009738804
390.67390788848
390.451078068223
390.450719530409
390.450258595951
390.272809886881
390.046788617748
390.042658231438
389.944423979691
389.791536782653
389.671464721893
389.596538118078
389.565536839212
389.441810608469
389.407501786787
389.401793200029
389.196647506095
389.118788250376
389.089135381657
389.017739457497
388.829698587624
388.749857451065
388.708077584287
388.679201536934
388.662832892003
388.64114050861
388.635117840243
388.49235385526
388.426367953122
388.387076785508
388.375698755068
388.349235920621
388.34265255209
388.277205249733
388.196410164469
388.130061000156
388.017448925897
388.007486237948
387.889216261015
387.879070996221
387.827686948456
387.731858855586
387.699598390857
387.674374252943
387.657714300725
387.654829294991
387.474485134005
387.469206921755
387.428556748461
387.411353325086
387.379662798342
387.330678890866
387.327510520976
387.308434158995
387.304901448357
387.187358757711
386.838420536378
386.774141223778
386.759416777872
386.696120494522
386.642579281932
386.572239696324
386.473181976462
386.273476340602
386.261572815697
386.247572890438
386.16375018866
386.149644924314
386.149084190581
386.135188325837
386.041804070536
386.005102750068
385.839849428245
385.773752565573
385.74883499071
385.740961612
385.67357368248
385.575396891582
385.537700493028
385.533148700718
385.387584504805
385.374391621451
385.370939980147
385.299549441935
385.201111317918
385.189744899366
385.100259488045
385.002304174741
384.919966213884
384.862221543072
424.007661124622
433.780590348893
425.155189506176
413.322650416374
446.054156862384
386.023995451933
473.700289098052
413.116656238827
430.829781074454
395.172358118884
394.478810055482
401.73635499055
410.166385563285
429.078318209994
413.799353976013
441.339225566155
457.289030529041
406.374726593027
434.566441042888
393.032770948361
409.403040134026
470.000343784348
387.046698171354
410.367255848801
386.870245008669
453.680757366901
389.724083183176
406.407160569846
402.418634136743
386.924486328876
410.020794621251
403.700046836593
393.238826045884
406.62003814486
397.762479015526
434.817094295528
458.363767883367
403.85510558745
394.450485434503
405.781922085966
440.444343138376
389.094028041253
408.912157167687
419.8793965532
489.263818678579
387.598597980618
444.381399095223
463.131290804589
391.51043625268
417.718512338063
391.610885767389
394.687745587166
445.753760750992
392.937598566877
428.251895672578
401.951426953184
407.361392891242
407.092853323239
404.8225768867
403.281002259682
474.167748513566
464.326817246617
403.046785970552
413.530865708685
489.650493307953
388.897086303772
460.274632090971
423.127300377227
438.439942531216
388.520353089054
439.48607002765
390.394704193219
391.44067206825
398.711841218657
431.204875755827
482.322412009082
491.11792552327
399.70349069344
405.251715032089
394.508061643539
442.866927389037
418.473645088958
396.90045877201
394.70700139981
429.146864244074
427.857330927682
401.841732811528
386.647878323884
457.496846692804
402.370437283903
441.442625430448
407.278850542079
404.238785889896
388.11614752078
448.413157679112
395.785275251897
418.264562329546
517.96436023344
430.411837753211
385.972936425587
388.930584332296
388.654801090297
406.284792988256
494.362268969441
435.350112688784
429.395668982177
384.865017612318
403.074791445977
408.088689153899
418.903979954324
428.966742380028
414.93116251778
390.685042258652
405.085928353997
405.988926315151
417.874008829653
488.587393092415
415.962027510482
411.799095958234
429.651765478854
387.879574074148
385.951237092242
455.455049486728
430.055365855906
476.364423323659
393.379080293896
407.540855035782
398.38147287769
400.279541974605
431.906390056901
449.051984605901
429.072859755337
400.5680830264
516.881552615622
473.934101106548
387.228822961131
413.334620002338
384.83918024996
481.193214135312
388.746800989192
412.100242772684
465.953841566926
410.05829749447
403.948992277456
389.121314291806
414.826316934675
463.959517882074
437.701654552689
420.150461244036
475.659071328733
436.936283249634
503.799785773903
436.808225426246
388.151581165599
394.755456740373
384.933424141032
456.833505298573
387.89225169705
477.757304752333
409.572260045159
415.162006615036
409.301052383191
447.480188688298
427.812142473986
384.958556854935
392.203863439065
394.153677560212
438.83410009696
401.577291814216
434.950604593512
498.670973704947
458.197879780333
387.538380112787
422.40261053261
472.262395263095
386.96193054484
386.226027859625
426.75636687355
472.527014221416
389.724118651636
492.915209223928
489.481812137436
407.373395941825
432.434929027782
410.191357653897
399.926289097261
393.292407727541
398.51063165717
407.347610274399
440.602786035602
461.601798415227
392.92240221414
410.240334017191
452.203652424376
401.086172014716
406.318228874913
409.533282778765
404.35422897973
398.890808452902
393.31210821597
421.215174103572
397.994320640334
430.541396782669
391.301306984498
385.327580534407
470.871864252398
485.933914805741
386.820083613484
404.719777269562
447.97064091926
467.103250925698
449.666954074439
490.735879010792
402.162720840907
418.869544695064
422.414080061617
427.657597390332
399.895979508404
465.254148079922
433.590989640856
407.875063515836
394.098770773684
446.889343538882
386.475990913293
401.7246902685
395.245598074053
463.525232948611
429.061591362073
431.028997697054
434.556094416085
388.229972650758
404.784282848565
400.938467209723
386.679974220176
398.528388980255
490.872625385206
449.088893060899
390.362020149358
395.661049472005
407.705229219162
427.610381142145
450.49788119609
398.616643171571
386.417376550737
466.182424622272
420.327375038724
454.02281257279
406.25294369054
425.958853803269
416.29018480332
392.453572543996
387.024276174077
413.469097629778
388.830883979381
425.065973571549
436.115487802591
406.959335961271
417.286071572483
388.522337930966
391.221324398317
468.389473771242
395.739646043326
396.639813549921
440.313370279588
395.901303500941
393.632981048627
397.739293203175
412.935225252511
432.628229728973
395.878170389763
458.259587107222
486.500001080296
400.553789934403
446.821981195543
405.901088403833
403.17206408365
413.480691164054
484.622842291282
426.448185673626
429.671029368683
386.898607145309
400.793570887539
386.445366803558
449.383128664366
395.170357259223
434.712777699457
386.645423562141
389.711936136681
390.007577658546
426.293180993115
386.882133583551
460.076256235303
415.186904675502
422.665246943605
388.585529633583
462.301235931324
396.327410588771
407.423519072481
386.352773995817
397.287101667628
387.064203856959
385.412203670781
433.257170989902
397.493251869734
418.290822527712
419.196160004235
408.025997080822
393.940755511665
428.548979036094
402.599614094157
391.033357078472
388.899539415841
404.689153252441
438.251950074894
388.42804790352
393.068962446656
410.531507085167
389.98091049715
389.18686309981
396.723679573425
493.955777970396
394.437680899336
411.091518637158
392.250332528216
398.414518825666
488.941385213503
451.256973836419
465.429610850038
396.105543700185
388.350841495829
404.861840849541
404.620775206892
389.69949282634
467.766188598129
449.804508786215
393.565736416002
473.642631574539
390.932317104956
465.803922863161
426.394561928228
424.603814015489
404.80502185689
439.326673962077
435.772828713767
426.772039106042
466.539510833967
416.907899285707
452.29431277823
385.236893294037
385.746066646783
414.972959071908
389.356307608746
386.156302813957
459.885079467397
413.824522374386
419.88759442902
398.097368834833
468.500936814306
424.178244531181
401.668694226744
398.518970559459
420.714615389017
410.995383075097
393.603609220742
398.677812835549
413.98451838597
389.360715669058
480.66258163407
395.748248439033
402.89957062824
408.869576920066
391.274902054764
425.797903817756
404.393047508397
417.209437848982
396.193053108113
417.626193420477
390.844974536249
404.4375730658
455.378334449832
393.489465328171
434.044055718186
471.136852041008
397.240491170621
414.194077472095
429.711893985936
392.018956879639
389.427573243265
399.910150079859
448.65675063398
385.304627373671
438.531884626475
448.614309440081
386.478854687739
438.37554095456
403.385848063645
393.266810985835
390.018570155574
401.188658947708
431.753017112046
456.241493844894
414.064876110956
384.865834482889
492.95692288314
400.05691192676
391.67217195849
438.970403014622
386.736619773028
385.294344920136
409.228942667983
386.988718195846
392.431703695512
387.081466693671
386.544212206705
444.297313677879
430.558642009195
416.410112454641
440.892036138892
396.475060829043
446.200867058517
431.664351802931
388.605958000483
391.011681956976
385.471899469466
475.532567583957
402.535713874763
495.119406949009
453.191489913075
488.412886171867
419.138030340631
392.701267326565
406.628018113197
403.775706031806
389.767133975081
399.863006387624
385.442592668207
393.02596776193
390.152033740333
426.570470903713
395.075676116077
399.319287219133
468.799348162733
386.213134015997
387.359817611026
411.297639348014
476.463853548447
390.621431115602
449.121135575056
451.738237177278
394.037239250228
425.834968492264
410.023025650969
395.085559702299
394.875593673553
393.276450636885
392.998180727057
425.342695824386
482.22337813821
389.678764895921
387.84624078529
389.726156344554
390.35067878647
394.974200250042
399.60101344421
404.287086604221
386.341700112552
459.396797044061
394.733514033776
423.346387061108
412.94733970069
400.139235189562
458.633621536488
390.153004042423
391.999946571336
386.686283320502
457.772953004705
409.958511587625
386.452700247441
401.269168455128
417.672918522472
386.365104009071
388.498742099385
408.061006923984
431.332582026559
461.013730489694
489.953015073318
391.671223865591
409.071763865415
416.15740769993
492.714870074028
407.563955400736
457.22365293835
401.419708810861
395.020227732273
388.095636042645
411.67104539287
451.558504162245
467.344358777517
422.017244912137
493.666528372725
387.119544682214
385.965188655979
