439.589847791613
435.14192241778
430.2207325732
425.552766274148
420.892905240899
398.832210174941
382.449422873372
380.70829310094
378.268838543712
377.122251537035
376.659809343444
375.923089829564
375.333722488302
374.75775293088
374.728712955189
374.682696650085
374.655158295241
374.653910235836
374.64901301302
374.648896617106
374.648642507273
374.648476867751
374.648226108079
374.64792862476
374.647905646773
374.647556818639
374.647376247856
374.647207664126
374.647018832172
374.64636146781
374.64621797154
374.645883349654
374.645822342741
374.645782799606
374.644437169942
374.644364611165
374.643619283764
374.642079111157
374.642047839021
374.641545131752
374.641232851573
374.6411833592
374.641155057157
374.640966294743
374.639114340144
374.639005248336
374.63898518575
374.638315418171
374.637484909539
374.637442050725
374.636198409005
374.635634481989
374.635010784369
374.633232419749
374.632143578482
374.631129793816
374.630857091404
374.630813018856
374.630240131472
374.629762891035
374.626377994023
374.625995993818
374.624596468543
374.62385147253
374.623547542296
374.621998239443
374.619983075024
374.614851035827
374.614377273605
374.61429015264
374.614169669673
374.614069982178
374.613992261743
374.611480742597
374.611222988635
374.610469383882
374.609768952159
374.609636481841
374.608633314324
374.606307355142
374.604800919358
374.604034129175
374.602663191021
374.60234493445
374.601195606121
374.600559738229
374.596155353078
374.595555366015
374.593605501394
374.592425499007
374.59191861563
374.589808409327
374.586006686581
374.579287097236
374.575614466528
374.575308634933
374.574305179466
374.573829532059
374.57372641041
374.570930569936
374.570199710625
374.570083275599
374.568973816659
374.561836946691
374.560361711361
374.556984245339
374.556720859989
374.556711212157
374.556387312008
374.555173528554
374.554681749831
374.551316709246
374.549375490925
374.545746088767
374.544409545206
374.540315241401
374.532145256851
374.532006322524
374.522973976283
374.520577879957
374.519325859542
374.517622195976
374.511283865255
374.509623115038
374.507711980457
374.501145541493
374.490603865003
374.486488330732
374.484934014402
374.482239598658
374.481633906282
374.478620099046
374.47595447927
374.470488076786
374.468046546093
374.468029469199
374.467981082679
374.466821944039
374.456735595798
374.456078700653
374.454897244752
374.449458098552
374.449191223756
374.44820718774
374.446536358554
374.442041100848
374.440299378142
374.438841005702
374.436769059136
374.434498077482
374.427244850391
374.426949689764
374.424490544237
374.421276616356
374.41436063326
374.412221468583
374.411078970031
374.402761214449
374.386605714056
374.37892614119
374.376872024958
374.373883160978
374.369057670706
374.36697201923
374.36300308068
374.360684881942
374.356953466765
374.356449159285
374.355782259053
374.355247618136
374.355128432165
374.354310715724
374.352220880391
374.349261197178
374.344847228067
374.344292876422
374.34395630219
374.343743489417
374.343510534347
374.336810871592
374.335415769262
374.33479847607
374.331509615955
374.330658927963
374.328919778529
374.32825161089
374.325674847789
374.322008493987
374.317794287489
374.313972329179
374.312288884664
374.310606084451
374.309861919837
374.300910998639
374.298994556034
374.295131090357
374.293321703788
374.269437195074
374.264369624223
374.241115850852
374.240081912308
374.237571371569
374.23037924916
374.222145599263
374.214859712639
374.214291502813
374.212677814246
374.211208883337
374.202996227823
374.197412853315
374.195264262452
374.194464700915
374.190586300153
374.183353869801
374.154907897399
374.153150388837
374.134981508835
374.125025152427
374.123025072504
374.122633328567
374.122423227655
374.117837138053
374.116235442446
374.115202085714
374.11447227803
374.112730222966
374.111789765963
374.102503712825
374.101476334876
374.097534223729
374.09418169392
374.090583662136
374.088431728045
374.083211860496
374.0824663714
374.082249071353
374.067136454786
374.062716744356
374.062178564179
374.059820718362
374.059549123773
374.05553753271
374.048606312317
374.039012002903
374.037638616006
374.034694021943
374.028602774585
374.018588973453
374.018221203752
374.011629114668
374.00978168195
374.008777072999
374.004030126762
373.993203073748
373.97182841973
373.968225044041
373.964191065175
373.955809873489
373.953633677827
373.942617121653
373.937302562612
373.936155196873
373.934142049864
373.931684571263
373.927208858149
373.920240220445
373.91877714266
373.917161326818
373.911618096469
373.908254572502
373.869978761053
373.869806552046
373.868904743875
373.864827893283
373.863522541314
373.862148598619
373.850590552143
373.83565991398
373.833970606907
373.823055978431
373.822680982845
373.815460305861
373.791163796346
373.789040303894
373.788182239826
373.76969024578
373.76616063183
373.761364493076
373.760143801366
373.760070622357
373.755338596487
373.749044594557
373.746495161831
373.744125193795
373.737709940575
373.735146983879
373.734797536162
373.734482744914
373.719582825085
373.706345356959
373.699946043867
373.694858943102
373.679788033662
373.677595314157
373.672908603202
373.664731955865
373.647412789046
373.646368900137
373.644091478563
373.640202868925
373.639222513945
373.638614876122
373.634342396002
373.6289197907
373.625801140185
373.613971445247
373.598966281261
373.590120167491
373.586640643472
373.569887389747
373.555503121967
373.55508059402
373.549423479375
373.53711368467
373.523614241309
373.520681596726
373.51574466592
373.514849752511
373.514386920113
373.514308588657
373.510369387424
373.491685221465
373.477331912522
373.476630001065
373.467727736765
373.465367021073
373.465250915538
373.46161671571
373.461196891333
373.453069353612
373.437977306853
373.431124027253
373.424502618199
373.414294627212
373.405914701682
373.368476688809
373.363198346828
373.35762864704
373.346756492463
373.340991821753
373.340428090836
373.332989410389
373.323687617047
373.322558960964
373.310186318113
373.306907279961
373.289141259477
373.284213781971
373.283511180327
373.258180633536
373.248624585539
373.241700736655
373.236703517338
373.226964279372
373.223033777432
373.219166373468
373.199193301566
373.195446416348
373.180888246899
373.171008130333
373.163118396792
373.147202493337
373.14080813906
373.139418547931
373.131029449621
373.117843539294
373.115519209691
373.102177478355
373.099868928422
373.092902143756
373.092484988378
373.09245693365
373.089678189845
373.083395560515
373.079725269595
373.054977609729
373.048645261913
373.042723078713
373.024837264723
373.021533661615
372.997764044974
372.991826522464
372.991427294624
372.977124358687
372.969495643105
372.935108380094
372.916852054112
372.905356302661
372.896471391693
372.885906056784
372.862440788077
372.854499786648
372.849140440039
372.836053933376
372.821740407323
372.818031346478
372.814910452741
372.80655825383
372.804869330814
372.745974550168
372.728956350746
372.718836004247
372.708396917454
372.701783252427
372.671795690714
372.655464000243
372.641659584383
372.636637939973
372.632366594292
372.625157188342
372.616361747276
372.614267652107
372.595806528918
372.594150012058
372.593870383346
372.593750320209
372.59037577534
372.585906966576
372.58465318005
372.581955008568
372.563104477464
372.560775320611
372.55819680347
372.554063269203
372.543941570977
372.529788094583
372.528941941929
372.513539982569
372.509765696141
372.506791463541
372.490263804095
372.484441870067
372.475356493475
372.466738548305
372.464759726099
372.462073793784
372.452086301931
372.436176194445
372.429052348521
372.399821023875
372.387343118461
372.385988257079
372.381810770412
372.366107469263
372.360934653941
372.358648215365
372.349937933183
372.335185668259
372.329637246797
372.328789282878
372.284185874759
372.280333244533
372.273076202512
372.257383885918
372.228431088644
372.222976163604
372.219979177222
372.215849470088
372.187058669926
372.141463668913
372.095719160701
372.095671852975
372.042442126047
372.008693501328
371.974593804147
371.969095353711
371.958787393315
371.95547854537
371.95410807889
371.942880242355
371.931491647672
371.909322345802
371.901764471081
371.896292618215
371.891659132498
371.889126217877
371.883608464067
371.876809828431
371.865266869163
371.859819594614
371.846446874689
371.839302420761
371.824239715967
371.791016535798
371.769085247652
371.76715753154
371.725344182519
371.724721894738
373.510319325509
373.114091839638
374.318003129822
374.646848258254
372.799409056156
374.6016780823
374.377945366283
374.64401757102
374.34685652353
372.681897751647
374.358175548129
373.288813554568
374.497896358484
374.500257608134
374.61099420353
374.425678321169
374.616146552928
374.268591821894
374.067960507467
374.623116969924
373.679095870516
374.620449813785
373.725419063681
374.397949278267
374.607766132045
373.937139464853
374.490034100893
374.397815617651
374.002371379855
374.246402938494
374.500584838516
374.394590187638
372.287111005999
373.47185814496
374.390033286752
373.580517696227
374.621062471163
373.018121711061
373.59850402374
373.239526433675
371.978733999122
374.326376558014
371.880848064961
374.464187126761
372.167154530668
374.436507820377
374.612800045715
374.308386898977
374.330016098833
374.611112672307
374.608983452346
374.649062326245
374.567022490835
374.57267149034
372.083992458536
373.658012592111
374.219311748239
374.273523294562
373.006409144849
372.518059221282
374.523447287879
374.652026993229
373.571098779568
374.632616720495
373.550238915301
374.190288595523
373.248264479878
373.828603274787
372.573562639155
373.955392806246
387.379662798342
374.491659310851
373.910488417772
374.349197438437
374.46049717015
372.626619121069
374.043844002741
374.634711879181
373.959806078598
374.17075510236
373.770508430381
374.541618653203
374.50142928642
372.573095013451
374.154955415206
371.787791696151
374.118057579528
374.631376206972
374.608102613923
374.397690483271
374.889575814192
373.218990541986
374.645718659541
374.098524630478
372.24518041665
373.847462623096
374.579203459586
374.214193314525
373.170501509253
372.397220598354
372.986809859319
374.611960655981
374.544312303518
374.624284414881
372.969113582463
374.065653306482
372.743832400756
373.343147183893
374.569904341572
374.53898538866
372.480088546716
373.379312575971
374.646562522685
372.993723876003
374.646971677737
373.975056056632
374.373489056573
374.382365040251
373.496142609665
374.562840513455
373.686495108887
373.807038725758
374.430553481796
373.409520749145
374.572969306167
374.232844482221
374.500286010784
374.204736172995
372.754742989739
374.604522245005
373.431671568037
374.232430618189
374.138509054612
374.651213002573
374.408542984704
374.457957093918
394.49585786519
373.095527702442
374.611801972709
374.625832516226
373.348473787815
374.637993150675
373.765608078639
373.639635090326
373.714279646349
372.98297295579
373.567970573777
374.552334440584
373.20093918778
374.23702461565
373.970335954517
374.646849909083
373.226039250447
371.979760357012
372.451568279066
371.709180675585
372.841338168328
373.509701364131
372.149880883035
374.206324999286
374.421157614004
374.594815040939
373.980348457776
374.358577107584
374.393803950009
372.289673316868
374.519753950828
374.244798281525
372.358853182597
374.41566085492
374.510826558099
373.60837898865
374.616494138134
374.472814592616
374.21185339172
374.638574325088
371.784835082647
373.106464776706
374.648761146082
373.904704369083
372.542768774114
374.02033426579
374.26982849557
374.547219441002
372.557470559021
373.391118510714
375.036830327656
374.384749963076
374.617155100312
373.678258287874
373.810123682204
372.870952350825
372.097428482714
373.823875607775
374.590825110524
372.44280121287
374.016761253972
374.634907297435
373.360337670054
374.556302603356
372.142556861872
374.599797471244
374.524158419548
371.855406365956
374.183764850944
374.525895056257
374.128419054558
372.843154923119
372.428814296963
373.717291846015
374.416965814755
372.688399379745
374.428241200871
374.079352628457
373.371968250262
371.999635981955
374.174994051092
373.758729474862
374.251479851136
373.80349986653
374.495557825608
374.181994890508
372.586283896745
374.009469349064
371.82992029208
373.161091275614
373.705862791061
372.380683062243
374.403031052966
372.966597387613
374.510576360007
374.572267069034
374.621528376088
374.596431484339
372.962237020084
374.220038817171
372.973470143471
374.415332500764
374.287158864808
372.845850967082
373.159415351807
373.490269678525
374.633996277847
381.176810470865
373.513998420153
373.197948124761
374.159912612501
374.129441974037
374.447477067577
372.858206196039
373.655024629727
374.648969322808
373.02750474716
371.922346973072
374.434087864518
374.537757422627
373.590409970231
374.628250350756
374.10108949162
373.452767632619
373.03566189385
374.588849734262
382.00323575876
374.391818501963
372.166438972991
373.060327336439
373.130752131136
374.627876300857
374.646656731945
373.301295635138
374.062590452395
373.044142368873
378.937567078699
374.182797755182
374.489968475862
374.630487839744
374.222974174394
374.123022002111
374.093395372165
374.513751227501
374.534832941814
374.622080916511
374.643065360958
374.345157665028
374.61508023329
372.998757080176
372.989196652408
374.250858108223
374.522819642473
373.46848666405
374.098439694233
373.610735214605
373.141818777934
373.728592406731
374.623698253313
374.560489559959
372.775974219218
372.959504916958
373.332368881265
374.588688066753
374.31747550644
373.057295354303
373.435869085062
372.81910405812
372.980678275076
374.234681681916
373.990582533475
372.259344505449
374.607484108885
374.429782265183
376.095223816789
372.46863280975
374.521934471376
373.38035308193
373.856433861923
372.853462065667
374.003284505498
373.307349395728
374.530457434445
385.67357368248
374.396018439723
372.380954357348
371.854490321183
374.025758959363
374.334106493236
373.666202966294
374.467633284719
373.195693430113
371.705037309882
374.595896191822
373.631252650583
374.623287128689
374.004906159514
373.969974685873
374.618193571744
371.758855355805
374.633515671232
372.414621489177
372.065768439256
374.472290987581
374.619887008567
374.607795454938
374.35775714046
373.323327303233
372.35724097474
374.009496410896
373.217804302634
374.263096403679
374.471615319388
374.29399220606
373.881096973351
373.620233698648
372.781386632787
374.169597016336
374.624221487196
374.611776491888
372.400720751949
372.654960673434
373.671251072853
374.615269156321
374.53496414188
374.457308667146
374.434732556786
374.534959933127
374.645993851197
372.061561483936
374.248594328196
374.522224769867
373.70420050484
374.517449776285
372.813037677056
374.587836314909
373.814189457647
374.64843310687
373.161442653585
374.402607942348
373.273279176646
374.329966037774
372.975145451995
374.465408303228
374.558240033436
373.700021676012
374.004936787656
373.533132021711
374.507637293598
374.626187646327
373.604919584505
374.325423020735
373.837863830547
373.28612373134
374.642353540245
374.38165849714
373.336629486922
372.438969513676
374.5841178197
374.360750969934
374.545754569886
374.557544866106
373.585349916513
374.222333783853
374.648410948041
374.558082415227
373.70983132531
374.411065782317
373.629270966005
374.312317801232
374.50361170988
372.384634696573
374.257505368885
374.62370820948
373.983356229467
371.731207407649
372.686094423005
374.47684452254
372.965382278684
373.906563223889
374.560871530589
406.493201597396
374.636068064078
374.467768060202
374.028704490627
374.250108685552
374.646431156958
373.96797421619
374.224478062328
373.969378694522
373.020217036151
373.540056836089
372.200920500397
374.444049969958
372.959344926947
374.648816172454
374.458894849223
374.158253142797
374.630685256905
373.706241564736
374.163141193943
372.859641172791
373.906529785342
373.80017281749
371.827755277665
374.327137253228
374.488807941472
374.419864493479
374.581731242988
374.562533688525
374.517426020881
373.697694915739
373.733739360225
374.408401157897
374.486779884892
373.519842685357
373.142257087944
374.648577249255
374.53574169671
374.427379477154
373.917052039359
374.042031873622
373.570489479662
373.405678841062
374.464218864029
374.497559521403
372.924759080916
374.644949824438
374.624052175277
374.523012551348
374.562376703864
374.610371260795
371.906967831347
373.964795692995
374.367874808428
374.459192477447
374.530114068334
373.99228579928
371.92844686719
374.472828510407
373.857688335163
374.64887952998
374.165671192036
374.615144365673
373.149959456041
373.447791456702
374.609105007782
373.910873995402
374.411599999889
374.408671770879
374.15712707345
374.354680109364
372.920297573615
373.893485856246
374.402430250226
373.288441950937
374.580330970388
373.045849249128
373.63412534986
372.323619037653
374.102657224062
374.53057401709
374.309276699191
374.392160687661
374.235789379865
374.233025650184
