811.774420386367
806.672868113448
806.526359909941
806.386138882137
801.063987979139
799.494889504271
797.940302955398
797.547259923169
796.657574969363
795.587095028517
795.1693200561
795.058345196083
795.029991647913
794.696937663181
794.046096554048
793.667797843623
793.592190268739
793.323623283941
792.942789111128
792.734294110404
792.586064702234
792.505675117877
792.097870231073
791.236426366303
791.016007303548
790.912831184497
790.571095536401
789.906845850316
789.735823564255
789.458656846727
789.346259436387
789.246433647504
788.974798547339
788.789168408671
788.768469349634
788.441942379097
788.432561116675
788.330603617109
788.216091800937
787.976614528676
787.47504177707
787.381413332565
787.196365419018
787.183221616589
786.761040073003
786.602458122171
786.36522940309
786.343193816626
785.994384844033
785.98872027355
785.983517511504
785.798248850326
785.400697661153
785.318396617853
785.315523399252
785.297661869458
785.056221175748
784.852009106211
784.831332653766
784.651872654377
784.602432150014
784.580587705113
784.538342139848
784.50178112263
784.497197107555
784.197970773804
783.950666176261
783.892216720374
783.747000064765
783.686540076392
783.385286375005
783.3145180224
783.272306632469
783.243538612427
783.197608557052
783.177150745944
783.130145845538
783.096288985206
783.094345347953
782.946034750371
782.944131960206
782.890675543335
782.759482537573
782.758179661098
782.664112013483
782.648735474252
782.579207212859
782.447697555211
782.378222164464
782.341518014448
782.279035563753
782.276988931374
782.269589010173
782.260544427802
782.235039341174
782.101310295005
782.096296149008
782.08719208149
782.029050011411
781.903603056586
781.845938325625
781.838748397289
781.823923397218
781.7814202139
781.729458606011
781.712010979003
781.70830254421
781.685974718258
781.57475466461
781.567480967432
781.562806794868
781.485554546358
781.431237350987
781.404606752886
781.245432045578
781.144764221978
781.100571630842
781.068229196573
781.017795871776
781.006821260003
780.940855049724
780.833014720821
780.81113561507
780.765541958958
780.6291996875
780.615473175359
780.584026144802
780.527641525043
780.502876957846
780.492793228036
780.449113376407
780.419458244093
780.371325422258
780.322323511043
780.267855984378
780.216257395111
780.191818644636
780.043910691424
780.022628403588
779.982302966968
779.926663600783
779.846086945536
779.835513633583
779.81267813712
779.625062247896
779.517232051343
779.487345386308
779.476192530004
779.406399636615
779.364199507211
779.317141207576
779.313232964523
779.205531918019
779.185358613223
779.166343161415
779.152936416539
779.073307214018
779.056250434322
779.051591273699
779.036422419937
779.003203487172
778.975160314067
778.768574394978
778.723594523802
778.687105907254
778.635730100416
778.569579724656
778.564592039796
778.474816083599
778.469205137371
778.445259870172
778.423338706302
778.40117222661
778.398536407796
778.392118183699
778.38490266956
778.352421684269
778.304782778011
778.219343840005
778.205230281567
778.178725591699
778.133593181847
778.056937557747
777.991317026791
777.963818127078
777.96300747583
777.96110252604
777.951988374553
777.885967195676
777.847792734852
777.833204655035
777.801181293969
777.751805134038
777.745526734846
777.709782636799
777.707327957262
777.702280000715
777.642609996385
777.627964953411
777.581376315248
777.462116075935
777.448110516943
777.447228943728
777.446912250122
777.383428585203
777.352653496033
777.316468557855
777.303554079538
777.271480418441
777.27118406057
777.25024129746
777.189580235082
777.149066330599
777.079913716547
777.060922778282
777.038980996759
777.008352235297
776.96081776854
776.946103385243
776.88712745754
776.789654626806
776.769653916176
776.751639398227
776.744285926112
776.629536525132
776.607001057587
776.586439351913
776.531781654853
776.519358582492
776.501585967888
776.435104574288
776.434270004713
776.407103500625
776.324686050582
776.292819199484
776.281930808334
776.25152109687
776.217081890574
776.112650757433
776.104239401661
776.102213774488
776.03426905567
775.991305144568
775.937743394217
775.929844576219
775.900522018334
775.899969504359
775.850099277181
775.808927659821
775.803688756649
775.752382420096
775.747787043809
775.721320317446
775.704810989902
775.685687602069
775.674560135722
775.65632371656
775.629392231051
775.616835200192
775.526453547317
775.521270922484
775.467387048912
775.39427498262
775.387397249298
775.344504322669
775.320680283561
775.296949193485
775.269476394041
775.241522076109
775.192692746684
775.155248795547
775.035546135111
775.009955507474
775.00154613787
774.997653465473
774.95329175011
774.891346759469
774.881684535039
774.834829792924
774.824258146233
774.758179606017
774.692563753929
774.665803691415
774.635604797556
774.595884978474
774.564215050922
774.5252284713
774.516545695052
774.515620308397
774.395014623126
774.393614161489
774.39002623481
774.389564496152
774.376001929348
774.374445559167
774.323907715194
774.307005782567
774.30209769203
774.276929350789
774.275789487497
774.247599117211
774.241616465916
774.227383529712
774.218884428189
774.211904510098
774.206498307248
774.198753449209
774.144904654392
774.143525054076
774.113760421156
774.101493622507
774.062427954134
774.032510891787
774.026994022233
774.006951880044
773.980505536934
773.968248095771
773.916539410101
773.864819861298
773.855971853341
773.831431588289
773.815424589536
773.775307075887
773.728533510903
773.688538671546
773.683456201963
773.67517938346
773.674323248251
773.666130775847
773.66143693522
773.633374852606
773.624213522109
773.594111324375
773.573242873797
773.55625399623
773.516502714417
773.503717055406
773.491428464963
773.471950295149
773.471558461956
773.451396568188
773.448733090465
773.441511886113
773.440013360659
773.421286355644
773.389186135882
773.308121360148
773.263716623954
773.261765197074
773.252856673439
773.247164965263
773.182043251542
773.156683194123
773.144568722378
773.135667293151
773.090984074785
773.055380848056
773.008327925299
773.002819010292
772.994219751148
772.992972136575
772.962951294293
772.914377310895
772.902045465676
772.900754519314
772.895405256646
772.862058141375
772.841717800489
772.814629434707
772.799818493248
772.788205222647
772.78538878366
772.782661859367
772.721254820423
772.692314118126
772.689736837303
772.68172609066
772.680000476679
772.632581210444
772.61330830901
772.58976094117
772.563997562255
772.543576622512
772.508762964426
772.508047177721
772.481612562338
772.451446726571
772.447239405663
772.42528612396
772.363496651229
772.315393579866
772.286134729465
772.278047731075
772.277239366588
772.237353495232
772.215817643687
772.190986984091
772.160940999046
772.153574445392
772.142988461806
772.078264476315
772.074100274029
772.059944104297
772.017385446118
771.997522667785
771.990992712358
771.934519325236
771.929323427788
771.923693709277
771.913823082148
771.912807626262
771.874168638378
771.837999635164
771.808813912216
771.806079151642
771.794699760138
771.785322102773
771.781659988311
771.767006461485
771.755309391685
771.754924059145
771.749834538505
771.671168195794
771.669881659912
771.669418532321
771.647125698413
771.646567142615
771.608768601287
771.602100475535
771.57979817275
771.562907128285
771.547288863129
771.541710477452
771.524174998766
771.504763333979
771.499967345044
771.495391654978
771.45508970612
771.428498385684
771.416766255026
771.405293776807
771.343568330892
771.331139775686
771.325178787423
771.323910770257
771.294749522334
771.294311326541
771.275413841141
771.253920620369
771.166780395211
771.157436600584
771.136289857592
771.132577701011
771.129055497781
771.118924896687
771.091945665445
771.064154697197
771.038335311937
771.03602335386
771.031783046559
770.948927813953
770.927229655561
770.91524474246
770.906773265538
770.890138096705
770.889885488801
770.877191239618
770.852272580356
770.843909783045
770.837208056346
770.817669293288
770.812987112954
770.778263815886
770.776215136294
770.743233814119
770.742749324952
770.643962736853
770.619135499716
770.585838078811
770.57632609975
770.515004835327
770.506604143436
770.504197818232
770.493920345839
770.468434806965
770.450209203006
770.429609435853
770.424741785825
770.418712266138
770.371503828814
770.322171873857
770.315844757382
770.30592860975
770.304976195382
770.30431678685
770.284404386824
770.277239051949
770.229324605268
770.391077606023
773.837815159771
772.56779885239
771.570414820371
783.000011057381
770.688270073653
775.314562205984
783.371388548389
770.479702931384
772.507546084783
770.766578348037
772.729062514218
776.765378328669
775.963957605369
794.23267166575
773.497439273861
787.776894025613
774.715202994462
771.090955073839
771.79076175426
770.468122558455
782.812443481049
775.636083297971
781.478550016681
785.376188840211
774.56297570006
782.557955963571
776.79699090621
776.704601801299
780.041814447655
772.761065909951
776.432555418045
770.413859136146
778.690376560592
775.818934875483
776.411936940899
770.57040023858
771.498045118675
778.325150678089
789.405828349772
774.179681368985
772.530104270303
771.73795114277
783.246538852489
790.774892156557
796.007995711993
771.165141017983
778.957674035586
779.937306843429
771.664101577865
771.513455619114
798.797544437037
789.671997493634
771.921523835055
794.689668841776
782.787088724089
772.85527434074
784.823647639849
777.916031201936
792.403329904485
785.658714222067
774.082047404324
775.951962402973
778.465032566019
771.813451713188
777.941484158028
779.984760799624
775.957656408142
778.857204203325
778.361788890905
772.463337547089
775.631225125743
770.820802331013
771.723831599236
784.434920855366
781.452918169814
776.462492814879
771.56307673747
781.180649713582
779.209877969849
771.745850052078
782.180281395124
773.953165560161
770.574220871301
775.514296231908
776.424576441922
771.785748277102
773.479317988383
779.471103585964
771.891732768765
778.500372998544
773.859915157831
772.391685441636
778.028880729928
774.584752473356
772.221232205153
788.270071053331
774.031086599
770.324050416476
771.227904932312
771.582442778801
774.770129381973
775.560799406009
772.769909168239
774.456689086432
782.023456168132
780.707903423046
787.533747438569
776.155979683326
779.453097326079
775.394440358041
778.27805482216
775.911429342255
774.586355174342
776.716336046252
775.828029963536
784.247867299017
772.142686928212
775.192014632711
807.187554120617
783.467446636128
776.76867898683
774.229182051122
775.722032069588
782.166401887612
782.336102470606
770.658862800839
771.439911901128
779.598155350344
785.426750624947
775.905291752416
777.328440695766
781.565592702617
771.081654861791
779.953700934957
784.972564843953
771.862891411329
771.258729582393
780.87136322638
778.581485433245
782.959178434324
779.190799015106
778.045016257154
774.85449290755
779.867102582655
771.831497405204
782.277940666906
771.37013989823
774.306450187934
784.132880820319
771.514662809251
782.651844242215
773.788322806616
774.33232481093
778.51474510629
771.573442131446
774.886909667696
791.025055810448
780.391488388826
778.862485308712
779.695502272385
772.125096742521
782.68369883282
772.416084449874
771.086271538371
772.317547187312
774.136781801765
777.196455418363
770.830106882757
770.214600513045
779.157832646742
774.59175804854
779.019943864866
770.618088084891
773.296761632481
774.08824937801
785.599870355112
774.544118233101
777.166371118381
783.306500331933
778.047155300409
785.369737576875
786.558267903505
777.307005356735
773.306272971694
777.867800213555
777.333285824145
776.743604038149
777.660682150915
783.95302786179
774.244788775406
778.209439535269
770.214596553378
774.499196744173
777.232192696541
792.8390558887
780.478519256696
772.181354158379
770.276813450091
770.925621892486
771.977730093906
781.668415194581
776.233900389856
777.985399349895
775.392112922303
776.01420439903
785.800393878693
781.788064814229
772.465283625249
772.289367630628
774.608435660734
772.590216531577
783.615369652494
782.828143095267
777.259698745736
782.999705345818
781.288475116267
784.832487030961
799.562648265726
778.847483139566
782.482825876774
770.567383905575
781.801195358893
770.359778398516
786.722919739935
775.898174908417
775.651405002399
781.62204639348
787.696192099707
779.919154280917
790.765222519198
776.679070826074
787.423902683148
772.076490838992
784.553907864163
775.026384512591
772.978828228708
774.756854653286
773.148485170438
774.504210592746
771.064108392101
777.988547343099
772.044670722678
774.810895626305
791.958841177384
782.776709920664
778.442134330962
774.034752711668
775.816628442323
776.320218428882
777.61898347274
772.847366354396
776.223117274756
776.0319647211
782.640395867965
770.602419977329
776.601698036942
772.496090950085
780.26203839046
776.721721886867
773.242399388561
777.919201928978
771.290702562555
791.14400306694
782.73053949423
778.811040142418
774.753968695899
780.473729685407
773.325549094004
770.399446260664
773.009347692952
778.911828284728
796.240947539211
775.241634307828
789.145877548426
777.420546905238
791.048561501214
775.090931702177
788.779889541951
774.40061465653
809.620382952383
776.317761622453
774.2603316709
777.229177372593
805.397574277644
775.168718107055
783.228460408936
789.261064752403
799.480224880695
773.614758573251
773.259264128123
777.55297100348
770.799074523014
779.970073581085
781.48862397745
778.856512996192
787.017002505372
774.105967897326
772.028960864072
773.498570747869
771.953629224178
782.130363861107
779.705020990751
770.937105221295
806.891487213645
771.075034654128
772.065826344067
776.592879802058
802.101675540113
774.26194715753
788.711813530297
779.035926046275
774.546783355681
770.736244217589
785.574869719159
788.550054036541
781.373464635768
771.017831558502
783.323379310495
770.780698833878
773.806282177113
783.032317703374
783.416703071038
771.172491021383
780.081545759312
800.111481770257
794.729590895578
771.96493415208
775.192425455199
778.612773501773
803.652212612459
772.403469501411
776.069334757836
787.601761846365
775.141735090982
776.47453494176
786.758911798174
786.558189655661
775.665699035482
776.816537679269
778.752008440051
772.458884218038
791.926363208087
772.992057983805
783.290880495944
777.563854049017
772.037502860014
799.979235684845
789.108292754919
771.598905834211
779.499009120448
779.38798409672
779.65332146483
789.954972378377
775.097822609336
777.442589260272
783.577650707176
777.257182721162
786.925916271665
778.676580324577
774.636300366436
780.001069701273
784.33767231426
772.983751695311
772.362800619106
780.932772172146
784.249007523754
783.339874904412
774.882849690501
781.856782177433
782.876756017037
783.418612873153
793.548686227184
773.424190975979
772.32969046531
771.240674208592
770.292933997458
781.493050316105
773.393886711927
777.370940051156
779.671918983182
775.446492216323
777.820639781484
772.074906992362
774.330213882883
775.714371354653
771.752332492688
772.32311496621
784.320634863495
772.300868677722
772.332308923322
775.042393180157
773.87750235895
774.036247489267
776.678827027685
770.724416461225
777.265721838919
790.329331133763
804.71818959684
774.519313647712
774.276464294787
771.318466412525
793.785866457779
770.500431038261
778.563399099355
771.803465734719
772.761269203713
791.109723471308
782.778358007317
785.51037586169
783.175135767438
774.658623564876
787.862808456573
777.676004401833
773.600592074772
774.374137230542
773.140539939433
772.884152231482
781.170956882522
784.54215498571
774.656469645637
773.229273971337
776.220718476044
773.792564837079
774.70847305358
781.602397270096
800.293587070236
784.686566668807
786.233103652801
776.680597346585
802.803690214132
772.443482835149
788.089326174372
770.40091095935
775.699291757884
773.063372331464
774.635304401813
789.379268199478
789.894488034918
783.101180885329
813.992081877855
783.414198670982
780.23700837333
775.046295071925
786.107835266809
792.715426246961
779.978968930195
772.678983605044
777.354590682101
789.89467600345
778.686250044445
783.057149204506
783.989303088276
773.825209619767
778.073286822697
774.041567628221
781.514499361271
788.803709075537
777.898538421092
772.41539901897
778.093204757958
771.765154099292
779.230589900604
775.291889385343
774.092147669412
785.65181402178
789.278762273742
774.774332773958
770.898885274507
780.833913581555
776.64207809627
779.023806217374
779.320491606312
778.119077762365
785.171349785033
780.481012515696
777.834695462951
780.977405513748
777.650402756483
785.71048255267
773.041842095776
772.317651672979
788.079543757597
796.349196067169
773.432438837386
778.856682414529
777.251728849721
774.393638453942
770.465958011875
782.871362464946
770.657353280453
793.633845789143
782.786166581514
811.001609196386
782.971408241607
771.413596110841
770.926716432856
781.213148257757
771.057910906627
782.445782081666
775.380000770628
774.200242446475
