632.127114562896
623.782021926072
623.678777464702
623.387825412535
622.799362733253
622.109367235277
621.953947093184
621.244899239474
621.045202536322
620.364140477889
620.037386467269
619.910888078105
619.376056191225
618.927703262897
618.811603561773
618.599088128653
618.158960666141
618.011876223873
617.833147736974
617.779498276973
617.736295977887
616.998292172006
616.931541831437
616.924556624521
616.769105077524
616.28961420097
615.803719407251
615.629620355121
615.533152253831
615.461986705546
615.318223085264
615.034353596718
614.811511981034
614.783192740761
614.469837148772
614.451246416465
614.183048017395
614.164332665388
613.844334332889
613.226552079886
613.2061636613
613.137104020552
612.878671526356
612.857412889711
612.739877333027
612.642890021637
612.245074025168
612.196255782569
611.900161741161
611.545415282741
611.54402755845
611.387240663206
611.352076202316
611.284319657393
610.850031777522
610.500334449261
610.435925552526
610.389065891076
610.348254040926
610.306806708499
610.25242866596
609.987163245769
609.94248928149
609.749417310552
609.684320331633
609.246607033049
608.99887102347
608.901028931204
608.704254746517
608.58785354276
608.474240075424
608.459496556348
608.417003841477
608.351097520564
608.156069278019
608.006230281037
607.724219869489
607.672991662434
607.570890165952
607.452412708592
607.394540945484
607.261073361282
607.136054427589
607.110388730534
606.980512902242
606.861998599517
606.774199492132
606.761439143305
606.73435268135
606.491516407047
606.284115561732
606.270386713531
606.235325125059
606.184678280201
606.167506195063
606.150723812264
606.138691134027
606.062867895154
606.043381517042
605.952271094172
605.878353411585
605.840133390881
605.798942947939
605.775120694819
605.511940782088
605.381151757504
605.367799498442
605.304283005754
605.213499983453
605.115369347166
605.042665278341
605.039259951208
605.031102340879
604.945840575326
604.929825356566
604.925376638396
604.911484469097
604.845255908935
604.712455004391
604.531888623604
604.4416225442
604.439363734697
604.431754551814
604.389680992136
604.301924485661
604.160480697594
604.139986152078
604.12849377538
604.127281640576
604.124269688018
604.10320139961
604.102498565852
604.025818834211
603.958758887995
603.797037672017
603.780501028137
603.66923618451
603.624385034919
603.607761884615
603.600160488234
603.583716165328
603.458862221816
603.454641322818
603.442892790182
603.397165450945
603.360549914342
603.227327887523
603.159730781245
603.121322476705
603.014210931929
602.989798271602
602.979687846843
602.963481119943
602.766594622508
602.758484875918
602.747781127562
602.70204658755
602.549139385812
602.434322941302
602.33851873729
602.227817739119
602.168010718047
602.156413405522
602.130652709797
602.076533253325
601.996098209086
601.984893285694
601.94748261103
601.924436254881
601.832431694917
601.813794017551
601.685993605225
601.646831888475
601.608430303911
601.566252269523
601.544188060802
601.46664971847
601.416926431868
601.258165013317
601.239721055977
601.238740806286
601.233997058254
601.105017769659
601.076776902472
601.065549143869
601.005166176605
601.002572484865
600.949801189076
600.921152731523
600.884166085209
600.869451084741
600.749189566895
600.630523410173
600.523888785229
600.485001858079
600.47871062628
600.425834681182
600.413924806219
600.363761122466
600.342519769128
600.336403468846
600.205260242432
600.202401993545
600.143941913624
600.112594099294
600.102073627814
600.097630929778
600.073206360622
600.03305592341
599.958707749016
599.868715583262
599.867455565261
599.775319164773
599.756860223429
599.737882146758
599.706829984832
599.65877844477
599.57713281062
599.55735489528
599.501416145796
599.466986461689
599.445784502032
599.433440564429
599.380841847194
599.368921351776
599.306785984449
599.276303326561
599.173823184447
599.173410382068
599.054029539942
599.031612250347
599.020206234484
599.019620046142
598.795498595914
598.792491705873
598.781464388455
598.760463945
598.742758179159
598.734589809027
598.732290848905
598.598203897878
598.538779959593
598.426759614534
598.404727572302
598.272856769383
598.24405108774
598.204090822651
598.197232037078
598.172052012389
598.142080421913
598.089507557266
598.08641832275
598.019350531459
597.993600691777
597.961651188966
597.941017611859
597.922328845225
597.880841168679
597.696764861649
597.678624524609
597.651495713447
597.592208457941
597.587727760072
597.57519804114
597.505977473868
597.500594236396
597.425531571298
597.41908256882
597.346484573085
597.306934240497
597.299594967347
597.256906825772
597.252039934691
597.213006165386
597.209051918438
597.181083130309
597.114908389826
597.076977907678
597.051039659834
597.022525408952
597.013498896184
597.002927170924
596.998281415963
596.99759269063
596.947116366467
596.900190056426
596.867584405329
596.844179984455
596.82088424462
596.793082972773
596.767862961134
596.756219874393
596.749194756514
596.730186569687
596.717005720546
596.61602197712
596.606706509061
596.550007554821
596.543592081869
596.541538363217
596.539430399874
596.503845231703
596.501935911235
596.443944170412
596.43390673508
596.412956455257
596.38479300426
596.286951103313
596.276490033783
596.266449609697
596.248187805359
596.214784305647
596.152688821003
596.090256148715
596.078226631998
596.041976844061
595.991883671349
595.962699489294
595.92118761282
595.904371776576
595.895305808346
595.887066513619
595.784809746365
595.775534895269
595.738433473438
595.736391551511
595.734559374488
595.732187800251
595.710172288611
595.669570793711
595.668959786415
595.644045570291
595.600576579616
595.595749095789
595.544432770949
595.522478267036
595.456485040375
595.423361166623
595.398013160273
595.358739607112
595.351895120451
595.343630340828
595.340568280665
595.314048013656
595.260855174935
595.231363188244
595.183092854719
595.140787528784
595.139490062048
595.127484303745
595.125454554255
595.123559692267
595.120716775627
595.065403435233
595.053514993166
595.052159290882
595.02074370664
595.012452042907
594.985887915608
594.974844305645
594.973553938538
594.97223716776
594.963367666523
594.95855387445
594.917983660667
594.905550405588
594.889129087071
594.876574273419
594.831005302237
594.801107486899
594.79492864606
594.788462407431
594.744974341113
594.731567712741
594.675885248616
594.666418584642
594.658206241494
594.648565473064
594.604096401661
594.584454924294
594.555179881601
594.542786030902
594.529563523255
594.523117218693
594.503730726138
594.500339900095
594.455722944833
594.410891325005
594.39710656868
594.330847480094
594.324961717025
594.285303512589
594.227530948064
594.204829943968
594.169769007127
594.140049928507
594.117825822313
594.115901272063
594.100276396388
594.059161582664
594.005462991816
593.978141509696
593.955442522475
593.928664443067
593.917818076084
593.895057217704
593.862321060294
593.842681597402
593.83419737045
593.830677530384
593.800344423838
593.789857328474
593.774208069372
593.760206357729
593.742186553744
593.73724070325
593.720116081774
593.679879586816
593.662633223818
593.639795193553
593.638878181418
593.599386669435
593.596571559172
593.587057992991
593.569993605296
593.53153590799
593.50417727254
593.440186067118
593.425244407144
593.408024866583
593.404331987923
593.394924285209
593.291180788156
593.289551378126
593.272382533727
593.264178135054
593.263707476261
593.262231994534
593.25287279837
593.213387208547
593.174795009489
593.154109664237
593.110907743431
593.08100303949
593.06176194767
593.046087920572
593.031592946296
593.021993770391
593.019504647271
593.007585831699
593.000899526873
592.967969842614
592.948355102142
592.936794348198
592.899470855674
592.898099170988
592.895651265125
592.893098046852
592.878628338183
592.876659636144
592.842322501619
592.831481887475
592.817502651125
592.797746247386
592.756305892525
592.695647095263
592.672869312624
592.652855288338
592.623429359173
592.587438655251
592.545376371943
592.513087423054
592.475800859186
592.473016237175
592.451778162011
592.413997986708
592.4126597465
592.407152334108
592.37456847632
592.348964996804
592.319877357728
592.213898817681
592.210402104471
592.208861113312
592.199384938399
592.190799371481
592.149008768458
592.110958749687
592.098418655329
592.069369938884
592.0411658779
591.998102997547
591.969273771502
591.954136141794
591.953542067361
591.94504408774
591.938241309451
591.929812672843
611.780344370893
609.162868685485
610.009776780354
594.287300313029
594.295046738066
620.620797010289
596.318729623274
612.216187360861
612.952113460485
603.311701235194
607.945840597211
592.933641223588
596.536506164485
597.436588751953
599.938310170304
626.588793696284
613.75545125323
593.8618734078
621.471029812603
599.922073096818
612.090416568686
607.004637069152
608.609136557763
599.294140387626
605.838164234231
603.697833644199
626.902819169245
596.078413876938
595.958960852492
614.429586465527
606.095567891488
604.719053472486
602.568427226278
593.294863064933
603.340561481881
594.329422221839
597.079586258753
611.834554623606
594.089969802423
613.726116525172
596.272981738568
600.793034178855
594.262040026712
604.022407113045
603.973470531272
592.025240695466
602.857849673873
612.711342876498
628.881646314174
613.177297898132
602.903545243304
599.685275762893
605.820089800942
604.229441164705
603.341380782204
603.803087177253
606.628021305661
612.133270531721
594.728138518836
608.30407248731
595.280731684432
598.518360369276
598.662013387888
593.506814541492
603.95237286574
596.778690058977
600.35193834109
612.992794824455
608.85686215403
593.27495678454
604.984809320242
596.609165970509
597.484961730545
594.301870394443
609.207292157114
604.967696897832
592.950205892515
616.830833093765
619.79013165958
597.207876685065
621.791697687398
595.515864680982
609.052417950694
608.023144653525
599.557458553339
609.113620706017
592.062735932806
608.749875374194
609.369841463505
626.167079740269
600.187290147448
603.009872605058
594.633625347786
612.666469115412
603.819476234498
603.192767109687
605.217668415453
596.702385925853
593.421466235051
617.17740567407
598.073415268101
601.531024181937
602.253642337673
607.143283080218
595.658950712998
608.846433841916
600.94519361407
593.712467830269
592.1884689495
605.415945893753
593.739162512628
613.604137746056
593.818838661564
604.843376106981
604.279206188448
592.777838089418
591.966336539694
592.781601910601
592.06680896318
605.543865724384
593.096616827275
595.540003316261
593.457828942314
597.157704783129
600.137414631214
608.656488439046
604.347972939708
606.124573480884
596.900117372444
612.842510157618
619.43816467131
607.59842647225
592.652545125377
596.12549737871
594.167622243694
598.715490114642
607.832481745629
608.716094709339
613.782059875153
593.004392406304
611.934811404433
610.487709251406
612.743424905723
604.474254579706
594.337009419975
604.10848012411
629.496131407879
598.785938839682
608.409589122218
595.598638713815
599.935390393596
609.239477143074
610.402589016765
610.098469002313
602.843165460322
615.884492089327
609.472862451762
601.379180244209
605.740337488377
593.303226948965
592.235986191344
597.354682068721
592.139447437787
595.174557466937
601.89361642459
592.390857574843
592.222628590573
602.667728404539
601.403545083452
620.621621953222
593.886171679843
602.270612430641
596.740556495786
597.588308848952
597.64169587797
599.310466988347
596.984185058657
613.711312843572
594.205789730987
606.45066204463
614.589909815686
592.110863506325
600.116046502909
599.755470301141
615.454428328597
593.862581272251
595.639854913358
605.910488754416
606.1574835724
594.365311297127
613.961936143006
592.877561092712
616.400755351863
595.303508730484
607.838539652717
614.151149512353
597.796450169611
596.287502113925
595.013860078786
594.663688064768
593.085398270087
608.691305037628
626.749750065725
592.206523681446
594.127135855523
602.394170961262
606.988988554271
600.691438927229
599.76054160022
606.824466710163
605.757340989621
600.872789546243
605.669953620408
598.9429719616
601.147939358424
595.080792793696
602.563786946347
592.515619213744
609.28120634379
594.79745588112
592.324355054295
596.894462745194
591.982236093968
599.835622960292
599.736955914463
599.997001592432
600.740906155041
604.291552360251
595.192665784896
597.697519144469
598.949104938419
601.452775670581
615.006331020671
614.671190463068
598.123218918172
597.039932288814
605.204106355706
601.724503476685
597.463979106045
597.207931112549
612.726969175332
603.370125089869
593.670771878242
606.526564484055
601.59504842069
598.460865433113
606.068662097064
597.643050725764
603.737547835352
600.605594459351
615.521639420814
618.133228459869
605.130115735328
607.304240825905
620.811037771346
592.622867889865
597.470267787935
595.117043968666
597.106348184036
602.424060315007
602.311765334889
593.550605540406
593.897144228933
592.566650887746
593.881920720745
602.196688230377
615.910300836175
602.024997048157
607.707292498842
624.13082116746
613.600530347744
618.289269920069
595.348141556911
609.735476531843
595.299767353916
593.927012644211
620.082640958961
600.249786133435
595.678700891941
595.185469029275
618.159762919485
607.862357517096
610.737439001732
596.450526828425
604.73165040691
603.131255580568
602.917226631551
608.751848924799
600.922668923424
594.862059234716
596.456549045493
594.67321648178
607.299465328155
615.549673442206
595.864818678062
596.165553152999
608.112356417001
595.134956755879
609.135416662118
612.752145505996
619.543895729605
608.761101665181
615.826603395045
592.048965196638
606.291691271526
595.662543162254
600.2113852576
593.207049961822
607.674140472
601.427086323856
622.142038774465
594.655889699617
604.468764962901
624.728570329474
608.048929314042
602.038536203486
616.07495895604
602.159019295639
603.999262124554
601.24326407671
620.452259272065
595.82187103074
599.276048270716
611.686661185784
604.869933938223
602.813960775956
613.638428374805
602.486118721197
612.481274841811
609.815963425467
616.602491722045
595.023649158402
611.172818555292
612.068168332588
600.40112085889
607.566190079641
613.979459595006
607.784779628021
598.406083954196
595.766773611826
592.602683236409
617.504975016116
601.377663853193
592.128151294905
614.581439938906
618.915574171778
600.727690297337
593.092428049661
617.043443995473
612.493758913944
615.581828913794
597.384313240953
599.86773950246
595.46964990586
593.605734096814
609.54143689188
612.463770824236
600.09866967155
597.768580209363
592.385487971812
609.394052800893
603.359396302049
619.279282516109
597.081198368963
593.749275094881
594.000008871285
609.558979328345
605.983600789144
604.93345347596
605.86203763657
621.669426545303
610.53754596746
604.725112345811
595.225386110184
622.795341563324
597.612681814983
612.427711491983
622.376939039669
612.731667704029
614.92416568769
612.326802288485
603.79252989193
593.180457602967
611.470653743538
603.101027025331
593.472428202117
607.107227845343
596.634857832787
616.011577435646
598.652601335429
593.035764348728
606.487805276498
601.044315082529
601.740340033905
592.217380235837
631.367753303
624.596036076432
608.605668132337
595.893303422842
597.185945859353
597.376743805089
609.753710303534
598.488859926377
597.216936785549
607.393892517047
611.76330258495
611.675591705779
597.934481225026
597.322184974917
595.611160683419
598.491602914588
601.519493702719
599.161041452983
611.67169019932
598.397347389768
611.532787713357
603.261005806888
601.540855900254
594.120581223874
601.567533077666
625.816565296585
600.462576539162
608.009909568782
597.205696177163
610.272155633301
598.846278172434
617.478593391539
614.845224242797
607.752151190905
634.892502930174
612.108414340149
610.42378987645
609.370454263351
616.045258195003
599.00413023369
605.222815437602
614.041786993605
596.128255716038
594.271640807439
602.876910544561
597.723074101009
617.154922244678
592.655023252655
611.935565423862
613.786033506601
592.067423598862
599.167660633439
601.938444941299
596.173006167557
610.184830055133
617.850265146612
595.427974137816
603.198169960458
600.060294335081
608.7457564884
601.860252336127
604.615375025049
614.155927529143
599.854361101029
596.803693952957
609.880256190503
607.785506760214
600.184679040882
608.927617160292
598.636810389983
597.774554719571
592.392215869072
623.424590709602
613.390980020717
609.855895138312
602.707446995202
594.942933555585
609.410055488407
615.69636739823
592.366200454164
621.988898977671
601.161595188271
599.177945845742
602.513413566324
618.242522970085
594.756980131603
606.42090939319
606.087781146119
597.955652855387
600.057228398648
612.313466235738
604.709544476254
618.47980702743
597.901177594839
592.932513926479
616.124204521724
599.689021777725
611.97944097709
607.996747150348
603.501141371841
613.566650450118
612.159391609979
594.978175259897
595.999184804414
612.189889097485
598.53773771451
593.062480268695
