759.403617042053
753.356198817418
752.142957922069
747.657077347259
746.330095875463
745.782517740967
743.286895868409
742.566597564191
741.507382182034
739.234603591153
737.173860469688
734.643408956164
734.551731902666
733.290934411084
732.182218355923
731.343951821443
729.232562306686
728.681429673019
728.580779223127
727.673487467297
727.011487019972
726.611142249872
726.390352825154
724.80254503974
724.535511327648
724.464591303156
722.218064107613
721.725911948486
721.553058311406
721.302127530142
721.064663988436
720.51337732844
720.493046794448
720.188477073196
718.568926770014
717.982155387752
717.632910980394
716.366787302084
716.342463364266
714.700658718366
714.322373525462
714.302858534303
713.767950206764
713.316305676556
712.967512514729
712.845700889032
712.238082544462
712.192904602352
712.167050956323
712.074314527905
712.036977348152
711.946529815708
711.911567132389
711.890791700905
711.883427951096
711.878233081398
711.852701499658
711.844812549635
711.797332094956
711.79078493027
711.776273057921
711.768059094406
711.753755317359
711.750238549984
711.739666825931
711.72685182031
711.711964214634
711.703957389781
711.698346515399
711.697142765635
711.68931369666
711.687117345841
711.681279259321
711.670420205959
711.651978318246
711.646462444894
711.635687579767
711.634557415433
711.598597404659
711.595702002013
711.59449630814
711.584139945477
711.58293248783
711.578267459215
711.5716091501
711.569448145524
711.564164276486
711.558065771983
711.555524111445
711.546937755974
711.540847251061
711.525760878893
711.525746736325
711.521080480822
711.516503649167
711.514377039717
711.51311282317
711.503278024572
711.498397403685
711.495059075337
711.493017955936
711.489376523444
711.480937342275
711.480729328484
711.479563278667
711.479167671949
711.474144643537
711.474113514291
711.469064568754
711.46414631552
711.462188058236
711.445718562248
711.429922895735
711.418975149079
711.414079665017
711.404871154626
711.401915802209
711.396568799344
711.389756773309
711.381318863886
711.380464190898
711.376849246683
711.374086675537
711.371971363166
711.371110806953
711.368009120286
711.36344181834
711.362878363305
711.360762083369
711.36044781115
711.358697770184
711.352772855272
711.351642007018
711.346883687396
711.345462012704
711.336837333048
711.335043973778
711.331641894771
711.331479685617
711.327340408527
711.325977903009
711.325426657876
711.325272685967
711.318934893277
711.317205806685
711.310426318275
711.310258624289
711.306155986398
711.305490025015
711.300759553873
711.300186652623
711.299505904825
711.295269203872
711.291765191283
711.289936351015
711.289576845252
711.288131666936
711.284244105726
711.279251691057
711.278890002303
711.276352982098
711.271054235037
711.270773184495
711.259774546369
711.253636548336
711.246996301459
711.243127312582
711.240019888093
711.237227326019
711.233292124481
711.232170915533
711.225550045215
711.224146739315
711.223511966573
711.222738148592
711.220582628444
711.220550508075
711.216048477494
711.214603172975
711.209994771474
711.207199669223
711.20491772105
711.192163460399
711.187634843709
711.184470107165
711.184202874559
711.182525069467
711.177041684693
711.174779258289
711.174530043119
711.170689767278
711.169323974755
711.168939145335
711.167751991439
711.159866051023
711.158470437543
711.154557247231
711.151991517281
711.150909236577
711.14856957789
711.145207895024
711.142082583772
711.140622094969
711.137983317736
711.137484044277
711.134231486734
711.132955524279
711.132587971537
711.126088923046
711.120039465703
711.119168026898
711.118992721944
711.116709483296
711.110060041783
711.109719965476
711.104317877806
711.100629350745
711.095941215511
711.095725790271
711.094460585047
711.093232358077
711.090995288431
711.090511765314
711.08381302935
711.083700330568
711.080308295634
711.076431677328
711.074729171567
711.060249593823
711.060040285216
711.056559044123
711.054251547271
711.053263479742
711.050238881097
711.050102260246
711.04388664966
711.043779263467
711.04154778295
711.037660399702
711.035134503041
711.033126129921
711.032054452475
711.03152428278
711.03151492374
711.031328743329
711.027103622944
711.025449012033
711.022644751763
711.02069417315
711.01981625974
711.018623165292
711.014401510968
711.014179145975
711.00962054212
711.007074192192
711.004887891489
711.000261316358
710.99958911163
710.997783066209
710.995266465557
710.993837029846
710.992506232002
710.99189072994
710.987586347789
710.987392231938
710.984422779629
710.982835816382
710.982136458851
710.981971310717
710.976517464609
710.975068006729
710.973307143713
710.973139084734
710.968406953018
710.967090216847
710.965847656888
710.965820519551
710.965398976477
710.965317593526
710.965295706148
710.964826297794
710.963170478301
710.962930744331
710.961429104224
710.960955034638
710.958759197121
710.958078976652
710.956802694141
710.955755688975
710.955033007452
710.954614068016
710.954366099948
710.953986026428
710.951569747805
710.950099338479
710.947290680241
710.945955420433
710.942868118031
710.936892133181
710.935801379443
710.934488198246
710.930737394085
710.927224954064
710.923287988654
710.920389614906
710.919736765785
710.915209295416
710.914960570899
710.914596090083
710.914425535149
710.914204780551
710.913436481538
710.912092091416
710.911645507036
710.909150929139
710.90556953686
710.900155792981
710.898052055583
710.897316676836
710.895672022647
710.89527504907
710.892579844586
710.89120293489
710.890370090052
710.889900564232
710.889138972928
710.888954504177
710.887795664233
710.882044335673
710.88062449485
710.878957284356
710.877871633802
710.877747153313
710.877560594979
710.876103256369
710.873764143476
710.873024458198
710.872523761364
710.86908894267
710.866743785123
710.865835382627
710.865298072704
710.864940681757
710.864893305797
710.864197305624
710.862133156013
710.862094297429
710.861588631611
710.860121774241
710.860096396258
710.858526483387
710.858292973088
710.857476228961
710.853788098518
710.853267154373
710.852214316691
710.8510456357
710.850727834202
710.849321210076
710.845208684202
710.844719076515
710.841712893528
710.841448651952
710.838644960447
710.831705645403
710.826584280977
710.822481043974
710.821290347008
710.820776291014
710.819368818855
710.818581988726
710.816291592139
710.814354563257
710.811896806379
710.810870993265
710.81038735968
710.809604220933
710.809028580249
710.80666669497
710.805844861341
710.804604066029
710.799786458788
710.799378854158
710.798261580829
710.796195336953
710.795903465454
710.794339406184
710.794272695623
710.793364111616
710.79198898089
710.791829447791
710.791761623077
710.791094905287
710.790557451764
710.78926143175
710.787138756674
710.784772240428
710.784216952417
710.779386225332
710.778195741249
710.777726463457
710.776844183568
710.774607010731
710.773757209498
710.771462342676
710.76996418914
710.769415040963
710.768816399132
710.76743152744
710.767163679268
710.766876500194
710.766629776364
710.765925170425
710.765239426456
710.764265255953
710.763309030614
710.762838908417
710.760301487758
710.760016741376
710.754930289891
710.754659925796
710.751782180814
710.749647011214
710.749377582206
710.748950449116
710.747210530694
710.744526388581
710.74249044504
710.741826183317
710.741037505291
710.740939520866
710.739422942558
710.738079081121
710.737977632068
710.737631241241
710.735164320997
710.734712177252
710.73399069172
710.73380442131
710.733348531068
710.732056298233
710.731969542666
710.72822112071
710.726242343817
710.725103430924
710.724729030952
710.721306735913
710.719634915294
710.719488270115
710.717893056441
710.715748518397
710.714307687001
710.711259847903
710.708261247752
710.707799914372
710.707365364171
710.706470979686
710.70596710667
710.704165278751
710.700330081086
710.699528133287
710.698563361263
710.697815193653
710.69709068192
710.696640974699
710.694702017414
710.693603046657
710.692732191308
710.691973854243
710.689756295148
710.687781959939
710.687628187801
710.686688245127
710.686646931074
710.685754124933
710.685502863008
710.684975114046
710.68391264105
710.683168540538
710.682182848547
710.678781586852
710.678267664799
710.678194015613
710.677306708416
710.676525550924
710.676523074159
710.676389477337
710.672382630139
710.67038203267
710.669118091178
710.668299092381
710.668284244779
710.668069184648
710.664919421773
710.663441186932
710.660148406501
710.659733442182
710.659512902207
711.833997356837
710.877845220946
710.927316266259
711.123569642321
733.58839958032
729.856588556337
722.119693217844
710.978197752978
710.869982948487
710.806926254575
711.377882969485
711.032027827652
712.099363121335
710.657882762957
715.63138022515
711.28414361665
711.054404280481
711.309874225586
710.933136860624
711.312115316844
711.878425431631
710.668555820873
733.069913612421
711.300089082521
710.853970343814
740.109160628478
711.133616696807
711.609049292411
710.660888396406
710.808052552248
713.122529260472
711.217927506479
711.029953186926
711.574839055519
744.844252182736
767.584696905909
744.306845705253
710.684604979052
711.174875513496
710.737985416049
710.787225436351
710.750538258222
710.759445783404
711.015519851756
710.662560710518
710.716650072674
756.814174729096
721.217643755494
711.02800968463
711.25975191363
727.107850465564
710.696201202549
710.884718449643
745.052573071941
710.856189769874
711.701757420468
710.717475963045
710.762193039057
710.863035223773
711.174542923971
710.842035890945
710.814666300768
710.761967530889
710.917878743846
710.691792471008
711.109152969049
710.706572091222
711.544213179218
711.017957362039
710.8120306175
717.109404594503
711.15531976851
710.676279699043
750.31588396544
713.979430499502
711.197992640356
734.629733446867
710.701405786049
710.712771586023
711.21050815868
710.771720961741
711.468242030231
711.368394275614
710.800638664531
711.321331327909
761.014389388404
710.848665526361
711.290092405578
711.018767325912
711.986760609483
711.276808976468
710.803367848946
710.737091594945
710.760379704996
711.223751442351
710.952661045588
711.362928521775
711.038691131004
710.871888539641
711.193994115046
711.044194817667
711.813596548834
710.942840840041
715.719420579599
711.515506200477
710.698842929547
710.780827799489
711.210390785012
727.711924797037
728.597378874791
711.358072595397
710.80821844599
710.674581102041
711.577072258286
710.677537278634
721.511804972256
719.964979907906
710.818374577331
737.407953068415
712.061334014069
715.386301222176
710.753498888896
711.792479068764
711.104220494753
719.283636684956
736.738172687552
711.592400785841
711.379037612597
711.181606411719
711.201078451608
710.993440871281
710.905678636337
724.957796081484
711.315196510474
723.014455205881
711.142521288192
712.004411135893
725.057688756414
710.870110975315
711.158144008908
714.786264567994
711.091904896813
711.095143909378
711.387656693007
710.69565448085
710.731159671288
711.250420743879
711.345441932644
715.643129614245
712.251697710562
711.579512198003
710.818981420862
712.592056500753
711.127940344051
711.113700936708
711.549852171337
710.68893575955
711.249525656088
726.943561031587
711.636098628086
711.296009968789
737.50965761827
710.730522709337
711.227867317141
711.417909418669
711.437200055609
710.771794225206
718.264264151803
710.794482783978
710.804508616365
710.991568472788
710.687892001643
710.790822431911
710.698789625084
711.878723297263
711.293325657208
710.747368631689
711.655103133356
710.961185022799
711.657429186267
710.911822145116
711.487046528953
711.131699678732
752.823358945769
711.197168502356
711.418956984573
745.919249505246
711.179350012308
711.080426966554
711.140552084466
717.895042805999
710.705784808615
711.79377505233
710.772641398947
713.527122843133
711.082529354802
711.006297905499
711.559105624059
710.925673010137
710.777610449991
710.865937418736
711.080222332461
714.510620634725
710.871322907497
728.704357602717
711.488921852112
724.705615186858
712.497654619074
711.777548360822
722.978947195613
711.359978628187
711.088543105905
711.228838011201
710.788917641268
716.398748887134
710.90830249701
711.214984331335
717.422838490033
711.473311759051
711.429730599686
711.060900223127
711.195542589224
711.262204452812
711.506960082194
711.347424035085
710.741307517771
710.698908828347
711.113312300919
710.818128996418
712.196026659941
711.426619559707
711.618648263244
712.137100084858
712.021906461008
711.653695464779
710.708884916132
710.97614226796
711.298342863612
717.775768596841
710.853235814731
710.946802396634
712.471942368036
710.813643905005
711.737364866843
742.148496611541
711.682828993482
710.759904645382
710.697762486093
718.436879619676
710.864189303008
716.409136797338
756.138076447038
711.063373550048
720.004471944408
712.635857317502
710.663864585239
710.765942403638
723.538885690157
711.070243390016
726.393123884637
710.837405317132
710.736591984914
711.092164358921
726.741217258163
710.708266455789
720.468093624369
711.259731934228
716.267829464697
710.690289168126
710.840652179162
710.702546781126
710.866969739965
710.979790787059
711.114306266648
711.324710700526
711.213530061788
711.512368680881
722.996960552752
710.872667064443
710.660363433902
711.06217558007
710.947382282417
711.082071032867
712.631261873253
710.964175758866
710.981345040304
710.67034039501
711.037446832985
740.71080324109
710.9913679497
711.246489120286
710.743756571116
711.282263352509
711.312419564173
710.700212163815
729.005049412155
711.294963009865
710.844187801122
710.905580286799
711.767225609258
711.083698429055
711.154206287188
711.555353603537
711.14921648284
710.739126405937
710.980258038341
710.931874688946
711.535382658015
710.873433208745
711.370825792186
710.971355256589
711.726546689266
711.177791237334
716.338211720085
711.539874313328
730.625762029403
710.892394063676
710.732622477165
712.082587139218
710.823846710791
710.834533186766
711.154203928459
711.165374743406
710.898653954228
711.32630716571
711.999251515865
711.92847819542
725.923495257826
710.704374816024
733.552945537668
718.26845706641
710.714883371639
710.68302944611
710.77190619214
711.077084587134
710.911675114335
710.690426319395
711.441673118346
711.147619777427
711.507700272137
710.872638465212
710.786397566495
710.822479993441
718.385834162463
739.180105144549
711.606128286944
711.5938351833
711.44336721277
711.05378907343
711.248334115829
710.848676438677
711.38809886737
715.591748772324
710.743352239598
710.685900911348
714.646495802711
711.161394016024
710.747543917256
710.764110690991
711.167701372565
711.139742230705
713.341445836917
721.336872496447
737.748744250748
711.044004445213
711.133907472706
710.831049367657
711.122452515321
711.015023996787
711.421840442374
734.707855160598
710.894454871387
719.113840035789
711.218400797402
710.70462768319
740.517509274087
711.875768662007
711.580971795268
711.220544800408
710.666738048095
711.349566944114
711.28525780802
711.208044312974
710.747007390314
710.882272111643
710.896229530949
718.422863891925
710.980396829331
721.548920332181
710.902267622768
711.242806161916
727.961574549167
710.777365773919
711.288444849375
710.862082410223
710.761709736333
710.827312288831
710.811456739669
710.817398389537
710.979014140613
710.767007795298
711.645203150337
710.889142824913
710.887189400536
711.162433989662
711.136085966128
713.820605030168
711.513650317616
711.219181134159
738.652981116233
711.793285061572
739.92982053584
711.26992365267
719.320423583299
710.925034076399
737.884183945643
710.896173249421
730.084013768937
711.155806726721
720.200270004983
711.53953623504
717.229415442767
727.484482566314
711.40620695313
711.109058727689
712.717368199203
710.669011057838
710.849965512796
711.050331275374
711.021766923086
711.484750155123
711.187360944915
711.373205249719
711.015497018948
711.532470379479
710.822683245139
710.764895532074
718.33215347495
711.245104137342
710.729851714649
711.130755644977
710.741882869172
711.042779542133
738.485799884038
711.420364452386
711.129503457132
711.549518143011
711.207774670168
711.168560701618
710.720008347879
710.919920494956
710.675292231181
710.922018072927
711.561960905563
710.705233573031
711.54960198
710.784422491164
711.260334268324
711.12675823901
711.801936124159
710.825845303493
711.006795776871
710.891333646226
733.64289448679
710.949007701296
724.270080898499
711.002764468002
711.071198387562
711.374961463663
711.924447986582
711.554836090091
725.63319826365
710.706981758915
711.316219965004
710.962673798487
710.807489076303
711.581766371006
710.779386968921
711.184519570665
732.0394748672
710.969714719183
711.39339957299
711.573583761536
710.930807259518
711.10736249067
711.480360156091
711.076904135683
711.828382053293
711.062042966358
728.374435111883
713.687183789715
711.23307829079
710.825764374324
711.515649295155
711.155833770964
710.699430702614
740.978418001807
713.053315123891
711.176792974363
722.425385648981
732.547603000261
710.875803281819
