698.085457853536
698.0191697529
697.847511833844
697.806231084733
697.767198249706
697.760260197864
697.735254312612
697.717100542826
697.710724037898
697.693863712518
697.630757643302
697.599234962414
697.597471231597
697.54804332597
697.543589309017
697.508493979862
697.503907963943
697.444182839706
697.420537264187
697.416721205615
697.403782213725
697.37204104649
697.363669118091
697.345824776171
697.33915181586
697.335659751527
697.334493372079
697.319971546377
697.311919955669
697.306839344561
697.304773329404
697.304656938664
697.280951506781
697.278316361149
697.25696150028
697.255827048383
697.243625613647
697.241126614936
697.231754261856
697.216374029784
697.201861369283
697.200202501337
697.193525229817
697.191066031114
697.187378601887
697.177279703812
697.17424060084
697.168686487803
697.136836955423
697.132397623306
697.127752503392
697.127309864619
697.121244535068
697.108014400366
697.094366176542
697.091712143251
697.086362715473
697.07518581684
697.061935133616
697.032659305745
697.026170436503
697.022028889082
697.020801686148
697.018644563688
697.017018769671
697.01168443058
697.010254338977
697.004595610221
696.998913030563
696.990942811559
696.990853277522
696.967012782949
696.965302750662
696.963160819049
696.950255032784
696.946913690228
696.944016787392
696.941740648895
696.94017983124
696.94009693375
696.92835255151
696.927698467754
696.924509779822
696.923849439265
696.923462353601
696.919941957802
696.911005575772
696.906383544421
696.901503263984
696.900786851958
696.892980227677
696.881938597548
696.881001368806
696.875880211401
696.875815539393
696.873273899341
696.871137093198
696.870741083762
696.865887278248
696.858478904315
696.849284493341
696.845229560365
696.833899867165
696.831063775253
696.829129043904
696.825357435897
696.825140783419
696.811694979744
696.802921866265
696.802620037446
696.800668282076
696.798808136698
696.797838611213
696.794985004597
696.793236644483
696.78829668284
696.784270124262
696.782605131612
696.781880415744
696.776982107517
696.776558968748
696.772971796736
696.772018011077
696.771108804183
696.767294357053
696.755729243926
696.751131763618
696.737624071394
696.735217203218
696.731555195389
696.730317349826
696.728814107124
696.727807327665
696.727287312217
696.724693022717
696.71603989619
696.713633335749
696.708027106453
696.699548588492
696.695832437932
696.693664158282
696.691542938317
696.688599929629
696.687932133021
696.685560473972
696.680793811723
696.675316546278
696.672630851862
696.672594488675
696.658837752841
696.657869398402
696.654786656009
696.651536608537
696.647412657689
696.639129119333
696.635527480146
696.626786163346
696.623866747204
696.62080536608
696.617471863958
696.61500751163
696.612436348065
696.612006610743
696.605743703733
696.603821903305
696.598539518034
696.597115084124
696.595076422307
696.594981361313
696.593171988555
696.590901324974
696.589568869356
696.585497493289
696.584990901356
696.584222075819
696.581847182167
696.576456752171
696.573475702745
696.571244436044
696.568682210774
696.56787704472
696.56571729155
696.56545116113
696.565013869505
696.562611128663
696.559677685917
696.558348440172
696.55776567355
696.557534696698
696.55485751659
696.552598088021
696.549382995345
696.549131975614
696.546506345121
696.542009314433
696.539174575291
696.534503485547
696.530517834286
696.528390890423
696.527946350053
696.52647248323
696.526441817164
696.525883766339
696.525817500315
696.525792880137
696.52500890119
696.52422588865
696.523954141576
696.521797095198
696.52042826121
696.517217418834
696.517099737581
696.516183339695
696.515737902662
696.515279947066
696.5137198952
696.512139966009
696.505034465494
696.504803936837
696.504780178453
696.497952562076
696.495210319381
696.489830555004
696.489567090137
696.489080532174
696.48475951596
696.480150294404
696.48005712373
696.479251557268
696.476374740442
696.476155162019
696.475758632276
696.473111609925
696.466612922451
696.464278361094
696.46274797405
696.461547095737
696.455709925386
696.454384258718
696.453519602451
696.452832079501
696.451977760222
696.448827157474
696.446768140053
696.442869765995
696.442079743182
696.441341250711
696.435727796002
696.434023301946
696.432281778255
696.428425498636
696.428156561099
696.426192278934
696.424543658632
696.422338928509
696.421703295745
696.421235096582
696.414662302123
696.410315659937
696.40981263383
696.407077155967
696.39950960964
696.398309229584
696.398233434025
696.398228399555
696.395980032911
696.395110738135
696.391555835855
696.384852240538
696.384690978936
696.382586335783
696.382115140266
696.380921500479
696.369398145575
696.367516525228
696.366317602723
696.36463595913
696.363117967037
696.362709322616
696.358575716385
696.357343888628
696.354821448967
696.35361475976
696.352797557647
696.348082389926
696.347986210845
696.347689576326
696.342720841651
696.341463149203
696.337195348571
696.333012871881
696.332944631561
696.332609950182
696.329627419685
696.328909325985
696.325555560931
696.32454731354
696.324236471729
696.323867209271
696.323413041897
696.317553480608
696.314831134088
696.31465089804
696.31265255497
696.310753211879
696.30970189964
696.308200283275
696.30485897267
696.297971230207
696.296470687441
696.296294022482
696.295778839869
696.295037423318
696.294894177401
696.292932467821
696.291713170792
696.287875194785
696.287026431744
696.285655648113
696.283610475258
696.28245715467
696.282020310693
696.281859739464
696.278025709846
696.276653906804
696.275026674164
696.274393357282
696.273480156953
696.272355555033
696.268328484713
696.26675196405
696.266046131413
696.259434843368
696.257090692766
696.256422123883
696.255065209527
696.252206328036
696.24816782841
696.245643651458
696.24532738926
696.244681248171
696.24378246404
696.240663230152
696.240639324364
696.240522924509
696.232031038188
696.230530646092
696.230348614227
696.227375942607
696.225225908362
696.223023610861
696.222142143883
696.221402902346
696.221212411295
696.210304416314
696.209542664754
696.208284919975
696.207414710517
696.205321597119
696.203726666484
696.202748970833
696.199158399491
696.197381701456
696.197140615275
696.19555561383
696.194239418956
696.193901611414
696.193013180483
696.191788614473
696.190752465788
696.188502223028
696.18793320241
696.187241055082
696.186814159617
696.185219779895
696.183061627726
696.178655577927
696.178424993186
696.177288487295
696.171202903576
696.170312728311
696.169919213601
696.169043776565
696.159974627133
696.158939254529
696.153577079637
696.150085139856
696.144498419459
696.142977009378
696.141213495429
696.140737137429
696.140668351234
696.140220120217
696.139829193602
696.139434461861
696.136793684133
696.135190662022
696.134787841393
696.134577567755
696.13211887285
696.130039102059
696.12872942557
696.128684828169
696.124840861342
696.124628748342
696.124013948847
696.121455207168
696.12131227693
696.120818351171
696.117372205596
696.117174384383
696.116790720303
696.107496931965
696.10673034526
696.106624485693
696.106290845415
696.101481173689
696.101382975838
696.100444315377
696.099461875854
696.099161734858
696.098777551584
696.098061286734
696.097905479058
696.096976321179
696.095194350176
696.09458013325
696.091787149962
696.091030936635
696.086845031729
696.086756971494
696.085411607747
696.083220522535
696.080921009818
696.080700102012
696.080532190586
696.076980170156
696.07519307746
696.074867954768
696.073871186457
696.072928827182
696.072699880497
696.070717484983
696.069453296137
696.068618254626
696.065339445679
696.057803037747
696.057161756844
696.057059701016
696.056437577219
696.055329740208
696.053659828994
696.053607821812
696.053144945113
696.05046879311
696.046724691604
696.045487186777
696.045119867483
696.04346810497
696.042870167194
696.042869414484
696.042741547797
696.041066944067
696.039874670292
696.039476733898
696.038427988864
696.03831805399
696.037598086229
696.036499438855
696.035811397456
696.035362966553
696.034790029336
696.034694001578
696.031773562197
696.02926724594
696.028886111175
696.027824885458
696.027063126321
696.02470300527
696.024318312647
696.022947083974
696.021955674377
696.021952543503
696.01978393162
696.019536131775
696.017004753288
696.015078242907
696.014911438481
696.014002493494
696.012984254409
696.012790804636
696.011655477999
696.010187000051
696.009351692609
696.006309176468
696.005055713832
696.004579123466
696.004534925208
696.418715404033
696.630443687174
696.242307593404
697.56541042098
696.392323215391
697.224393121444
696.117510789163
697.074585196074
696.382456364916
696.033448458823
696.86575999996
697.012773996002
696.34641701678
696.939258163633
696.295080220523
696.269880680643
697.502251106064
696.748525240237
696.223863910951
696.100695550568
696.769954850621
696.379211591081
697.455354164875
696.038014161526
697.054916010249
696.302377357444
697.529948791347
697.176993060278
696.701420749452
696.821699671131
697.016386487275
696.338608041266
698.06592292975
696.523469028003
697.278150579335
696.204823383468
696.224891463073
696.041884156075
697.226929364596
696.298066805605
696.961856005056
696.080125049932
697.272300614535
696.827026949198
696.805973273069
696.227056244852
696.041841908561
696.863078653492
697.291107008567
696.672728415737
696.289391321702
696.946140641234
696.075980719859
696.605601808123
696.07778748029
696.499004608182
696.75377680677
697.285191429388
696.878683874711
696.886145964811
696.275677534949
696.070951016154
696.120767200362
696.147227662001
696.935410710155
696.33954111378
696.845826278591
697.064485394417
697.897858607839
696.881001519125
696.290313048531
696.226270335113
696.31166600764
696.415644675509
697.19524517502
696.216198558729
696.465145259211
696.192337718262
696.607433234257
696.67640412413
696.132495738842
696.626995426314
696.384144179827
696.791809674542
698.353213240493
697.440762919639
697.072825823682
696.63480695227
697.215105287951
697.243660394767
697.229647888648
696.052576026208
696.327474538906
696.373286558401
696.460041141437
696.416732437048
696.177646581023
696.030626221162
696.372754914365
696.017176887105
696.506082255229
696.005347986571
696.195328214257
696.287510036343
696.059653644006
697.370245261805
696.973723464147
696.121097773179
696.919451074107
696.306879578407
696.286324815765
697.055219409232
696.926035765698
696.878672962462
696.982375519112
697.484584656936
696.102202061041
696.339631775652
696.749017401952
696.800539563922
696.786773035313
696.691227746644
696.493481659836
696.427016660055
697.166813966314
696.988267858765
696.020268830188
696.191943379951
696.371436787327
696.135310732466
696.125735942713
697.199721878038
696.706191835085
697.248551192944
696.080693892178
697.167192697689
696.163745169887
696.551725766744
696.134263837373
697.057144337374
697.071071869367
696.175952164264
697.212992409007
696.995207741018
696.181290166909
696.471142168971
696.542468267671
696.320739830058
696.266004994423
696.066029866016
698.05192451176
696.831436139901
698.742785577579
696.236007121573
697.046802958228
697.108176454319
696.172611233186
697.096637190659
696.083201908712
697.399182539565
696.789208763368
696.371446930259
697.204467856301
696.292954060639
696.74671039645
696.855559637391
696.802813768704
698.5870378636
698.05293018581
696.294546836803
696.57820106436
696.103281227607
696.865208343705
696.306798288401
697.517157231994
697.528436516233
696.97659450571
696.97029963241
696.823012583146
696.229075546224
696.659140862563
696.534222972303
696.72909035046
696.696971096234
696.688223556443
697.680641427657
697.328978046558
697.302997685617
696.601198190991
696.533945296896
696.099213726627
697.867558605949
696.486208589229
696.245088271737
697.384150248686
696.921323297635
696.191806794907
696.126264362516
696.323674170922
696.694486059526
696.056057284274
696.512433397798
696.411838180356
696.511666905946
696.826156519231
697.232197102446
696.425120757561
696.213567770547
697.079284919158
696.405699078671
696.976030460946
696.047621898483
696.898990920517
696.691171076852
697.031129467816
696.769874167599
696.288401294207
696.411251665919
696.007731946609
696.769092658244
696.186512589662
696.016938066316
696.81921357223
696.4335364032
697.739156690404
696.642849943939
697.263659960243
696.493825123623
696.130551468133
697.465429994511
696.657456391279
696.346625601339
697.199907889355
696.724391175936
696.004428130743
696.449025446364
696.002636665881
696.946462213068
697.093302054056
697.412180486664
697.362890433307
696.858537605498
696.866241852661
696.294031097767
697.609538285052
696.241410391881
696.419890266395
696.129591044236
696.952755147671
696.993271673041
697.252216424304
698.181085877672
696.591747282129
696.304285872106
696.292558363677
696.006408825772
696.194827014378
697.449376608148
696.404376624941
696.190554189267
696.5884331133
697.144938762338
696.900507437712
696.653604458595
697.13025216837
696.256715775574
696.744694269917
696.371917495758
697.073552380288
697.071856558227
696.387619306771
696.340890473742
696.526028892876
696.42019493205
697.321959072711
696.255543073892
696.658953404654
696.675803936528
696.21551005552
696.842526426379
696.585885375324
697.05173544935
696.695026358562
696.517863877496
696.072604734191
696.133498673827
696.064392562451
696.225946230258
696.102127681149
696.407263002796
697.14642133619
696.632362107669
696.184502800994
696.876653777097
696.728164066738
696.986104950562
697.194571398099
696.777801752795
696.582665693289
696.045364303502
697.040328059936
696.183854318146
696.064382644548
696.372292713845
696.312891080426
696.270124460157
696.280613691793
696.385096397095
696.755462528154
696.153189177919
697.363171337641
697.061485365617
696.807922945359
696.788300567286
696.285055452892
696.350559674295
696.391810901736
696.311433246076
696.679371979935
696.131526213213
696.068693052204
696.567980206655
697.288770896826
696.787625304776
696.121962270463
696.078786714712
696.019425574783
696.298074481364
696.811939872462
696.548697579765
696.007808902229
696.86064812967
696.339044673048
696.064944528639
696.141467859266
696.081159944903
696.475934891018
696.108195566003
696.654467105508
697.047441091892
696.207576868437
696.311255836766
696.269353318151
696.954985177675
696.419287700606
696.121869644106
697.927088619589
697.05860252101
696.96929224338
696.224689490639
697.117011308843
696.087679636935
696.147180377731
696.237436431663
696.514570662831
696.288745092027
696.30116572683
696.335653477678
696.934901283616
696.256340782221
696.356661399363
696.238826264492
696.754314473474
696.027937437751
696.954514897241
696.690422460939
696.121643670959
696.516226103367
696.792198688042
697.529258435055
696.100675839835
696.057936466026
696.33070239253
696.581447722767
696.552495527954
697.432781717166
696.291951430092
696.309259202943
696.963886530861
697.2962644007
696.220716463752
697.829635449341
696.165484647621
696.314977606043
697.898985366311
696.098789808638
697.524067278287
697.505573667704
696.153808564512
696.089777930763
697.289482701919
696.116196811332
697.108075368145
696.602328752339
696.575153253389
696.580799619435
696.463739866497
696.058601269212
696.634802566406
697.242617478724
696.440631251615
696.165607451071
696.018143706278
696.028599397726
696.851689459941
697.419128094697
697.554574811375
696.540906821969
696.794309474044
697.232383565377
696.894770879395
697.821725383096
696.181435776808
697.652562003093
696.267517075353
696.997611054493
696.117198666815
696.191332653966
697.136973532251
696.226820554618
696.876155614623
696.852760148122
697.341217079868
696.420213177946
696.555267602172
697.123607244497
696.65471071774
697.915115061683
696.317607788852
696.653150051367
696.159845164633
696.907318642221
697.364708711833
696.445816415978
696.395179462875
697.027191328424
696.586471264544
696.754495500729
698.346453774389
697.223295776462
696.603563906018
696.616943483207
696.181486164993
696.80052697116
696.68419565824
697.160643616108
696.287116687765
697.039352321448
697.294731676981
696.531011464032
696.786442851971
696.201953245817
696.275647604841
696.994897042068
696.274729804373
696.818386794341
696.668750533685
696.044900646734
696.903167560903
696.079460473343
696.364471839638
696.05743630937
697.394670121115
696.24143910688
696.008106851222
697.696520492468
696.108734080036
697.975098538093
697.119579558423
696.948954589085
696.498515377924
696.0699866974
696.259362010855
696.490348289158
696.895208862564
697.384864311348
696.466358624599
696.060616324593
696.143899140068
696.22013782171
696.081718395634
697.078025432201
696.022377834607
696.249113671726
696.669191788283
696.941170859278
697.313448342028
696.384822095202
696.473726521962
696.202376559979
696.553118632367
697.064052527579
696.640795517645
696.118657738338
696.229977928988
696.083793746945
697.686717412043
697.326000141647
696.236129067945
696.173740410265
696.679236179816
697.939755011401
