439.589847791613
435.14192241778
430.2207325732
425.552766274148
420.892905240899
406.493201597396
398.832210174941
394.49585786519
387.379662798342
385.67357368248
382.449422873372
382.00323575876
381.176810470865
380.70829310094
378.937567078699
378.268838543712
377.122251537035
376.659809343444
376.095223816789
375.923089829564
375.333722488302
375.036830327656
374.889575814192
374.75775293088
374.728712955189
374.682696650085
374.655158295241
374.653910235836
374.652026993229
374.651213002573
374.649062326245
374.64901301302
374.648969322808
374.648896617106
374.64887952998
374.648816172454
374.648761146082
374.648642507273
374.648577249255
374.648476867751
374.64843310687
374.648410948041
374.648226108079
374.64792862476
374.647905646773
374.647556818639
374.647376247856
374.647207664126
374.647018832172
374.646971677737
374.646849909083
374.646848258254
374.646656731945
374.646562522685
374.646431156958
374.64636146781
374.64621797154
374.645993851197
374.645883349654
374.645822342741
374.645782799606
374.645718659541
374.644949824438
374.644437169942
374.644364611165
374.64401757102
374.643619283764
374.643065360958
374.642353540245
374.642079111157
374.642047839021
374.641545131752
374.641232851573
374.6411833592
374.641155057157
374.640966294743
374.639114340144
374.639005248336
374.63898518575
374.638574325088
374.638315418171
374.637993150675
374.637484909539
374.637442050725
374.636198409005
374.636068064078
374.635634481989
374.635010784369
374.634907297435
374.634711879181
374.633996277847
374.633515671232
374.633232419749
374.632616720495
374.632143578482
374.631376206972
374.631129793816
374.630857091404
374.630813018856
374.630685256905
374.630487839744
374.630240131472
374.629762891035
374.628250350756
374.627876300857
374.626377994023
374.626187646327
374.625995993818
374.625832516226
374.624596468543
374.624284414881
374.624221487196
374.624052175277
374.62385147253
374.62370820948
374.623698253313
374.623547542296
374.623287128689
374.623116969924
374.622080916511
374.621998239443
374.621528376088
374.621062471163
374.620449813785
374.619983075024
374.619887008567
374.618193571744
374.617155100312
374.616494138134
374.616146552928
374.615269156321
374.615144365673
374.61508023329
374.614851035827
374.614377273605
374.61429015264
374.614169669673
374.614069982178
374.613992261743
374.612800045715
374.611960655981
374.611801972709
374.611776491888
374.611480742597
374.611222988635
374.611112672307
374.61099420353
374.610469383882
374.610371260795
374.609768952159
374.609636481841
374.609105007782
374.608983452346
374.608633314324
374.608102613923
374.607795454938
374.607766132045
374.607484108885
374.606307355142
374.604800919358
374.604522245005
374.604034129175
374.602663191021
374.60234493445
374.6016780823
374.601195606121
374.600559738229
374.599797471244
374.596431484339
374.596155353078
374.595896191822
374.595555366015
374.594815040939
374.593605501394
374.592425499007
374.59191861563
374.590825110524
374.589808409327
374.588849734262
374.588688066753
374.587836314909
374.586006686581
374.5841178197
374.581731242988
374.580330970388
374.579287097236
374.579203459586
374.575614466528
374.575308634933
374.574305179466
374.573829532059
374.57372641041
374.572969306167
374.57267149034
374.572267069034
374.570930569936
374.570199710625
374.570083275599
374.569904341572
374.568973816659
374.567022490835
374.562840513455
374.562533688525
374.562376703864
374.561836946691
374.560871530589
374.560489559959
374.560361711361
374.558240033436
374.558082415227
374.557544866106
374.556984245339
374.556720859989
374.556711212157
374.556387312008
374.556302603356
374.555173528554
374.554681749831
374.552334440584
374.551316709246
374.549375490925
374.547219441002
374.545754569886
374.545746088767
374.544409545206
374.544312303518
374.541618653203
374.540315241401
374.53898538866
374.537757422627
374.53574169671
374.53496414188
374.534959933127
374.534832941814
374.532145256851
374.532006322524
374.53057401709
374.530457434445
374.530114068334
374.525895056257
374.524158419548
374.523447287879
374.523012551348
374.522973976283
374.522819642473
374.522224769867
374.521934471376
374.520577879957
374.519753950828
374.519325859542
374.517622195976
374.517449776285
374.517426020881
374.513751227501
374.511283865255
374.510826558099
374.510576360007
374.509623115038
374.507711980457
374.507637293598
374.50361170988
374.50142928642
374.501145541493
374.500584838516
374.500286010784
374.500257608134
374.497896358484
374.497559521403
374.495557825608
374.491659310851
374.490603865003
374.490034100893
374.489968475862
374.488807941472
374.486779884892
374.486488330732
374.484934014402
374.482239598658
374.481633906282
374.478620099046
374.47684452254
374.47595447927
374.472828510407
374.472814592616
374.472290987581
374.471615319388
374.470488076786
374.468046546093
374.468029469199
374.467981082679
374.467768060202
374.467633284719
374.466821944039
374.465408303228
374.464218864029
374.464187126761
374.46049717015
374.459192477447
374.458894849223
374.457957093918
374.457308667146
374.456735595798
374.456078700653
374.454897244752
374.449458098552
374.449191223756
374.44820718774
374.447477067577
374.446536358554
374.444049969958
374.442041100848
374.440299378142
374.438841005702
374.436769059136
374.436507820377
374.434732556786
374.434498077482
374.434087864518
374.430553481796
374.429782265183
374.428241200871
374.427379477154
374.427244850391
374.426949689764
374.425678321169
374.424490544237
374.421276616356
374.421157614004
374.419864493479
374.416965814755
374.41566085492
374.415332500764
374.41436063326
374.412221468583
374.411599999889
374.411078970031
374.411065782317
374.408671770879
374.408542984704
374.408401157897
374.403031052966
374.402761214449
374.402607942348
374.402430250226
374.397949278267
374.397815617651
374.397690483271
374.396018439723
374.394590187638
374.393803950009
374.392160687661
374.391818501963
374.390033286752
374.386605714056
374.384749963076
374.382365040251
374.38165849714
374.37892614119
374.377945366283
374.376872024958
374.373883160978
374.373489056573
374.369057670706
374.367874808428
374.36697201923
374.36300308068
374.360750969934
374.360684881942
374.358577107584
374.358175548129
374.35775714046
374.356953466765
374.356449159285
374.355782259053
374.355247618136
374.355128432165
374.354680109364
374.354310715724
374.352220880391
374.349261197178
374.349197438437
374.34685652353
374.345157665028
374.344847228067
374.344292876422
374.34395630219
374.343743489417
374.343510534347
374.336810871592
374.335415769262
374.33479847607
374.334106493236
374.331509615955
374.330658927963
374.330016098833
374.329966037774
374.328919778529
374.32825161089
374.327137253228
374.326376558014
374.325674847789
374.325423020735
374.322008493987
374.318003129822
374.317794287489
374.31747550644
374.313972329179
374.312317801232
374.312288884664
374.310606084451
374.309861919837
374.309276699191
374.308386898977
374.300910998639
374.298994556034
374.295131090357
374.29399220606
374.293321703788
374.287158864808
374.273523294562
374.26982849557
374.269437195074
374.268591821894
374.264369624223
374.263096403679
374.257505368885
374.251479851136
374.250858108223
374.250108685552
374.248594328196
374.246402938494
374.244798281525
374.241115850852
374.240081912308
374.237571371569
374.23702461565
374.235789379865
374.234681681916
374.233025650184
374.232844482221
374.232430618189
374.23037924916
374.224478062328
374.222974174394
374.222333783853
374.222145599263
374.220038817171
374.219311748239
374.214859712639
374.214291502813
374.214193314525
374.212677814246
374.21185339172
374.211208883337
374.206324999286
374.204736172995
374.202996227823
374.197412853315
374.195264262452
374.194464700915
374.190586300153
374.190288595523
374.183764850944
374.183353869801
374.182797755182
374.181994890508
374.174994051092
374.17075510236
374.169597016336
374.165671192036
374.163141193943
374.159912612501
374.158253142797
374.15712707345
374.154955415206
374.154907897399
374.153150388837
374.138509054612
374.134981508835
374.129441974037
374.128419054558
374.125025152427
374.123025072504
374.123022002111
374.122633328567
374.122423227655
374.118057579528
374.117837138053
374.116235442446
374.115202085714
374.11447227803
374.112730222966
374.111789765963
374.102657224062
374.102503712825
374.101476334876
374.10108949162
374.098524630478
374.567520581691
374.139303989942
374.40095021007
374.633113096652
374.647424980798
374.44961535419
374.43600158734
374.209215339983
374.199743815242
397.531597279988
374.463792446994
374.406651262849
374.643264626028
375.798327330317
374.500719144972
374.232001639805
374.610474278416
374.642941858762
380.29080240467
374.636487968205
374.350945668215
374.590425786382
374.626628342218
374.580078781367
374.422204270802
374.601036107603
374.568492659485
374.629368941423
374.351843503806
374.233241689503
374.558308729259
374.61655022618
374.443494594574
374.479709479339
374.630907708773
374.542687748008
374.60257207595
374.420035494507
374.515629991365
374.578304677223
374.459018854783
374.408159035995
374.632500163389
374.164533043353
374.15884352203
374.487342991147
374.606395250181
374.568665951099
374.647734422182
374.574079174004
374.131401340765
374.270742716721
374.803482735724
374.647420457468
374.388943594912
374.31510213884
374.173874924126
374.474263861994
374.565524066321
374.331013948138
374.641754931281
374.452540277922
374.372503811165
374.630841164097
374.637505422588
374.318299861681
374.427014923541
374.626674082507
374.597503658735
374.591902303052
374.473931318983
374.254205568236
374.157507008774
374.58005062732
374.615441782758
374.588897239113
374.60234781769
374.636228381363
374.170873091051
374.649030807866
374.574202094962
374.635593691115
374.233248659895
374.330876179718
375.300989858543
374.449726202742
374.646412714137
374.629819444899
374.635113833869
374.437093733529
374.640251606287
374.638308090149
374.617214477468
374.646157629792
374.643153169778
374.58549443274
374.503529679452
374.687889352062
374.180770679814
374.324740904455
374.473809876051
374.404314586207
374.395456046718
374.648534146038
374.643243522203
374.605096650718
374.648152341614
374.147955108977
374.257598166661
374.605372859264
374.46439483756
374.528257384451
374.511788059546
374.431596052274
374.476691663583
374.40484070163
374.449640217761
374.448714651559
374.178981928164
374.518687930631
374.487664436495
374.479612748345
374.648812712809
374.642197531135
374.646251762359
374.225085317124
374.610530054894
374.639699871968
374.174781049762
374.651825465306
374.590735069961
374.33541561443
374.587013548716
375.895060294914
374.134357717578
374.641610828906
374.648216326026
374.246550951093
374.346317577715
374.526004731418
374.235303940684
374.484072217307
377.252326259748
374.647983522792
374.579415984347
374.525600733356
374.622876212075
374.587548769998
374.64510022999
374.632908694049
374.633635555206
374.140797220435
374.591128255209
374.637984056644
374.564376842875
374.644513551066
374.35857749198
374.614326608288
374.428213337688
374.638120085478
374.256120240997
374.621268743961
374.565284870361
374.436567585383
374.424580818635
374.598533239552
374.281750808909
374.434422986938
374.39524871021
374.598205715843
374.517434569798
374.500418718974
374.544711923649
374.315646536489
374.644425593907
374.52349220577
374.5786762863
374.631321449603
374.315352210839
374.634419078928
374.212984002289
374.640200243551
374.550801427639
374.427845567036
374.511517147964
374.247505952492
374.425738964629
374.627980757627
374.618568112364
374.442849398609
374.641139666523
374.516313398537
374.101951399592
374.487596365401
374.551240377349
374.635282280094
374.161968086943
374.644210109118
374.559852032912
374.647141725585
374.526566927996
374.617928190306
374.649062234267
374.648001125941
374.353647840312
374.547762581574
374.615730451015
374.583060345815
374.60929234905
374.649044909787
374.531064151034
374.289401446705
374.39345192224
374.562817185851
374.547477869111
374.527171681538
374.300885441587
374.310152512572
374.320896184613
374.558395258542
374.207031643059
374.308874111945
374.640380421809
374.446067419423
374.53538979471
374.241637990873
374.638265887294
374.561284869467
374.529361709848
374.347370083312
374.318052669501
374.401587419419
374.407655432625
374.462131511322
374.607554489403
374.110785468295
374.186812962339
374.619767713967
374.538796106449
374.184936206948
374.648466253872
374.507417327499
374.554130359736
374.735892325098
376.143169100287
374.477503452914
374.605324222801
374.507343253404
374.264632846753
374.648519492587
374.604837369169
374.505578543115
374.648598919528
374.340950175449
374.632026807456
374.5087190479
374.135015766742
374.596635481937
374.272946503668
374.629175018403
374.640110927689
374.272008570352
374.454527160306
374.56065615772
374.393255433775
374.620367368497
374.115417775853
374.206136472891
374.510074081554
374.348667494974
374.363597789175
374.563913457436
374.638427260065
374.286491315021
374.509003170405
374.446759443473
374.623345128413
374.628220245338
395.167447312074
374.646599750485
374.606703791151
374.535429170297
374.237475711299
374.612487959847
374.454554944617
374.573434391944
374.649049673928
374.632026667664
374.303031545718
374.574798772839
374.64902082741
374.489995932963
374.556615976491
374.283991378666
374.404307795644
374.645940235734
374.61132788517
374.616609424915
374.370004119177
374.615131503656
377.559493768241
374.739747467502
374.387553570088
374.601215132538
374.606823493785
393.020278795295
374.302639172502
374.63731192084
374.641061705876
374.293874287202
375.570493886762
374.349232794372
374.64837580394
374.407053066397
374.408510822845
374.4591277147
374.463184028338
374.581146487774
374.202414528545
374.617215869367
374.52993321936
374.61915950606
374.281823198787
374.648991047463
374.623372989275
375.231863356786
374.639248868576
374.555504156342
374.417804387838
374.248623889733
374.624656205278
374.534778848995
374.431666291961
374.217459484186
374.470388680614
374.642961030023
374.27698490402
374.546497760768
374.360103814297
374.630883458409
374.582192081083
374.099701598682
374.638439080701
374.506358240389
374.447457545817
374.402362093342
374.274512891183
374.610073624329
374.175128502033
374.467779449744
374.482648750512
374.502415424994
374.630991781531
374.523985226065
374.581834664191
374.270682976856
374.568274990917
374.351194147985
374.531999483058
374.237610517968
374.346281889796
374.50859495006
374.63907601211
374.646895245145
374.529922255337
374.434898801195
374.253617419643
374.618720466819
374.596627445346
374.636998254755
374.125182077955
374.54175664776
374.527220949194
374.621751825428
374.264814942153
374.524948163647
374.833658472289
374.342080933949
374.212723172969
374.336553635573
374.254983800564
374.642493209563
374.520950681929
375.275707745321
374.599102780134
374.612625885554
374.402550829911
374.637914495766
374.182682241974
374.117674412642
374.599603620715
374.767780640622
374.581767748896
374.576127182364
374.267991688769
374.623153218655
374.489455351204
374.413537594774
374.311814031536
374.630248663215
374.374040435418
374.60157454428
374.313801956541
374.528025253481
374.782389946661
374.320916202051
374.633306444989
374.641995286713
374.646120637677
374.582956579855
374.63021822586
374.627637289123
374.634229877872
374.518252786173
374.608214263326
374.629779882188
374.64203308385
374.33187691066
374.590937719535
374.644268162039
374.589873364592
374.104868191859
374.436523320657
374.598344081299
374.605703139689
377.653152870971
374.646848291828
374.123944184541
374.148481635518
374.27060680759
374.634969528465
374.22410323519
374.45390687963
374.596945804679
374.617477614727
374.614812346288
374.48357807181
374.427839829702
374.486405927639
374.159809447969
374.441288351443
374.444579094102
374.338302149997
374.477056771784
374.508239477115
467.875043977902
374.627213140361
374.635571366236
374.519432262495
374.470155145107
374.342337964751
374.174803627659
374.502560163341
374.58262776183
374.599308513907
374.551882183443
374.581584717441
374.627717994204
374.553289945637
374.625248907999
374.646733310483
374.278729436248
374.638806519962
374.253248557721
374.643235979615
374.608517409723
374.487382515751
374.351195170796
374.634762183718
374.64189740258
374.641341965638
374.152371322479
374.643959246959
374.606288285163
374.161248772642
374.545495244976
374.187084612923
374.565832682653
374.617887063303
374.512811801733
374.897834026112
374.488561565086
374.630723066784
374.633069002002
374.635947531145
374.198997994554
374.181337697607
374.562218054118
374.631040657513
374.373072025143
374.435976034046
374.646722077734
374.318556323893
374.615726745153
374.505519938685
374.474146001104
374.321718456267
374.223392905963
374.597660978805
374.62974778383
374.548426318605
374.632152425911
