1090.04998094169
1089.86225627853
1089.7611565246
1089.72685221489
1089.70715425891
1089.66835896819
1089.56342574968
1089.55983504687
1089.48902093335
1089.46084812338
1089.45055842581
1089.42282544477
1089.41030308079
1089.37285403189
1089.36840375562
1089.3568167101
1089.33371169619
1089.30943016016
1089.30402026161
1089.30309890786
1089.27532766091
1089.23049044201
1089.21082420152
1089.20923578581
1089.20106588057
1089.18555310476
1089.18188513929
1089.17864160294
1089.17593182851
1089.15790091322
1089.14876750138
1089.14382057074
1089.13877484086
1089.11316484684
1089.09570033759
1089.08656378437
1089.08602448464
1089.07424299023
1089.07220574596
1089.0695432157
1089.06469001576
1089.06460533446
1089.06203807953
1089.06165753309
1089.06075173098
1089.0524691091
1089.04360428905
1089.01975609651
1089.01822831782
1089.00472729868
1088.9944940395
1088.99004396679
1088.98970303808
1088.97015347478
1088.95762705302
1088.94856201984
1088.9480729024
1088.94221444517
1088.94149795987
1088.9380926395
1088.93765581564
1088.92447189227
1088.91791166202
1088.9165243939
1088.9108106991
1088.90660254533
1088.90618298738
1088.90422908423
1088.90016878367
1088.89001650057
1088.87604285544
1088.87275118266
1088.87247049032
1088.87231904451
1088.8675105156
1088.86491156866
1088.86054768497
1088.85906417382
1088.85692938444
1088.85177856602
1088.84901407215
1088.8461962629
1088.84437466501
1088.84042186622
1088.83993684072
1088.83392767434
1088.81083829575
1088.80758778182
1088.80554360551
1088.80534786535
1088.80479411248
1088.7947007892
1088.79243031881
1088.77802931856
1088.77332183856
1088.77157057964
1088.77066070559
1088.76918768968
1088.768894972
1088.76756656401
1088.76578968282
1088.76499197629
1088.75961123835
1088.75377111474
1088.75346877706
1088.7463398539
1088.7455751737
1088.74136718637
1088.73650482466
1088.73374321361
1088.72695371668
1088.72527685526
1088.72502032495
1088.7130116826
1088.70610318857
1088.70138620545
1088.70124923675
1088.69711590833
1088.69670153332
1088.69275836799
1088.68876365494
1088.6831855731
1088.6825406848
1088.68138201995
1088.6811973857
1088.68067536298
1088.67856944648
1088.67552551539
1088.67112389502
1088.6710772565
1088.66712945546
1088.66480874463
1088.6547652986
1088.65245652764
1088.64046282021
1088.63863593668
1088.63460535438
1088.6294340206
1088.62855293614
1088.62650829352
1088.62530730544
1088.6243170015
1088.61862380031
1088.61442919661
1088.60959782432
1088.60802494405
1088.60740020203
1088.60700001486
1088.60599137161
1088.60327974785
1088.60075993647
1088.59954474459
1088.5988205108
1088.59721043676
1088.59570357072
1088.59340292188
1088.59307344954
1088.5920387117
1088.58990598592
1088.58932138558
1088.5850610579
1088.58226875724
1088.58225824908
1088.58144724212
1088.58070970438
1088.58037361072
1088.577798118
1088.57763539937
1088.57495031563
1088.56851541929
1088.56670428973
1088.565505148
1088.56383741724
1088.56246064142
1088.55876290755
1088.55775043662
1088.5577179051
1088.5558720619
1088.55357113762
1088.55289656889
1088.55272188721
1088.54930775081
1088.54247609555
1088.54150769772
1088.54130706325
1088.53446451975
1088.53445755305
1088.53311089001
1088.53287312436
1088.5318355972
1088.53165478387
1088.53040579864
1088.53007558462
1088.52809145282
1088.52738574543
1088.52556160265
1088.52179500998
1088.5217478743
1088.52097243541
1088.52041673688
1088.51983195249
1088.5156301964
1088.51449001777
1088.5079905533
1088.50692878055
1088.50677928482
1088.50603143997
1088.5045479166
1088.50344528055
1088.50307335704
1088.49931146556
1088.49743645038
1088.49697077078
1088.49474547002
1088.49332533856
1088.49256404764
1088.48988676335
1088.48946871881
1088.4870627508
1088.4865078812
1088.47892575964
1088.47623103051
1088.47610194323
1088.47497684253
1088.47492335333
1088.47465635191
1088.47440313699
1088.47406676895
1088.47385859437
1088.47108524874
1088.4703598705
1088.46918485858
1088.46847682375
1088.46840967846
1088.46767393661
1088.46541667006
1088.46533385981
1088.46522981096
1088.46278685514
1088.46269655641
1088.46234040066
1088.46227642816
1088.46191734043
1088.46171493309
1088.46095391177
1088.45704666754
1088.45445170174
1088.45380142715
1088.45143208748
1088.45091640934
1088.45024891289
1088.444874287
1088.44486480937
1088.44286810217
1088.44180558463
1088.44070960058
1088.43963519882
1088.43865198498
1088.4372824925
1088.43678080156
1088.43671308531
1088.43613406643
1088.43545187752
1088.43465239948
1088.43455276263
1088.43087012325
1088.42911070133
1088.42784847441
1088.42721507128
1088.4263213388
1088.42564371897
1088.42561989195
1088.42284702885
1088.42258895741
1088.41949114661
1088.4188285562
1088.41799596146
1088.41617691699
1088.41548774878
1088.41530526168
1088.41503931536
1088.41426151662
1088.41302673952
1088.41186800712
1088.40807075456
1088.40339140355
1088.40040304848
1088.39968544073
1088.39768241834
1088.39726954398
1088.39670047044
1088.39484992116
1088.39475598054
1088.39235642118
1088.3908117092
1088.3901712921
1088.38884051044
1088.3880733355
1088.38672489095
1088.38640931507
1088.3856835093
1088.38544615608
1088.38328934525
1088.37965489212
1088.37949829932
1088.37930156226
1088.37847976823
1088.37768001333
1088.37758935805
1088.37758609867
1088.37737845364
1088.37702013567
1088.37446887459
1088.37439207947
1088.37390539792
1088.37222408665
1088.37116748062
1088.37000617989
1088.36991148194
1088.36969388403
1088.3692817894
1088.36842610938
1088.36509997947
1088.36508617377
1088.36495620433
1088.36351257787
1088.35765627171
1088.3566499866
1088.35539648784
1088.35509936391
1088.35335755294
1088.34735626058
1088.34710208999
1088.34623728756
1088.34447122182
1088.34273228832
1088.34262670357
1088.34131313101
1088.34070825657
1088.33991405719
1088.33778661062
1088.33588092472
1088.33555860743
1088.33555658326
1088.33540961534
1088.33490644373
1088.33467801369
1088.3345901846
1088.33357065508
1088.33296468486
1088.33253034514
1088.32984591372
1088.32906782047
1088.32806937462
1088.32795462185
1088.3275092095
1088.32652136453
1088.32623439973
1088.32608882372
1088.32561131444
1088.32420619609
1088.32388278833
1088.32374064161
1088.32310470799
1088.32142613409
1088.32137260049
1088.32008672196
1088.32006448259
1088.31820862107
1088.31669854716
1088.31568936484
1088.31517794813
1088.31480838274
1088.31391063431
1088.31272867878
1088.31219828724
1088.31193228047
1088.30901897055
1088.308233669
1088.30789376525
1088.3077647792
1088.30771545583
1088.30642493005
1088.30583012339
1088.30369113847
1088.30125733448
1088.29936675012
1088.29815771821
1088.2971059221
1088.29681313111
1088.29672722174
1088.29628181669
1088.29622551609
1088.2954960027
1088.29532481853
1088.29500145991
1088.29389252592
1088.28957568529
1088.28907824456
1088.28884542617
1088.28750906891
1088.28699200632
1088.28469593515
1088.28417815484
1088.28411456332
1088.27978885303
1088.27975785841
1088.27953785296
1088.27874274301
1088.27861747769
1088.278116454
1088.27786063878
1088.27645672572
1088.27521761161
1088.27387645462
1088.27365404067
1088.27262934724
1088.27207705415
1088.26962017702
1088.26891571732
1088.2672403264
1088.2671878456
1088.26711669915
1088.26644481001
1088.26621370003
1088.26308721403
1088.26292710493
1088.26190614245
1088.25999079982
1088.25990275193
1088.25682290725
1088.25331156701
1088.25205356421
1088.2519499331
1088.25177543923
1088.25175057463
1088.25158579779
1088.25032320567
1088.24892933704
1088.24869549568
1088.24842818177
1088.24749695476
1088.24579854398
1088.24494597788
1088.24421152105
1088.24388448203
1088.24270879464
1088.24180741353
1088.2372816573
1088.23562972448
1088.23562369932
1088.23406085452
1088.23241200093
1088.23156791327
1088.23082750924
1088.22972313229
1088.22959291137
1088.2295222201
1088.22801351878
1088.22798535832
1088.22745754552
1088.22741741704
1088.22699869855
1088.22576488797
1088.22479331663
1088.22474955157
1088.22421111026
1088.22334994548
1088.22257453207
1088.22230431621
1088.22170531416
1088.22157418551
1088.21975449403
1088.21973194885
1088.21898311085
1088.21871693714
1088.2167821749
1088.21621398923
1088.21587605031
1088.21570822222
1088.21484843066
1088.21457237802
1088.2133839775
1088.21309722546
1088.2124641727
1088.21226179237
1088.21226020781
1088.21160719116
1088.20973477093
1088.20947849947
1088.20943021526
1088.20614394217
1088.20490848395
1088.20464179018
1088.20444662446
1088.20424925834
1088.2038356588
1088.20298976991
1088.30389783935
1089.04917654895
1088.29919042693
1088.36754694779
1088.78299130556
1088.27174072864
1088.51639364572
1088.24121710385
1088.71697803386
1088.30822896008
1088.27355503014
1088.44844431365
1088.61331670335
1088.99400027029
1088.2341569624
1088.34785819128
1088.35209901918
1088.28026375768
1088.5185165757
1088.59183285859
1088.29200920619
1088.21783810927
1088.53067590796
1088.59543101089
1088.93224801777
1088.28427985699
1088.49597189377
1088.90111479328
1088.63934610281
1088.45770120536
1088.20724377871
1088.30334289408
1088.98965490195
1088.28962390622
1090.06294942026
1088.32408036892
1088.34861649428
1088.37929105274
1088.69514206015
1088.36818267053
1088.25800822152
1088.84677424837
1089.17559650233
1088.54026305081
1088.39826548844
1088.33566061551
1088.83796174499
1088.4772029375
1088.99026564543
1088.21845065843
1089.07270744415
1088.21435960213
1088.40694095746
1088.64440266098
1088.80655755609
1088.36527353246
1088.44649449003
1088.31813127997
1088.84757015351
1088.26651075449
1088.38939840586
1088.24586391414
1088.28866729228
1089.01292840711
1088.39228410254
1088.35258492204
1089.19331272517
1088.81480278573
1088.3494348168
1088.52962087296
1088.71063794323
1088.29557206604
1088.43225761715
1088.47207919437
1088.80608569745
1088.33853582182
1088.26091976262
1088.29719604086
1089.00742813623
1088.22558159417
1088.22696539858
1088.30108020822
1088.49652776688
1088.39185792368
1088.30420163131
1088.33725460472
1088.63398183395
1088.20498926805
1089.06281347314
1088.3012479723
1088.63669955972
1088.44566638927
1088.85115667897
1088.45983292858
1088.5707273394
1088.80802694893
1089.08365267926
1088.3577703753
1088.46380598763
1089.0332058263
1088.71040566137
1088.56066833429
1088.61405450793
1088.53205099747
1088.61527056888
1088.49475156764
1088.51335968228
1088.3007514041
1089.12668334369
1088.31643343994
1089.71047231532
1088.62032461256
1088.31633675512
1088.31488395493
1088.22727990564
1088.42946562418
1088.21781865173
1088.58972283687
1088.82827089884
1088.23423756336
1088.37668470802
1088.49561074481
1088.27576127191
1088.28451914415
1088.61504638164
1088.53767728238
1088.52205115801
1088.38157160205
1088.47531791603
1088.44203612267
1088.99609105379
1088.39198211742
1088.48263401591
1088.62556898821
1088.32599331498
1088.83832794202
1088.31558096319
1088.59617115523
1088.20408513824
1088.56962195092
1088.26126483968
1088.5401585877
1088.31403144324
1088.7781682796
1088.24506174666
1088.21100078051
1088.78096849643
1088.42560151548
1089.06801872989
1088.57784997889
1088.79059806014
1088.62966890629
1088.81772371513
1088.33703847733
1088.86980118299
1088.35292476838
1088.31719003442
1088.24357117908
1088.47969877597
1088.24727112747
1088.29667801724
1088.57244767765
1088.21805940136
1088.2796083046
1088.28304091136
1088.90419721311
1088.41216735357
1088.6593050532
1088.85997257821
1088.4330789017
1088.50099514198
1089.13320183639
1088.37513559322
1088.41959343969
1088.46291924699
1088.7314270157
1088.92651628443
1088.350689163
1088.41642483357
1088.3801556523
1088.75189745486
1088.441380357
1088.21426430918
1088.3426619653
1088.44127519741
1088.2977623246
1088.59002404289
1088.2621382795
1088.86426258541
1088.74166837451
1088.44861776258
1088.43483073712
1088.91286702912
1088.49140673024
1088.32955675164
1088.34870983428
1088.39532626878
1088.61487870981
1088.38501874984
1088.48795329877
1088.77173711368
1088.62159521318
1088.69297272438
1088.3316387149
1088.21613415798
1089.0497742762
1088.61668284004
1088.60672967061
1088.2861260709
1088.26851599876
1088.58075264755
1089.00861248876
1088.28962420235
1088.27465883265
1088.77757125421
1088.32951282608
1088.20369721586
1088.24338497671
1088.50009987851
1088.98583467178
1089.41252309689
1088.26298005725
1089.24682759268
1088.90512135529
1089.18537427555
1088.26973134993
1088.91437928223
1088.5608040478
1088.27955786714
1088.24426738311
1089.63918143464
1088.30368846609
1088.24737106956
1088.24748017126
1088.2110364879
1088.64203516929
1088.28848567374
1088.30927046064
1088.49080589144
1088.23014693953
1088.39633650443
1088.3325035765
1088.27632203325
1088.21793495862
1088.59876855207
1088.65962456485
1088.45888858314
1088.76869318407
1088.59648659928
1088.85378779451
1088.23034504155
1088.2961345803
1088.93309604771
1089.56856062911
1088.92230514735
1090.02425986958
1088.2139824122
1088.64517928656
1088.26862404061
1089.04250943068
1088.35312264553
1088.51543180623
1088.85522339887
1089.18601139204
1088.42729162788
1088.24257656617
1088.51909621188
1088.57803358417
1088.87432068881
1088.76786293475
1088.2195068911
1088.69880739446
1088.27144546915
1089.129686204
1088.88382508121
1088.22470501927
1088.2382159503
1088.25417092335
1088.25397883621
1088.29488912493
1088.35300523708
1088.30310950322
1088.57657816686
1088.41831349225
1088.38140135892
1088.43418914378
1088.41578632907
1088.38219682312
1088.41645441056
1088.44242454157
1088.52986690944
1088.26793469528
1088.36123157602
1089.11584737256
1088.48484366587
1088.82364353762
1089.04250820649
1088.29508394312
1088.63207917805
1089.17072514666
1088.29567262034
1088.22479564388
1088.64104715877
1088.73601012906
1090.09458812977
1088.47471714844
1088.40298369726
1088.51219476678
1088.93456884502
1088.56882415993
1088.43120737253
1088.85335698125
1088.53918173736
1088.48789620708
1088.23225761578
1088.24613054527
1088.44364425916
1088.38757311633
1088.93632373954
1088.38418388791
1088.63028168214
1088.299234722
1089.26804831129
1088.37147059165
1089.32940475415
1088.20569721924
1088.33233188818
1088.56950845465
1088.88171471157
1088.21433169212
1088.41537288907
1088.5433881739
1088.59056853391
1088.31757601477
1088.24073386049
1088.76430971758
1088.7835657016
1089.14180135753
1088.87093228588
1088.29918796329
1088.87633013287
1088.29456204127
1088.72637683915
1088.36764192668
1088.25406314853
1088.20640817108
1088.61486391157
1088.34145679869
1088.23628118778
1088.57734142464
1089.58496466534
1088.72993042727
1088.34019616389
1088.30517423199
1088.24372605905
1088.56094815701
1089.13136771082
1088.23591925688
1088.37899652048
1088.21154424129
1088.57584418982
1088.45364396815
1088.39193709122
1088.99649168065
1088.67609208232
1088.35621672492
1088.63569562076
1088.7280055314
1088.23412400194
1088.27434740983
1088.37778341647
1088.2709742058
1088.94028283718
1088.34920621892
1088.75402610344
1088.9122774726
1088.6996841452
1088.94642294286
1088.59858628215
1088.49916464011
1088.31763326852
1088.22155718133
1088.55578657936
1088.22465827816
1088.70970932253
1088.97401697523
1088.69887428661
1088.67382572073
1088.32253464143
1088.42640779752
1088.44665880371
1088.61887944375
1088.29134176568
1089.14708900044
1089.03414762794
1088.38788625248
1088.3573315517
1088.7265070547
1089.4903027756
1088.71139357072
1088.50888475454
1088.21080601539
1088.59344677197
1088.41267411344
1088.20351749417
1088.76302260731
1089.02220384273
1088.39708579701
1088.28612968772
1088.23728032132
1088.4887388769
1089.35182235452
1089.17119482729
1088.5032148234
1088.20583607629
1089.56221033279
1088.99913814023
1088.4145420454
1089.49965248266
1088.57838684307
1088.70406997324
1088.43455983905
1088.4048443764
1088.95175496555
1089.27832415876
1088.89215616487
1088.45702397179
1088.41398899208
1088.59530181841
1089.09274110711
1089.0035740185
1088.44282246054
1088.26884436402
1088.3429429479
1088.23549609757
1088.5764679039
1088.37237610734
1088.80310115632
1088.72759080676
1088.26075929047
1088.96094442501
1088.44741099575
1088.30460345063
1088.40350606171
1089.2808612417
1088.70478309418
1088.90447542739
1088.4639730595
1088.36492898925
1088.76661342299
1088.30766263875
1089.25412175753
1088.83015036002
1088.21417502568
1090.17091224076
1088.71016560354
1088.33447099094
1088.27186003403
1088.43879788636
1088.2703897638
1088.4713642563
1088.25553535002
1089.05684660184
1088.64295737974
1088.24404669849
1089.07766859833
1088.20949346926
1088.69581761547
1088.21152890575
1089.25332551071
1088.26750063972
1088.30538798661
1088.28294578052
1088.54048011513
1088.27986493541
1088.30839668028
1088.2046567758
1088.71245721867
1088.40292710345
1088.50303345658
1088.238415341
1088.7472548596
1088.96525418122
1089.05225254046
1088.82527189184
1089.11912420383
1088.56805349123
1088.23965549967
1088.21998357941
1088.87072929571
1088.38630485014
1088.41180279446
1088.88792458708
1088.44366241906
1088.30687450259
1088.94585958489
1088.38772154786
1089.54001918475
1088.23095974732
1088.87501115856
1088.80906070744
1088.24308620469
