487.957540988914
484.603902973533
484.574335410217
480.089440350267
469.827975394486
467.875043977902
466.392583840624
465.589041857272
449.162664615833
448.37253413295
445.549264592712
442.063118945359
439.756468689163
439.589847791613
435.14192241778
431.577778662788
431.363466861747
430.2207325732
429.405405627539
425.552766274148
423.06365975692
420.892905240899
416.661555436173
415.648305396121
413.37760882284
410.956515246413
407.81423531335
406.537107289073
406.493201597396
403.309074090879
402.993014889638
402.829427960127
400.07929100413
398.832210174941
397.531597279988
395.167447312074
394.49585786519
393.808595416658
393.020278795295
391.471850988822
390.046788617748
389.944423979691
388.387076785508
387.379662798342
385.740961612
385.67357368248
385.299549441935
384.85308653314
384.032507768312
383.404091580306
382.983921873274
382.911540932052
382.639539956797
382.503114854794
382.449422873372
382.30402206823
382.00323575876
381.593681110651
381.3943815301
381.29929875258
381.176810470865
380.944576989371
380.926781631024
380.70829310094
380.430245026465
380.29080240467
380.027341521422
379.927100669247
379.19659913557
378.985207004359
378.937567078699
378.831480254914
378.64403883204
378.63182936767
378.628323174901
378.424352621195
378.268838543712
377.712095891211
377.653152870971
377.601454400954
377.567580800098
377.559493768241
377.543863671956
377.452537860094
377.326094104237
377.252326259748
377.122251537035
376.916639052455
376.804642503869
376.680164914722
376.659809343444
376.629887586197
376.482602594822
376.454706320237
376.143169100287
376.095223816789
375.984454884155
375.970043202895
375.93853061969
375.923089829564
375.895060294914
375.798327330317
375.692361067968
375.620024255181
375.570493886762
375.543834795214
375.392822032336
375.333722488302
375.332942147643
375.317211918561
375.300989858543
375.300131384744
375.275707745321
375.237665393019
375.236786409417
375.231863356786
375.141085793097
375.117154472476
375.09632878486
375.078966883645
375.075178468642
375.036830327656
374.999168076249
374.974319128496
374.965022427201
374.943730676669
374.942646410777
374.925247790936
374.905875072467
374.902116853502
374.897861474893
374.897834026112
374.894992776274
374.889575814192
374.84203408491
374.833658472289
374.822909633152
374.814336624122
374.803482735724
374.797793383634
374.79670381868
374.795832260856
374.790529096228
374.785506575382
374.782389946661
374.778288726399
374.773144776678
374.772309274439
374.767780640622
374.759453651511
374.75775293088
374.746347487202
374.745677929099
374.739747467502
374.73900609614
374.735892325098
374.731277517616
374.728712955189
374.726639421436
374.724617077807
374.721406797778
374.720926187049
374.72063607298
374.714818142411
374.71064011278
374.710518936418
374.704980509685
374.696784387795
374.695990522531
374.695516998047
374.694194380841
374.693393399885
374.689101338195
374.687889352062
374.685847709589
374.685240569918
374.683944134454
374.683924812274
374.682696650085
374.680762409398
374.68074160957
374.678472510624
374.673084178503
374.672768719385
374.671232839903
374.671088540683
374.668796875999
374.668633679436
374.667991999001
374.66795909527
374.666227334566
374.666028311047
374.662095337497
374.660489930893
374.660131916974
374.659294223371
374.658788764543
374.658535243127
374.658523531825
374.657841674567
374.65593366592
374.655479995049
374.655401416448
374.655158295241
374.654973351689
374.654233606971
374.654057802328
374.653910235836
374.653627624109
374.6532599058
374.653229540138
374.652992733555
374.652620678637
374.652488914102
374.652445762843
374.652095664279
374.652026993229
374.65193065387
374.651825465306
374.651787241611
374.651353307867
374.65123688908
374.651213002573
374.651124287431
374.650995286375
374.650359842937
374.650136661941
374.64999605941
374.649903443263
374.649850696251
374.649779024288
374.649769433206
374.6496862068
374.649647268233
374.649586551979
374.649545516957
374.649477679455
374.649393304277
374.649388224106
374.649279524252
374.649155164467
374.649094806851
374.649071618802
374.649067345461
374.649062866759
374.649062329474
374.649062326245
374.649062316475
374.6490622759
374.649062256596
374.649062254785
374.649062234267
374.649062223652
374.649062116334
374.649062103865
374.649062075134
374.649061962249
374.649061557665
374.649061468187
374.649061307826
374.649061062013
374.649060789262
374.649058920148
374.64905886416
374.649058718464
374.64905809143
374.649057710262
374.649057489966
374.64905677859
374.649056389478
374.649056235289
374.64905614443
374.64905597348
374.649055210146
374.649055105172
374.649054488744
374.649054201611
374.649053992395
374.649052503919
374.649052221449
374.649051954592
374.6490513102
374.649050814517
374.649050351899
374.649049673928
374.649049594209
374.649049286692
374.649048764022
374.649048297231
374.649047919382
374.649046468075
374.6490462614
374.649046032641
374.649044909787
374.6490437468
374.649042955715
374.64904280833
374.649042645536
374.649042242207
374.649042187178
374.649041259012
374.649036744373
374.649036067672
374.649034165343
374.649032911473
374.649032615483
374.649032302756
374.649031253235
374.64903099706
374.649030807866
374.649030500674
374.649030256291
374.649028510532
374.6490279238
374.649025811342
374.649025288845
374.649024198839
374.649023718512
374.649023026347
374.64902270807
374.649022339201
374.64902082741
374.649017496692
374.649014121089
374.649013231218
374.64901301302
374.649011115698
374.649011066077
374.649011053095
374.649010255278
374.649008575313
374.649007803931
374.649004732859
374.649002843834
374.649002556321
374.649002084634
374.6489998854
374.648998804522
374.648998043533
374.64899709723
374.648994665484
374.648991047463
374.648990809698
374.648989425458
374.648989005189
374.648988328191
374.64898722695
374.648986518393
374.648986483383
374.64898491509
374.648980205932
374.64898018824
374.648975266752
374.648972302602
374.648971324256
374.648970373847
374.648969322808
374.648969136897
374.648953369478
374.648951893271
374.648951639887
374.648951404414
374.648948755508
374.648945176966
374.648941288233
374.648941142731
374.648940626422
374.648939444139
374.648938300994
374.648934932555
374.648934340817
374.648934224568
374.648930027195
374.648928115996
374.648926088235
374.648925150278
374.648921292627
374.648921097635
374.648920317577
374.648920315885
374.648915169149
374.648911636528
374.648907957812
374.648905656826
374.64890346669
374.648899572304
374.648899026934
374.648897742422
374.648896617106
374.648893929009
374.648893400168
374.648890777339
374.648890273287
374.648889953211
374.648886130912
374.6488853874
374.648879647458
374.64887952998
374.648876526646
374.648875718721
374.648873016057
374.648872698027
374.648872161505
374.648866320028
374.648865167679
374.648863245035
374.648861158865
374.648848377088
374.648848100478
374.648838442762
374.648837850914
374.648837006633
374.648836073327
374.648835074286
374.648832597263
374.648829550587
374.648826373556
374.648822957817
374.648820792433
374.648818817902
374.648817849486
374.648816172454
374.648812712809
374.648807045506
374.648807037737
374.64880623601
374.648805556748
374.648804164821
374.648803707334
374.648803695891
374.648802419784
374.648801443902
374.64880041128
374.648800182654
374.648795653198
374.648795439455
374.648792666246
374.648789086715
374.6487850108
374.648776786875
374.648775358153
374.648773339399
374.648772378843
374.648770750892
374.648767632151
374.648761146082
374.648759878449
374.648757033497
374.648756658553
374.648755231454
374.648751587553
374.648746309375
374.648743404641
374.648737644937
374.648734223841
374.648730621547
374.648725984623
374.648725333308
374.64872517221
374.648721818541
374.648721479361
374.648712773933
374.64871033025
374.648710324911
374.648709987935
374.648707357977
374.6486998895
374.648697350929
374.648694340212
374.648692694494
374.648691472994
374.64869128843
374.648690844905
374.648689173009
374.648687352745
374.648685079427
374.648683670056
374.648667891295
374.64864797689
374.648643702875
374.648642507273
374.648642364134
374.648639668666
374.648638574357
374.648635685915
374.648634276462
374.648633386192
374.648628881843
374.648621901272
374.648609881392
374.648604786395
374.648603249622
374.648602834924
374.648600937357
374.648600413558
374.648598919528
374.648596154957
374.64859185836
374.648612888245
374.64902335139
374.649418682414
374.649057684455
374.648676479332
374.665275696216
374.815742900606
375.212161330571
374.649062322375
374.648695094724
421.028825742943
395.864213080672
374.649086892926
378.414233398474
380.225477263957
374.648647138094
374.648948545679
374.648721935056
374.649048485112
374.650119539462
455.421290573238
374.648748356681
377.964358534301
374.648623044229
374.648649345677
376.657830548511
374.648666999483
374.648864643164
392.011049029417
375.116683777769
374.648678952567
374.650842103981
374.649059224031
374.64877339434
374.752577611646
374.649035471783
374.649018205655
374.648975986499
374.64880680748
374.648860561038
374.682573781712
374.648868926623
385.370939980147
374.807004073168
374.649007806903
399.959837507595
374.6488363257
374.653405028598
374.649019445987
374.648901669297
380.677783342847
374.648725634962
374.759484698781
374.663640893846
374.652126332831
374.64901470515
374.648661880813
374.649177092149
376.041258602682
374.655145312065
374.7208858274
374.648934019096
374.648786550641
390.853233726046
374.649017485109
374.648970026676
374.650241552946
374.672411884075
374.648727079699
374.733973272224
479.399237710383
374.648950010682
375.068812153986
392.952852686336
374.803001095607
374.649027502065
374.914936490281
377.586837408886
374.648845189171
444.737078589927
374.735752183083
390.753009738804
374.648921796551
399.479803314095
374.68157202291
374.823255419319
374.649842687675
375.092210438945
374.649155164876
374.648780783013
374.764817554271
374.65115541811
392.014164572591
374.696009009969
374.648952198972
374.649077047221
397.264813480169
374.64875055744
374.649046521315
448.982882350205
374.649062287514
374.648742387095
374.648706226025
375.300549327184
374.79824199372
383.325794477669
374.649061059708
374.654910756957
392.440075337117
374.648854625125
374.649147537008
375.312836597698
383.840469107177
374.648963696355
375.256414858233
374.649059426926
479.278675695713
374.791946165012
374.673647319085
375.0109659622
374.648960904894
387.474485134005
374.648908228372
374.663465442204
374.660795917431
374.713194427574
374.672508992513
374.648687563541
381.02234650453
411.529986016667
374.64905465175
375.85710907423
374.654601510694
374.648868234554
374.648764870155
374.649121892797
374.648696757319
375.65322502892
374.648792900419
374.81028624781
374.648698418513
374.648978375327
374.649061893221
374.737584284216
374.649007011615
374.648979589207
374.648713215557
374.921309408508
374.648988773419
374.702900175262
374.67066245558
374.903240661554
374.648965594373
452.896555760738
374.651741034739
374.681208978927
374.847879593901
374.648613770915
374.649236174911
374.673568714238
374.64901119554
374.667167037213
396.758771499791
374.64875902526
479.549129416414
374.649149334344
395.09028751022
460.570249866198
403.233616237815
420.415201530738
422.929284415355
374.649040781183
374.667417903305
374.649016311238
381.212377430699
374.648982612416
374.648960305596
449.299763622022
374.673281747269
458.861426762388
375.218256745184
374.648935194945
374.64860140824
374.648841769859
374.648761755118
463.882640895454
374.649004446263
374.648954811444
374.649501131008
382.669606772545
381.006265176838
374.648777095399
377.111827562733
374.664798359211
374.648993171792
374.648609867491
374.664449373627
374.649041670796
374.648949546782
378.911386939232
374.649006840876
374.64892481178
374.648761552546
489.499451338155
375.820020236803
374.648854038938
376.064149873298
374.750179511047
374.649019526141
374.648663105147
375.158599926063
381.504397832495
374.648635844545
375.63013361248
374.653592745547
375.268551892335
374.649280160608
374.64906076253
375.251242367628
388.635117840243
377.57384089192
376.95495078374
374.648949422347
393.456764997434
374.648672723511
374.650092575565
382.908918049852
388.130061000156
375.653700791446
377.670777738193
374.726337963369
375.314328462771
379.867326510002
374.649033622889
374.648782425004
375.688998771047
374.64890864957
415.197988529937
374.648941601629
374.649057535439
374.648719847648
374.776270034242
374.64899024096
374.649228345085
374.79897522098
380.411993734344
374.648844084088
374.649009558906
374.671509472087
374.748528248899
374.651381005967
374.649583850711
374.649050793268
374.648721583641
495.35535186333
376.060434507539
375.282197702654
468.482292655249
378.768531155656
374.648934620913
488.845732352943
374.648917552202
411.084169227348
375.899043094148
374.648739357577
374.648943908628
374.649033426097
407.849791600488
374.649055282795
374.648750127532
417.882014409133
376.041449165664
374.649128360018
374.648889460393
374.925345240979
375.296882727323
382.342365583756
381.01769320637
390.272809886881
374.649036669985
376.904316323978
374.652057581195
374.649000032281
374.658076537475
374.64869824333
376.149959080746
481.493191251084
374.648949933523
378.541170428444
375.32037051364
374.649005401046
374.648978325453
374.649056901975
428.293564726575
374.648707420077
374.648707492087
374.64906228353
375.081840551513
374.950318020163
374.648612994633
380.692825266397
374.648791051722
404.950539428883
374.649465594547
374.648929709976
377.483681660142
374.649011498504
374.667227462086
374.648918752559
374.64862712997
376.198813286289
374.649037367102
374.714564219905
376.80891074108
374.653696204345
374.691551349898
374.649015088047
378.128301104274
397.957506818958
374.652697697114
377.595727470727
375.249642233963
374.648824494467
376.993426187062
374.706347572798
374.648791273333
374.649061203154
374.651276555976
374.811559250137
374.648901880669
421.34715677547
374.65135659005
374.649076244622
374.649556782877
375.597938699193
374.653281761579
374.648883416081
374.649046509917
374.648983916997
374.648973107911
374.648736049862
374.648794978579
374.648702223435
393.285690949122
374.656165360201
374.649164823948
454.201238345371
374.649062328881
374.775538590686
375.667753270948
374.648587974533
374.649031759464
377.628858368177
374.651210895399
374.847772787911
374.648985234788
385.189744899366
387.879070996221
374.651494527685
374.648966466735
374.649015229812
410.973256322313
374.648948405402
380.760142432154
374.648604834895
374.648874511613
374.688226164268
374.649057259647
375.290380807256
375.093905478115
375.381553402349
374.848243142104
374.83176889549
374.649062326009
374.649053776763
374.66704394722
377.93259524568
375.001668891547
374.648725979316
404.02060187105
374.648819615158
374.662044868933
376.170108093897
374.648866656908
376.363437481932
374.648949707586
375.633842730964
374.678527031726
397.732995384748
462.103141398857
374.648880887526
374.648984678983
374.648844366574
374.649010694872
374.649696766214
375.101184100907
374.651598863198
374.64866894646
374.655835189758
374.648966244194
391.817932924982
374.648656008122
374.649060774416
468.132817964138
374.701613701935
374.64888901671
374.649038319266
374.648801482781
374.648995380846
375.303058784726
375.286745768666
374.64866711769
378.756590676259
374.648917921049
400.743602878147
374.895590135917
374.649049142357
374.648990731343
374.648667778891
375.166209301518
374.648879018896
374.6488642856
417.102149872856
375.442907458035
374.649015288798
374.648686457481
389.196647506095
374.648844709387
374.64875197127
374.649003858011
381.434273965946
375.151602576044
374.648849323975
374.649058529466
379.417790063794
374.915709960935
473.935424420575
374.655346059176
374.652916693061
374.648800647381
374.648957315348
374.648857380431
374.648981299633
410.780846496149
374.714939652612
374.648916162462
441.130216589757
376.054923368187
374.649208526803
374.648713657197
443.185362165572
374.649021703282
374.648819526305
408.720557101555
374.649058335338
391.421360132515
374.648867021698
375.151124955753
374.649045385242
376.78757373572
374.648688472512
374.661140004048
374.665549265583
374.648875351528
374.649018421197
374.648853031409
374.648855580446
374.648892358004
374.648949507045
374.648724038621
374.661326788551
452.599682732348
375.976059052163
374.648969507093
374.649060597347
385.74883499071
374.656885655801
374.870860557869
374.649287802054
374.747134563648
378.952310231046
399.770338396839
388.749857451065
386.005102750068
374.931574952708
450.697575437359
374.649059813188
374.649060738979
374.650249039319
374.648600391541
376.254339127078
374.648601500313
374.661184600647
374.648909766113
374.649032884338
396.665313027314
374.649058958719
374.660916856153
374.648638744183
374.648957237011
377.937476193692
374.960458770596
