1083.92880041617
1082.05574203838
1081.52589648665
1081.42736021373
1081.21240218374
1081.20989984945
1081.1746686375
1080.85044096367
1080.67164957755
1080.48160237146
1080.46708793993
1080.45331504489
1080.40269905561
1080.3743252962
1080.28803341564
1080.286131743
1080.25979588132
1080.13595804225
1080.00967477913
1079.92632100272
1079.91029579563
1079.88864872709
1079.85643279311
1079.84910502742
1079.84796110596
1079.84674676691
1079.80707234783
1079.78857210686
1079.77308617117
1079.77018926815
1079.75513623762
1079.74339587651
1079.67916305187
1079.65242575366
1079.63044547126
1079.61726722843
1079.57415299327
1079.54756226045
1079.46764117504
1079.45653100978
1079.31574962451
1079.30843386583
1079.27469794377
1079.27345975126
1079.2694019684
1079.25677276329
1079.2339537672
1079.21061944149
1079.16451637294
1079.1577421452
1079.15349822894
1079.11843625404
1079.10357562537
1079.06900178222
1079.01537498786
1078.99042457016
1078.97282363405
1078.93272648394
1078.93232741309
1078.92695848502
1078.9150886082
1078.90777550313
1078.90145309078
1078.86003448626
1078.85537888667
1078.85323171418
1078.84384113582
1078.83983310012
1078.82386289599
1078.80258055936
1078.79447966233
1078.79216239668
1078.72754787214
1078.72625678344
1078.72022988253
1078.7150127209
1078.67107383884
1078.65063913928
1078.65062388928
1078.640544485
1078.63541789094
1078.62790334805
1078.61598629815
1078.61471681982
1078.58566962093
1078.5819784444
1078.57578223202
1078.57373394612
1078.56149808996
1078.55984174447
1078.55770991883
1078.5434328946
1078.51889824886
1078.51157888158
1078.50384754205
1078.49501253668
1078.46941480081
1078.46434523974
1078.45726338888
1078.45433942358
1078.45223539319
1078.42507842318
1078.41953440986
1078.41858082149
1078.40338044058
1078.38385722186
1078.3800986326
1078.37046202105
1078.36564729082
1078.36119377677
1078.35459903838
1078.33406001247
1078.32648235529
1078.32363355638
1078.32107343211
1078.31980254934
1078.30427343093
1078.29139481506
1078.29073424847
1078.27499143802
1078.27067841961
1078.24040085733
1078.23505426575
1078.21292002469
1078.20968444432
1078.20365320782
1078.1949979671
1078.19189097227
1078.19124243993
1078.19089796426
1078.19013693189
1078.18329227693
1078.17436013946
1078.16184156059
1078.13540622803
1078.13015304949
1078.12268098362
1078.11261895566
1078.08077985442
1078.07935920847
1078.07576310381
1078.07355583143
1078.06648156142
1078.05233251612
1078.04354462499
1078.02735379021
1078.01518466419
1078.0097692753
1078.00938318116
1077.98535527354
1077.98417895134
1077.95140053815
1077.94062644959
1077.93923825967
1077.93575912281
1077.92688086265
1077.92236548309
1077.91202101582
1077.90764754797
1077.90641513539
1077.9048951539
1077.90131590387
1077.89241021472
1077.88000427926
1077.87655339403
1077.86537938825
1077.85868701126
1077.85123480992
1077.85052725709
1077.84435054246
1077.83115170444
1077.82709896959
1077.82186010287
1077.81713735475
1077.81512958897
1077.81209724489
1077.8107669848
1077.81056168043
1077.80418437084
1077.80334765615
1077.79580955262
1077.78840799018
1077.78482822137
1077.78162463374
1077.77249186434
1077.75504446448
1077.7540448599
1077.75168699541
1077.73086514676
1077.71953578994
1077.69818119388
1077.69388620482
1077.69358036063
1077.68597882403
1077.6727511239
1077.66868841625
1077.64721467788
1077.64563185373
1077.64328081132
1077.64076052395
1077.62881501616
1077.62879696875
1077.62394791632
1077.61923478643
1077.61893972445
1077.6003219273
1077.59747225921
1077.5971596823
1077.59422235236
1077.57883321021
1077.57846838445
1077.57249219841
1077.57238581192
1077.57042586741
1077.57041900839
1077.56554467296
1077.5532290567
1077.55264397038
1077.54906944854
1077.54832443626
1077.54514478247
1077.54430009425
1077.54095528642
1077.53993429078
1077.53244625072
1077.5310666834
1077.52594242007
1077.52114046796
1077.51816769659
1077.51426060998
1077.50933824067
1077.5040858009
1077.50246202187
1077.49125787327
1077.48639583654
1077.48299168358
1077.47930322965
1077.47692506356
1077.47542692848
1077.47307675794
1077.46997554041
1077.46558445302
1077.46207175343
1077.46070326894
1077.45303742597
1077.45119531948
1077.44823773012
1077.44736139843
1077.41854128903
1077.41658016381
1077.40735888077
1077.4034708788
1077.40306052702
1077.39863285591
1077.39799700035
1077.39072016266
1077.38783295126
1077.38757722691
1077.38216694898
1077.37968348867
1077.37852690895
1077.37139628751
1077.36993146595
1077.36941103117
1077.36794518968
1077.35363596116
1077.35284753866
1077.3491272458
1077.34912030404
1077.34786400407
1077.34620738825
1077.34298869768
1077.34244317152
1077.33534121777
1077.3298738244
1077.32362951733
1077.31818091354
1077.31391741881
1077.30459236963
1077.30334069872
1077.30118667279
1077.29816604727
1077.29673716341
1077.29226578574
1077.27384117105
1077.2704928253
1077.26896127097
1077.26830948765
1077.25971714928
1077.25689363482
1077.25639385051
1077.24985555118
1077.24562461185
1077.2455311588
1077.24547985403
1077.24216760782
1077.23756974262
1077.2309889598
1077.23050047195
1077.22013259278
1077.21438382467
1077.21433258827
1077.20902335089
1077.20795301874
1077.2057448632
1077.20293685679
1077.19515853112
1077.19009345489
1077.18737307025
1077.18249279675
1077.18142823365
1077.17948631875
1077.17623505357
1077.17113051935
1077.15886404467
1077.15875986582
1077.15058290309
1077.14912441328
1077.14649284701
1077.14622848992
1077.13833966414
1077.1379776929
1077.1377903779
1077.10532977945
1077.10254018524
1077.09745401207
1077.09601056515
1077.09122289316
1077.08864899221
1077.0835884302
1077.08205903077
1077.07993756348
1077.0791666878
1077.07758800577
1077.07696769672
1077.06804389682
1077.05201153318
1077.05194312251
1077.0474057439
1077.03556747191
1077.03131391355
1077.02726408216
1077.02085977292
1077.01770208321
1077.01326805312
1077.01083723178
1077.00966184374
1077.00786669902
1077.00284732748
1077.00216294589
1076.99911735463
1076.99221262362
1076.98064372053
1076.96634013151
1076.96561253505
1076.95951213767
1076.95765503647
1076.95747593301
1076.95530623382
1076.94802050066
1076.94709362471
1076.94596891631
1076.94492855129
1076.94324134212
1076.93823212174
1076.937972005
1076.92790213231
1076.92636088818
1076.92560721374
1076.92528236978
1076.91183878137
1076.90956902246
1076.90744581597
1076.90734699605
1076.90694772708
1076.90527092899
1076.90091149474
1076.8978923718
1076.8976235903
1076.89444634582
1076.89211593935
1076.8883381401
1076.88454992939
1076.8814766481
1076.87725928038
1076.87711099406
1076.87567445813
1076.87211872061
1076.86930885287
1076.86536981338
1076.86389431279
1076.86238689853
1076.86044178114
1076.85903225338
1076.85196449073
1076.84802527911
1076.84532960241
1076.84131250303
1076.8383725295
1076.8369315593
1076.83492310824
1076.83419457855
1076.83269820213
1076.82923959051
1076.8243231381
1076.82122035995
1076.82095296977
1076.81154685581
1076.80806155988
1076.80710435425
1076.80494790671
1076.80281967415
1076.79976967857
1076.79712604394
1076.79580095201
1076.79464641349
1076.79291780521
1076.78932204555
1076.78143099823
1076.76599895134
1076.75809530067
1076.7574258178
1076.75638593536
1076.75356619786
1076.75299863302
1076.75115627353
1076.74879624284
1076.74553273001
1076.73818155858
1076.73590422739
1076.72966878847
1076.72935314542
1076.72023328315
1076.71550050147
1076.71331582054
1076.7053447674
1076.70414071636
1076.70194641904
1076.70056396306
1076.69544352633
1076.69248823057
1076.69049978333
1076.6849425751
1076.68031876213
1076.67991686009
1076.67560366593
1076.67271412037
1076.66939877851
1076.66904372101
1076.66646635502
1076.65687147742
1076.65524910468
1076.65121498665
1076.64771767551
1076.64597265007
1076.64496072046
1076.6423462378
1076.64088282192
1076.6379553411
1076.63403516761
1076.63071944298
1076.63053000722
1076.62593489928
1076.62422057731
1076.62339302343
1076.62066224704
1076.61816431992
1076.61807065544
1076.61219085852
1076.60972890875
1076.60883060252
1076.60692245242
1076.60631051293
1076.5979205938
1076.58822885309
1076.58570604673
1076.5825313364
1076.5814463857
1076.57965688437
1076.5677781119
1076.56182675265
1076.55927303659
1076.55831749688
1076.55681035514
1076.55446238301
1076.55114407091
1076.54597086771
1076.5401729626
1076.53500687467
1076.53107776497
1076.51921423036
1076.51825877138
1076.50593345668
1076.50432304677
1076.50357162728
1076.50076406757
1076.49858273273
1076.49855017213
1078.15204094534
1077.57407847902
1080.44269971588
1076.90273902061
1077.53050227682
1077.04706502295
1077.15599313701
1077.42677541808
1077.26399295163
1076.60943235108
1077.30827076659
1077.26652625914
1079.96129711736
1078.17606205372
1077.9891984744
1076.56049428448
1077.23970292365
1076.9454838196
1078.1567143807
1076.90509704606
1080.82160408699
1079.98348027656
1076.94306019622
1081.76137520387
1076.60914045197
1078.16284959515
1076.8080398727
1077.07749459725
1077.34530985284
1077.62503608477
1077.94719626123
1078.50512761421
1080.92045459429
1077.34089389009
1076.96721767053
1077.07222456001
1076.9973405673
1078.17111316589
1079.23529848942
1078.10751928241
1077.31319559422
1076.9390229622
1079.64290853874
1078.73547026551
1079.26706174685
1078.09618314431
1076.52496760665
1078.13242109732
1079.28978759471
1076.92408383729
1079.08855466927
1077.32208975095
1080.3942229049
1076.95355667173
1077.54943753626
1076.56656454124
1077.08984991153
1077.08793794255
1078.16345470636
1076.89903542628
1076.54233724773
1078.44276735388
1077.83732820989
1077.60787168623
1078.22407738144
1076.87506302744
1077.18729532971
1076.95823793714
1076.68760838357
1076.69866880886
1077.28704102986
1080.51818378927
1077.98248004337
1076.71317449486
1076.55033947945
1077.13278701555
1077.78102962569
1077.87315522382
1077.71620303169
1077.11882374207
1079.42694225741
1077.8551475013
1076.51576732178
1077.03299521264
1078.05741249284
1076.66907537166
1076.7985637469
1076.53502145835
1076.62481931394
1076.94867786986
1076.55723147179
1076.84705075433
1076.72485936237
1077.91578377204
1076.81091593623
1076.72094109659
1077.18310567099
1077.1123970282
1077.2023102112
1077.18428970873
1079.80745533916
1082.88972364125
1077.8978990678
1076.77142384266
1078.19860599817
1078.04849427748
1076.49441998406
1077.40927454999
1077.91737003258
1076.53503993389
1076.7298103348
1076.6935332627
1076.92232766484
1077.69149024532
1076.7465734729
1076.57412445239
1076.79846204
1076.5596241275
1076.93947998533
1077.68901957144
1077.05984739103
1076.60208598288
1077.91088006919
1077.33340751717
1076.71584146358
1076.54473077189
1076.90084323408
1076.61952127894
1077.30664066498
1076.73547723283
1077.13367879277
1077.40209066229
1079.27360586417
1079.22811795676
1076.93259189025
1078.36510524494
1076.82119908934
1077.04185495419
1077.27482933439
1077.18472894043
1079.90837761302
1077.03701089414
1077.31317222835
1076.85968619654
1077.13511842744
1077.87650829169
1076.58490389462
1076.59313396978
1078.21000648392
1076.91048802806
1078.03316521659
1076.6230437883
1077.05490596126
1076.74698786263
1082.01446748558
1077.63653431452
1079.47395623094
1078.53539107939
1078.68320174071
1076.61448649041
1078.31573513299
1076.9767836834
1078.35202862388
1077.12126727156
1076.85354306765
1076.90106565145
1076.69916242696
1077.66623138395
1077.32951889643
1078.43125465363
1077.45235749074
1077.96005859825
1078.63652732629
1080.53916598199
1076.88398861727
1076.57695195016
1078.45745519821
1076.6939968632
1077.32319027305
1076.55848659279
1079.16483385246
1079.86272591571
1077.45134871165
1076.63389193821
1077.31507074299
1077.31985104605
1076.83538878369
1079.28921259444
1080.73177182762
1076.97816151057
1077.39492938346
1077.63038399389
1078.12028120301
1077.18723046307
1076.52253675293
1077.46848236064
1078.58817419623
1077.60904080363
1078.4732025555
1076.79409279748
1078.06333643288
1076.85240633433
1078.01856166387
1081.87920669026
1078.96126105617
1076.61721387518
1076.72801321344
1076.52014510749
1076.89793349005
1077.19364444402
1078.34921223061
1076.49335792631
1077.35606507737
1076.96275636952
1079.02603229461
1076.66471687654
1079.99097603872
1077.46945760158
1078.18975416005
1077.28190067962
1078.43785502409
1077.03766138314
1079.24678471727
1080.70818625191
1078.23675579477
1078.87902263639
1077.18124508425
1078.40768185095
1077.78977063432
1076.98028138099
1077.75715805299
1081.08033480392
1077.56206090046
1076.7897996364
1076.87223875111
1079.00965710933
1077.73364560752
1076.60294342008
1077.0958502588
1077.50927755495
1077.31090507976
1076.60332207493
1076.74766244694
1079.74832281178
1077.64685450666
1076.80183666766
1077.78296103871
1076.58754858379
1077.46111677244
1076.65102670156
1076.54138626156
1077.08670706775
1077.6948253715
1076.57725030194
1076.63653327756
1078.5109554326
1076.77555688728
1078.95087308167
1076.53744974021
1077.53558979855
1079.09306437815
1078.73222617894
1076.77848857553
1078.84324850371
1077.1217519341
1077.35732584696
1077.10209503923
1078.09229380272
1078.76819375905
1076.60001963561
1076.60131772101
1080.95944295427
1077.7211141248
1076.88655733584
1078.71412652994
1078.74842376219
1076.97349604311
1077.27616853534
1077.13666438926
1076.95715997825
1076.51557176805
1078.09801308648
1078.40625476879
1077.15454653541
1078.34327653369
1078.51321049493
1076.7155407437
1079.08440064445
1077.54051011038
1076.75856005875
1076.80414156042
1076.7640569246
1077.42565980137
1076.89926233391
1077.26393790969
1076.96220101044
1077.45537978237
1079.77926440185
1076.72597219725
1076.76310853741
1076.72313323379
1076.9681120942
1077.3277279994
1077.08075789631
1079.93230537489
1078.11988776199
1077.26026811815
1078.47960029234
1079.76570883391
1078.83871384436
1078.95618139371
1078.63044374025
1076.60523626199
1076.8375041403
1077.14038821135
1076.54415643218
1079.50446845093
1078.55163555918
1076.99167743158
1079.10111522092
1078.32184429062
1077.21289289082
1078.74073525171
1077.71910349129
1078.16591062518
1076.92174767728
1077.32501840379
1083.66906146858
1076.58828511098
1076.54087779658
1076.52284476743
1076.62759869938
1079.23315933753
1077.19470224123
1078.21255684185
1077.9042286097
1077.93082441879
1078.04567979571
1078.08790888685
1077.22967521232
1079.70214101827
1077.6024672481
1077.53194653906
1079.36865747884
1077.30953859948
1076.7780706824
1077.54653748065
1076.78590128971
1077.10208141448
1077.02488419607
1076.79190114226
1076.95811562117
1076.83581647675
1077.78061163207
1077.9335827158
1076.92517290396
1079.11627243512
1077.30981171468
1077.9909475736
1077.63335574632
1077.38299794636
1077.04793537063
1079.8227294207
1077.3833799406
1076.53351696369
1076.94203786171
1077.52353487856
1078.96904597126
1076.91499335083
1078.37274591086
1076.9521421909
1078.9518173661
1077.87505937644
1077.79125099175
1076.52236683745
1076.52157766071
1078.40994250811
1076.7660469379
1076.90107252413
1078.56081675265
1077.12850954481
1076.80989902139
1077.85983091375
1076.99955348907
1076.58123612705
1077.14526962058
1077.19501384926
1078.97080123127
1077.87053511942
1078.86941045355
1079.30322347194
1077.18379378241
1078.74788007358
1077.51990907743
1076.63404648917
1076.66217019147
1076.69475444345
1077.84783088159
1076.66483699171
1076.60041750643
1078.3169665992
1076.61031621605
1077.31779394813
1076.79161646913
1077.06097140733
1078.21597290404
1076.90592947007
1076.80588956798
1078.84987493304
1078.05106818491
1077.71092500916
1076.83708204956
1076.80813769382
1078.26911677566
1076.65975850003
1078.60266196276
1079.70030799356
1077.48341078434
1076.86615350417
1076.80428652607
1077.79044830734
1076.52787531176
1078.55150296811
1078.03498040229
1077.95709533653
1076.56042641979
1077.58533242585
1077.936261711
1077.10615847195
1077.50126741458
1079.24629930659
1077.80777146121
1077.1517742568
1077.39414269573
1076.51832712366
1077.46342123797
1078.24621021571
1077.61918534927
1081.68782663353
1076.92777450529
1076.67190303308
1077.44978021883
1077.48175254732
1078.59787607439
1077.87722399147
1076.80054762908
1077.35032631771
1077.89085421943
1077.02075945694
1076.67469143047
1076.62747266728
1080.0236663785
1077.84772553806
1077.57084902897
1077.2689125881
1076.54194208075
1078.2272986611
1079.61416033182
1076.7763892775
1077.96049047107
1077.64121748807
1078.15683499598
1077.47683204192
1076.64210675491
1078.00703825722
1077.10276537155
1077.25446123566
1076.67677168578
1077.11491191585
1077.39163339815
1077.15565866123
1079.06921763579
1076.67378013798
1078.46157487818
1078.27086578808
1080.2289528609
1076.97788557721
1080.37422479086
1076.63305775419
1077.51730332397
1077.05715762082
1077.68938638949
1078.52851127567
1077.03746652522
1077.85508507499
1076.71712892259
1078.71743918912
1077.65881989153
1076.51126329864
1076.92310122903
1079.57193385485
1077.7958180977
1078.67538199372
1076.55910446122
1077.73100470214
1077.80706384556
1077.73725999572
1077.17515949583
1078.28102603374
1076.70154457735
1076.61224099943
1077.41413175823
