574.49277704324
571.524750799679
568.728339988829
567.88317426715
567.63574012409
567.022306550083
564.156216191957
563.992538058149
563.546416491436
562.521748726035
561.962203360939
561.886311632848
561.45301064003
561.22728657258
559.018655576104
558.596520114441
558.569932735971
557.73796223514
557.036927110862
556.826354040508
556.366826367886
556.324144195467
556.031314969641
555.600180371805
555.556863868151
555.420687737527
555.251885372247
554.288716868975
554.13585737936
553.645599422695
553.59823713766
553.588179863208
553.479400209241
553.368840649667
553.06707932164
552.897513121493
552.712825148892
552.701566306889
552.643563779503
552.343720410124
552.213171368284
551.724864328001
551.118000126431
550.930610397305
550.507433480081
550.505626688565
550.427953229604
550.163336605614
549.920583396239
549.776062401029
549.611331467084
549.525639566162
549.474256287578
549.402399772649
549.393016555953
549.391060514861
549.046795297817
548.947325646901
548.785671541112
548.550728084153
548.420257917825
548.313090746719
548.255009249893
548.20623296783
548.191552230678
548.182883959139
548.035843880976
547.484227559241
547.405384709073
547.365260280449
547.330824465402
547.215664089492
547.081040433815
547.014260067369
546.993200467755
546.893006892942
546.81362342453
546.724687385004
546.69857631107
546.670654511614
546.664933888507
546.647555551604
546.584631778121
546.470137713701
546.409483861154
546.268586845643
546.234770744359
545.97262871575
545.913775539934
545.647440948359
545.597032651304
545.504510871419
545.300548858884
545.141961977585
545.090177274812
544.899454362842
544.548223042276
544.522794158316
544.41686492395
544.334096521821
544.294856632482
544.289376874694
544.285340760095
544.167587545212
544.015199842017
544.010441100421
543.879449299521
543.782565329267
543.60270461448
543.542042300384
543.489446847679
543.302022452934
543.180030522588
543.171299730119
543.068174705308
543.065069589639
542.683520910353
542.676412556289
542.515496905647
542.459636363426
542.37990566554
542.279279187833
542.255978479295
542.212878321283
542.204644064913
542.168974035203
542.070494092184
541.987341198801
541.986366870528
541.693775937036
541.663270524962
541.639525708829
541.635911954858
541.623997862875
541.546017540056
541.321514093837
541.149121832275
541.089219296637
541.042953027973
541.032184132349
541.0037727802
540.961810980898
540.936863691256
540.826202735492
540.698279217796
540.607910353129
540.534561444862
540.499967062852
540.472832721134
540.468581000873
540.464385295545
540.442262688386
540.385842247869
540.233632473646
540.231382290934
540.174373606151
539.985022943418
539.859724041302
539.855177395796
539.792028389164
539.450160730095
539.300965061082
539.263272026194
539.2222543676
539.153669943
539.023479336511
539.006323571548
538.935243790919
538.861486813829
538.848920395734
538.840472147755
538.82209247418
538.69365588712
538.603159522448
538.592979485863
538.563726109846
538.533174785799
538.497850441933
538.404642733872
538.353611972167
538.352056902137
538.331201214039
538.267122142502
538.102245608198
537.931884655994
537.851854893176
537.621148002906
537.543047343481
537.526454390233
537.524152770044
537.438603326186
537.426309922501
537.402464089467
537.358436819796
537.281921574278
537.271514202376
537.209878550685
537.165472617583
537.104261889185
537.023661483365
536.94583826333
536.935560098175
536.878104906875
536.833841687437
536.828846162099
536.792288506506
536.784511857882
536.686517410035
536.659930252062
536.497273678218
536.29104510266
536.175347650334
536.156541474309
536.150637888371
535.946455202307
535.79339541752
535.772761529116
535.767725620626
535.687108208934
535.646231773252
535.634642072849
535.585932362433
535.469412191234
535.2360445994
535.228375876243
535.178451052582
535.169632782779
535.115439994044
534.932722129692
534.831322696275
534.820813257918
534.802763648471
534.750618282624
534.650827621606
534.627644354099
534.60815368131
534.574774050897
534.566521925243
534.465825307466
534.280471201755
534.24172728648
534.235141006625
534.135490864701
534.045550350546
534.04311332764
533.968156972625
533.949416754342
533.911022614324
533.824988819868
533.820835892164
533.777533986024
533.754894204149
533.743633730222
533.631369717397
533.615015126898
533.567206045205
533.557894510257
533.528741239854
533.503162607135
533.476574748779
533.431249309178
533.418166591135
533.40154684259
533.393980036288
533.391416430801
533.310107669842
533.220690531799
533.136441844525
533.107485777128
533.105664273933
533.096767673038
533.074026135262
532.944032569159
532.93375147409
532.909191667374
532.892574768797
532.756163706439
532.716561401342
532.653526690489
532.627064278697
532.521829433632
532.418537443349
532.359504257292
532.325426828249
532.269839200355
532.241968457209
532.236082872084
532.15997293762
532.079614127236
532.057567047372
532.053128147226
531.999056527497
531.942940789793
531.877550054369
531.823446140772
531.767634428797
531.739383424412
531.63522844676
531.61513155989
531.567688257018
531.549902474315
531.526279122937
531.488784138778
531.463253721905
531.455176598664
531.302811718719
531.197365280904
531.089300031136
531.085281893875
531.083824345295
531.046987935024
531.015226976602
530.982643478512
530.871922934769
530.865656243255
530.835579190818
530.812819657819
530.743010528028
530.727559024695
530.722422300489
530.680513506495
530.62189563485
530.589745280281
530.4199465137
530.413511310888
530.385594065422
530.358654588629
530.349408944158
530.34421165308
530.342130891197
530.335323186397
530.324727340406
530.237005373671
530.227039653879
530.210655801112
530.190538086683
530.190301009565
530.178163787457
530.17466496575
530.161610634604
530.079501083896
530.063907060362
529.982588972076
529.976247856217
529.907769919692
529.907251762424
529.902505445713
529.891767813031
529.871498199196
529.834210715119
529.828248415507
529.824016291886
529.809110519788
529.796743827867
529.770330111532
529.75739271143
529.682574639581
529.667550731454
529.656960061181
529.654657094646
529.582853834615
529.515589172236
529.455670039265
529.4015894407
529.394272747647
529.356979473459
529.279576693149
529.267292894903
529.239344810535
529.188377882721
529.178635873894
529.162859583436
529.056104035981
529.045759806597
529.011723722813
528.951934944469
528.887324824186
528.835735676148
528.813716423784
528.791380335417
528.77651036333
528.766949116842
528.712006688836
528.656253949529
528.636495387967
528.617784338243
528.58525785265
528.537179875838
528.535705558711
528.514451684324
528.481923947377
528.464560235219
528.440779318644
528.375477803057
528.3226821583
528.31075223071
528.289821495925
528.28781520054
528.278530663664
528.247721917635
528.18016205674
528.104651332896
528.083672934868
528.080356170755
528.044819553018
527.992970739429
527.985904157869
527.933868668175
527.910363207002
527.871854751618
527.842558863421
527.832474685678
527.790888154737
527.790718412654
527.754642286833
527.707613592506
527.689686506298
527.610584736335
527.59509294329
527.567026127798
527.549482733632
527.538453450431
527.518581196826
527.489795737003
527.439250725932
527.403225118282
527.395262643571
527.364673418911
527.251067190275
527.204751503396
527.18591983813
527.167061818155
527.071479640313
526.978021989524
526.972351300406
526.970658693813
526.923773688273
526.911871476405
526.909709407457
526.909066624288
526.897649491309
526.878743765929
526.813974036219
526.811644018503
526.786314747376
526.781217627979
526.781149037282
526.77678481867
526.705719237861
526.705132278654
526.697479486716
526.689573652341
526.688402403272
526.68786791425
526.66384412019
526.653134024192
526.560931501437
526.546628391132
526.499463067117
526.462693601028
526.420507467912
526.4201313773
526.366908262714
526.357495568383
526.320156353829
526.240390944503
526.145868461503
526.121668882007
526.119213787346
526.040811995599
525.9938102066
525.989088038982
525.987551154137
525.979056737878
525.846844659948
525.810602849394
525.804403673358
525.795870509284
525.77135474122
525.673138693264
525.635239147107
525.626816381503
525.622318832981
525.621470705934
525.610349769309
525.550599490225
525.462915026356
525.430296669674
525.333682738408
525.31288720694
525.27520464191
525.233044922279
525.229030424685
525.185934649992
525.159438626533
525.126937005415
525.085272513577
525.066690073176
539.867995600994
528.981990081149
538.385297500015
544.89208528087
549.160055937348
543.389429081157
534.756942430118
545.449029301265
555.398510011624
535.252613044644
535.182366842884
541.748779285034
527.54876757378
541.885596876639
536.915631079322
526.814955102447
535.08184413276
545.540465434424
549.452813125272
576.374677731971
568.261419407631
526.909899849324
549.918916438072
553.089411660017
559.536087375573
529.603920200923
525.77051535601
560.714573704125
568.437281521375
530.746451755298
534.942728746455
529.65560362419
526.66257689981
548.158425622792
530.077926244736
526.643471127754
536.691002830516
539.663558986591
542.547045916091
539.342042704593
527.126989405832
531.349050074482
567.010410486164
532.879467380901
531.954753556838
530.18128588691
542.959666685686
533.148510270941
540.807638369821
527.234970877097
539.124502018563
529.206358554486
552.399664538271
530.600338271021
561.451295693804
539.034199956694
527.030373522365
567.595366909454
534.435419976936
529.196255565643
558.59717662908
542.098877922916
530.807765025595
543.587168059243
538.956862300772
537.896742990403
530.365670868614
541.793608560395
541.328016633531
528.455230922327
528.674580805998
525.723798718016
543.152029817728
532.885711910428
539.208881323101
525.210445813759
534.561723460499
527.692930547679
542.555808493819
527.383267358581
525.418887019206
558.677419966766
535.563765652236
527.611816811172
530.884919881307
543.087711358003
546.207130984884
536.030955301945
538.728450485558
541.553507438456
535.145757349706
538.792102083738
529.135777001007
544.533164104485
532.836926127226
525.325985986821
528.435625485995
525.735817651455
542.869042092591
541.109233421249
530.653263316511
531.211100774888
539.407910938923
589.425238331198
529.641649538527
539.620505388076
547.98097476284
537.952750062354
533.039148571916
533.064586218051
562.224738417404
534.257260703566
527.023547501642
535.856607907641
532.116544875641
555.021439713484
533.578810961223
528.696398577493
526.713486735475
537.811978692892
526.71385354873
524.983718995251
549.111214830205
528.333807153771
557.356728011694
539.396296103072
538.583764819634
540.327361759202
568.435339668105
567.035960037531
546.456804419583
529.21322948246
527.331474869276
536.978846155971
544.048092474896
535.3212011624
540.103504393572
533.147268860028
536.543719513805
532.922035700426
531.759035723416
532.895192871609
532.674390651399
543.408472314347
542.905941561741
526.464885109374
540.278134175628
572.464982465558
532.728747671558
540.448778840268
533.679096260769
538.26668730935
549.074828089161
527.073569465172
534.528945484077
539.276791059559
533.624458739843
547.198498673241
540.385621687015
524.972953266098
529.47328144741
541.28340815774
551.84362933969
525.904714690801
531.308466054476
534.53995028833
560.831300623117
526.242125155407
533.448103103147
535.271570854807
525.301443598535
525.489451712363
535.488690435062
535.766527981626
566.159266560497
561.388127274664
547.244300592335
548.211783515821
557.746451203345
532.563955605941
550.279486516687
550.20848230917
537.149909821152
554.639091034747
544.639105145718
526.540440495465
534.903564092681
533.852208866504
554.851328019106
532.852436911162
531.891724010477
548.080348859343
536.480872579858
530.795781917243
545.741560559974
530.275237994466
535.058583352394
545.367564231136
544.356454907699
536.610371638869
543.229432117949
537.0388327116
533.003761858578
544.631390655222
532.970265482269
538.221774072996
526.664056529489
556.809775388127
529.185991271618
547.700876635842
541.902882821555
535.69670041846
536.446884748739
540.542043496389
562.65882151983
531.530648442198
537.547189359724
532.257431595069
533.245487537668
527.894226185681
532.790907893072
565.56273890336
530.26582237529
552.518805554063
533.284535534002
541.495329723534
525.135913218104
533.434733818999
541.55290855398
555.38241869713
552.810379976226
531.942531150318
539.155777961699
533.330827073484
542.935721692217
547.454717411322
525.92538057753
528.167669507555
534.405170046859
532.287647291369
564.653456984978
527.269548098818
535.680793893875
533.004369156153
543.260900040083
556.143584030031
535.183798770355
551.58312259579
568.369027286399
553.238698818404
530.228092726688
525.657556886527
528.046648608434
565.160057740309
527.636638878193
525.484054281653
530.666239725846
525.227710969583
553.067646483407
575.995699738842
565.665123669376
536.010815676271
528.104048147518
563.886606926275
529.146549420086
530.962636737525
550.585267846932
528.088929443757
555.85844990654
530.998418194939
527.162913110137
539.192022594044
554.7697819806
525.192629804185
540.941566509517
526.578509651359
538.198805109484
526.8922705494
546.33339673036
538.782219037893
528.530562497492
537.793419189326
534.02083132607
537.031570495846
530.592988616084
537.132290657959
550.382057159858
547.817711364711
541.130343311657
551.954777965896
551.025717102613
524.96745592669
553.427785781033
533.111684603615
525.324190202822
529.508724943322
538.911747879901
555.470587952954
531.038204569582
527.180994375891
552.376558585342
535.447888410534
533.315605129828
525.521140897975
527.405080202862
549.651069685954
583.517891533956
533.190938660677
525.816153846376
558.995998713992
539.472501940084
549.562069236608
533.132314915775
537.298513094908
527.108312153574
540.609559805475
558.367189118946
563.624056676079
531.295001206234
541.275776394167
532.307360678486
529.821866192127
528.558425113448
535.970655441057
536.074045607822
535.015805122508
531.161568983564
537.833960532752
526.634050882297
531.187403268564
557.220617578322
535.588892277556
530.163486457119
533.662905511885
532.40537102916
535.745467480529
543.230788033582
550.891741828881
533.585149607731
540.995759100034
581.011629847117
533.838965904491
538.595444747419
543.009659086518
544.280712186562
545.249825737728
537.198966104761
537.42614129579
525.156997888
554.41034292807
525.498922854822
536.162003642905
550.664794025421
532.603617491655
540.258225218546
544.999607812302
529.622553888591
530.312367263356
533.307490793364
534.962208531925
563.27459637577
558.492793016942
536.970380960422
545.75286319649
531.516459659488
531.489420464074
570.832980389931
525.948599774021
534.539465984695
530.508297814679
536.718792226409
562.896410409431
561.35343747426
547.428957992541
529.019632993161
541.662362313339
527.435225194985
549.164782186293
581.792250472282
552.401134753844
536.473021097441
532.118399868113
535.355449408336
534.276215086437
542.914047712535
533.507119173509
528.45013882126
543.890675330963
529.945061860774
555.651641845659
528.196093701062
533.906409612983
541.262792359855
547.305969147763
531.714879849776
526.259660354295
550.870107770806
546.464854823246
557.905135475656
541.628795222763
549.244503050286
526.301831409425
550.992845767986
537.930422193692
540.302155251174
540.044243777182
538.856943356135
535.967555003093
559.386351639853
526.431228467402
528.829052240734
546.771764148059
542.300540023077
525.401699350605
538.206211589874
536.300916734437
544.883577684064
531.189739280689
525.561808275181
537.174855521122
581.157009468367
540.852110184331
528.388638256611
527.687536292155
532.386695368865
531.74826860821
539.129619950649
540.362906135833
537.595521867021
537.75121903681
533.557913075376
560.863774419887
528.127762908871
532.052685144078
551.037706214675
535.292695935944
554.36753378559
544.895436228426
549.732098427377
546.322024417085
545.873941917617
552.057942350979
535.392011910664
529.113370569639
529.458216707945
534.246113251655
539.122351694855
532.038818442257
563.314629455696
530.346602743724
532.799604689751
539.80156150089
526.057537428284
526.615287636237
536.511347428268
559.683372282639
535.331237307058
530.400084722113
556.896286667512
533.661923395636
529.307417582134
526.104880280614
540.833259097101
528.299938722045
526.250813862448
534.874065024753
548.516004223216
560.578323023352
546.911611897113
527.385151786585
573.131911341901
540.167232697235
542.269459793219
562.148999311857
527.701429115783
533.112036592181
547.16517653953
557.345921407539
538.970734980984
544.366967920615
537.732158707651
536.803689934776
551.744717300181
535.698107348091
543.078266350849
526.662487363472
537.464886903241
544.646407765582
531.112101796972
528.444035615162
531.31938592622
542.996175832717
530.294059858811
530.863673321156
547.511357256383
555.089841182144
528.759727075027
532.3703446475
529.474367174188
534.167729135014
528.65329919022
546.451430279469
