695.504148590536
695.308342756563
695.185085126716
695.138861067893
694.858484181082
694.804816926478
694.779729605152
694.738656406589
694.690570866958
694.628816122512
694.60153722477
694.540010635077
694.519035218767
694.50591160526
694.505581376085
694.489031405542
694.470095337269
694.466633433626
694.46459863579
694.448544830815
694.446962071052
694.440789355586
694.433816850565
694.415682779471
694.386939574217
694.373887448086
694.347723834853
694.346550794201
694.332495278578
694.325399338766
694.321634443418
694.314682536846
694.292808531357
694.29042254891
694.28662112746
694.286144226666
694.279818889662
694.260028871333
694.23858533404
694.197242197395
694.187600872318
694.184445958285
694.183089401913
694.166808720204
694.163735498335
694.161470081608
694.143235351447
694.116605726019
694.111191863712
694.100262871156
694.094958032432
694.091166799253
694.081187242645
694.069114749374
694.064917172242
694.061750126853
694.060578792518
694.0600566051
694.055107104032
694.043969681416
694.041925607817
694.031285903853
694.030823379337
694.026464797082
694.026323539767
694.018235705442
694.015778305693
694.014728082534
694.01244936368
694.011341192251
694.010308050244
693.998661267972
693.993588067123
693.991315312493
693.99046458767
693.989803641705
693.989467071994
693.98454930644
693.982952918516
693.969064428985
693.958020309025
693.957662329335
693.948655782142
693.932655897435
693.932301080362
693.923813977523
693.906378692891
693.901477989531
693.898375284664
693.893593701003
693.887861791324
693.884747102988
693.88152539676
693.872144912963
693.868965607659
693.868850402146
693.867082513991
693.855829978386
693.849703697661
693.846662279286
693.844188330346
693.843865035461
693.840382236411
693.840072024592
693.838087265068
693.833351572082
693.825715140233
693.818169914325
693.814815917765
693.807802729504
693.805944888665
693.804328726105
693.802636916216
693.792991998617
693.788092976262
693.78554390969
693.77356384376
693.770039122923
693.769372932595
693.760096527715
693.755808032803
693.755785937005
693.755325223273
693.755160542506
693.746466059178
693.742888973602
693.732690729548
693.731612136126
693.730314241215
693.724013676462
693.721808289035
693.716120683887
693.71610985764
693.715308061616
693.712699689372
693.707910768898
693.707793659527
693.705332283205
693.701947660345
693.697519904522
693.697101548054
693.687169056422
693.684016485648
693.683532717542
693.67763018338
693.673074855234
693.666914925343
693.664523912166
693.661293109241
693.655856719885
693.644047880506
693.6427079494
693.634941667301
693.632898036764
693.630985084187
693.622531664089
693.620957370721
693.6136907931
693.610225983818
693.605716046094
693.603247525835
693.599441527079
693.592687435112
693.590509305271
693.58082470012
693.575822442767
693.573689575282
693.567003385753
693.564494476979
693.561386933601
693.556785647353
693.553052422264
693.546565472401
693.533257566522
693.531431648824
693.527576916714
693.526284238599
693.525802708472
693.525711263556
693.525354787032
693.523764268714
693.523271560891
693.522851982554
693.521087025928
693.520838465115
693.512571616604
693.511077387382
693.505959796745
693.502295421261
693.500986930448
693.500547987238
693.496632132936
693.493179555998
693.487829892685
693.481827176218
693.481298630242
693.479469131638
693.478791974871
693.473879477877
693.473594713181
693.472588221388
693.471318706563
693.462094299652
693.461928411672
693.461188254743
693.45981266172
693.459613280851
693.459059171536
693.454922357313
693.454098046579
693.452758305436
693.450198827061
693.448811877733
693.441415695134
693.441332551451
693.440059721447
693.433579750356
693.424130597781
693.419075746903
693.41730561543
693.415128100918
693.412121331465
693.408338567385
693.404666086411
693.404149017511
693.402356126871
693.399895916105
693.397225815713
693.394250621767
693.383432003738
693.374416450804
693.372358811806
693.371972305163
693.370515031629
693.36933552521
693.366555833028
693.365548789109
693.364634771624
693.359137202436
693.354039353179
693.347776239558
693.34052262881
693.340369506116
693.326272438833
693.324813801863
693.323067130354
693.322953766335
693.315479118224
693.314958249371
693.313014697449
693.308488631859
693.30518273709
693.303781042219
693.303447939367
693.296980655808
693.292743598291
693.29179168475
693.291279189838
693.291005605341
693.289928124643
693.288472139361
693.285258540738
693.28414947492
693.282886003273
693.277764241777
693.276029381542
693.272846917176
693.27030778401
693.268388443359
693.263066316606
693.261359187483
693.260827609203
693.259241960483
693.258106215703
693.255844014862
693.255458856287
693.25427613313
693.253605958621
693.251646053848
693.249424290592
693.249331135359
693.246546978502
693.242649796084
693.240107924955
693.234952970495
693.234167829293
693.23396861873
693.23311226624
693.232867259331
693.232856163577
693.228504528965
693.225576007981
693.224047198559
693.223996451125
693.216945394706
693.215623779577
693.214415635934
693.213673412151
693.211124228899
693.210294524029
693.209339122271
693.208915333513
693.207934489762
693.205999085585
693.205829685452
693.205334388767
693.2043604981
693.199393578729
693.197317327522
693.196749036033
693.194707140008
693.194483999633
693.190861426807
693.178575626467
693.176264149022
693.175527805218
693.175026453581
693.170876423776
693.163636393149
693.162780239973
693.160244175493
693.159051796211
693.158218124693
693.157963441739
693.157437644654
693.156928362179
693.153592265877
693.152077937412
693.151582545902
693.15094319407
693.149744902848
693.145983285575
693.142659192295
693.14257570728
693.141165048486
693.140417077289
693.139039797909
693.138821489419
693.137866396899
693.1378215248
693.137627803265
693.136700410392
693.136222453813
693.134902830583
693.132464269617
693.130772890612
693.127985734059
693.118011514911
693.117199268284
693.116271349406
693.114143864664
693.112964670149
693.112281942926
693.112047712021
693.111729102929
693.108273736897
693.107003200495
693.10496670999
693.104657516758
693.104376689691
693.103787342529
693.10336679816
693.103100016953
693.101413538242
693.101249844614
693.09993805506
693.099697477827
693.0981081349
693.097484543279
693.097354611987
693.089499883341
693.089036338312
693.08869917974
693.087393009745
693.084278534975
693.084155261139
693.083310774293
693.082743986266
693.082430704464
693.080850670274
693.075750756013
693.075711430329
693.075473395694
693.072167808396
693.071728714296
693.071710009012
693.06923545328
693.067869671089
693.06315503179
693.062202958498
693.05894019008
693.05881468677
693.050053912281
693.049230935515
693.045537315193
693.045492472103
693.04542717263
693.044761470809
693.044486101691
693.040493829866
693.037948683265
693.036713904101
693.03646972237
693.036114959648
693.033114393019
693.030778463686
693.030543019447
693.028135819017
693.025969150853
693.023511108929
693.022816701972
693.022679855596
693.021262612929
693.020822677536
693.019466942568
693.018934682857
693.018235519087
693.013136920338
693.012070337187
693.010579253219
693.009444931616
693.007019907694
693.005723040844
693.003716074324
693.00360526728
693.002923139389
693.000332374402
692.99721722506
692.996389013828
692.996256963361
692.995381095298
692.995140752794
692.994482613486
692.994225707787
692.994126255414
692.993683336888
692.99219733558
692.991438482437
692.991242699223
692.990339354109
692.989841827552
692.9892990741
692.988898439525
692.986964189055
692.985321878012
692.983062151891
692.980352144336
692.979030626802
692.976967210171
692.974491566224
692.974270212997
692.974094065373
692.973684081973
692.972023454894
692.968587784804
692.965861415662
692.964292344468
692.963282905819
692.960291411065
692.959188253673
692.958447654076
692.95569573367
692.954526951837
692.953519093715
692.953132823717
692.951016238979
692.951014637287
692.950821041556
692.945342442302
692.945038101142
692.944395210891
692.936897053111
692.936602022673
692.936218247032
692.936045833359
692.934781810681
692.930883679748
692.930018680955
692.928144713476
692.927674920203
692.927305509025
692.926991888551
692.926921610529
692.926652083675
692.924419292545
692.920786441802
692.919572858774
692.916888671094
692.91668129802
692.916664167258
692.912172615286
692.906191609313
692.905300621817
692.902505780138
692.901937779626
692.899852867801
692.897823051752
692.895731411667
694.309341210978
693.660336599621
693.429332306698
694.309509735768
693.302832555463
693.803611972666
693.484060054157
693.512001536933
693.872003070241
693.328115447601
693.463844569351
692.97797235275
693.066133333407
692.912347951214
693.01472952271
693.273924323648
693.641475915871
693.935274459738
694.227013207815
693.060090009966
693.175546394201
694.031423554368
693.809482582355
692.90098983801
693.744209593543
693.543793053373
692.903558679696
693.075661044798
693.178732315646
693.058322628155
693.380253792489
693.311588514845
694.443860297657
693.06930893465
693.542925287269
692.954186308943
693.378678490613
693.431571516814
693.755762930526
693.864190572544
693.858972811916
693.159590119051
693.273090721256
694.149925310019
693.151753153372
694.609588186701
693.603768498313
693.021509960032
693.924679582791
693.142644716515
693.332310310965
693.861955792409
693.635393245183
693.29913295581
694.046226689066
694.061401911575
693.140556010338
693.10828646456
695.365816179231
694.111608386403
694.09666733807
693.145899777569
693.526026044923
693.26953005865
693.220472963029
693.179591648811
693.854671825236
693.109396360693
693.882174667925
693.245318503434
693.125240417092
693.605144850938
693.894405223878
692.945721517549
695.599954771109
693.150227969938
693.537826261242
693.894411908687
693.119666428775
693.046043248944
693.178976381041
694.148837600327
693.289959216876
693.035539450722
693.285024180829
693.543812065302
693.727606402559
693.081963096297
693.082267378965
694.655115659502
692.939169547971
693.318829126589
693.247423964705
693.339501961783
693.439859250987
692.997716267882
693.245667643301
694.568225558748
693.081269294821
693.133368173761
693.550344891347
695.039846172194
693.503387760499
694.163469411351
693.431761287502
694.147466686234
693.013352561804
694.878409573251
694.692112501028
693.731043640152
692.976652141152
693.131048423262
694.501424204304
693.675371124391
693.17234381424
693.941949600636
694.434553927704
693.514744723241
693.100163528063
693.581279017191
693.334332045261
693.185255193744
693.468903365863
693.217242586352
693.213990156098
693.536160416972
694.575026132052
693.261456967922
693.595442000115
693.283655273153
693.829957483484
694.162633848247
694.133768086149
693.38179872466
694.11274618021
692.960649031676
694.301577317219
693.025532431038
693.582556563751
693.229098273859
694.552242151391
693.560214125221
694.482282627024
695.178305855859
693.129350051292
693.683507178117
693.075608038343
693.905773788399
693.159770505279
694.456517308372
694.091065984954
693.973467010292
692.973575231779
692.989624404668
693.070601824445
693.292272755911
693.686947617621
694.576386498594
693.353554375771
693.16174424108
693.868182065309
693.018880025673
693.82304753602
693.911667988096
693.220149709838
693.429604314896
694.166574799578
694.568553774486
693.430078512551
692.997102835015
693.270551945942
693.551121147638
694.361136224669
693.859540791575
693.209102886944
693.878151785116
694.663989790458
693.345783776629
693.294546289396
694.048365588204
693.304873116818
693.406451132272
694.041514529487
693.124623111707
693.547523397241
693.069119239627
694.54380948884
693.619406396542
693.274802051479
693.717519958595
693.956453182153
694.029174054094
693.304171269466
693.163172329536
692.938937925996
694.085165602018
692.963588242169
693.094340125739
693.242807561107
694.766223236449
692.912725964779
693.300468019548
694.388344437236
694.551142828028
694.585342480611
693.585188567624
693.652033356206
694.415648563179
693.191031534849
693.098514956514
693.220154395848
694.2718521482
694.093038903349
693.232841731767
693.111498839178
693.110527618698
694.788319731176
693.129368521824
693.033183097324
695.125561140974
694.453699130789
693.525364145334
694.694018412676
693.973553594805
693.746476928344
694.047414992906
693.865273675884
693.588501316394
693.200241976311
693.545071940308
693.873833540675
694.261343202476
693.3996623173
693.274311271224
694.646060350089
694.059971322332
693.504070566783
693.28954454033
693.053414268408
693.714886575425
693.594556525852
692.928170262446
695.315578273235
693.939544310956
694.605439152278
693.447616529264
693.813363988051
693.654036883166
692.99389078523
692.979578068329
693.207959525357
694.897072263122
693.526109966393
693.285600237218
694.98510305792
694.298072393844
692.953580109483
693.030801072233
692.953980394077
693.544272000002
695.415542774038
694.121136515202
694.318592630901
693.585109724636
694.135519584617
693.620318187977
693.103608247398
693.654632166143
694.209214894919
693.842839975813
693.61723580684
693.20834352548
693.078663406689
693.324796221222
693.228506559278
693.486938196309
693.336464812227
693.134072993908
693.259308338944
692.956291700162
693.415415279943
693.747283960875
693.044864431525
693.556217772677
692.988917308459
693.242038202727
693.465275797863
695.224929299797
693.785045604035
694.392107008114
694.227081913878
693.367106551411
693.169466467727
693.650815420745
694.069015767318
693.177693177608
693.745859872258
693.789325332984
694.527784473222
694.352637653455
693.08601300814
693.162760392615
693.283427247559
693.909656260942
693.147712500492
692.913081023074
693.195453229722
692.913331038414
693.507321418043
693.690152147876
694.668432500309
694.077481073334
693.041735719462
693.135739315199
693.452104834944
693.619290962353
694.626615984829
693.153954759349
694.09387290946
693.421190834189
694.167232770421
693.034865871892
693.122276743879
692.963079474527
694.246262710488
693.251494003791
692.93080632675
693.800107703516
694.237517409398
692.952960800176
694.145260824044
693.562276825276
694.10954654482
693.850293892027
694.200596768226
693.674319902033
693.445791951348
694.432294819613
694.377004517771
694.706924430401
693.12969371953
693.685194434924
694.086996440011
693.269678816902
693.997817376025
693.404717804376
694.105716057997
693.255493390874
693.488655223962
696.283610475258
694.136912590744
693.626583306266
693.107848889869
693.528495900916
693.592048148444
692.95308395701
694.124112470799
694.495484885729
693.254337995068
694.043434969236
693.655791010269
693.873022348129
694.426173106537
693.116540172667
693.987265586661
693.128118757782
693.565691004374
693.389768521329
694.121123989366
692.906430140005
693.79209535724
694.702705477398
693.562833881185
694.029040614748
693.679115695815
692.902019772303
693.601738373148
693.255773782632
693.290790111645
693.679768430089
693.440652738691
693.501026670155
694.644164780619
693.318219737193
694.221608128047
694.158969203469
693.402931582419
693.860321385168
694.707084070169
693.620118450314
693.513773491079
693.196125545654
693.012392207598
692.961156895599
693.22416502084
694.47015733009
693.379377073318
693.848021034818
693.893544834157
693.044670709129
695.098093422453
692.95235811373
692.96936088043
693.281107820818
693.430898506019
693.060893940496
693.224324282082
693.122401377716
692.95621483385
693.672732478001
693.594375653376
692.941852861817
693.748297411063
693.72182331312
694.099563525009
693.019097572737
693.447176567474
694.068752152371
693.765267454546
694.097515464442
693.81396286843
693.246956676873
693.407411029845
693.32014433793
693.554977329324
694.397738661168
693.420272433516
695.840796560611
694.675708553219
694.854852162023
693.040616260449
693.244986752403
693.179623967465
693.983727530601
693.678002783673
693.834778972579
693.943265824723
694.068218411937
693.479244008892
695.112101630038
693.46890060632
693.906514840427
693.969337288335
693.781181058112
693.476939094794
693.648913953856
694.207085502068
694.487096731644
693.658848009383
694.03847697038
693.350744811969
693.449715385635
693.92698507603
693.068097649771
693.490168884054
693.515468412857
693.144255315682
693.735855616825
693.195323661566
694.350810813817
693.007042956119
693.77212584698
693.186434737904
693.296244875383
693.428724296537
693.373784144364
694.353730382575
692.898581563129
693.86533179478
693.810808131297
694.032072132343
693.872023084349
694.38941041288
694.033748682786
693.331964752096
693.191906420657
694.346859153322
694.392256865458
693.313627666691
693.710122722422
693.399593950728
694.401337419242
693.03149016221
694.51941493377
694.398764071149
694.000666680998
693.53776751865
694.436425808137
693.115889607485
694.1788775843
693.277676142121
695.610938036797
694.741043446392
693.48964223006
693.625993472292
693.177753238939
693.921731571099
694.082519913958
694.473122273504
693.639008899352
692.949787181677
694.008133502986
