672.752858280668
672.531115975717
672.414997460685
671.880450786333
671.761731320053
671.516833970456
671.035953226511
670.95903425739
670.83191184849
670.789135784921
670.440413482385
670.415227399276
670.373527242817
670.304190656242
670.285882610499
670.223946958988
670.119734181123
670.0611716946
669.762349030132
669.6385733993
669.603705747308
669.184864538063
669.132459248405
668.900812642025
668.841480737534
668.75455169915
668.341310510384
668.251392684384
668.233443080332
668.215229924048
668.193797051363
668.098903962469
668.076998033508
668.007484332914
667.975333167072
667.974615561351
667.935485183897
667.830020979757
667.775522471252
667.655082865998
667.63664542163
667.612533424083
667.461713899662
667.459535285428
667.36762886649
667.351371133091
667.335525988204
667.231872171315
667.227683562827
667.179617712719
667.141130806541
667.053952986834
666.968177039449
666.963164556888
666.901544602189
666.868893927004
666.85110124926
666.838977969094
666.710900462179
666.664247052374
666.600765181065
666.55119806585
666.536922755293
666.504679524167
666.495935872043
666.462454824862
666.458603133982
666.416451909441
666.405321652186
666.371276653607
666.365630219327
666.365056928248
666.361597140753
666.340413023556
666.30886730702
666.3083056384
666.298830941881
666.253943228168
666.166446593333
666.158849648366
666.068206370212
666.054101003597
666.032780508301
666.016050611661
665.988477995113
665.97468957344
665.93549871375
665.907353378625
665.86737916137
665.86683762887
665.860989557358
665.850181296251
665.841834420831
665.805804979683
665.78444456635
665.747356685826
665.696604246035
665.664674656926
665.633000406577
665.62082012341
665.619028453098
665.596757422124
665.541237435876
665.49987601127
665.481956726597
665.460642822952
665.442648125109
665.392849207735
665.371525550313
665.336044832403
665.316900746646
665.314206577609
665.292160995413
665.27377577521
665.249373520346
665.203985822399
665.195038456632
665.179631645915
665.153611554685
665.129264443428
665.121566907825
665.119572206653
665.10436306662
665.10271679765
665.001450211758
664.934327811514
664.932094861902
664.906033387643
664.903169327637
664.895173046973
664.882645576482
664.84499651897
664.836594544263
664.835870870863
664.820451593364
664.816634956175
664.81443391881
664.805335910455
664.78378458491
664.754671228384
664.754000896492
664.732717655599
664.724863168645
664.67648039998
664.675795127704
664.67457168766
664.665600997113
664.630220305057
664.588883308753
664.577816787695
664.556358669906
664.535562021874
664.522286300039
664.509944528461
664.489021912552
664.471520517263
664.420477921097
664.394541661236
664.375996703345
664.366278056593
664.35350556529
664.350620867787
664.329296351097
664.324775450907
664.313470874015
664.280632019475
664.279602776344
664.210400023803
664.182627607574
664.181994011711
664.161400898645
664.119898540158
664.101801236428
664.075531816697
664.033870385944
664.031986095926
664.018740577644
663.996226874041
663.990017737791
663.985439318804
663.981350270209
663.966710901358
663.947105568629
663.94338466907
663.917075947056
663.909350013578
663.877121994279
663.842555803225
663.837648456109
663.821967965838
663.80529555463
663.790344695231
663.74101884702
663.740714275381
663.713370084954
663.675590542534
663.672172571728
663.653105760294
663.615264830847
663.518376738728
663.516213489518
663.500422529816
663.464008969972
663.454435193052
663.446985783388
663.43073091844
663.423417530252
663.393912625607
663.374094488041
663.321271776805
663.284025022758
663.28111753433
663.270552728359
663.268116870776
663.257402125873
663.230044666317
663.213298954944
663.173979446027
663.163973540079
663.163761009739
663.136509671991
663.135717230045
663.122569542814
663.118812296668
663.111120185453
663.10951747513
663.107097694837
663.105404296551
663.085967166681
663.069051384592
663.05809398596
663.048363158361
663.04031423376
663.028125918023
663.012815711811
663.000690130242
662.948877542888
662.942609654288
662.938973157723
662.930415535054
662.908439572651
662.898363015218
662.855743575921
662.830398495237
662.819092903093
662.812301433354
662.785405982987
662.770850405043
662.764836784638
662.764466151498
662.759991290287
662.739387916819
662.720902203886
662.710687398028
662.707668666
662.705910006086
662.690912928342
662.680382787678
662.669884940124
662.64575622682
662.642874396087
662.640894569179
662.639227671431
662.623674669014
662.613431485317
662.612568146877
662.609043202906
662.569243522915
662.533495336507
662.532618705371
662.530045378313
662.518129513447
662.482733618469
662.461764933321
662.461139964988
662.448665684776
662.412016692071
662.397926876308
662.393202285796
662.38198596804
662.321208206159
662.320261711336
662.298808536547
662.271573205097
662.265899878003
662.257861813568
662.201277846758
662.199761557069
662.184867164515
662.180027017138
662.158637925272
662.154953382555
662.145292880664
662.136003076535
662.134659052012
662.1327692952
662.113578690829
662.112881711121
662.110298283431
662.106303118066
662.098234323238
662.079960675688
662.073876280662
662.051336080326
662.050652232657
662.045528475373
662.039541351248
662.027063886968
662.016424221834
662.008975789105
662.002151083443
661.989720900759
661.98486536529
661.9817848535
661.978182998663
661.971357218873
661.966463639268
661.960725314381
661.947112201851
661.924401535066
661.91980485366
661.90961079818
661.907184349877
661.904921035985
661.904249325357
661.89646918838
661.876127501283
661.865810111368
661.860954432967
661.839508218303
661.831062216901
661.804725171547
661.783100795169
661.778506219445
661.762307370579
661.752479317264
661.728377292216
661.713832006518
661.675250988043
661.655900130893
661.614743986314
661.612002596454
661.608802116921
661.596997827573
661.596865132698
661.596655422292
661.561747135408
661.561114625973
661.535806897445
661.534636980597
661.522427631764
661.477687195812
661.474299897272
661.470143730981
661.433220901059
661.415056829098
661.378245501975
661.371380042012
661.348598271653
661.334256348159
661.321695175309
661.320099344497
661.31360488442
661.302450910685
661.28805076587
661.244488499325
661.244130151126
661.233257537142
661.226938239269
661.210966544842
661.202457633681
661.196003243732
661.184330885565
661.181387922488
661.176441397592
661.159998375499
661.155020404432
661.153550678673
661.153396640344
661.142615200915
661.087794017136
661.076900718861
661.071860320275
661.070093866089
661.044663429864
661.028201814493
661.001558006603
660.996467305711
660.992322998022
660.967428781228
660.964589939363
660.957036333614
660.95385430754
660.930116500134
660.921817817584
660.884746215882
660.880552588194
660.875778299768
660.868371154578
660.864808493707
660.820022688324
660.814672918232
660.811787359499
660.809452921559
660.795717617947
660.763791956469
660.749070403555
660.735801364732
660.73287261895
660.729327018693
660.727611310323
660.722480779238
660.720162767226
660.714909514058
660.711458948438
660.709293086885
660.704189444202
660.702325530273
660.693254003317
660.682249934593
660.630225042928
660.627472457686
660.625174207879
660.621598775315
660.613077436615
660.576109232265
660.568830190216
660.547200413934
660.54317909276
660.537398212017
660.52562789983
660.51913383942
660.500784016362
660.462565890834
660.442162392845
660.409162612184
660.407143214752
660.403430736179
660.391001930186
660.390277579278
660.389564479466
660.387550023939
660.356817522786
660.352515657971
660.351661473307
660.340329177041
660.333598156261
660.329280563639
660.301584709307
660.277916477504
660.269098289018
660.268481299995
660.215738718938
660.205798456405
660.199271043967
660.195651198921
660.182681265605
660.182607516546
660.177949514994
660.141306783734
660.110183554108
660.109873943571
660.104758605255
660.088445497246
660.080618378058
660.078789355546
660.06166744078
660.03529361733
660.034578265129
660.010933919295
660.008442648118
660.001621317493
659.988422676605
659.979993200423
659.979570200077
659.97648955557
659.964912037679
659.959699156956
659.941307263753
659.94057984777
659.927552207161
659.917896736248
659.914817769412
659.909645694411
659.90556395886
659.903562824158
659.896467544519
659.891436165846
659.888158246628
659.870036311749
659.846514999236
659.845080333653
659.839388198743
659.833483422643
659.820882595979
659.818356603955
659.812173392166
659.805677722633
661.544990128302
668.626038998365
668.445159394039
666.782904893879
668.804656408193
661.759133118185
666.24912379361
671.399936868777
667.770384352412
660.367760081944
667.543943380859
660.417098122716
666.474891029775
662.634888474183
660.40282923933
662.042463661624
667.981290728037
668.118853475078
662.323138674543
665.034825635576
662.062123050321
664.364390145012
663.642665280229
662.821331991115
661.982244449035
661.473651813545
659.937670627749
660.880863951752
665.887133764891
673.572064372133
661.020481794244
669.693484284538
666.586228291341
673.245560351989
663.717256105923
663.0419659229
671.904303578099
663.850147159652
661.83861191987
662.343114869999
666.83876373506
669.11104684524
660.3801887143
669.836767021265
673.825083207815
665.881344086852
664.994766082022
662.69285495065
666.630479865247
664.217548540107
664.340844940074
663.622840136885
661.628712023621
668.574104536382
662.695589651517
662.567658041884
668.20538542123
664.145753372
663.548345282864
660.218876500047
660.292511334765
660.77348457267
663.738221636111
665.153385264165
666.024643146922
662.525122621824
662.256411047229
668.274368459037
664.137714263353
669.756367786438
662.714608587398
667.822784902108
661.834797449945
666.783979288423
670.624395982285
664.069765464115
664.443168797052
670.816706191633
659.935742298773
660.003930797663
662.153640430739
660.978915151341
663.92253461855
661.832841667594
661.446641784146
665.954214625008
662.488490757641
660.127830010789
665.177497779659
665.429383032899
671.008731598924
660.633411104543
670.412657195245
666.745384294311
662.076442877041
666.849069822902
664.343367828698
664.075673217263
667.41545100418
666.39193567762
667.548689757563
671.123411220493
662.288225421052
673.433209068596
668.015840882592
660.915434112585
671.568823069047
672.52250292741
660.736449773879
662.651531645305
664.466757190068
667.478119428964
666.267980988606
662.641165875387
666.998941294968
661.862139583335
667.233158633344
660.536254317563
665.884680349648
661.058394597097
665.50824463213
661.563146053973
662.566546363576
662.780394632308
664.988469908937
665.717423118897
663.794967910053
663.069080696596
666.023416722562
667.959360900066
668.883015722065
662.8126846605
661.006562185129
666.580013034203
660.455991918685
660.730473605199
663.68101604799
662.357338796362
669.170059157888
667.533748030567
669.209962366017
661.590841821329
660.223772967905
662.375710649298
667.889160786878
661.252834569692
669.025560417906
661.948169858151
662.94562551263
663.060427412585
666.260603721169
660.996321123165
660.039324268434
664.712466550698
661.339886677646
660.122746861764
663.448073993231
665.075289021883
664.253924196048
667.616767944234
662.867627115925
670.45976569222
671.008013254732
662.236065915394
666.489802799796
667.654594085397
666.484092329892
660.837659153117
662.8797369027
661.518341116958
669.60953393164
665.477586533346
664.381036129856
667.571185709864
661.110744769422
664.263067143447
664.831214224331
665.888210469826
660.014906863549
662.753865070396
666.660733313758
661.372288194842
664.499534271765
666.050111609661
661.770731996054
667.47439965286
663.381438948805
670.697427946878
675.726949747158
665.012698082774
660.653510018758
670.314351826439
661.32405031592
664.169089935758
663.5774123003
669.627180792113
664.262985823997
660.464348824101
669.719249987115
666.879147818235
667.20761415629
660.233405977697
664.411626432528
663.796067573912
668.383681666466
664.629722667851
666.010675162217
664.661794353141
661.798921913127
660.814210950434
666.206559293824
668.229902512016
664.38137091389
661.776995940227
660.537678774313
666.058338127416
662.642968829227
662.944776585337
661.106065794523
668.113243286147
660.899721932116
673.895119953593
665.565898324954
661.758285594683
664.643949685515
661.998918011209
663.185783948204
660.680946510745
665.991394116392
664.048359534927
666.228135797126
660.350273446483
670.354515599912
670.474362939063
668.482482888738
660.978472655109
660.359871284174
663.13164948376
661.866193084778
671.758011757261
660.148535819222
660.901946790823
662.100436108911
665.414299845871
664.539465541629
662.267942240932
661.327896832234
663.230671005298
661.80879709648
665.183588166909
663.368860786324
663.179386914824
662.606120560445
660.891071690878
660.104073572066
670.319293355927
660.943379395776
661.237174296438
665.603124328794
665.648428001087
665.484891262055
662.143538776819
662.449864778045
661.473066496543
661.07480278651
662.580431552627
661.793269605967
661.041881474477
663.327405753235
660.629794150895
670.786523087028
659.889959758934
670.796434254831
660.386231528468
665.802886147828
666.278213210931
666.113744973429
660.351515663885
664.326220611531
660.78502903207
663.781567083857
663.935888267652
668.830953297329
664.135654164146
662.30438480466
665.883871182452
667.163285599638
662.442342112855
665.912724643035
662.215390374151
660.310046435562
668.340285935625
659.951603251684
661.260300220653
659.897948752919
669.960296715112
668.327994634086
663.243355566826
662.211955041795
661.591236635826
664.026020080128
670.625629664909
667.056071987383
666.606280976737
660.87689236414
661.639142877089
664.321148882117
664.60777381292
670.950102685864
662.774741253631
665.160352963961
660.392753450308
659.826656390816
659.978233303124
665.385696546624
664.638120034993
667.989292872304
661.994358010716
666.094040107272
666.657948649782
662.178121752169
666.854706479046
660.680923547086
663.720243052851
660.480569201264
661.007291791966
662.000390652306
664.844158919248
668.43964345605
665.584090682932
660.874401998527
662.797374924471
661.834934213612
663.694156680654
662.882442626682
662.677576219202
661.434329846282
665.987675817208
661.183303785993
662.512976156125
660.566634505914
662.610453910288
668.954032458788
661.321902463192
661.507732397238
664.351964027273
661.228431720034
662.314530946255
661.268886300788
664.057060733095
660.065011534929
659.997772201006
660.318611372797
666.841644510778
663.500313245047
661.673589806576
660.495467101732
665.382159470145
664.400993556483
662.925362055269
662.505307346404
660.32763149777
660.891833105342
666.945975644668
662.501252143526
661.056522697586
663.572417036573
663.121191094389
665.805268824276
663.810720349019
661.36629647567
664.02410423759
660.524164118483
663.760345024322
660.542255467396
671.162705688209
661.924293219648
665.174870668857
661.585199640738
662.739331637115
664.137341986959
661.216675559975
667.026327943108
659.838460776285
663.055653180303
661.132358132488
660.476233075222
661.266800757722
664.596380136033
665.01430388882
668.736783138802
660.957060827701
662.221546768143
663.393807257761
664.360119738275
662.364463524564
661.691766518435
664.964814002157
659.987305675291
660.646337713435
664.285095560269
659.793426446927
666.193845194195
673.573057844653
659.926518124894
661.729203377055
663.917708775336
667.57239263317
664.670259590189
660.859110592518
671.181918698729
668.966008855751
661.637869270737
663.975866844764
660.750741687785
664.998805664072
668.202828798175
664.692085016413
664.821638931945
664.861733664492
664.830622667751
663.39038540185
665.393695179238
662.213176145204
667.809369655594
668.139323467492
667.720814966481
663.286178665964
664.305418269839
664.655914288563
659.813636437514
661.732192892924
662.267080535419
667.321093822129
660.117215558252
664.835908427476
669.179775527745
661.329641534818
664.368923190307
660.06304498192
665.948699034423
671.187463581134
661.899574555479
659.866878636545
659.95608215507
662.909307261987
661.03781550396
664.05753406252
660.239122318374
671.766262158337
664.723871612933
659.805502641429
667.096884727932
661.254126327031
666.777900346029
659.965559927262
671.745046838489
661.882751234001
667.837915808924
659.912556734555
665.425819613126
660.362787715832
672.840688731443
662.154583272883
662.454010332428
663.875562838124
660.909845096763
663.965464708866
662.104576827479
662.465453315252
663.992742159493
664.19028898463
664.209649874216
666.511053073541
670.302918136561
661.410024630815
665.472043238756
668.218022220843
672.247056666763
667.103593722359
669.967902395412
663.610007672234
660.201400507588
664.10929828943
660.138197845364
667.943518381222
661.858908475581
666.583884902976
662.223141024457
659.791689461684
663.683264496047
664.874270566261
663.798175510038
661.146609242433
660.453547161793
659.852961096033
666.160266681315
661.536865127232
659.860706296665
661.253157210863
663.812835840448
661.599358455173
