907.704262850676
903.184942852294
900.660274522231
900.098469529578
899.773152115471
898.625624565682
897.885908961703
897.33133782971
896.314106342975
890.888580466988
889.985539358781
888.852503262818
888.638091774733
887.880634532469
886.929989963893
886.855805303508
886.599432769119
886.536732234628
885.257930660048
884.983252535184
884.91681805749
884.597325693927
884.461159825614
884.15139942028
883.848103990115
883.681736976165
883.425380096824
883.219916667482
882.616207993017
882.615445796793
882.48646236768
881.833189200054
881.79138076528
881.638648058726
879.820847611383
879.733436950901
879.487901090129
878.918878160036
878.66869294028
878.186238785538
878.186217343165
877.929145129342
877.776905493762
877.316449584266
876.415670796223
876.322005201949
876.195169512718
875.681204440141
875.664398787134
875.53129931984
875.304313493152
874.943778505143
874.816034495372
874.69686433602
874.681743383641
874.630268403344
874.5652209782
874.135766437139
874.026122366416
873.831271288181
873.670840730479
873.520650567514
873.457168458059
873.390291914904
873.389147200494
873.187511112705
873.160329534824
872.851645132466
872.723366777659
872.614913747866
872.608641407023
872.607575073273
872.245469971563
872.236283076196
872.098148375944
872.076295647211
871.996885250739
871.76950719275
871.758130449894
871.597739971945
871.568560611471
871.419410108341
871.213651594313
870.964404475644
870.917429559441
870.605983539882
870.500761160858
870.246701798791
870.209437297084
870.058958490613
869.948109212653
869.750668900415
869.613933734787
869.552007128143
869.498367972907
869.423239047495
869.337170032696
868.510140661681
868.400101451947
868.252025988164
868.23576891693
868.226145354348
868.149505164851
868.020430840737
867.919758858681
867.888957014842
867.869392795596
867.859483623583
867.718657492702
867.628548873605
867.544759586147
867.493812546659
867.385429002662
867.372914084352
867.299082083783
867.234096667539
867.220854041645
867.030007758905
866.945752195631
866.94461950081
866.903473232892
866.802343948446
866.762614004627
866.64737387774
866.567230232634
866.225441426884
866.214916202381
866.055150466274
866.042564937389
865.876403175471
865.847933234995
865.845216508811
865.736366144107
865.664902543742
865.571395277934
865.519122103896
865.292128712172
865.278060746891
864.981676704976
864.921647063655
864.788844872488
864.677825299413
864.672604392656
864.660659326046
864.653852116701
864.63711000161
864.363928286989
864.308078889181
864.221893025112
864.200836088001
864.071897534072
863.998050937692
863.992972984737
863.840271282413
863.741289552749
863.725804288767
863.693316375705
863.658131342436
863.470635453283
863.156523905759
863.125167235543
863.011816088808
863.004818646285
862.777118559345
862.766207962168
862.650167463125
862.514267774087
862.429102886854
862.400515740232
862.296322009286
862.226484808355
862.144122676822
862.129638618147
862.09248905158
862.061257109097
862.057320477856
861.945526031488
861.855271577949
861.765217567364
861.730795767265
861.726531251215
861.653006560546
861.579887988183
861.494593063944
861.464935008141
861.418600712535
861.365177037003
861.316727672472
861.243468186973
861.216984712971
861.185828364573
861.115916265901
861.086534811604
861.082909298743
861.081421716165
861.061039929989
860.997270607089
860.982868616902
860.977106669633
860.926129906835
860.910158667427
860.826057025922
860.800815633978
860.791463354346
860.779940387645
860.709863749875
860.701155913192
860.697878452987
860.641426166457
860.583416439947
860.55539644897
860.523916078021
860.523512839171
860.419711958315
860.3463733133
860.301233501217
860.280357586142
860.231020207447
860.230828735296
860.160783398509
860.114803292013
860.11363176453
860.086450099298
860.05482853699
859.975597029291
859.925825686864
859.923388439115
859.923131792816
859.893773446037
859.824046109504
859.778402278188
859.759104267049
859.730665785535
859.619353548465
859.587099227068
859.480217907117
859.435684133052
859.421183648
859.346426376208
859.290797071389
859.261618309777
859.26080730571
859.251393824512
859.207633837326
859.159003287866
859.13393040874
859.131069858706
859.056188188017
859.051106136374
859.009938730721
858.98332454257
858.963123744208
858.929371362078
858.844408878448
858.766436932895
858.759117410003
858.758070846908
858.653646992466
858.634446838435
858.622665060096
858.601215418155
858.586872013862
858.560959475668
858.513164798068
858.465355474993
858.3814325723
858.364248586491
858.346821881394
858.304875566364
858.299906486428
858.294164513589
858.242399690173
858.217635729774
858.202986991224
858.193596170511
858.161365479324
858.147706643778
858.090949309352
858.068405929085
858.03453580677
857.908858626367
857.897847712094
857.880197561332
857.84917097931
857.768481863513
857.756314910933
857.752894364422
857.729459892187
857.601796983693
857.545715431349
857.37736443609
857.349276017794
857.282258392767
857.246341026089
857.157303358174
857.099453236905
857.069692893238
857.018585227705
856.982098946022
856.957334641448
856.937094004868
856.876328077705
856.873848593232
856.873120135883
856.790597869417
856.7371768599
856.735040089584
856.673037627477
856.609434021894
856.602354143257
856.549435570397
856.543927585832
856.485954124929
856.464373244805
856.457227906909
856.433476679425
856.424364024476
856.349023012846
856.340606952703
856.336193073779
856.323764722014
856.314816854691
856.30758510566
856.305077863408
856.254038013222
856.240373369263
856.233851094848
856.147767553612
856.126553993217
856.114244569904
856.090679720734
856.07498418346
856.042947240027
855.967653378675
855.961124056561
855.954159922544
855.945669041547
855.937306612252
855.807838136954
855.739745610394
855.71584542081
855.696540282496
855.529158301784
855.494994310906
855.488072735255
855.463959130762
855.418063622215
855.387403696214
855.367283313643
855.365322310383
855.348397518639
855.33478693124
855.331900442921
855.327475429503
855.241971845254
855.215445410548
855.181795588995
855.180337868165
855.16727328114
855.107732733241
855.080212341697
855.073919369615
855.0715541895
855.069563103288
855.058074091424
855.04514501552
855.021026658087
854.990738614028
854.952470650012
854.936796181199
854.932583490421
854.921431125345
854.892380364701
854.891871674478
854.823573795895
854.822426575412
854.779701936606
854.763806412941
854.709406621861
854.703802169275
854.688658308398
854.644942120837
854.641878970269
854.579569748245
854.57545838604
854.510748728898
854.49573307535
854.395220255735
854.367897930808
854.362713866669
854.354255138889
854.334381014922
854.333434030739
854.311302537795
854.310108104582
854.265239903189
854.253098854497
854.237914397035
854.202477301746
854.145393389984
854.139954153438
854.098027407487
854.092345875544
854.066583567228
854.050350015687
854.043936304537
854.011358489521
853.978698436619
853.973175350655
853.951762234541
853.898897171981
853.886661233309
853.866942230058
853.864087886832
853.847623235334
853.844954075133
853.837238630945
853.817424602975
853.806948048081
853.803728346253
853.790061138981
853.782439105719
853.76142606699
853.758290292724
853.735173885184
853.732753109225
853.697260317394
853.653578005057
853.548185824121
853.499893574167
853.498506606402
853.448105156961
853.409502066128
853.394713865964
853.389267192493
853.319286480546
853.306020586106
853.244194405565
853.236849389126
853.230917757085
853.210406733256
853.195921200052
853.179861669714
853.051816485625
853.026033493844
853.018256163029
852.996619660584
852.951325976738
852.936870515946
852.936786146091
852.910193603026
852.898865111193
852.863524897065
852.859778561938
852.817038053331
852.72230992267
852.717729067936
852.703993287245
852.635318244304
852.615237318767
852.612532870025
852.530378226871
852.525637328877
852.517527644502
852.516549786551
852.479077779999
852.458314417981
852.438526714612
852.427023799496
852.396244178997
852.379655127135
852.37607408959
852.367934856009
852.355835155687
852.33946438461
852.305617849666
852.254729889763
852.187478260549
852.162204698205
852.092612649213
852.082774944366
852.041067536102
852.039197677319
852.022776739302
852.008679726956
852.007660589097
851.999675068168
851.988948810387
851.924986065466
851.923924661117
851.893972492384
851.887514320449
851.875885990924
851.844235958068
851.839850033143
851.835058891225
851.820869712941
851.807395270492
859.213970993854
868.256778351596
855.774822840251
865.889929478297
882.999941150599
861.160380610531
851.983866116488
856.281801672573
865.11402547876
877.363916024705
870.845208143331
856.466513377632
857.095792733234
856.518395528629
853.190364686417
861.30804768034
853.40026639574
866.525273675727
861.57594184502
858.034819707408
853.186850665242
853.187150210911
861.666193821235
859.995915825703
857.089810825409
853.812671709053
860.913419183379
853.614710313274
862.26173552892
886.452000487402
857.461808797774
851.897270558294
898.900940801411
871.508353067496
862.543679393019
862.612690690462
860.351162793814
872.971680308067
853.427732919043
864.144731702465
889.502497364049
856.832091084002
852.960309480044
855.820032661444
879.476900967741
878.051781126624
869.367481066783
858.276955835512
853.070737720965
852.696933876705
876.202742725773
859.589737826188
852.206523514875
854.387800327182
852.932152674284
854.041212798903
854.914168477452
855.671144694087
853.357177993329
861.831575633817
854.995237198074
862.765480638221
871.814162471239
853.038180171622
857.913199816622
856.921871924524
873.247239394711
858.397667245784
858.965614722591
853.296547859971
865.559057949466
863.149597844375
852.838828988887
862.920522516836
883.453740399441
855.653117233264
868.760032673463
872.267343210783
868.299092830649
852.078653212232
858.514841027344
852.541392237708
884.546280426218
856.072806449153
852.406497139869
854.261428341547
855.044201368491
874.747700494376
866.30036447588
881.476442765626
861.068431498557
874.803357415701
856.373107642239
855.18549221216
898.742305057505
860.642540804001
869.581099169722
852.913743633123
877.132526399823
871.461192763624
852.844727224944
859.624024540089
855.885028650309
855.626799069603
860.765563401381
864.411653512699
868.108971367881
878.862683140376
860.206287871222
852.101840974426
859.688435810057
860.913211966389
858.65190917678
886.314666747726
894.417938990502
864.839338159013
857.290589978132
858.827086193275
876.795813431183
852.488014541125
860.045619075586
854.982465913171
863.351645687591
860.945638100605
853.097501106705
852.894710860478
872.790917518441
853.144581193016
890.771636766553
858.326232555365
860.287804591461
859.218145732554
851.914061649174
853.889009733689
855.891751941021
866.221025966784
865.729206556634
874.523908742874
859.873103699608
855.915021576064
860.338345415749
873.390832970074
876.371874846579
852.301970659532
858.511792024891
870.551927694207
853.056861005086
858.700329202221
877.237208842014
852.170276020873
867.576532163248
858.252373476916
855.514073050537
857.389946879735
868.904100218664
859.615874188129
860.742823185819
880.071048574469
865.149198479298
861.042997544608
873.081370188201
899.887756640952
855.486637618993
864.257396347275
860.938726598778
853.080221479448
857.650503345349
854.416932660705
864.107062445329
872.4541443258
853.492786519699
853.396696723448
853.892694827487
856.477732089977
861.342603794896
895.859523924542
853.585375129887
878.560847231938
856.045523312269
852.972265458553
854.172099735202
874.913119437226
853.222103062636
853.400798053278
857.661166407457
863.762238654981
858.894981713192
858.626374163966
861.509425012871
858.838277747416
877.13268318148
869.634894477816
852.076880772519
853.543466029501
882.797246271336
862.711681463522
852.147240138816
886.484507584758
862.419243384295
871.428233872993
858.737855490968
856.704257295547
852.994665060241
854.176483762961
870.055996616983
872.190919574863
871.748270101824
854.801893616861
858.787105269993
874.309449812338
854.881180287181
854.797238142201
855.026784368688
871.313863825392
854.628146588127
861.760886444972
862.103708247313
860.013610958319
881.491003965681
864.853210855967
862.824598536836
912.209950824138
866.30051969502
869.537700012817
859.139731702193
872.600661315582
857.705255541323
851.949131481757
877.24381998887
873.849910653513
873.230456124879
852.050475140133
867.458556908607
857.802430052002
852.693410166708
871.645549778561
872.071293299525
856.160798375542
853.21716016987
862.247072581683
853.867768897375
894.244078420784
874.563975352108
862.092732651917
869.976039858971
862.83925781332
859.069847066412
853.519300264382
853.456747966797
861.606850897928
855.348372633751
858.103422093178
871.211052182286
861.3669245327
856.1867643452
855.063218488463
872.211813257905
877.359931150526
875.368469680088
860.189809959531
921.785358902395
856.582622356731
858.804144085168
857.02249389628
881.563747537073
859.035494911729
856.002293449713
869.503912278043
883.323741514194
870.349084929439
864.255114041161
873.375890684254
886.227329447637
857.141885112353
855.211346946512
852.40379177108
856.815938309709
871.425942680951
861.231112594866
854.132481746636
856.532841324865
858.436676514479
861.063804946369
852.964119699504
895.760466255195
859.436960534246
856.825651046405
863.999021052907
855.807216781712
883.121069107304
860.67272462813
851.945978954867
876.766668986761
854.216646398103
854.337296189362
856.392270595367
852.260159161283
878.818658183625
852.94238200216
857.666439882498
855.545645075609
856.567827192663
852.473379050357
859.228798098298
851.994288751898
855.061024080568
859.05073683137
858.665446924744
858.78201956161
858.061309638816
859.046227609889
874.091214763667
855.121140575355
851.964923646214
858.333604085401
860.782368347549
858.652526727114
870.63239363408
852.737688763091
859.185233288849
854.820302661322
856.102411467328
865.287912707196
854.619488987376
859.947305640073
857.980258626986
857.761833884709
858.595222053364
870.084135784388
857.59216097604
859.978815065742
853.326696154495
869.210725361221
857.559931614919
859.572930928535
866.935585617274
873.160495650814
854.485554277292
874.118858871597
853.471469880707
859.615344189074
854.861567290378
855.893642853015
853.796970864122
852.53117002825
852.594688927179
853.011645055062
895.339671048892
871.81301967205
854.81199673022
862.18815880836
877.703651267701
880.005820607619
873.618574025935
857.395067189453
872.792362693562
853.660876800672
852.187168316389
892.876356725397
865.388047698786
878.19198538236
853.667913490964
859.032763228895
856.571801899663
852.112292917624
854.989109051963
878.347923980199
853.005009403545
860.319961924718
853.330954613373
858.575525669967
852.234559413665
890.724732323264
864.054937042215
864.795315925344
853.847193939727
853.158116296313
864.38719683249
871.673613099979
857.279672618279
872.310928137863
866.960144833653
873.926582891583
881.381312354466
857.323715295971
853.292892764956
897.325713322607
861.801805369725
871.479148920493
870.393377746814
858.610405903396
863.022655445313
877.073768649134
882.269042249667
874.445546341545
863.474286212564
864.292195547593
854.1258044971
858.228453757461
853.886742844461
852.386146174956
853.390394589097
852.885193886585
854.296640385695
855.714699611903
852.586480001888
871.807609630223
852.541806315581
867.88679350244
887.087259239846
856.153205288029
852.511856206063
853.954131550815
860.290959503099
905.030578259917
852.717862502371
866.840439255353
862.718197678576
863.608051306829
874.523633668664
862.322726339182
873.287344345767
856.102502026981
869.928637255102
859.714321905205
862.525526384219
856.56596413735
856.488294847281
875.98009036573
870.678613431232
862.300372710874
853.93937044681
862.892531084722
875.377588909133
855.846618515288
856.738805271834
863.448800071893
858.850219065849
852.484519099722
852.680869443619
858.619312982682
853.72917531978
868.337240605207
854.99617049964
854.610126864951
865.309002681816
863.448440128701
883.067627325249
856.076868377596
865.874548611395
852.289734745538
856.696879548718
859.599176203181
854.047142322772
852.29532709052
859.050982253585
887.118308587033
859.545425191746
854.431573076707
871.598161437125
878.929665615185
855.886682972497
856.643001950289
867.198556227914
882.393443367155
908.67361519717
867.070474933615
872.233795516722
907.869730690619
868.306491896216
853.727667134469
855.338424489957
857.55757992375
867.538144706038
855.728296830036
852.035737720583
854.004310233479
857.696925341096
872.18524974629
855.234209207111
908.233755036528
889.537408828537
853.148408918097
886.465631682534
858.182767502828
854.491636420613
861.698019429333
855.579526908539
854.278542303697
865.770608735244
857.559883820141
867.452236186702
862.456993971242
857.878562036614
856.609223165235
855.256192290588
896.90025979363
854.274927653896
852.798214781398
853.636996298531
855.579624890752
854.056564083658
