1089.7611565246
1089.45055842581
1089.30402026161
1089.18188513929
1089.01822831782
1088.97015347478
1088.93765581564
1088.90618298738
1088.84042186622
1088.83993684072
1088.6825406848
1088.58990598592
1088.44180558463
1088.43865198498
1088.4263213388
1088.42561989195
1088.41426151662
1088.38640931507
1088.3856835093
1088.37116748062
1088.36969388403
1088.35539648784
1088.34447122182
1088.33555658326
1088.32008672196
1088.31517794813
1088.25331156701
1088.21226020781
1088.20289600198
1088.166171818
1088.16412533231
1088.12784916113
1088.12735002304
1088.12523194378
1088.11443668914
1088.10690596642
1088.10672080134
1088.10293632991
1088.08556465083
1088.07618379687
1088.07436108661
1088.05363629127
1088.04749256306
1088.0327412289
1088.02409965803
1088.0043161537
1088.00168065649
1087.99511626703
1087.99364244687
1087.99259976624
1087.9682282681
1087.96492118928
1087.95816145788
1087.94016085472
1087.93366215717
1087.9327427291
1087.92447719606
1087.92108638298
1087.92053100228
1087.91887104791
1087.90469295435
1087.90188426163
1087.90179615681
1087.88927778984
1087.88885450461
1087.88464609928
1087.87218970027
1087.86901080158
1087.86897045547
1087.86552001923
1087.85684386541
1087.85578822557
1087.85385507908
1087.8387982632
1087.83552198123
1087.8346205517
1087.83186790402
1087.82680420982
1087.82498393529
1087.81976251981
1087.8104313056
1087.80209481756
1087.7990754695
1087.79825000578
1087.78902931862
1087.78499837517
1087.7842047166
1087.78166825856
1087.77949086541
1087.77552574514
1087.77179628435
1087.77051121175
1087.76957043371
1087.75332110122
1087.74868532131
1087.74572229641
1087.74448529037
1087.74407563163
1087.74032961552
1087.73922115414
1087.73679358212
1087.72902173758
1087.72128941165
1087.72056384253
1087.71801661754
1087.71720927183
1087.7140761272
1087.71269510647
1087.7117233413
1087.70561119574
1087.70251099216
1087.70052591946
1087.69964209502
1087.69113129187
1087.68964259843
1087.6878968548
1087.68493287008
1087.68130952228
1087.68080888044
1087.67854958878
1087.67788711139
1087.67785845582
1087.6700188635
1087.66979586451
1087.66870042714
1087.66425603123
1087.65189141471
1087.65120587586
1087.64889014574
1087.64220700822
1087.64105005532
1087.64025226952
1087.63780434405
1087.63341506591
1087.63021205616
1087.62894349379
1087.6272966642
1087.62573665598
1087.62438430569
1087.61514409932
1087.61485667494
1087.61081924205
1087.61080037306
1087.61020045856
1087.60158920025
1087.59853624137
1087.59284366538
1087.57557923147
1087.57463488931
1087.56238296029
1087.55832829255
1087.54788629331
1087.5474570569
1087.54405268312
1087.54189585137
1087.53983575015
1087.53874705624
1087.53268089229
1087.53000812977
1087.52817641288
1087.52548291724
1087.51950293619
1087.51542961151
1087.5084635302
1087.506108849
1087.50436120618
1087.50008403265
1087.49947969805
1087.49880965326
1087.48420784813
1087.47349296065
1087.47109368245
1087.46961586642
1087.46836947967
1087.46529107601
1087.46215750793
1087.45568427643
1087.4503341569
1087.44903862665
1087.44883800994
1087.44853955689
1087.44361806415
1087.4410974928
1087.43237208305
1087.42886157993
1087.42859272521
1087.42145274668
1087.41716377822
1087.41463121194
1087.41260547675
1087.41102440782
1087.40660660014
1087.39872001468
1087.39808052062
1087.39730808072
1087.39466351265
1087.39177359661
1087.39092619086
1087.39032220426
1087.38965185033
1087.37754017682
1087.37537257825
1087.36545915059
1087.3619459172
1087.36103855457
1087.35964083626
1087.3589056934
1087.35846352736
1087.35582098391
1087.35292159519
1087.35121295741
1087.34547165081
1087.34420525198
1087.34337349072
1087.34099105959
1087.33182163493
1087.33071787768
1087.33054695281
1087.3279527428
1087.32288869492
1087.32216052381
1087.3117698569
1087.31070773386
1087.30914307702
1087.30862182645
1087.30365310704
1087.30316580946
1087.29829237485
1087.29808641292
1087.29798194158
1087.2965887086
1087.29467398262
1087.29193929352
1087.29028112798
1087.28270506526
1087.28237368757
1087.28112071122
1087.28050404549
1087.28030067151
1087.27672068508
1087.27383681739
1087.27311284916
1087.27009997132
1087.26981033002
1087.26641134299
1087.26548497065
1087.26544383714
1087.26456832339
1087.26424360338
1087.26358990387
1087.26319256967
1087.26274610252
1087.26250736279
1087.26248728849
1087.26155016669
1087.2615329815
1087.25685277689
1087.2548977136
1087.25437449138
1087.25321222308
1087.24839434529
1087.24759453386
1087.24695315653
1087.24438410469
1087.24211131004
1087.24167676365
1087.23926844973
1087.23359048604
1087.23241522984
1087.23152518678
1087.23028745328
1087.23014108311
1087.2285850312
1087.2255950744
1087.22538467564
1087.22357861994
1087.21979232805
1087.21741406125
1087.21558201801
1087.21539996234
1087.21439840329
1087.21301231239
1087.20947784322
1087.20884818795
1087.20774784219
1087.20585471046
1087.20474981402
1087.20285019904
1087.20226856417
1087.20082929846
1087.20067204991
1087.20024091667
1087.20015787783
1087.19884571244
1087.19771525526
1087.19671021533
1087.19656185938
1087.1947314619
1087.19407372346
1087.19387601175
1087.19297279992
1087.19266705881
1087.19095955315
1087.19076230966
1087.18984816152
1087.18924838757
1087.18910016253
1087.18853990767
1087.1838046892
1087.18053986379
1087.18038250112
1087.17990363933
1087.17867434526
1087.17861141592
1087.17660129385
1087.17623300314
1087.17538686119
1087.16925226421
1087.16782653482
1087.16696661471
1087.16541593948
1087.16386164811
1087.16385271849
1087.1635863295
1087.16325269626
1087.16060920608
1087.16013053879
1087.153457426
1087.14866248764
1087.1473419651
1087.14657164091
1087.14384318548
1087.14313215881
1087.14143611357
1087.14064939666
1087.14054552512
1087.13968927956
1087.13964702437
1087.1389113943
1087.13728805053
1087.1361146383
1087.13471702796
1087.13445236361
1087.13427721006
1087.13341006902
1087.12852424665
1087.12677002171
1087.12672932859
1087.12557861453
1087.12507988249
1087.12478355859
1087.1234324135
1087.12341318601
1087.12173178527
1087.11985654273
1087.11943479669
1087.11736564436
1087.11599098102
1087.11590253454
1087.11341653239
1087.11009060761
1087.10741132532
1087.10623820401
1087.10607577417
1087.10530540512
1087.10245615498
1087.09999672826
1087.09965440091
1087.09797937988
1087.09709852793
1087.09643782133
1087.09588565543
1087.09575276634
1087.09468744212
1087.09415396129
1087.09243799828
1087.09114551828
1087.09025797947
1087.08770134368
1087.08547453111
1087.08538828135
1087.08332602984
1087.08304833258
1087.08301368018
1087.08243477123
1087.08108336659
1087.07822773735
1087.07714065974
1087.07644338387
1087.07599169535
1087.07465162016
1087.07248145709
1087.072065488
1087.07129189909
1087.07051075334
1087.06571212778
1087.06525704194
1087.0638039275
1087.06321369524
1087.06105162996
1087.0604474786
1087.06000945532
1087.05955364481
1087.05662050186
1087.0556482146
1087.05547563902
1087.04902524209
1087.04771592873
1087.04732649708
1087.04656349266
1087.04491907984
1087.04480165103
1087.04351810849
1087.04316802005
1087.04226699794
1087.04224730987
1087.04216522368
1087.0402780777
1087.03985693679
1087.03909057326
1087.03364233166
1087.03230375606
1087.03214437559
1087.03183789327
1087.03076406427
1087.03043367213
1087.02917279585
1087.02866259945
1087.02569280487
1087.02548373937
1087.02471907014
1087.02455506624
1087.02447041585
1087.02398366018
1087.01975368346
1087.01885892952
1087.01697821179
1087.01667726392
1087.01550590351
1087.0154019594
1087.01320591062
1087.01280872638
1087.0113904427
1087.01094802911
1087.01008275018
1087.00938739481
1087.00934807375
1087.0039552457
1086.99936955996
1086.99918235095
1086.99862000604
1086.9974473673
1086.99735539742
1086.99585638294
1086.99494118613
1086.99410898796
1086.99383165724
1086.99321051111
1086.99263164148
1086.99235019574
1086.99119918687
1086.99110001865
1086.99007055649
1086.98767117278
1086.98592866211
1086.98443098935
1086.98326259893
1086.98267737563
1086.98163502067
1086.97982796529
1086.97795894398
1086.97778349181
1086.97385389903
1086.9707162941
1086.96890201455
1086.96856108092
1086.96792554998
1086.96593672994
1086.96585629208
1086.96541958163
1086.96213595433
1086.96182143638
1086.9616095042
1086.96089012114
1086.95956777261
1086.95754651758
1086.95751936642
1086.95537062681
1086.95524712592
1086.95355561134
1086.95332068593
1086.9526043344
1086.95224547882
1086.94971349818
1086.94778496222
1086.9477414544
1086.94764058959
1086.94614188985
1087.40334470647
1088.68876365494
1086.96244459297
1087.00025352722
1087.83258849389
1088.31391063431
1087.73405968505
1087.01301871816
1087.74176471313
1087.21041280405
1087.16068245991
1088.20947849947
1087.74150476704
1087.16367810092
1088.4188285562
1086.96830946332
1087.53616509207
1087.06362457491
1087.14833455041
1087.14294683792
1087.01068400553
1088.52738574543
1087.41063384207
1088.11617637854
1088.10542308862
1087.43742426464
1087.07180439346
1088.04090176199
1087.02046766195
1087.27554492359
1088.49697077078
1087.86321922257
1087.02998438447
1087.4116526705
1087.21966098897
1087.39698979654
1087.00028025943
1087.50579596091
1087.52666092814
1087.04222488517
1087.06073004884
1087.03187106363
1086.96586508159
1087.00558641811
1087.28372041948
1086.97737126102
1087.6165512541
1086.94617544751
1087.44727373991
1087.13189381644
1088.14852543741
1087.00724915528
1087.25851123938
1087.00410008049
1088.09605875076
1087.60160616107
1087.66333588174
1088.02283139703
1087.24624028069
1087.52668389797
1087.36750072722
1087.75904403964
1087.1501482332
1087.30134148916
1087.32170299054
1087.28633275673
1087.14313004139
1087.16432809042
1087.13994405298
1088.2124641727
1087.30168097877
1087.07247850251
1086.98725589884
1087.13884050966
1087.94580150166
1086.95672017411
1087.18597331968
1087.05974639517
1087.60961570809
1087.44439506831
1087.03349752278
1087.25451377634
1087.37204462804
1087.48153339205
1086.97943178002
1086.97581179422
1087.47209866134
1087.13319489733
1087.42831746106
1087.12874720467
1087.50013649403
1087.38695259776
1087.18845101658
1088.50603143997
1087.28442245326
1087.28793817852
1087.98319402062
1087.17396039662
1086.99654834286
1087.05261255176
1087.74135762467
1086.95516088721
1087.37185090375
1087.03082930349
1086.97932369569
1087.07811590392
1087.29104840149
1087.53670005203
1087.65114449787
1087.14917567703
1086.97276494163
1086.96164438902
1087.79198817661
1087.02749566232
1087.03579657036
1087.65492751336
1087.04661348554
1087.05776385322
1087.57950838863
1087.03135838261
1087.0580165541
1088.03032250123
1087.18866296611
1087.46812886468
1087.51578432875
1087.04251776612
1087.31990313345
1087.26847183351
1087.41575957807
1087.05616687351
1086.95420716378
1087.6930290656
1087.87710968446
1087.38137237639
1087.55883549117
1087.42074794466
1087.29158023751
1087.21722932737
1087.58035274781
1087.26886622392
1087.00091913994
1087.71650509989
1087.08283735877
1087.09234781178
1087.35523789001
1087.4815810765
1087.28412756051
1087.55397841102
1087.23738435715
1087.30906328442
1087.00810224069
1087.2489772004
1087.23588207152
1087.29459392334
1087.55751846278
1087.07546690435
1086.9640144641
1087.1316776771
1087.61824681411
1087.21372721546
1087.09859717431
1087.43929184616
1087.24464496163
1087.14341661222
1087.37178097107
1087.4558494219
1087.49634619862
1087.0431862817
1086.99930774681
1087.58671497883
1087.221310366
1087.04584898887
1087.73679742755
1087.03627733102
1087.11513517034
1087.51185374079
1087.07396551623
1087.96314039378
1087.29514065128
1086.95686746281
1088.03226741367
1087.14271501342
1087.16418899603
1087.05225991124
1086.97149759628
1087.02381764464
1087.11849309567
1087.48594069698
1088.57763539937
1087.82049475204
1087.16928849947
1087.0835697426
1087.14945743482
1087.66093405687
1087.22691669571
1087.81632584561
1087.82211783873
1087.07976219709
1088.15698820553
1088.62650829352
1087.20679450208
1087.01289751233
1087.57702655656
1087.46228592772
1086.95125819984
1086.97058101632
1087.21528947319
1087.42032730687
1087.32200708937
1086.9536813795
1086.98596687636
1087.23875199222
1087.04097621378
1087.21168165879
1087.47178349391
1088.06592395062
1087.25666783931
1086.98720143785
1087.35755698108
1087.07393456633
1087.90838503693
1087.36321401714
1087.17934863601
1087.1774000426
1087.05202171805
1086.99773267291
1087.32275741975
1087.43016916784
1087.60005296231
1087.50004347686
1088.18284489656
1087.17599558668
1087.37145320253
1087.40198629034
1087.36487456176
1087.01072236863
1087.23381925417
1087.09932252825
1087.53458365233
1087.20607402848
1087.92170696155
1087.60115600357
1087.05535037266
1088.12922199248
1087.72828533222
1087.26616538695
1087.42638541608
1087.6871058631
1086.9694356137
1087.01515865236
1087.10106193713
1088.55289656889
1088.40040304848
1086.96138761184
1088.36509997947
1087.67653240343
1087.60407327507
1087.36117399525
1087.08634841929
1087.01853551052
1087.32734348587
1086.96454165836
1087.47716182749
1088.09661730525
1087.19971114443
1087.06980801387
1087.04079032974
1087.04106953678
1087.24581672372
1087.99194169792
1087.39134677555
1087.65337569694
1087.49245933293
1087.01111109995
1087.42377814572
1087.70782895039
1087.17138629412
1087.45401683908
1087.06340142685
1087.27305856762
1086.99005148002
1086.96132608466
1087.05043313448
1087.08863128984
1087.1258531924
1087.58111932007
1087.76571953906
1086.98782348579
1087.03355961456
1087.4170108057
1087.43690349449
1087.77229214112
1087.0638400637
1087.55426676413
1087.03184171282
1087.11879519262
1088.76578968282
1087.55083779417
1086.95602910566
1087.09334381059
1087.56198409111
1087.42880846296
1087.37966403324
1087.60805273248
1087.82520989438
1087.58006642534
1087.32160097088
1087.60675648932
1087.01283266574
1087.21284040898
1086.95150725827
1087.72292787179
1087.01725842752
1086.96534113498
1087.19831253948
1087.15836936039
1087.02941603955
1086.97158841207
1088.37222408665
1087.37325823793
1087.3621191738
1087.1779583055
1087.97163766922
1087.06942361161
1087.11752150973
1087.53007978011
1087.80044085502
1087.46893408365
1088.25032320567
1087.1347881644
1087.46335252089
1087.03353220319
1087.038788354
1087.34618648937
1087.01815541153
1087.34198840506
1087.60196270946
1087.92996852629
1087.16468258503
1087.66562951718
1087.7237133336
1087.41765912411
1087.3273999141
1087.96866274967
1087.37899559296
1087.37079974042
1088.75377111474
1087.87739722238
1087.01487614475
1089.15790091322
1088.0855260634
1087.13653746838
1087.12354894862
1087.19855184448
1087.83086546016
1087.11073238038
1087.2448939068
1087.25725767388
1087.79154144883
1086.945438929
1087.09333431974
1087.01189651742
1087.27712982444
1087.30516315778
1087.95559006652
1088.13808294792
1088.08735062813
1087.50342081217
1088.43963519882
1087.08192683676
1086.94756949833
1087.20883198434
1087.15134579424
1088.1211967335
1088.3275092095
1087.14594691288
1087.06601144546
1087.28430986167
1087.57209315039
1087.02461979097
1087.51711985065
1087.05652374047
1087.1807345562
1087.61038086555
1087.80486952566
1086.94569238114
1087.22383551913
1086.98993689103
1087.09465205548
1087.03704539889
1087.33781732573
1087.0593020942
1088.19712829469
1087.03326551168
1087.24441626793
1087.98744960281
1087.660195961
1087.63767463331
1087.81727136282
1087.3539598177
1086.98303321065
1087.02259751334
1087.01846373327
1086.98428221634
1087.27748909543
1087.83553789099
1087.26187868279
1087.75859045941
1087.0434538861
1087.64089534185
1086.94921080393
1087.06122652692
1087.61160916732
1087.43529514079
1086.96966803195
1087.4213968991
1087.08417952941
1087.44476357448
1086.95139922868
1087.11798860986
1087.63708231677
1087.234837343
1087.034349757
1087.25263544942
1087.20779327138
1087.42652220775
1087.70962184108
1087.31693748455
1087.45161930527
1087.46036183938
1087.15837816881
1087.05861284767
1086.9684874918
1087.05601325179
1088.60327974785
1087.06024180892
1087.61076851094
1087.39867443995
1087.71070983333
1087.64994205294
1087.48282650658
1087.45277317918
1086.97377817237
1086.96987502663
1087.14977468438
1087.3328953016
1087.24452569027
1086.98917355484
1088.15066257221
1087.06594665097
1087.20578732275
1087.75662683023
1087.82075929083
1088.03769278512
1087.13695845817
1087.11495332954
1087.34764060343
1087.02934029881
1087.59609697118
1087.85567369899
1087.12158738884
1087.3113160641
1087.02456390988
1087.17056187044
1087.2931167244
1087.14588670858
1087.277804238
1087.60503454297
1087.34176376128
1087.42420436062
1088.36351257787
1087.30874632399
1087.47175438189
1087.5921062607
1086.97662295145
1087.20628864213
1087.41077851728
1087.37570833063
1087.29299052979
1087.81020740354
1087.18111283817
1087.04631601432
1087.07163000197
1087.29331637819
1088.34262670357
1087.21691115532
1087.14883159398
1087.03077200751
1087.50780361363
1087.3751357209
1087.02692634642
1087.2611309095
1087.24324584844
1088.02337007405
1087.46378157143
1087.5396547325
1087.14910728603
1087.12930294422
1087.26772625339
1087.7517413281
1087.91094384928
1087.70731605244
