767.584696905909
761.014389388404
759.403617042053
756.814174729096
756.138076447038
753.356198817418
752.823358945769
752.142957922069
750.31588396544
747.657077347259
746.330095875463
745.919249505246
745.782517740967
745.052573071941
744.844252182736
744.306845705253
743.286895868409
742.566597564191
742.148496611541
741.507382182034
740.978418001807
740.71080324109
740.517509274087
740.109160628478
739.92982053584
739.234603591153
739.180105144549
738.652981116233
738.485799884038
737.884183945643
737.748744250748
737.50965761827
737.407953068415
737.173860469688
736.738172687552
734.707855160598
734.643408956164
734.629733446867
734.551731902666
733.64289448679
733.58839958032
733.552945537668
733.290934411084
733.069913612421
732.547603000261
732.182218355923
732.0394748672
731.343951821443
730.625762029403
730.084013768937
729.856588556337
729.232562306686
729.005049412155
728.704357602717
728.681429673019
728.597378874791
728.580779223127
728.374435111883
727.961574549167
727.711924797037
727.673487467297
727.484482566314
727.107850465564
727.011487019972
726.943561031587
726.741217258163
726.611142249872
726.393123884637
726.390352825154
725.923495257826
725.63319826365
725.057688756414
724.957796081484
724.80254503974
724.705615186858
724.535511327648
724.464591303156
724.270080898499
723.538885690157
723.014455205881
722.996960552752
722.978947195613
722.425385648981
722.218064107613
722.119693217844
721.725911948486
721.553058311406
721.548920332181
721.511804972256
721.336872496447
721.302127530142
721.217643755494
721.064663988436
720.51337732844
720.493046794448
720.468093624369
720.200270004983
720.188477073196
720.004471944408
719.964979907906
719.320423583299
719.283636684956
719.113840035789
718.568926770014
718.436879619676
718.422863891925
718.385834162463
718.33215347495
718.26845706641
718.264264151803
717.982155387752
717.895042805999
717.775768596841
717.632910980394
717.422838490033
717.229415442767
717.109404594503
716.409136797338
716.398748887134
716.366787302084
716.342463364266
716.338211720085
716.267829464697
715.719420579599
715.643129614245
715.63138022515
715.591748772324
715.386301222176
714.786264567994
714.700658718366
714.646495802711
714.510620634725
714.322373525462
714.302858534303
713.979430499502
713.820605030168
713.767950206764
713.687183789715
713.527122843133
713.341445836917
713.316305676556
713.122529260472
713.053315123891
712.967512514729
712.845700889032
712.717368199203
712.635857317502
712.631261873253
712.592056500753
712.497654619074
712.471942368036
712.251697710562
712.238082544462
712.196026659941
712.192904602352
712.167050956323
712.137100084858
712.099363121335
712.082587139218
712.074314527905
712.061334014069
712.036977348152
712.021906461008
712.004411135893
711.999251515865
711.986760609483
711.946529815708
711.92847819542
711.924447986582
711.911567132389
711.890791700905
711.883427951096
711.878723297263
711.878425431631
711.878233081398
711.875768662007
711.852701499658
711.844812549635
711.833997356837
711.828382053293
711.813596548834
711.801936124159
711.797332094956
711.79377505233
711.793285061572
711.792479068764
711.79078493027
711.777548360822
711.776273057921
711.768059094406
711.767225609258
711.753755317359
711.750238549984
711.739666825931
711.737364866843
711.72685182031
711.726546689266
711.711964214634
711.703957389781
711.701757420468
711.698346515399
711.697142765635
711.68931369666
711.687117345841
711.682828993482
711.681279259321
711.670420205959
711.657429186267
711.655103133356
711.653695464779
711.651978318246
711.646462444894
711.645203150337
711.636098628086
711.635687579767
711.634557415433
711.618648263244
711.609049292411
711.606128286944
711.598597404659
711.595702002013
711.59449630814
711.5938351833
711.592400785841
711.584139945477
711.58293248783
711.581766371006
711.580971795268
711.579512198003
711.578267459215
711.577072258286
711.574839055519
711.573583761536
711.5716091501
711.569448145524
711.564164276486
711.561960905563
711.559105624059
711.558065771983
711.555524111445
711.555353603537
711.554836090091
711.549852171337
711.54960198
711.549518143011
711.546937755974
711.544213179218
711.540847251061
711.539874313328
711.53953623504
711.535382658015
711.532470379479
711.525760878893
711.525746736325
711.521080480822
711.516503649167
711.515649295155
711.515506200477
711.514377039717
711.513650317616
711.51311282317
711.512368680881
711.507700272137
711.506960082194
711.503278024572
711.498397403685
711.495059075337
711.493017955936
711.489376523444
711.488921852112
711.487046528953
711.484750155123
711.480937342275
711.480729328484
711.480360156091
711.479563278667
711.479167671949
711.474144643537
711.474113514291
711.473311759051
711.469064568754
711.468242030231
711.46414631552
711.462188058236
711.445718562248
711.44336721277
711.441673118346
711.437200055609
711.429922895735
711.429730599686
711.426619559707
711.421840442374
711.420364452386
711.418975149079
711.418956984573
711.417909418669
711.414079665017
711.40620695313
711.404871154626
711.401915802209
711.396568799344
711.39339957299
711.389756773309
711.38809886737
711.387656693007
711.381318863886
711.380464190898
711.379037612597
711.377882969485
711.376849246683
711.374961463663
711.374086675537
711.373205249719
711.371971363166
711.371110806953
711.370825792186
711.368394275614
711.368009120286
711.36344181834
711.362928521775
711.362878363305
711.360762083369
711.36044781115
711.359978628187
711.358697770184
711.358072595397
711.352772855272
711.351642007018
711.349566944114
711.347424035085
711.346883687396
711.345462012704
711.345441932644
711.336837333048
711.335043973778
711.331641894771
711.331479685617
711.327340408527
711.32630716571
711.325977903009
711.325426657876
711.325272685967
711.324710700526
711.321331327909
711.318934893277
711.317205806685
711.316219965004
711.315196510474
711.312419564173
711.312115316844
711.310426318275
711.310258624289
711.309874225586
711.306155986398
711.305490025015
711.300759553873
711.300186652623
711.300089082521
711.299505904825
711.298342863612
711.296009968789
711.295269203872
711.294963009865
711.293325657208
711.291765191283
711.290092405578
711.289936351015
711.289576845252
711.288444849375
711.288131666936
711.28525780802
711.284244105726
711.28414361665
711.282263352509
711.279251691057
711.278890002303
711.276808976468
711.276352982098
711.271054235037
711.270773184495
711.26992365267
711.262204452812
711.260334268324
711.259774546369
711.25975191363
711.259731934228
711.253636548336
711.250420743879
711.249525656088
711.248334115829
711.246996301459
711.246489120286
711.245104137342
711.243127312582
711.242806161916
711.240019888093
711.237227326019
711.233292124481
711.23307829079
711.232170915533
711.228838011201
711.227867317141
711.225550045215
711.224146739315
711.223751442351
711.223511966573
711.222738148592
711.220582628444
711.220550508075
711.220544800408
711.219181134159
711.218400797402
711.217927506479
711.216048477494
711.214984331335
711.214603172975
711.213530061788
711.21050815868
711.210390785012
711.209994771474
711.208044312974
711.207774670168
711.207199669223
711.20491772105
711.201078451608
711.197992640356
711.197168502356
711.195542589224
711.193994115046
711.192163460399
711.187634843709
711.187360944915
711.184519570665
711.184470107165
711.184202874559
711.182525069467
711.181606411719
711.179350012308
711.177791237334
711.177041684693
711.176792974363
711.174875513496
711.174779258289
711.174542923971
711.174530043119
711.170689767278
711.169323974755
711.168939145335
711.168560701618
711.167751991439
711.167701372565
711.165374743406
711.162433989662
711.161394016024
711.159866051023
711.158470437543
711.158144008908
711.155833770964
711.155806726721
711.15531976851
711.154557247231
711.154206287188
711.154203928459
711.151991517281
711.150909236577
711.14921648284
711.14856957789
711.147619777427
711.145207895024
711.142521288192
711.142082583772
711.140622094969
711.140552084466
711.139742230705
711.137983317736
711.137484044277
711.136085966128
711.134231486734
711.133907472706
711.133616696807
711.132955524279
711.132587971537
711.131699678732
711.130755644977
711.129503457132
711.127940344051
711.12675823901
711.126088923046
711.123569642321
711.122452515321
711.120039465703
711.119168026898
711.118992721944
711.116709483296
711.114306266648
711.113700936708
711.113312300919
711.110060041783
722.510143899849
711.244470410863
711.444048541585
713.014746126108
712.775585233518
711.33336358913
712.082304061597
713.084685901935
715.838879405749
718.122054608219
711.636108327554
738.166368027388
719.475871327497
711.381891102978
712.030680096478
763.286525517606
718.968265607347
711.292859469737
721.445842636258
740.73511837935
711.669719599183
711.130855839997
714.206525072299
711.992557777429
711.31987184221
739.116495876347
728.072356477904
740.385138488277
747.764033000147
712.254075655348
711.35300509124
711.777227940429
711.350377526414
718.802219870152
711.345712965802
716.601378451212
724.624089228558
711.484362735674
711.127726691496
734.918866593284
721.939515545599
714.655089561334
714.906144747176
719.281446761002
729.600787610326
711.990237212909
739.136056159471
711.116928749787
754.553474350918
747.050969218389
714.715042355966
711.323465288633
726.302382120317
723.57631845066
721.760654813753
716.062704702769
711.399056911659
726.09908026073
738.276843894347
731.816328398913
713.390424590476
717.800823893749
750.009310805554
711.792606878405
711.379195194904
711.754017020052
716.251058419958
721.442540070632
722.18542565385
711.292029125786
711.109350170458
711.761500745533
711.917031743645
747.104986600506
727.099502380843
722.688915518628
718.987415650012
711.393619122219
738.640389365008
731.867582806055
711.175759693547
717.784985481735
711.800394461311
722.563782163948
711.191087202621
720.811916102149
719.155571211113
731.260984001001
757.153215630364
746.885255927577
721.512495565134
711.268281883471
720.478745884344
711.44173774559
712.684227702889
711.231752158094
711.142845842497
711.122219633766
720.90378443584
738.140968800162
765.017200159933
749.20814389385
715.128524111886
735.828639337515
728.379838490317
711.111232233211
712.797073368337
711.440361471677
711.514334979014
724.18310806057
718.900581700443
711.524633138666
726.183094981081
724.863076773441
711.769459595072
723.231241864561
719.785997348266
711.932689448022
711.564067887094
718.007316741975
741.692421035318
715.654009127913
712.773442218136
737.806648003407
735.585331136595
715.477947178132
711.474251694298
733.740195393997
721.454835642983
712.346910119269
744.037691430485
711.533935604384
721.191836526681
713.603725516912
711.727441990211
717.527514030261
720.970870078426
723.310146935246
711.799741916614
711.12860780826
732.141273226712
720.089459538582
732.044487267997
731.197415661991
711.348096295304
717.283510002062
724.617561248391
734.538334945814
711.473076711534
732.351475339157
711.367684696624
720.69870277979
713.530183923281
733.332481826811
711.600482869834
729.308204693821
711.810090406722
711.729106097333
723.913815756881
724.758289529261
735.052276987644
727.602749520792
711.423417134222
751.7074783916
751.214974572929
711.789220510542
728.442333641266
714.995165803024
711.16100766279
720.695147438768
720.884683566558
714.224197315076
733.067858164608
720.146687045115
711.904175436807
711.456829049359
711.930402029445
723.131205042791
771.808813912216
715.495388795668
711.549001944466
711.188647621289
711.681304430994
714.106867084069
724.913920466185
720.039018429609
728.529728391366
713.473200482483
711.309555389951
742.787263179657
716.761055129741
720.444088677733
737.639477612301
711.119259587455
724.352488713521
731.100203573709
711.769524589366
711.626850007141
719.854809072978
711.47486802626
722.953931913364
728.043451553051
731.951390827759
737.413659711108
737.761711652998
711.220738684484
769.359032253646
711.327872954216
716.134098964935
748.48397785988
732.014742289789
711.787958273096
711.691521885351
731.393015474071
738.782320351212
713.172003683399
711.44129542503
720.605155619354
714.575333464528
743.348552317415
719.778874737451
722.228532673618
711.114697540171
719.778265568354
725.188953811745
712.107417716434
718.321154916134
711.813805027274
732.317747859395
734.61985576353
711.791125873345
728.08219217338
711.22106667048
711.287660868423
711.715807809309
711.519002515982
714.963930129175
711.487529362757
735.86774882424
718.904836051137
711.43478801821
739.368421240481
736.825727444279
729.029820962298
741.619488289059
724.322930985268
713.844055248537
715.225568789274
711.968881615314
712.3890555291
711.581364617261
736.095568943246
711.192091060772
711.492078641199
711.648767364438
711.355306463484
720.080981156082
764.909102738401
711.426658262564
711.411269886509
755.980618852459
712.998235596366
720.00523012685
716.357082219348
711.43830930541
719.703963357023
729.721986913321
723.049832231827
718.224611278773
711.921618926577
763.028320343037
711.749809282427
711.591342056903
711.252220574672
726.385659071315
711.139851230215
718.154848435371
718.381086598583
711.708641518258
714.335379610895
711.382767596043
712.184967877407
711.157130730101
722.855081424327
716.88859870686
720.369103379319
711.547737392382
719.061216505631
737.201753288562
737.035936112525
711.241383368274
711.158146247459
715.015704285603
711.343961472787
731.270784570551
720.825204286247
711.872894071665
720.687992014537
735.687648360727
711.288322870423
715.239826542467
725.393130615908
721.459807492325
737.665978605885
711.306963202135
715.06403937906
713.376812320532
719.736429123147
713.364037946782
711.247089350047
739.673228914746
744.204786708426
731.007620899439
711.293909915451
729.86266726445
720.336942563542
711.17921027478
711.471377212557
712.677354219277
711.51337203758
720.24160053447
724.490134768691
745.455398345929
727.172725773012
711.602700919129
724.667725229231
711.135766465738
711.222825174261
722.096772796593
711.828021334751
711.564394746509
748.775018159372
711.229878296895
723.149985377807
719.054550707472
711.267817036539
711.36135563621
743.015000743529
729.258754262559
720.155205056175
713.231258409828
711.972182113503
718.690174596252
719.219879857845
711.421349781777
711.316491849223
728.685539929335
711.483364130399
726.275811492553
725.808399449354
725.145100524032
722.911671478012
711.897842977346
713.954059552284
746.90740120041
711.295648684051
715.628563680894
711.12456678253
736.715862664232
717.230689563033
718.980678436882
718.462255703551
735.492637568434
714.336976790598
720.117315714673
721.114807291751
733.22545070219
712.754732329498
711.613661318363
711.338394733468
721.045671159133
711.195151284419
711.581326699543
711.238339097884
738.724280568012
711.218558599978
711.727879050267
722.951367176374
711.361507529744
727.588576085967
733.832596779551
711.698849702906
711.396391214446
712.04174665886
712.244064291081
711.15899101876
724.226429795705
711.172902027342
728.06684643353
712.228420948227
711.653358717183
711.256692580478
718.349194840755
722.018920282753
711.239560103756
711.918923990074
734.639550085978
711.23606595909
727.568858842747
712.671967210369
724.45109989683
720.966047339773
711.637649648911
711.330304857623
711.132680411334
711.450382327805
711.799915426869
711.238292987918
726.944446312286
751.560063889518
714.014192860067
711.454482038728
733.802889627827
712.209737513119
712.855709265404
735.211528955344
711.52267683039
746.528247217598
715.101522632821
715.365376985149
711.841970171884
711.311441816648
751.084628660488
711.206278886818
735.893447513123
723.14115665835
711.121528110631
740.214745240856
732.888418220084
737.81257766238
731.954675888065
717.13034484325
711.52838487245
737.381015714793
723.424972686627
711.749289553906
718.550539627589
719.271806304747
742.099120629957
725.424227296198
724.916016957987
740.989668230296
723.849117736734
722.340546735666
717.192304523143
729.163180515273
711.163666731611
713.11192620056
714.633753711853
732.52739717563
711.460465936091
742.797570367834
714.846032184896
731.617428000548
711.296958271597
725.736123506947
745.873986248278
711.906632662937
742.842239331191
718.956276332035
730.978768485573
711.13076488562
711.520901361771
711.254015117768
712.215691937391
713.44843414534
729.433577183355
735.369635057301
711.139219401909
711.202453726002
731.213832512075
711.691567439859
734.77379490249
711.543779056745
711.117050233185
719.540023272289
718.332657598081
711.736455465356
726.935357241018
749.447716205728
711.517194970551
741.208070751824
711.303239285724
712.987757848916
711.384549719677
741.939613188346
715.8754309813
711.264235545865
734.22156903113
711.111881924385
730.358868551646
724.436681020034
748.166269215572
742.89456304915
724.312732833441
711.23322938707
719.433667670649
740.276415808701
714.715475428786
720.443698362374
714.13432677579
716.953126319703
