1083.92880041617
1083.66906146858
1082.88972364125
1082.05574203838
1082.01446748558
1081.87920669026
1081.76137520387
1081.68782663353
1081.52589648665
1081.42736021373
1081.21240218374
1081.20989984945
1081.1746686375
1081.08033480392
1080.95944295427
1080.92045459429
1080.85044096367
1080.82160408699
1080.73177182762
1080.70818625191
1080.67164957755
1080.53916598199
1080.51818378927
1080.48160237146
1080.46708793993
1080.45331504489
1080.44269971588
1080.40269905561
1080.3942229049
1080.3743252962
1080.37422479086
1080.28803341564
1080.286131743
1080.25979588132
1080.2289528609
1080.13595804225
1080.0236663785
1080.00967477913
1079.99097603872
1079.98348027656
1079.96129711736
1079.93230537489
1079.92632100272
1079.91029579563
1079.90837761302
1079.88864872709
1079.86272591571
1079.85643279311
1079.84910502742
1079.84796110596
1079.84674676691
1079.8227294207
1079.80745533916
1079.80707234783
1079.78857210686
1079.77926440185
1079.77308617117
1079.77018926815
1079.76570883391
1079.75513623762
1079.74832281178
1079.74339587651
1079.70214101827
1079.70030799356
1079.67916305187
1079.65242575366
1079.64290853874
1079.63044547126
1079.61726722843
1079.61416033182
1079.57415299327
1079.57193385485
1079.54756226045
1079.50446845093
1079.47395623094
1079.46764117504
1079.45653100978
1079.42694225741
1079.36865747884
1079.31574962451
1079.30843386583
1079.30322347194
1079.28978759471
1079.28921259444
1079.27469794377
1079.27360586417
1079.27345975126
1079.2694019684
1079.26706174685
1079.25677276329
1079.24678471727
1079.24629930659
1079.23529848942
1079.2339537672
1079.23315933753
1079.22811795676
1079.21061944149
1079.16483385246
1079.16451637294
1079.1577421452
1079.15349822894
1079.11843625404
1079.11627243512
1079.10357562537
1079.10111522092
1079.09306437815
1079.08855466927
1079.08440064445
1079.06921763579
1079.06900178222
1079.02603229461
1079.01537498786
1079.00965710933
1078.99042457016
1078.97282363405
1078.97080123127
1078.96904597126
1078.96126105617
1078.95618139371
1078.9518173661
1078.95087308167
1078.93272648394
1078.93232741309
1078.92695848502
1078.9150886082
1078.90777550313
1078.90145309078
1078.87902263639
1078.86941045355
1078.86003448626
1078.85537888667
1078.85323171418
1078.84987493304
1078.84384113582
1078.84324850371
1078.83983310012
1078.83871384436
1078.82386289599
1078.80258055936
1078.79447966233
1078.79216239668
1078.76819375905
1078.74842376219
1078.74788007358
1078.74073525171
1078.73547026551
1078.73222617894
1078.72754787214
1078.72625678344
1078.72022988253
1078.71743918912
1078.7150127209
1078.71412652994
1078.68320174071
1078.67538199372
1078.67107383884
1078.65063913928
1078.65062388928
1078.640544485
1078.63652732629
1078.63541789094
1078.63044374025
1078.62790334805
1078.61598629815
1078.61471681982
1078.60266196276
1078.59787607439
1078.58817419623
1078.58566962093
1078.5819784444
1078.57578223202
1078.57373394612
1078.56149808996
1078.56081675265
1078.55984174447
1078.55770991883
1078.55163555918
1078.55150296811
1078.5434328946
1078.53539107939
1078.52851127567
1078.51889824886
1078.51321049493
1078.51157888158
1078.5109554326
1078.50512761421
1078.50384754205
1078.49501253668
1078.47960029234
1078.4732025555
1078.46941480081
1078.46434523974
1078.46157487818
1078.45745519821
1078.45726338888
1078.45433942358
1078.45223539319
1078.44276735388
1078.43785502409
1078.43125465363
1078.42507842318
1078.41953440986
1078.41858082149
1078.40994250811
1078.40768185095
1078.40625476879
1078.40338044058
1078.38385722186
1078.3800986326
1078.37274591086
1078.37046202105
1078.36564729082
1078.36510524494
1078.36119377677
1078.35459903838
1078.35202862388
1078.34921223061
1078.34327653369
1078.33406001247
1078.32648235529
1078.32363355638
1078.32184429062
1078.32107343211
1078.31980254934
1078.3169665992
1078.31573513299
1078.30427343093
1078.29139481506
1078.29073424847
1078.28102603374
1078.27499143802
1078.27086578808
1078.27067841961
1078.26911677566
1078.24621021571
1078.24040085733
1078.23675579477
1078.23505426575
1078.2272986611
1078.22407738144
1078.21597290404
1078.21292002469
1078.21255684185
1078.21000648392
1078.20968444432
1078.20365320782
1078.19860599817
1078.1949979671
1078.19189097227
1078.19124243993
1078.19089796426
1078.19013693189
1078.18975416005
1078.18329227693
1078.17606205372
1078.17436013946
1078.17111316589
1078.16591062518
1078.16345470636
1078.16284959515
1078.16184156059
1078.15683499598
1078.1567143807
1078.15204094534
1078.13540622803
1078.13242109732
1078.13015304949
1078.12268098362
1078.12028120301
1078.11988776199
1078.11261895566
1078.10751928241
1078.09801308648
1078.09618314431
1078.09229380272
1078.08790888685
1078.08077985442
1078.07935920847
1078.07576310381
1078.07355583143
1078.06648156142
1078.06333643288
1078.05741249284
1078.05233251612
1078.05106818491
1078.04849427748
1078.04567979571
1078.04354462499
1078.03498040229
1078.03316521659
1078.02735379021
1078.01856166387
1078.01518466419
1078.0097692753
1078.00938318116
1078.00703825722
1077.9909475736
1077.9891984744
1077.98535527354
1077.98417895134
1077.98248004337
1077.96049047107
1077.96005859825
1077.95709533653
1077.95140053815
1077.94719626123
1077.94062644959
1077.93923825967
1077.936261711
1077.93575912281
1077.9335827158
1077.93082441879
1077.92688086265
1077.92236548309
1077.91737003258
1077.91578377204
1077.91202101582
1077.91088006919
1077.90764754797
1077.90641513539
1077.9048951539
1077.9042286097
1077.90131590387
1077.8978990678
1077.89241021472
1077.89085421943
1077.88000427926
1077.87722399147
1077.87655339403
1077.87650829169
1077.87505937644
1077.87315522382
1077.87053511942
1077.86537938825
1077.85983091375
1077.85868701126
1077.8551475013
1077.85508507499
1077.85123480992
1077.85052725709
1077.84783088159
1077.84772553806
1077.84435054246
1077.83732820989
1077.83115170444
1077.82709896959
1077.82186010287
1077.81713735475
1077.81512958897
1077.81209724489
1077.8107669848
1077.81056168043
1077.80777146121
1077.80706384556
1077.80418437084
1077.80334765615
1077.7958180977
1077.79580955262
1077.79125099175
1077.79044830734
1077.78977063432
1077.78840799018
1077.78482822137
1077.78296103871
1077.78162463374
1077.78102962569
1077.78061163207
1077.77249186434
1077.75715805299
1077.75504446448
1077.7540448599
1077.75168699541
1077.73725999572
1077.73364560752
1077.73100470214
1077.73086514676
1077.7211141248
1077.71953578994
1077.71910349129
1077.71620303169
1077.71092500916
1077.69818119388
1077.6948253715
1077.69388620482
1077.69358036063
1077.69149024532
1077.68938638949
1077.68901957144
1077.68597882403
1077.6727511239
1077.66868841625
1077.66623138395
1077.65881989153
1077.64721467788
1077.64685450666
1077.64563185373
1077.64328081132
1077.64121748807
1077.64076052395
1077.63653431452
1077.63335574632
1077.63038399389
1077.62881501616
1077.62879696875
1077.62503608477
1077.62394791632
1077.61923478643
1077.61918534927
1077.61893972445
1077.60904080363
1077.60787168623
1077.6024672481
1077.6003219273
1077.59747225921
1077.5971596823
1077.59422235236
1077.58533242585
1077.57883321021
1077.57846838445
1077.57407847902
1077.57249219841
1077.57238581192
1077.57084902897
1077.57042586741
1077.57041900839
1077.56554467296
1077.56206090046
1077.5532290567
1077.55264397038
1077.54943753626
1077.54906944854
1077.54832443626
1077.54653748065
1077.54514478247
1077.54430009425
1077.54095528642
1077.54051011038
1077.53993429078
1077.53558979855
1077.53244625072
1077.53194653906
1077.5310666834
1077.53050227682
1077.52594242007
1077.52353487856
1077.52114046796
1077.51990907743
1077.51816769659
1077.51730332397
1077.51426060998
1077.50933824067
1077.50927755495
1077.5040858009
1077.50246202187
1077.50126741458
1077.49125787327
1077.48639583654
1077.48341078434
1077.48299168358
1077.48175254732
1077.47930322965
1077.47692506356
1077.47683204192
1077.47542692848
1077.47307675794
1077.46997554041
1077.46945760158
1077.46848236064
1077.46558445302
1077.46342123797
1077.46207175343
1077.46111677244
1077.46070326894
1077.45537978237
1077.45303742597
1077.45235749074
1077.45134871165
1077.45119531948
1077.44978021883
1077.44823773012
1077.44736139843
1077.42677541808
1077.42565980137
1077.41854128903
1077.41658016381
1077.41413175823
1077.40927454999
1077.40735888077
1077.4034708788
1077.40306052702
1077.40209066229
1077.39863285591
1077.39799700035
1077.39492938346
1077.39414269573
1077.39163339815
1077.39072016266
1077.38783295126
1077.7567435238
1078.96202672898
1080.29967016951
1077.96924303136
1079.7847312435
1077.6862730007
1079.34173973294
1080.72888854241
1079.65973115791
1077.8705387066
1077.39931400933
1078.31086700857
1078.9859940574
1077.52102238121
1079.06766448737
1078.56991862794
1077.92989873374
1078.28131574071
1081.20416378796
1078.29371436528
1080.96862565069
1077.65415012661
1078.65157129917
1079.06336716472
1078.86445651625
1078.04706147865
1077.84410224418
1077.86135664685
1077.89334453525
1078.10724964999
1077.73977321446
1077.51584937196
1077.46026532694
1077.83709868688
1079.04347159341
1077.68497593353
1077.79508627291
1077.52520821697
1079.19104689855
1077.42776806646
1078.97046764145
1078.31200086686
1077.8852070365
1077.891394688
1079.39163739034
1079.78167520279
1077.96679022666
1077.68565922247
1078.07421267512
1078.59131169901
1078.54005308828
1078.5169034806
1080.25574673469
1077.92267443392
1078.08865410543
1078.21646595597
1078.70182207899
1078.83737589732
1078.77379408807
1077.47613298147
1077.55370982874
1078.9844014536
1077.93017653282
1077.45971204241
1078.62615019534
1077.94204260235
1079.06906315303
1079.65476974621
1079.88274671182
1079.72742162207
1079.93169376928
1078.76005336386
1077.71993602734
1077.66160101639
1078.9756971146
1078.42852210453
1077.8221950825
1077.54483282211
1077.66182489701
1077.45550639755
1078.74278201197
1078.10052552937
1078.95338711733
1079.60167796453
1077.74889192261
1078.28534458856
1079.2343818702
1078.56444900378
1078.21461698574
1079.21636306273
1079.65578338003
1077.57527715798
1080.74579794561
1077.81540348995
1077.52849557664
1081.19839102254
1077.98230281771
1078.17502183599
1078.2704062261
1078.55179579031
1077.63164052892
1078.1676032711
1079.304759652
1078.35619199701
1077.41381764506
1077.55289997711
1077.76001344244
1078.47482838954
1077.48599847221
1079.05618971594
1078.00502515205
1077.76654942399
1078.28163428417
1077.41998045626
1081.02203342313
1081.5200084528
1077.6121439116
1078.21244025365
1077.78105361013
1079.32866100825
1082.23805021181
1077.57371001076
1080.4152323421
1079.82623080136
1077.74159676673
1078.25877464658
1081.4103991477
1078.40172607054
1079.21690127841
1077.74372339693
1079.50924399812
1077.96732396944
1077.87050389167
1077.87298555909
1078.04092983026
1079.01044421206
1077.74348191875
1078.70202601588
1078.05306033504
1080.08767223082
1078.52884801075
1077.96081736877
1078.5662705161
1077.65867768414
1078.08261553987
1083.01147062822
1079.2119022279
1077.71839200959
1078.90978628044
1080.75032104848
1078.61187739212
1077.45157735669
1082.48073027688
1077.51875095453
1079.9964331036
1077.85217580123
1077.96319635186
1078.7940911534
1079.18771515554
1079.51151557533
1077.38746670362
1079.0521554623
1077.38624744702
1078.19036600159
1077.42280473079
1078.00332707528
1077.79953549212
1078.31765255637
1077.7442060639
1078.31522796479
1077.60453058513
1077.90734860685
1079.71028657555
1080.75436822736
1077.96232471287
1078.27607131227
1079.00999016731
1078.17555126304
1077.78387455263
1083.13848780408
1077.73973563046
1077.71003545478
1079.92082453079
1077.62461590812
1078.64977033072
1077.90813480638
1077.43885724132
1078.49781155628
1077.51959396652
1077.97968340354
1077.89787502278
1078.40563561758
1077.68522824476
1079.84928494171
1077.51567749137
1079.61168221342
1079.21041973721
1077.40958185043
1078.21141329371
1077.46449009847
1079.22599550386
1079.73280043708
1081.38126096938
1077.56270283641
1078.10064052316
1077.63435811665
1079.2737777686
1078.89740550231
1077.93752769771
1079.28715339585
1077.79254411874
1077.46298226234
1077.86600827668
1081.40006854247
1078.87070769825
1078.61172209195
1078.87554378702
1078.5047962877
1078.97863807283
1077.77513906862
1077.93118477748
1078.62356978419
1078.12454739032
1078.93429933917
1077.44892064172
1079.4992822218
1077.61501634794
1079.14204101622
1077.88797645878
1078.00973937045
1078.39949598224
1078.63602427193
1077.83881502365
1078.24416766194
1081.11563950701
1079.28973729892
1077.69729474349
1077.96329576023
1077.74387957272
1077.6458997813
1077.452239046
1078.36836265113
1077.72423653471
1079.24322206412
1077.50308595803
1079.9238396974
1078.37251049317
1077.82758583609
1079.36619229463
1081.64333062988
1078.53179967135
1078.51503105244
1078.06657304916
1080.69838158373
1077.51499985109
1081.0256341009
1077.45168961091
1079.42936326914
1077.59480116095
1077.79538347155
1080.05930076215
1077.84412600944
1077.94339284584
1077.99100551609
1077.57437803561
1077.5102168382
1077.62446075196
1077.41837518656
1078.90710091709
1079.29406967447
1078.24244573721
1079.45330828361
1078.92046953902
1078.73826005375
1080.78049787995
1079.030141564
1079.22658780736
1079.19568447834
1078.10349728347
1079.20333624065
1080.44156048626
1077.55975343523
1078.13650834072
1078.55233178088
1079.88489192273
1077.97551278761
1080.57388934024
1078.07522870938
1077.85226594353
1078.97790870338
1080.29265013228
1077.49259301989
1080.34678623542
1078.1149547785
1079.45040508858
1077.43676200553
1077.76495793378
1079.58638377401
1077.50766664204
1078.00825465212
1078.31556025469
1079.47334791151
1077.75428401735
1078.33345689959
1078.09108906096
1078.2044309827
1078.81218212991
1078.41239352733
1078.85785233237
1077.82735952653
1078.30413794176
1078.92052760919
1079.63964913535
1077.65726045238
1077.62124192728
1079.03951103929
1077.67702538905
1077.9673875767
1078.89592338377
1077.66327558209
1078.38949394126
1081.11150352136
1077.48088788614
1078.82594416141
1077.9271205835
1077.50624967965
1078.38868891574
1077.7627565782
1078.14638516674
1079.76140571894
1077.545412294
1079.30374502027
1078.88190744932
1077.43833662899
1079.45215546545
1082.21487378251
1078.22260802398
1077.57860235782
1078.59536399655
1077.75241679571
1077.99572915916
1078.41410257466
1079.16580091669
1077.67526795274
1079.37234702031
1078.5641645437
1078.67592665179
1080.49678589066
1080.43257089056
1077.5097318483
1079.65323640769
1081.17982282977
1077.63061271385
1078.0062760341
1078.7906785061
1078.17678256367
1077.44334321493
1078.21548408787
1077.79090681047
1080.30334051787
1078.95446951489
1077.5744509301
1078.29630684872
1078.0036190901
1077.62375842345
1078.14505349767
1077.4150935256
1077.71350381454
1078.03513308013
1077.5428867439
1078.6910074907
1079.83762008488
1078.05079980324
1077.39232282892
1078.01714926612
1078.06314598574
1078.61433133403
1079.78344655164
1080.34629654751
1077.93506642558
1077.97374038455
1077.60463129624
1077.51774490717
1077.9100121831
1077.39199847173
1077.90886305196
1078.49335886799
1078.18600768237
1078.12442385325
1077.48288830622
1077.85890115426
1080.82831659862
1078.10856793038
1080.82144258415
1077.43618586163
1077.84089078303
1077.63673522068
1078.44707317733
1077.48500072885
1079.96461276353
1078.24556821337
1077.83798007374
1078.6933463517
1079.55328714775
1077.59224506098
1078.66546974045
1078.78341385442
1080.36512457373
1078.0626158961
1079.5166787545
1080.35158710547
1079.24894238947
1081.03682929938
1079.57777128692
1078.18296715484
1078.29809050451
1079.30387992678
1078.61515670737
1077.40001968241
1078.26966159128
1077.68289734514
1080.31369550141
1078.38964830951
1080.21287050914
1078.55663707208
1077.85514578539
1078.58946002888
1080.51609897518
1078.05172706879
1078.16969546626
1078.49729958373
1078.52079105186
1080.19397239233
1077.9355762585
1079.78916111771
1077.76808177723
1078.3487319958
1078.75978321025
1078.11117509868
1078.01689965984
1081.57140768828
1081.32550756119
1077.49288527103
1078.78906256709
1080.52841020753
1077.44388764708
1077.89259085319
1077.58824624314
1077.51388762411
1082.12812273406
1078.98967851357
1078.42367904341
1077.59532206319
1078.62323259726
1077.61766407207
1080.50194605228
1077.93657036792
1079.11232120401
1077.4846659692
1077.52762844109
1078.85903743586
1077.48649329029
1077.4769413505
1078.75495205814
1077.65797018102
1078.03254803556
1078.94648269516
1077.72918946935
1078.94563929334
1077.69774902534
1077.41930471741
1079.38210274444
1078.10367347346
1080.44467254372
1077.64637049583
1079.33143369192
1079.4118851673
1077.50180557409
1077.77649157943
1078.68931626757
1077.9395076465
1078.44311809878
1079.95149302048
1078.69837747651
1077.68433238401
1078.11539680875
1079.53585358714
1077.63332887796
1077.94227959927
1081.60411695178
1077.80649189667
1078.74936105221
1077.79101995271
1077.61899927375
1078.32335075036
1079.37737210685
1078.36671520899
1077.60543258233
1077.89733175227
1077.48342246281
1077.54470146377
1079.39864317814
