439.589847791613
425.552766274148
398.832210174941
376.659809343444
374.647376247856
374.647018832172
374.6411833592
374.638315418171
374.635010784369
374.632143578482
374.630240131472
374.619983075024
374.614851035827
374.610469383882
374.609768952159
374.609636481841
374.556984245339
374.556387312008
374.490603865003
374.484934014402
374.468046546093
374.467981082679
374.436769059136
374.427244850391
374.37892614119
374.356953466765
374.354310715724
374.328919778529
374.325674847789
374.312288884664
374.264369624223
374.212677814246
374.197412853315
374.194464700915
374.153150388837
374.123025072504
374.122633328567
374.116235442446
374.101476334876
374.011629114668
373.993203073748
373.964191065175
373.953633677827
373.936155196873
373.931684571263
373.869978761053
373.868904743875
373.822680982845
373.791163796346
373.761364493076
373.760143801366
373.749044594557
373.734797536162
373.694858943102
373.679788033662
373.647412789046
373.638614876122
373.53711368467
373.510369387424
373.491685221465
373.437977306853
373.431124027253
373.363198346828
373.323687617047
373.322558960964
373.284213781971
373.223033777432
373.195446416348
373.131029449621
373.115519209691
373.092902143756
373.089678189845
373.054977609729
373.042723078713
372.997764044974
372.991427294624
372.935108380094
372.916852054112
372.849140440039
372.836053933376
372.818031346478
372.728956350746
372.563104477464
372.490263804095
372.484441870067
372.360934653941
372.358648215365
372.215849470088
372.141463668913
372.095719160701
371.889126217877
371.865266869163
371.725344182519
371.717662096681
371.703510277435
371.68472862888
371.682997515108
371.556201996249
371.430194698651
371.396362505877
371.279586991766
371.214259548494
371.149172715455
371.076305132437
371.043906807854
370.996257041782
370.951319086902
370.910538808761
370.901986520585
370.692230940594
370.60635825079
370.563894249127
370.487625848548
370.434563619955
370.429023303957
370.349445959251
370.334981761585
370.264642251588
370.201905795472
370.057509955234
370.05563268521
370.044676590967
369.969637608563
369.961186966939
369.883214413386
369.817441628831
369.651643866355
369.602488509548
369.53326493692
369.333756059212
369.320569147456
369.287957359319
369.207837297472
369.124252214845
369.063106394565
369.017598695435
368.939624014423
368.885778628987
368.85042288699
368.741348065469
368.60996477877
368.561879183207
368.431677853062
368.370643274905
368.365987598683
368.303776482007
368.290415286605
368.260280021141
368.153706774603
368.04647020264
367.931862057134
367.857386626459
367.855988541479
367.742837515445
367.608726285523
367.597324405428
367.229832160569
367.189142600277
367.09095199286
367.076625957575
366.967518945461
366.935757861494
366.928141749861
366.848937000237
366.633171438486
366.259840967804
366.159293451857
365.953946226279
365.952042349467
365.94101761678
365.87825273513
365.757962767051
365.757771633994
365.581373560143
365.434935255738
365.265637285456
364.843434540317
364.607105841503
364.543239688713
364.543052668765
364.438396016182
364.294517710822
364.003629847927
363.970728609906
363.96994877751
363.786452684699
363.709339806538
363.678806456371
363.606234796822
363.309734726003
363.305939977222
363.292865808828
363.277260743369
363.244494978087
363.027965187104
362.915156870027
362.657452249823
362.567968455777
362.449980379151
362.430723489079
362.271545810459
362.049858547284
361.97889353409
361.958731766963
361.920397009544
361.901974979546
361.85234930601
361.68366441524
361.57523227108
361.352404236358
361.324571331993
361.248466804671
361.197648956725
361.063364585249
360.917714988181
360.883899761367
360.670991584483
360.419731143656
360.254116448122
360.187135663576
360.1358467502
360.002821933862
359.814539141073
359.681067454089
359.643204338355
359.61887885308
359.555306630489
359.551342003717
359.539039667835
359.484553016824
359.333755849439
359.258633116627
358.976924728555
358.867937133325
358.790270408504
358.683353948272
358.610581121421
358.472380711893
358.451999703936
358.239920897047
358.12557972862
357.82741787144
357.306289296916
357.255955287048
357.146887059727
356.805989271501
356.481907247039
356.245496465876
356.231230838055
356.200907087974
355.965558363064
355.931434046892
355.731794411153
354.936207226406
354.613646013074
354.438149596277
354.436971613714
354.270324494522
354.208647729312
353.731901954938
353.685286383613
353.570742791051
353.557785576627
353.475473222958
353.442356161584
353.373428264096
353.185300276628
353.161133173265
352.931144350993
352.928422585686
352.607734297151
352.552193294248
352.331457647448
352.276927546698
352.213780161169
352.203983241835
352.091744941936
351.709874154899
351.554037745767
351.42137855188
351.276032623734
351.168230593376
351.022572284621
350.383850818001
349.45159819987
349.448397771255
349.429519102794
348.903549379652
347.630496491691
347.565512667771
347.46908549935
347.430982266842
347.340368774164
347.326754427951
347.139245813699
346.990496209087
346.717871377107
346.589514074944
345.510818118115
345.48158603848
343.037069936229
342.317463625311
341.624769865104
341.519644112419
341.014631194966
340.168382236589
339.580593441028
339.57684674989
339.402804048733
339.240683006108
339.202390217229
338.753546716466
338.030883810054
337.050385866764
336.552853618007
336.149000764068
335.796629616225
335.743839736057
335.686980894042
334.465716270826
333.449184736884
332.938525170468
332.69318017636
331.60174534172
331.245168014177
330.787980081978
330.260720139194
330.129989369492
329.808043413697
328.945422428517
328.616082538864
328.445643413443
328.101426290061
327.266637052861
326.881824339256
326.819273838513
326.648663643821
326.632928501479
325.79127468425
324.165278216041
323.887141866116
323.780310527554
323.689441806497
323.253852463297
322.987590022593
322.175414999662
322.168663688753
321.854709688756
321.618354734444
321.609510841302
320.970231896847
320.723427336352
320.676778268598
320.494929275254
320.442857501913
320.365035229835
320.338713242239
318.147202255679
317.425079525708
317.169945219562
315.623775051302
315.525585360964
314.355836592141
314.27150971441
313.501766932104
311.477749894349
310.857996580824
310.663343698405
310.448246338615
309.390796197974
309.272771052136
308.676182512464
307.965471625168
307.880516787914
307.725992518955
307.442985827902
307.070571268544
306.306398130568
305.755535067994
304.997603618353
304.823016610681
304.43149392785
304.226097093834
303.426454774211
303.248398033567
302.957245433545
302.693957677366
301.826463275311
300.351406259942
298.972586523667
298.336032330792
297.744414760344
297.062151357807
296.82314925766
296.585855310148
295.377269651385
293.696065402849
293.578877130301
293.477389736442
291.999456934998
291.847925817812
290.206394199232
289.538794657087
289.237194399072
287.960865240453
287.0396378596
286.291270145793
284.933285640367
284.774192154473
284.186879319847
282.948647421405
281.233422167941
281.097185198252
280.121324561558
279.219236668382
278.438589874604
278.403125967598
278.184025814587
278.152896666285
276.976125853485
276.523317815782
275.566936863238
274.534786463474
273.382878713282
272.987929998405
272.048737299891
271.878934818283
271.391438750361
270.710264567225
270.301588720412
269.384074980686
268.662299984601
267.859423583317
267.090963055217
265.762195488559
263.402661672407
262.385830083945
262.190538744717
262.039874201417
261.748846112277
260.600331398485
260.537011650014
259.4341945938
258.954572608584
258.60279859824
257.860301929398
257.294080014178
257.153206314081
256.385009105634
256.11104205045
255.029410550355
254.398540929491
253.796646429501
253.680782671204
253.506929876514
253.209531403199
252.071878978457
247.674884455592
245.967892009815
243.924175788751
243.796487655983
242.722733980556
242.34272152182
242.247873242248
241.331406733665
240.546624802965
239.9938775942
239.524417005749
239.110598115131
238.625514413359
237.486304907725
237.389193342878
236.938431744438
235.453757182823
235.190975359165
235.132334971934
230.418471154336
229.695253874393
228.536125682491
228.205905332589
227.144426069252
226.426063874883
226.252223332564
225.668391615201
225.436095858172
225.17856984663
223.273539684902
222.847747948832
222.082192870623
221.902840018093
220.125917242678
220.063744740404
217.568563235615
217.559581092144
217.515152576765
217.379780628488
216.277766164277
215.498099857291
372.385988257079
345.390339991214
356.335226211476
370.197508127975
321.610890742481
242.169907356968
354.614013981308
361.593448037144
368.224927958852
334.357893599846
374.47595447927
374.647207664126
358.137845104338
374.648896617106
328.786994818139
315.879399681786
372.58465318005
368.449123774283
372.55819680347
368.802607856232
259.434584348061
225.612768836481
327.622773801647
306.367586325585
272.947445161668
373.555503121967
374.641545131752
360.653656234159
275.715558430619
340.47247043316
325.939252565459
369.564996799999
298.770572594617
369.678706671859
373.789040303894
354.080629729915
373.569887389747
333.67291983936
288.683181935973
373.968225044041
363.608190095
257.952214151416
355.36070552701
370.802886403012
370.251688581114
369.550878477456
364.160422257817
361.300379218637
352.464538760834
345.529097892741
361.376790512562
344.152661967626
370.798299338285
382.449422873372
305.080308331308
368.865237145492
240.67993482697
302.89697469953
374.426949689764
223.782001635469
366.069316227647
373.14080813906
372.896471391693
356.01295619741
373.099868928422
358.455933570352
333.49064572951
371.214536218204
374.062716744356
305.604466566788
374.343510534347
368.451491222047
283.490582116813
362.755165088545
351.323997137478
223.378147600069
269.575156357048
312.228086064728
239.74880524246
318.252840882679
365.799396644633
374.331509615955
353.978007994706
366.211887720219
232.984681454986
237.771995943528
374.09418169392
374.540315241401
335.16200810074
267.789852265861
340.701049134758
267.14451640203
361.334161458446
369.830280258403
374.64901301302
367.310627527721
367.908792854181
373.640202868925
288.825926985405
359.029209740145
362.212635375862
331.744816639219
338.882702102206
344.211427434338
371.483165374447
302.559927027717
251.690417485879
328.766876840055
374.570930569936
304.702563184356
301.406855358668
255.756233512427
241.207418020567
374.241115850852
374.336810871592
374.532145256851
237.304670597162
367.515723600921
374.575308634933
299.727448926408
359.456892420741
372.381810770412
373.934142049864
356.526545891719
364.64486429341
358.004855924932
373.746495161831
367.872099451176
320.084687537778
327.979223542546
257.680933350643
371.417090406715
371.891659132498
330.680676474845
322.529882977224
349.804253688276
372.977124358687
366.650592561487
352.161678550425
362.68967471193
365.009573618763
372.641659584383
308.716987675699
373.937302562612
370.714038602411
335.850287793464
272.568414825587
305.434847904795
374.501145541493
358.246995776491
242.474230355464
231.760030218463
297.76433745531
272.50642986331
364.783012960368
366.557457225226
240.610104093299
370.354227146293
299.628712803926
370.690709094053
313.150770454122
330.218566032626
343.505724682404
270.17306356
369.089915197749
309.773756549682
372.462073793784
297.640106863834
363.458370342138
360.846822933068
372.257383885918
357.194115172068
307.070948315596
333.185807828625
214.243442269327
349.965671477346
332.009448495997
359.652299514321
372.905356302661
373.911618096469
370.254517795121
232.511603430816
258.127607677468
374.111789765963
216.661566146094
374.573829532059
364.631242515474
271.735650779675
374.434498077482
353.087349966931
346.537238152494
365.180546745626
371.581393659744
358.660938460938
345.802433817661
373.461196891333
372.991826522464
246.824832888093
285.605524107143
373.465367021073
356.665574906728
362.601071561101
372.543941570977
372.273076202512
303.532603448017
365.068386172106
318.532189435023
374.57372641041
367.111950027745
374.517622195976
356.107680307804
286.31325544351
267.816099313391
332.32766398591
341.800194833462
374.551316709246
372.560775320611
301.252903073345
346.986313324626
367.098118235017
355.761545907468
285.09957355755
356.264732921924
380.70829310094
374.61429015264
325.689256732209
264.695726238036
351.539556795694
304.7086965576
362.001130902723
353.998056982541
299.755052981302
362.338186356289
374.64792862476
338.153388825433
374.642079111157
373.97182841973
274.319911336558
364.640887952289
345.966957488408
365.175926221733
234.917230424642
351.78662736672
293.066492824353
350.581780445836
289.53950466837
361.776327391135
285.054481328426
305.495222535747
351.842173586722
365.279066599879
348.054689913636
371.451482439631
373.139418547931
370.914983008131
373.823055978431
361.36788349422
366.285243381348
354.813438329392
371.070927203446
340.19457850208
374.004030126762
364.085271564015
374.018221203752
373.414294627212
331.629041265428
320.636126495661
261.055482537017
297.788378383644
340.030770913518
359.141686896087
340.845094151121
277.707684979134
356.963666963956
369.642763312428
374.082249071353
373.332989410389
374.641155057157
343.733307848883
364.35897258922
353.043687091412
351.716815566932
354.018892796786
368.667586266461
325.439931205465
374.481633906282
373.079725269595
373.869806552046
360.484509380212
337.906217716004
370.477415802959
335.025058169976
360.78453127054
353.769137832256
374.625995993818
365.223564117012
350.050907369439
373.646368900137
331.032197817473
339.739941038544
335.675549121696
371.546934373109
340.844495323194
371.630774663487
374.648476867751
370.409856355184
373.163118396792
343.965215178335
369.846013138042
364.344709858596
368.34523970197
352.291327760476
346.535422639868
373.35762864704
231.025786214872
347.530101612036
356.186933262735
365.368116386234
354.144662445383
368.902365514502
306.927141022681
365.529298894576
360.921269102464
372.399821023875
257.791906236658
374.402761214449
353.33714560139
265.018245329157
374.067136454786
362.866962238099
367.370375310858
372.280333244533
331.446028977349
374.088431728045
270.797961956786
374.412221468583
374.611480742597
360.401568151825
372.042442126047
296.263856353564
310.945157995732
354.871825594299
286.991905485695
374.214291502813
368.55746852885
323.77032982616
271.292772153744
322.888029005135
370.878227979957
356.131860117068
356.594822666276
364.944131796795
334.442400815005
357.355331396306
363.364006864575
282.515291213136
359.059493014212
297.095091061503
374.355782259053
374.018588973453
335.587211046465
347.071908009856
353.119194607731
303.088397390596
360.145538110102
356.032706922472
273.332600371748
373.737709940575
326.549206883574
370.793049605405
367.574199971771
374.062178564179
374.183353869801
258.91380045664
351.411127146987
359.157711913454
358.787263855425
355.72988745416
374.330658927963
333.96413299941
332.438317519688
374.561836946691
352.054880327361
374.456735595798
325.892588439479
309.828296067828
365.540134499488
366.016683119162
372.671795690714
220.669940373554
374.424490544237
314.657679479178
357.128389190657
288.254753761756
338.954007848983
367.618549377697
370.474735489452
373.310186318113
351.459060612966
364.503566922064
372.593750320209
374.122423227655
372.464759726099
374.606307355142
374.478620099046
276.733002107604
285.981336772859
374.637484909539
355.372473263426
353.962747758735
374.601195606121
373.76969024578
374.23037924916
373.634342396002
361.928734254957
363.068098466354
372.475356493475
287.187664683626
338.274683231422
373.180888246899
373.83565991398
371.280414721283
360.546664592669
374.647905646773
362.109283631347
370.050917754881
372.814910452741
374.034694021943
262.466449021595
344.17242696174
366.93216588787
368.504433264277
289.241958390234
321.769732896167
370.624109342338
371.086166573314
373.024837264723
235.182607551208
374.522973976283
299.212439835188
374.112730222966
334.059852800417
372.655464000243
373.340991821753
372.366107469263
304.7320326234
373.102177478355
374.468029469199
248.941844845485
360.791690845125
366.438149528461
420.892905240899
363.703055436448
353.884526301629
243.611459963173
366.137070621057
372.513539982569
358.975107251938
299.694934598442
333.849006502187
371.95547854537
373.734482744914
356.087142012461
279.124717695232
338.149437253927
258.459983018745
319.650687879124
288.797741307541
290.404420072934
370.088039732606
371.078616974458
371.0691163561
371.791016535798
374.300910998639
356.309491760141
365.685057484348
318.32083032857
362.019273066044
343.575784858034
292.580879269272
374.635634481989
354.870639980457
365.023441295819
317.111167125835
374.648226108079
374.376872024958
297.53596268893
374.637442050725
374.355128432165
374.623547542296
356.908137368862
371.883608464067
366.141101494855
317.832728203346
266.568715774416
373.368476688809
373.467727736765
371.901764471081
341.275232504024
310.586089835539
339.55060698059
374.115202085714
