921.785358902395
914.822112485232
914.500607721159
913.725610419819
913.071782977511
912.209950824138
912.072355434201
909.29984755481
908.67361519717
908.460626307944
908.233755036528
907.869730690619
907.704262850676
905.678668834127
905.030578259917
904.065109064476
903.810843191631
903.19288214273
903.184942852294
900.660274522231
900.098469529578
900.031346263028
899.887756640952
899.773152115471
899.488859037698
899.23374239898
899.043793663451
898.900940801411
898.742305057505
898.726989343255
898.625624565682
897.885908961703
897.349329574269
897.33133782971
897.325713322607
896.90025979363
896.430384520031
896.359764508615
896.314106342975
895.930792254643
895.859523924542
895.760466255195
895.653810476495
895.339671048892
894.611424859991
894.417938990502
894.400767411717
894.244078420784
893.893877639136
893.800368655855
892.949930837428
892.876356725397
892.67181183073
892.058318589261
891.423178021979
891.296492568512
891.016432104314
890.888580466988
890.833789781762
890.771636766553
890.724732323264
889.985539358781
889.900656648322
889.537408828537
889.502497364049
889.252884336591
888.852503262818
888.638091774733
887.880634532469
887.821410864516
887.804550340197
887.676912549468
887.561352779302
887.301920868437
887.118308587033
887.087259239846
886.929989963893
886.877497691713
886.855805303508
886.660795100562
886.599432769119
886.583249260762
886.536732234628
886.533451954345
886.484507584758
886.465631682534
886.452000487402
886.36518984927
886.314666747726
886.227329447637
886.220282321882
885.909688092927
885.792785919993
885.665379218417
885.661485626892
885.654653549946
885.475930126225
885.440589253531
885.322349926747
885.300079276213
885.257930660048
885.068689815833
884.983252535184
884.91681805749
884.597325693927
884.546280426218
884.461159825614
884.439411356959
884.314175998864
884.15139942028
884.129972251292
884.036451129753
883.889402729742
883.848103990115
883.752534636487
883.681736976165
883.453740399441
883.425380096824
883.399342570059
883.323741514194
883.219916667482
883.197433500519
883.121069107304
883.067627325249
882.999941150599
882.797246271336
882.674436055545
882.616660970951
882.616207993017
882.615445796793
882.61264335955
882.572728017789
882.48646236768
882.393443367155
882.384863842066
882.373873299109
882.269042249667
882.067169890032
882.003484514027
881.982585461082
881.833189200054
881.79138076528
881.638648058726
881.563747537073
881.491003965681
881.476442765626
881.381312354466
881.237746755858
881.087081301677
880.847214874936
880.779702512513
880.388716872038
880.211878927737
880.071048574469
880.017778671233
880.005820607619
879.903668784184
879.820847611383
879.733436950901
879.658874972181
879.554629095914
879.553548482204
879.515100675867
879.487901090129
879.478419619224
879.476900967741
879.359239898504
879.308246847549
879.18601638703
878.929665615185
878.918878160036
878.913408244516
878.8816822838
878.865444649867
878.862683140376
878.818658183625
878.756476946263
878.749321892612
878.66869294028
878.570327065973
878.560847231938
878.44779969998
878.386198028404
878.38062558788
878.347923980199
878.209235587238
878.19198538236
878.186238785538
878.186217343165
878.08967068075
878.076866103928
878.051781126624
877.929145129342
877.877593241127
877.800299062954
877.776905493762
877.703651267701
877.625314049445
877.363916024705
877.359931150526
877.316449584266
877.24381998887
877.237208842014
877.13268318148
877.132526399823
877.116857645326
877.073768649134
876.946963758635
876.795813431183
876.766668986761
876.754958744814
876.415670796223
876.379584491787
876.378647782293
876.371874846579
876.322005201949
876.202742725773
876.195169512718
876.0271117958
875.982242113129
875.98009036573
875.973074631561
875.896131791722
875.803911502922
875.773399769774
875.681204440141
875.664398787134
875.537706823093
875.53129931984
875.520487467424
875.443506408073
875.429678679873
875.393741702125
875.377588909133
875.368469680088
875.304313493152
875.259163558763
875.189330360645
875.158035503758
875.150283768568
874.986476815119
874.947706863227
874.943778505143
874.913119437226
874.816034495372
874.803357415701
874.747700494376
874.69686433602
874.681743383641
874.630268403344
874.619232770343
874.575535370571
874.573993483815
874.5652209782
874.563975352108
874.563755516021
874.550922128729
874.550380001887
874.525850830078
874.523908742874
874.523633668664
874.451653964839
874.445546341545
874.399920799848
874.316979119196
874.309449812338
874.222870192436
874.208213471551
874.183460925734
874.176237504682
874.135766437139
874.118858871597
874.091214763667
874.085094291891
874.026122366416
873.987037560284
873.926582891583
873.909598119217
873.849910653513
873.831271288181
873.793043500749
873.737109323809
873.691360982244
873.670840730479
873.647366461461
873.635003359573
873.618574025935
873.579221757732
873.520650567514
873.511207253277
873.457168458059
873.390832970074
873.390291914904
873.389147200494
873.375890684254
873.364613248556
873.328753238646
873.287344345767
873.26838624057
873.247239394711
873.230456124879
873.187511112705
873.181185398204
873.160495650814
873.160329534824
873.136973494288
873.135666658405
873.08852551333
873.081370188201
873.079288116971
873.032351417674
872.973758114531
872.971680308067
872.909938774222
872.894266074171
872.851645132466
872.848060625278
872.792362693562
872.790917518441
872.785491875518
872.723366777659
872.634491398003
872.614913747866
872.608641407023
872.607575073273
872.600661315582
872.568328612834
872.494873681497
872.4541443258
872.310928137863
872.308113088288
872.281348112246
872.267343210783
872.245469971563
872.236283076196
872.233795516722
872.211813257905
872.190919574863
872.18524974629
872.107771650209
872.101767331812
872.098148375944
872.076295647211
872.071293299525
872.050106277305
872.039706040391
872.024628083287
872.022221032939
871.996885250739
871.970436409656
871.967182345193
871.950964380042
871.903341980986
871.885480355081
871.814162471239
871.81301967205
871.807609630223
871.76950719275
871.758130449894
871.748270101824
871.673613099979
871.645549778561
871.598161437125
871.597739971945
871.568560611471
871.508353067496
871.479148920493
871.461192763624
871.428233872993
871.425942680951
871.420745950194
871.419410108341
871.396258741976
871.313863825392
871.270916713811
871.213651594313
871.211052182286
871.144821378927
871.086828616089
871.058493860015
871.047243177839
870.964404475644
870.917429559441
870.845208143331
870.840210258416
870.772357332283
870.724217039584
870.690958495968
870.682652528813
870.678613431232
870.63239363408
870.618017121602
870.605983539882
870.551927694207
870.533526058165
870.502215641754
870.500761160858
870.491970388428
870.481437231456
870.393377746814
870.384369230763
870.349084929439
870.317361603107
870.316564816983
870.313419898297
870.282414592347
870.246701798791
870.222856595855
870.209437297084
870.155998667843
870.099511282962
870.084135784388
870.08148811209
870.058958490613
870.055996616983
870.032587494139
870.022886604986
870.010957541461
869.976039858971
869.948109212653
869.936677461839
869.928637255102
869.884448944458
869.866214533182
869.81684238564
869.750668900415
869.749379574974
869.736244810406
869.672843768988
869.655782484897
869.649394701573
869.634894477816
869.625764463444
869.613933734787
869.58374068695
869.581099169722
869.552007128143
869.537700012817
869.503912278043
869.498367972907
869.472145183615
869.436648044647
869.423239047495
869.367481066783
869.337170032696
869.32773072615
869.321622560649
869.309054971004
869.30423289591
869.303607702091
869.29301340371
869.266579083755
869.240053532347
869.210725361221
869.003146519475
868.931947773473
868.91154099009
868.904100218664
868.900310569957
868.862867708319
868.841134215834
868.784354290258
868.779607542773
868.760032673463
868.745056787045
868.70839891845
868.670665588498
868.633866059431
868.536112601826
868.510140661681
868.506914253793
868.501730520631
868.413791472121
868.400101451947
868.370378622464
868.359578997391
868.347685401364
868.337240605207
868.306491896216
868.305275218102
868.299092830649
868.269358539526
868.261902683379
868.256778351596
868.252025988164
868.23576891693
868.226145354348
868.222404268179
868.213690765574
868.159232599292
868.156846178489
868.149505164851
868.108971367881
868.040740761013
868.020430840737
867.939663005132
867.919758858681
867.888957014842
882.579321891206
868.85587662358
881.755343044378
881.098690154009
888.934778703672
883.522700427942
891.307064320569
896.233752570941
915.604239935928
872.159409968771
897.214574696112
870.816719580796
868.335108769532
880.617783388032
873.574413816002
878.168237076547
872.725982706887
880.915505247923
943.355389344641
867.916816786262
876.647989813732
877.196488447553
885.718021896381
878.380075204874
868.407189400854
900.962050261041
875.479935498881
870.543783523961
874.702339643438
869.563599650318
873.575212964207
871.685291756008
872.457430829382
897.746505386245
868.06783936122
868.956359610655
885.680797094274
872.211974761524
867.955668008022
869.033640270966
900.060836070457
869.824297499953
910.625342824015
871.599512157349
883.919173360561
896.017026077299
884.890614326927
878.098830565709
883.543656305332
900.79676857569
885.687854785536
869.302241804044
873.978815420827
874.782251662116
875.432536055328
895.831145810687
884.573457146134
871.962558831141
880.752432691557
881.447023938042
872.167268351228
887.688010172015
877.74541986227
909.92863979815
868.512145743545
881.561908542798
870.792638090102
869.371869253562
870.463953503959
875.022733664322
873.105038170078
868.453797278084
870.243312196185
873.172957468682
887.002530778598
894.662751777312
885.260805516498
890.101966087469
874.637810219804
900.41467501199
872.919671992682
877.769468528272
896.023661210681
878.804381804483
879.481418791736
877.796900433174
870.152929624706
874.796240495128
877.750005262315
882.833923814363
871.164202283917
878.464607372998
872.784270864883
869.437349144659
868.206632031313
868.823988946138
875.48891099082
886.886717286661
886.265419149149
880.053530627255
881.00959157335
873.341744336908
888.019688895677
869.827560740746
884.748139474872
874.890731420375
895.9597453548
874.598059199777
869.759486393944
871.117114372638
869.569835551815
878.517804304374
877.686704499067
869.491985993103
888.73235949724
878.908965554087
899.741398499673
916.072336316638
871.804077518512
876.166327502674
886.21784561578
892.578555419744
868.005309367862
885.682454255454
885.22711690508
868.549409524735
869.227624631378
868.519414187397
873.167411017677
880.859845823344
868.910684320478
870.65930540103
902.684137572122
896.156874959812
873.798358805501
886.888852017439
874.449577892072
885.908648143164
871.342367960757
879.143527162003
868.748694298332
871.359577412958
876.394566712599
883.919176949582
892.860182586675
867.951030979294
891.151088645449
873.618591642858
896.98771749066
893.638478609107
871.511054876443
870.07703491089
872.245617509339
873.438037570315
889.150311427912
904.014705284317
876.256289018752
872.195274570438
889.822488096105
874.53640545049
871.098144888307
903.719182245512
878.19813636919
868.931603372248
876.495833970791
884.378233199095
893.091908183853
872.208542931269
878.425053186628
872.703378315556
873.170217352264
868.733671755264
874.685285446549
872.549959595765
868.933422418724
875.175671745208
871.510425672167
868.022531215031
870.214529492745
877.998380600227
869.129001025284
882.330198220191
918.690330670971
884.689451831012
896.925949644302
893.642543869559
877.818529259475
878.174584629094
870.863913507286
900.238314925174
878.96137238696
897.868496668838
875.393927950941
875.42904559487
905.103458399957
884.086692987148
872.918968508603
869.548953028546
881.192628157246
912.108838333803
868.242810705171
871.581587504254
939.787218609157
871.827651968863
872.938900294126
877.09503795774
869.388783471166
885.361812969707
868.358756812141
870.449991661723
883.790419686222
871.085786718404
886.57185652606
874.435405065993
882.663098829732
877.16574251604
896.119534589959
876.502718808197
870.677175397331
869.478869526402
869.558294419711
885.738565791353
895.277447457609
876.625038478552
876.01828674205
907.902420052652
870.683990076241
870.236494427046
868.32670718043
880.752699895875
890.058465516126
869.245159450478
870.65933014865
879.82217665394
879.589176932068
869.917971569617
868.371765233841
883.025551700658
879.444460585868
879.894743113545
870.797703893338
916.460506972777
894.488977259254
868.432659511862
878.122055630918
872.019336812872
884.540429247456
886.929695224685
884.906546589269
868.086137264344
876.827242682194
880.334917965397
869.040654683287
875.696950213312
879.678733577351
870.86387260879
882.112039542657
876.411150411547
871.05077728289
900.333803410237
868.092404428933
884.083107042623
903.255954975318
873.137186217059
884.719280674319
884.410183773462
871.840879129026
880.549228669259
897.362332395909
874.685888503576
878.815674481129
875.638156171457
892.169170819237
869.235462383598
868.879642609619
869.215258887735
888.706070162413
883.344187718743
893.815845584209
871.91270730258
871.748552752425
873.537022165997
889.227976341286
877.15926385425
868.531604683538
868.839315255821
870.936772744381
875.825234902481
890.9737495471
868.278213079146
872.665743339063
872.156849913187
872.187809588783
902.047990454679
869.346994968694
878.034760686519
875.651869887818
873.13292532471
898.101251384229
870.511118036429
880.857796257125
878.764662888374
869.638319882612
870.850792487544
872.442410642168
914.658382566769
880.578469474108
877.816067644686
878.788379270008
913.207076084887
884.426867747334
882.381637192092
880.049095776012
876.630346948829
883.421251593986
871.042477062626
899.536461063182
870.111003660081
870.296198888958
885.305361327494
892.769852854528
896.591001679638
889.067955577171
893.113594776112
868.188163318652
874.489571897022
892.27665469903
885.171055406371
879.729727142301
870.419709853853
910.696839755653
917.083663671919
871.837051892821
893.847486513431
868.88425435504
869.741123843596
910.776155338518
869.578464785526
874.444532452335
873.62389668512
876.904861161609
888.813601003341
870.52389887409
914.072171924206
878.141577007304
870.504506016445
875.676593939211
877.502928906817
869.495490117616
885.965845692412
868.277985347336
895.826861514657
891.008316805308
895.561632718435
871.499838991192
873.84228135216
893.02356754608
868.021078858132
876.873074185674
874.183597350769
904.877121596042
874.570405107121
877.564470142118
870.199429327503
886.649849413192
892.004031465866
887.294276127717
889.383753284498
870.10146449117
873.630013943209
879.652573589672
876.997923257366
872.529808624256
887.322438150227
868.772880541353
882.759975012069
874.641731419483
877.095391031722
906.175708333212
886.373127613704
873.932700983939
887.835850962952
885.049436016192
871.510638626218
868.29741041383
873.75983192728
873.116079445366
873.492656114095
869.446647942873
883.090134031773
877.72731682473
875.478487637851
870.344013681283
868.01055582968
872.813278720065
882.304097120395
881.620339635305
896.736423132613
878.515560963656
868.161368010337
885.032732051318
895.41916623698
898.495936242281
869.92432211836
877.81824825322
880.555367670801
871.761745307354
867.894014611852
886.544525693393
893.48018680801
878.234130038522
882.61285511542
872.545499796488
871.335038206139
903.761279173107
874.516503831684
899.733982297042
891.535644916568
872.772413192034
874.016992489723
870.097138325044
892.5850656129
881.285211828384
890.721818779055
868.021996139427
868.510702138529
867.922077724404
882.661713498088
872.10257561156
909.592312192878
884.400492219913
882.398806706672
870.69160745148
882.444047461368
904.145563132825
869.16816819922
872.719887695044
868.909159004289
906.614314575747
871.607744683491
874.445894203401
868.134679030263
899.745695943986
881.51132306533
873.526274349181
870.476783800445
868.300507196431
885.201175757568
884.610389957032
904.991897581137
875.03359170767
896.811859503208
873.28813901951
868.414337592773
873.591042771575
886.589315648234
887.73932001594
868.124600363338
871.056360287329
907.998125211317
883.662976881687
870.375385350015
881.499200706639
877.924988450926
880.664022129942
877.015843293163
880.754629068578
887.176112102318
873.119188321512
889.27259256816
871.461922001479
898.852554416539
868.784866141526
878.560702333032
872.8098260436
872.079373792976
871.374183120938
872.533656408444
891.490951412377
893.888693226587
869.047667538733
880.49551931109
887.691839522132
874.300476078749
887.737607852154
867.998281521803
873.884712417468
879.922808075288
875.708384984564
874.975352087997
875.770227031605
868.753794945805
872.808118543559
878.473573449528
905.641464340775
883.240079061485
891.778314246934
868.329042514053
874.265502828637
883.902412405227
885.413650232886
885.94136458418
