703.341563452062
702.894384096925
702.863739136491
702.8631570466
702.851539327996
702.838003528187
702.824881646217
702.822198841249
702.819860886907
702.819043163813
702.816036144638
702.80870991383
702.80842216879
702.80750321225
702.806912896205
702.806758851933
702.803411348473
702.802687427321
702.801384359766
702.800978955857
702.796540259299
702.793752934075
702.784829022674
702.783208737899
702.783036775378
702.780990437684
702.778534139336
702.77769109565
702.776641712581
702.774721631218
702.772942100745
702.772393981236
702.772139720129
702.768009174948
702.766859720975
702.765506273405
702.763301299404
702.760302101729
702.758018000934
702.754756657708
702.753442772593
702.751241976247
702.74970279558
702.74882059083
702.748399647924
702.744709375754
702.742139808138
702.74177726561
702.741682973083
702.738197154815
702.737889569753
702.737786726624
702.736351028221
702.734796819411
702.734589487289
702.734093574506
702.728561682405
702.727864167965
702.727160492358
702.726471044493
702.725784884556
702.725723525317
702.72510968633
702.724597187662
702.72366081931
702.722638557069
702.722302378284
702.72200720584
702.719271750042
702.718701226354
702.717750553223
702.715378712244
702.712805102683
702.711979028741
702.711861978629
702.710816908107
702.710043557912
702.707651564381
702.706407515587
702.706337562405
702.705682452956
702.703816517631
702.703598909056
702.701312236015
702.701033753137
702.700964642642
702.700508799836
702.698260075738
702.695695595379
702.693979201305
702.693714655373
702.692932725281
702.692219541108
702.689995366645
702.68993946664
702.688448445913
702.688404993291
702.686526690721
702.683247307785
702.683177007356
702.680616275442
702.679326412282
702.678418574707
702.67176998499
702.671104265476
702.670998878633
702.670990130386
702.670801390148
702.666481095669
702.666063357616
702.665431959327
702.664810678483
702.664021871298
702.663188734798
702.66185875707
702.661527645236
702.661093665483
702.660233326429
702.658446905269
702.658338865691
702.657378314429
702.656670421862
702.655727686633
702.655311008734
702.654440940897
702.653869033304
702.652511325688
702.650831362809
702.650769559335
702.649780990518
702.648331821344
702.647574380261
702.646955578157
702.646894370724
702.646477800799
702.645709011287
702.645564289645
702.645258386429
702.643479802644
702.643386075837
702.642981100523
702.641835516655
702.641236833508
702.640638147483
702.640102305592
702.637585911809
702.63754487538
702.637239414196
702.636757814705
702.636616376952
702.636602034938
702.634511753449
702.633183792528
702.631932479242
702.629386719076
702.628418052154
702.628299042196
702.62673151133
702.626038684126
702.62555112833
702.625026593616
702.624891223221
702.622855271724
702.621587135046
702.621267642503
702.620994792082
702.620218279881
702.619997244057
702.619675856649
702.616967628094
702.61620120821
702.615423293101
702.614476573715
702.613438451409
702.612986393986
702.61297955517
702.612085335858
702.611808714361
702.611708905804
702.610273634333
702.609476978151
702.609354299695
702.608854870568
702.608852106761
702.608239471266
702.606317010025
702.605960191644
702.60592810893
702.605662402168
702.605318261892
702.604984196973
702.604968622932
702.603965921135
702.603412333022
702.603104230751
702.602149776486
702.601636274261
702.600870026511
702.600192239521
702.59944899672
702.598233099088
702.596888837263
702.596699811708
702.595712485919
702.594488856165
702.593931486125
702.593442499625
702.59295710742
702.591890493036
702.590699688496
702.590061492798
702.589650034365
702.589289658256
702.588515830058
702.588344567355
702.587400434692
702.58727397031
702.586747062869
702.584531246115
702.584521675396
702.584300412212
702.582649576861
702.582475825609
702.581741561077
702.581709003166
702.57964922287
702.579430866412
702.579336260016
702.578900996766
702.578653026853
702.578119653787
702.578054559481
702.577498899211
702.575686302312
702.571079516829
702.5704378371
702.569567564428
702.569567340525
702.568929710323
702.568808038927
702.568475875716
702.567743420863
702.566970473145
702.566576450057
702.566492919941
702.56629167838
702.565809648467
702.565510174164
702.565005354722
702.564982205234
702.564066824549
702.563281852535
702.562927444357
702.562888174773
702.562652470184
702.560743240987
702.560715748863
702.55943627645
702.559054510062
702.558808476158
702.558430132062
702.55840959622
702.557917206806
702.55763164602
702.557324816498
702.556870049614
702.556305548665
702.55453900413
702.554381334154
702.552201826931
702.551976584933
702.550898285005
702.54995732905
702.549889877059
702.549592799632
702.548946840333
702.548922471469
702.548837627816
702.548214030337
702.547903311561
702.546496243724
702.545475428494
702.545174884661
702.544942841538
702.54448446958
702.544483244708
702.544131160158
702.543933849082
702.543319117285
702.542955697545
702.54269684256
702.542124196462
702.541325987911
702.540250166813
702.53889217421
702.538676165388
702.538050502541
702.537201970057
702.537190272453
702.536655065977
702.536494124602
702.536390406685
702.534497712666
702.534376707961
702.533392805895
702.532417437564
702.531698896295
702.531631668006
702.530634334989
702.530378587855
702.53004549811
702.529399815063
702.529101712862
702.528489872161
702.527779292071
702.527442724853
702.527112467593
702.526996774925
702.526856471207
702.523924302236
702.523657353149
702.523216321066
702.522387767747
702.52231769366
702.519839317681
702.518552427952
702.518301623253
702.517543206173
702.517145144266
702.517065006421
702.515778849883
702.515754572587
702.514865836373
702.513708734197
702.513050125506
702.512020084882
702.51140223398
702.511184804432
702.510536019075
702.510316531871
702.509534983083
702.509217986411
702.508644178035
702.508578437715
702.507546754399
702.507413808648
702.506993030036
702.506714587163
702.505570477989
702.505175322324
702.505122675736
702.504917897135
702.504664415821
702.50345549107
702.503027120784
702.502437419044
702.499365857946
702.498664107095
702.497719462058
702.497281607281
702.496973155939
702.496372829254
702.496329463115
702.4962220207
702.496053326548
702.495954996328
702.494964390778
702.494718616803
702.493971667975
702.493612727695
702.493561314704
702.492916902238
702.492792958859
702.492401681091
702.492261679048
702.491851598948
702.49120886807
702.491165417391
702.491060779788
702.490772057725
702.490703487845
702.489489687202
702.487325262792
702.487112816475
702.487009054564
702.48662607571
702.485915065919
702.484788881821
702.48477433986
702.483973164588
702.483849521791
702.482901850186
702.482493465125
702.482180904061
702.481843671599
702.481818917835
702.481147856032
702.48079354258
702.480789211044
702.480138274862
702.480060445325
702.480032802004
702.479909050817
702.479657190079
702.479361448015
702.479208478292
702.479028745483
702.478615158929
702.47823118359
702.477446767598
702.476879473666
702.476151006494
702.476149153748
702.47502452053
702.474612847545
702.474347021601
702.474197548277
702.473908282551
702.472875172211
702.472853291465
702.47274402009
702.472225349646
702.472218709796
702.471846438335
702.471508630218
702.470708774744
702.470661819595
702.470491092847
702.469604809805
702.469147833642
702.46870149092
702.468340440487
702.468175601906
702.466615135726
702.465551364624
702.465134938781
702.464705075989
702.464301430086
702.463821776728
702.463725962489
702.463330810045
702.463297063637
702.463166034701
702.46305796333
702.46287941403
702.462698472806
702.462612258838
702.462436136552
702.46225888634
702.461016328272
702.460798675774
702.460673123367
702.460179799898
702.460080034282
702.458804549032
702.458483578673
702.458337297991
702.457797949162
702.457053596713
702.457009131807
702.456011307527
702.455725011843
702.455619563762
702.453509094772
702.453189196993
702.453062846534
702.452548919736
702.452423295991
702.452361247091
702.452260939954
702.451280105072
702.451259640073
702.451082022403
702.451057071275
702.450432185572
702.450392954661
702.450327633689
702.449979223698
702.449414856998
702.449380984649
702.448741395798
702.447635741022
702.447324327942
702.447038956385
702.446375433094
702.446307132179
702.445708499355
702.44546643621
702.445327578494
702.445285114386
702.445118127478
702.444288900942
702.444266489503
702.444098773132
702.443881471253
702.443732143561
702.443396397335
702.443346718946
702.465741739077
702.826186615218
702.561909533346
702.492389101406
702.643935744097
702.456186689605
702.786989155933
702.560858356118
702.542534195194
702.746016294561
702.661330738043
702.648686298169
702.469490167762
702.706954518781
702.604171487546
702.81797624141
702.608209942696
702.481848274048
702.463238014439
702.483495914176
702.585178979722
702.499263474292
702.7350525266
702.745088961029
702.803472473657
702.577040823579
702.535550795759
702.45214274186
702.746548678294
702.471319223936
702.513428259423
702.4424526658
702.49148670546
702.483935832607
702.614745016182
702.664559443861
702.513051788555
702.759948829538
702.498131283896
702.495637599847
702.643137946867
702.556199570309
702.786947670758
702.734179097537
702.875223452887
702.758209434612
702.558811025487
702.655248764052
702.591550693662
702.739670691335
702.560616140137
702.591930073913
702.624254257554
702.447712677402
702.529013935266
702.628916086055
702.725337800164
702.67145774483
702.858704969791
702.693271514803
702.852183044259
702.702408518198
702.476033668601
702.473786839882
702.546991733812
702.475474598992
702.569557973856
702.668032423251
702.588871560191
702.503571148423
702.615076354513
702.650147229483
702.562695266467
702.502267332919
702.619860146558
702.584109814016
702.606158022827
702.504320667938
702.544260843861
702.537288713283
702.696353403098
702.71229946413
702.707756449052
702.501781592809
702.467031449361
702.54887613025
702.659549549414
702.693923808952
702.683647110532
702.468254549702
702.778613752801
702.840290768404
702.590491377323
702.819096366438
702.826472984138
702.609339475136
702.487253072216
702.713986837783
702.54991856887
702.772671200358
702.570047284972
702.671445076926
702.52794988032
702.693430764351
702.560201044866
702.500729010045
702.571361131207
702.448544288193
702.600309566128
702.523994363974
702.494881922313
702.702446831231
702.489082290179
702.795265672301
702.709597171801
702.677170524442
702.46524487254
702.616052368666
702.515332054752
702.536301805747
702.749203041666
702.443285183753
702.526500122919
702.600207053319
702.821714976868
702.492310736579
702.689446952282
702.619061989065
702.461810276291
702.55693457227
702.491124769926
702.522639953227
702.766257761561
702.637416798187
702.8508443481
702.461765518475
702.616963238829
702.448537194542
702.456146297848
702.586856175633
702.480381232358
702.623054380001
702.702126703253
702.564458165082
702.640806195047
702.613741276145
702.488227971849
702.596793301736
702.538088110142
702.807566186095
702.692871215381
702.795351962893
702.48351016182
702.448226844575
702.456550803018
702.545152326916
702.609552322582
702.696800804943
702.642065372882
702.585455357677
702.454397201867
702.758927918576
702.587353230207
702.449770518434
702.467025628813
702.54758459939
702.527457553354
702.568984368412
702.738119410076
702.476150319466
702.747927238497
702.574099389192
702.567942495608
702.798300947587
702.487259309354
702.784534796728
702.488391799582
702.584252602935
702.584990978991
702.808336804374
702.488063763574
702.571780970335
702.619717145798
702.590306497733
702.591025966749
702.611754802076
702.765787474289
702.690147486082
702.535647087209
702.490898710555
702.692283066626
702.502023777222
702.602449254056
702.555209993393
702.481699118399
702.771869645902
702.4505843105
702.683479111374
702.776646487092
702.704502318135
702.750725575339
702.546289823932
702.532939095021
702.798533167316
702.446891175851
702.481067257417
702.507858401321
702.800017728613
702.506990525655
702.527471973742
702.590456149977
702.675394087524
702.890248861006
702.581138683549
702.493011740281
702.607059783675
702.620327648723
702.7598359237
702.56601886298
702.472748632721
702.647536081248
702.661069402109
702.466487751241
702.800748496082
702.757416021174
702.587316596313
702.703283876128
702.511754801995
702.503056999695
702.484774196096
702.66026137895
702.802905446513
702.597142944346
702.690853874664
702.685708110932
702.5693339621
702.467730982846
702.511069887501
702.664246872798
702.583007381523
702.509252220071
702.442834000592
702.698836674533
702.481986416214
702.560512922515
702.644727845654
702.535264051836
702.64609967378
702.498464140826
702.583672384475
702.51620381398
702.762229289665
702.773809130023
702.480798687084
702.525093616962
702.481505918402
702.68379559145
702.517903568644
702.592668566872
702.768695166659
702.598437936848
702.702870571406
702.671143607803
702.700568733682
702.528206248323
702.676106838227
702.614965506332
702.678144468954
702.457783202474
702.540111078019
702.673119091715
702.811331075366
702.741387761925
702.594248746768
702.484971719164
702.610511245188
702.516017394495
702.664996233082
702.639874796575
702.453147096492
702.681263725509
702.88635931239
702.473444288515
702.475047406004
702.459812637581
702.701702584708
702.593215755679
702.601034003925
702.550757165667
702.731657171614
702.502431969837
702.648304437595
702.577834728752
702.620479410873
702.519803743782
702.644352918308
702.555702661373
702.501460814342
702.741110137772
702.654246216093
702.624315372601
702.474701413376
702.454312514932
702.605502784096
702.752899650497
702.517158344989
702.577614077483
702.670537452436
702.674815700041
702.700468955012
702.765830201794
702.717946133175
702.564570749821
702.531881630626
702.773222112192
702.472552394202
702.776013602841
702.570469368019
702.448282153093
702.596079299903
702.479366322
702.694998054408
702.558654398057
702.490497452787
702.611348736156
702.676062871681
702.522440160989
702.684957050522
702.858982781353
702.542475720095
702.484253535716
702.614093923195
702.500971652577
702.622493414761
702.445030580844
702.671233766984
702.668858484016
702.591866961168
702.613991881128
702.641023823398
702.75857789852
702.50962014938
702.736867864939
702.592218995688
702.486480343199
702.753533346211
702.498190932382
702.548336029699
702.568424229701
702.749216530107
702.696938273103
702.785789989296
702.663711028452
702.549772662308
702.53205314232
702.83312036641
702.577802010128
702.600113881173
702.754117509171
702.487132937378
702.766395435622
702.59004934796
702.505533342102
702.857173984318
702.454951443541
702.526862198938
702.596769012793
702.681696306228
702.775558143666
702.801231130124
702.637181781599
702.505122211469
702.536079248775
702.664082795911
702.585040471626
702.617056188766
702.610227019379
702.481977970024
702.680058464144
702.51279726439
702.614423305573
702.516030503503
702.664252784592
703.110642166529
702.631811554671
702.512569561614
702.474635655543
702.57799283798
702.560426847322
702.79503053041
702.588545130384
702.5287235348
702.688442254868
702.465862370105
702.718326095679
702.7401634216
702.746292657057
702.580621979736
702.891110313616
702.456005252114
702.826928376998
702.756588746411
702.737265217294
702.638408697798
702.700366019388
702.543907907674
702.731454778498
702.499823214467
702.798824116271
702.466809420318
702.488541804091
702.612092422045
702.744580812152
702.752693238326
702.46159394561
702.657763171338
702.471195094329
702.507895230287
702.594756185283
702.598606752891
702.607689411835
702.594534705712
702.655286785655
702.461067724497
702.653027942734
702.701117042001
702.648425392473
702.663581867852
702.688886350655
702.507548996928
702.483806020883
702.522378538437
702.578835779835
702.467041176305
702.609046124427
702.587843846143
702.776828221389
702.578254120054
702.671551916633
702.554814008418
702.564899822822
702.4955242857
702.846043233336
702.559534984087
702.563813719698
702.487247284643
702.503252066215
702.474574020688
702.684929271333
702.442498423687
702.690765048078
702.569829911507
702.840602325893
702.71383538614
702.573816142772
702.575961427784
702.573356502606
702.585172442608
702.831599602876
702.609153913693
702.701444084883
702.559055029447
702.795084376407
702.56781950521
702.470940274766
702.640729404001
702.501746827138
702.674396991256
702.499309783422
702.585570554256
702.600832900774
702.494490735842
702.532652562736
702.534485253688
702.633704777065
702.556528930489
702.59189235421
702.455476633848
702.642728818562
702.454670163888
702.824807399347
702.520739632841
702.594315830054
702.641007946067
702.669165570159
702.667564270246
702.626077431541
702.755638366671
702.702559736788
702.457875947395
702.499452929367
702.458985401236
702.647029772931
702.703154550979
702.694620303608
702.647093039163
702.547006224578
702.878323237343
702.583580580887
702.790429919298
702.49092142778
702.585460989669
