865.736366144107
862.09248905158
860.800815633978
859.207633837326
849.687743326907
849.331297957939
849.022035854878
848.389873636537
847.527482168358
846.978498235003
846.458018150354
845.553874835231
843.932570829234
843.849124421211
842.588396561908
841.523043716057
841.445732324806
841.010380181679
840.835821201873
840.749968609844
839.080089917869
838.581350118183
838.509912193898
838.065574274962
838.049076313828
837.864336249012
837.405293721281
837.326572031036
837.162725402806
837.135093765678
837.069992593203
836.970953691026
836.756921037552
836.515635360316
836.452071326383
836.240832343153
836.147689669923
835.970388453467
835.836578531975
835.481369544685
835.463926900414
835.400801739229
835.161111944647
834.563932586467
834.520655071063
834.297502824376
834.262412964025
834.243310793727
833.856199766989
833.851282115975
833.730435072365
833.627570607489
833.522831573382
833.147632690221
833.137384737744
832.689030967829
832.452652549509
832.36530458881
832.350130722344
832.328927259932
832.24079866248
832.145257008062
831.840206430485
831.808078679197
831.764693189241
831.66916462124
831.562252436442
831.418748225988
831.297482160451
831.23139586418
831.038996423005
831.017799781672
830.911357150401
830.839304711296
830.728756876555
830.706521224485
830.514519747354
830.202974333573
830.197493654915
830.168166330888
830.135974802165
829.998891935203
829.644205337488
829.579250125585
829.211076279383
829.13030273483
828.924909054339
828.913085842913
828.778873712539
828.751274378994
828.664180410426
828.657591109927
828.607027106513
828.600906326369
828.555443556152
828.402531712928
828.373123828466
828.321193852627
827.822546116867
827.811101837569
827.764534411099
827.675772856963
827.516465865796
827.436127200423
827.426892676183
827.387453640264
827.381375090032
827.371737672673
827.353062723823
827.344352725538
827.340497409782
827.32804868469
827.217715137077
827.131543130515
827.098609191727
826.978384448156
826.948194906566
826.859897713107
826.766409108449
826.655557675756
826.6441544817
826.63469182225
826.629007496024
826.580721666634
826.428405026489
826.41547556059
826.35211417792
826.347019108331
826.343072123146
826.307768330845
826.124719997542
826.115762025846
826.102801163876
826.072391225767
826.068964497495
826.05525592815
826.05462128125
826.034745705906
826.030504413553
826.014833047702
825.991258282919
825.944590397606
825.853475520705
825.803112291509
825.797932167824
825.758922547513
825.678798624128
825.663649445564
825.602234844218
825.601361855335
825.481287005137
825.422568572756
825.353115128176
825.341956852847
825.281221920149
825.275085211401
825.273280980562
825.262248116872
825.261608184567
825.221072421451
825.20710883869
825.173748467328
825.124709805959
825.11532650767
825.023236614444
825.01634719727
824.964247577226
824.797999879564
824.786003413828
824.781521017822
824.699977517584
824.667648716236
824.651561626181
824.592409154002
824.590472307939
824.567401183206
824.548399550714
824.546679286935
824.523511768145
824.516614939127
824.463384295924
824.444884964822
824.432221877104
824.358164192512
824.340686223244
824.331223618444
824.297364451084
824.280524642013
824.272290004128
824.212960368835
824.193375308202
824.192899378935
824.150244708111
824.072146863539
824.048341953452
824.046956652914
824.035649810167
824.010593669478
823.977520594634
823.917112314623
823.902732302056
823.887278209648
823.857894064202
823.831665303681
823.788974287815
823.735439394987
823.698612249439
823.6532904585
823.572036978856
823.566315163722
823.487735663186
823.484305703808
823.372650140484
823.345705499346
823.334999336307
823.323500742423
823.319349954545
823.27607911776
823.197510040866
823.179784355369
823.136847666921
823.118456301452
823.108945575189
823.107313704098
823.060609025277
823.02124258374
823.00404050684
822.994081255128
822.992827472059
822.957978450641
822.925788878578
822.912737944803
822.818267663971
822.818162829778
822.813597015837
822.771505537006
822.73493014561
822.728060170768
822.714364217712
822.692531538748
822.692025587751
822.642831091295
822.637272410237
822.580718375349
822.567414945595
822.549689486287
822.503176626004
822.457864001461
822.42806794869
822.408417899291
822.401740288511
822.375149790691
822.339458165995
822.335475690167
822.326410720595
822.326000170701
822.309757181018
822.28459975438
822.278687016896
822.271227918458
822.264343216921
822.182126947856
822.177033894018
822.105184755801
822.058180845693
822.047026424296
822.025633480871
822.022179792278
822.020738975429
822.019295354916
821.980457424354
821.974387846325
821.961364654571
821.937717979019
821.93702965678
821.914196802552
821.900221874698
821.829833461967
821.785965042872
821.776931465201
821.76882534293
821.738756074252
821.736765691962
821.677760386449
821.652856607656
821.616021674233
821.610320470051
821.592960029654
821.574520712086
821.554179897096
821.504433929747
821.479325026257
821.473672498018
821.447295324305
821.424508353076
821.406059895079
821.39049666921
821.358425419643
821.351750411399
821.348301855615
821.327479051845
821.304987960491
821.282200202252
821.270952893303
821.219757265537
821.192097192896
821.186640578905
821.130962684544
821.119766320077
821.090556449476
821.0692178512
821.04433615099
821.028087077718
821.014705788025
820.999139121519
820.986998326027
820.965191358497
820.953213522419
820.944983331664
820.91530511632
820.910054893006
820.908723123807
820.854937829206
820.80430262938
820.80331728448
820.802996822702
820.763953544003
820.734173750265
820.710840472544
820.706683094015
820.686696677009
820.679783490886
820.67075773425
820.663594652047
820.636734949172
820.625826720424
820.621046204166
820.608832022799
820.593940404026
820.579647504426
820.57034995756
820.569231816969
820.548647470209
820.53402782175
820.531524528148
820.515567100352
820.507793329319
820.486740386465
820.478190501321
820.472850651113
820.470057281405
820.451301254992
820.444150060668
820.386859359903
820.371739012673
820.355284788487
820.354159203445
820.335319378377
820.299322017569
820.294743715951
820.29190336696
820.265886365688
820.259510503812
820.247690782354
820.197428747109
820.188615123538
820.18220189491
820.138182548442
820.112420304447
820.087936794088
820.07366113241
820.067068792174
820.035680399687
820.035453877162
820.02593107226
820.021548890815
820.018882885867
819.992528345753
819.990069424922
819.947886374197
819.938378194977
819.849320674918
819.836101393518
819.805531719752
819.765345819232
819.728081548029
819.718987545651
819.718578865249
819.684558086756
819.671239478085
819.661041336376
819.638250525986
819.612021915342
819.611007340049
819.591351207637
819.587535035983
819.562032869732
819.520550489107
819.498553825915
819.493692130618
819.479582899213
819.471243151762
819.365839090919
819.355560534072
819.346776285166
819.308380301307
819.299561759331
819.290067110932
819.281607244498
819.279959936348
819.276323476979
819.242230564932
819.182533703915
819.172140036207
819.172006246821
819.163507802308
819.162479187729
819.148375547341
819.140238690479
819.131470527525
819.113118067701
819.110511850774
819.104328766325
819.073464374964
819.070244404978
819.067444216752
819.021769405782
819.019899835975
819.010869316562
819.003214349428
818.98456928393
818.981691939565
818.930158412024
818.920441817872
818.903330839669
818.877825897513
818.868267114848
818.857367375712
818.855670057316
818.8402888299
818.835570970962
818.827664782712
818.808167233387
818.781021741516
818.772754533229
818.770817820578
818.764555872801
818.742309425689
818.740181074221
818.739448853891
818.720678315992
818.713937965763
818.681171884981
818.677492394317
818.646547386234
818.579525493046
818.577316439117
818.540294233306
818.503976428668
818.479371693641
818.478773250496
818.448511029726
818.428022642541
818.401937055596
818.401091498321
818.37926975315
818.374660628756
818.373708673878
818.365762992993
818.32476281144
818.318999462749
818.317421852135
818.293736092269
818.277579069406
818.275920257476
818.271468928279
818.253017997832
818.239576880254
818.215185560242
818.21040624244
818.205869358485
818.188028438188
818.181546145648
818.153470774208
818.130743818557
818.128443489276
818.115502388952
818.111308997684
818.106247925755
818.100420370339
818.098706576267
818.06908509306
818.061542111401
818.053923312212
818.047539727864
818.037228329414
818.019814969166
817.981191747121
822.811051234378
822.212460943128
824.062188574303
818.445036865241
818.130998607237
818.757251759324
830.528064949216
830.800805212461
830.719381887044
818.116679623189
841.317947086324
825.980136565185
824.890634302647
827.449054841497
819.264365896947
829.389989827984
818.234387321386
818.921823366155
820.94789054408
824.079265735368
819.73666985591
822.49816130082
821.761502974101
821.416272632058
824.426693402383
818.488703800564
846.803039958573
819.862943276525
831.05290430669
819.883963334035
823.607668836462
819.553242409446
827.00111666005
822.960419162079
851.004581965038
823.94204533022
842.549614118962
819.668685328503
835.756838422339
821.69524475922
822.490029840477
827.907233766687
821.529433693059
826.877358632071
827.116570189771
822.487836737703
835.110365373917
820.848664563936
821.573051272346
819.48228859551
820.401528756739
827.479880148556
818.870102468052
822.241516355812
833.743575200822
825.512708653283
829.829227156099
825.415921111053
835.843848452544
823.151180550621
836.620182232524
846.914817538372
823.161816524038
835.281483671657
825.483091695732
826.688001380579
822.909491380875
820.097312468489
823.783766283219
819.665373884501
826.112691994643
825.427385666205
822.519407126027
826.041529489414
819.21058511153
822.503449320996
820.361180279619
830.566507320988
830.781240537394
824.440911939322
827.369558539055
818.541310169968
826.342633014439
822.395641561763
819.82916392595
820.942505784691
828.13216825572
840.277331879134
829.834909241615
828.541811750602
827.163287010325
832.250405750667
820.759697041145
827.734446610573
835.189728398983
818.887652712976
822.463944173307
819.770585283299
825.858316998655
819.110930838871
823.955791587921
818.472574353465
836.477159949853
842.191201907444
832.837482715636
821.382815341399
825.997225462845
823.37157137172
820.199783638414
838.401252236805
827.795308332283
823.247378567322
825.072388932144
837.560212853141
819.862474875021
826.454845226284
830.099027821357
821.929159079254
820.528382866661
826.935650103409
821.14476605494
827.34376640128
829.742669921986
819.41723264368
844.792221742345
820.598314027718
822.035187009274
821.939476283856
838.289452868692
830.628933505715
824.516667577679
822.234528147896
819.345079137328
833.067657894813
826.654188007408
826.121389081394
818.689907758467
822.021981652671
818.093475624127
821.121775573528
820.110196855667
818.352018843538
827.978029802615
827.334667579161
818.025035581214
831.788432840782
827.022492237172
825.698697220399
821.365107169841
826.632671278188
819.368060866731
828.907830817736
826.143726616205
820.107638424225
826.632691325928
817.986960618217
832.788403021937
832.473388299711
821.405193219988
824.097739416498
818.454117401794
821.557027437532
822.316008823813
819.277075752339
825.020965260809
818.676062788672
831.730122496141
818.307976095946
825.824738983425
823.634698045411
846.141959578306
822.582049266311
822.13340942208
840.135067476814
825.228167993084
834.45047807263
831.941300935959
821.056083723484
832.761547144752
819.194670809185
824.936544070568
823.501392369668
822.96819003473
821.345863279293
818.476979801341
827.80376180842
818.287234830021
837.135320046167
828.635892189192
820.081056630688
831.727183329416
830.703857237243
822.910880096436
827.636195720569
821.534884320867
818.994433797224
820.830858804628
821.423908346461
827.527372366269
822.661045748226
838.389836310448
820.549787026778
834.33842154389
822.640932962033
822.345713421874
831.868288919482
821.517398173355
824.518449239235
820.129553713231
830.235429421381
841.73505971072
825.170167583194
856.233851094848
826.016279487014
819.125439129499
827.149984569557
820.687873397367
828.730449807845
822.143979196842
825.867995098586
820.00245213999
819.50911363275
823.979339685216
830.386954591766
822.354397419509
818.136446000297
823.015618014369
826.798320837935
819.76572369077
819.823775412983
827.10225579291
820.761821331259
823.147937988606
835.622930385932
832.769370660303
818.585338257936
837.258985855692
823.838076808937
828.847611450732
824.920435703581
819.747220239638
827.739920046964
841.28522080369
828.792166538334
832.486649939272
818.71981360964
833.088158155822
841.163247937494
821.014102118676
824.015731338121
835.387975155686
822.993102937139
822.031527556045
833.642411786326
830.041442845123
839.193910642674
830.574487381739
819.060880988579
831.701936416599
827.093291098494
829.897440117711
841.515477279792
838.793490894457
824.524554166431
820.481350276804
825.259002618434
819.636465945362
839.256398572507
824.828420323311
828.903466835378
843.64731431993
820.905155242183
819.333358340171
821.615427384958
826.331446284863
832.735510278362
818.138040170729
827.030845471682
823.353269881162
822.375626384454
824.615066085018
819.00387387916
826.687639830365
832.985627548172
820.894757797897
821.034166333403
827.057403595217
832.181677656095
820.177326349518
822.305009325963
826.387465928294
820.020207808936
826.757932423107
822.93353525563
819.324983797163
820.818070410735
829.603198925973
831.669194646672
830.642240042241
871.996885250739
822.625674441624
821.720685286324
826.215756154238
819.276766690713
824.520761193588
842.167786585416
821.535072328849
821.050024123548
821.804032231311
828.638673676278
820.771878382488
828.405541220743
821.695688971197
855.331900442921
823.096801421921
841.729805261468
839.248740202262
820.240054771441
818.445156011529
822.150709818532
822.056795968719
821.688138221287
824.569567333012
823.447507537085
822.790037745944
820.598671634812
819.774391271635
827.704156088754
829.093752209838
820.434485652936
833.399836300548
824.496666933037
818.706177262169
823.116351059654
823.244979147304
824.618545444073
825.310819949772
818.305310642697
820.898789286285
818.12247900715
821.502088186223
831.886793735227
842.664218830052
818.861583672934
823.390960670354
824.103185763553
824.81652933994
830.439008802228
824.507684980474
819.386856464173
826.61342791148
825.078060000796
824.812147348581
836.754961740781
819.323483695144
827.358495869007
823.62585915694
828.28191721766
834.032666088518
822.585122947898
818.185825000177
823.984353402947
818.495885662606
827.35667689682
838.988371782185
827.822438135589
840.801073345226
825.831608543972
819.452713767192
841.843037815409
825.523811090189
834.399896642364
830.978897999361
847.087390709347
822.549849706212
821.017078167912
836.213875950645
826.019939350917
829.845088325376
829.249782713533
823.52346120921
820.336108136003
825.131759861205
825.017564288698
822.106897834867
828.274508004254
822.896737536963
823.75246335633
830.674533974685
828.525980809221
833.549053969433
833.970604045448
823.700236898437
819.459833231742
825.444142595803
823.961938389242
826.882806015233
820.133449106526
831.522404232806
818.416696685483
820.314381883456
822.901299479701
820.289301605641
826.19345042983
829.881125552053
823.073430127027
818.288774566585
820.385769028213
819.56134879488
826.970141362867
821.117260164656
821.285786984855
840.052111238656
824.608742449733
820.728539999489
822.946620168784
833.621837233588
824.714531901363
825.84108591962
832.135158896594
826.641261561067
828.68256152638
850.865914872114
824.6698265674
819.510769085426
820.516866325021
818.362242571566
820.602480899098
818.270504426607
825.828112419139
818.239820597983
830.756543941849
821.962611166797
825.841171551466
818.992592374338
819.878745279729
828.839238492717
832.277260446852
834.128137112153
822.127577207215
834.42413616742
827.239582004908
819.595310256931
824.202662872965
826.648256233178
825.40779548249
823.603524242932
827.999634011926
827.674640187905
829.595859211272
819.677675998924
826.698061982058
832.910991870748
822.806926578794
821.247548253677
827.070584384586
824.707000835742
830.525013735378
826.400609021428
827.537215314162
818.490390041117
821.698506418714
819.919321241123
819.009011915057
828.802448893949
833.583502906408
827.438107684575
818.23784405439
823.897512335646
823.944752077583
833.637993384564
818.352993410788
818.136328455597
833.130941499419
820.37476617733
846.485995679295
827.987780458748
833.313232360839
819.059512572779
818.388459533503
835.197993746191
818.889854871631
837.042826865587
819.044527153279
818.410621788933
820.570035420523
818.708352552917
833.60587297164
828.364200779834
823.393545809029
847.005154768991
822.287185691507
822.981437663624
825.54353569782
821.590883329624
821.436343343705
822.220841492714
826.469524170353
820.419962152945
825.779767561189
828.747907723306
823.631808864632
