1083.92880041617
1083.66906146858
1083.27696442942
1083.18442122911
1083.13848780408
1083.12455986027
1083.01147062822
1082.88972364125
1082.81095131199
1082.56211918511
1082.48073027688
1082.46637644897
1082.39045127401
1082.35747264572
1082.28162521702
1082.28084083156
1082.26486152801
1082.25819203901
1082.23805021181
1082.23130177836
1082.21487378251
1082.13647941536
1082.12812273406
1082.05574203838
1082.01446748558
1081.96565640268
1081.9192620356
1081.91056526454
1081.9026627053
1081.87920669026
1081.82590599313
1081.82505307701
1081.77744824067
1081.76137520387
1081.72200332259
1081.68782663353
1081.68233160641
1081.6704498257
1081.64333062988
1081.61969591364
1081.60529573546
1081.60528852594
1081.60411695178
1081.59083567799
1081.58970930992
1081.57140768828
1081.56644759794
1081.52589648665
1081.5200084528
1081.42736021373
1081.4103991477
1081.40006854247
1081.38126096938
1081.35334105337
1081.32550756119
1081.30166766037
1081.30065029582
1081.25031072075
1081.2354230874
1081.2299272624
1081.21656442945
1081.21240218374
1081.20989984945
1081.20416378796
1081.19839102254
1081.17982282977
1081.1746686375
1081.16369532002
1081.13473493714
1081.11563950701
1081.11150352136
1081.0929863486
1081.08083974113
1081.08033480392
1081.03682929938
1081.0256341009
1081.02203342313
1080.9905849178
1080.96862565069
1080.95944295427
1080.93094305963
1080.92045459429
1080.91701464295
1080.90691601266
1080.90529791826
1080.89250132039
1080.87277616635
1080.85044096367
1080.83238303013
1080.82831659862
1080.82160408699
1080.82144258415
1080.79210258506
1080.78049787995
1080.75436822736
1080.75032104848
1080.74579794561
1080.73177182762
1080.72888854241
1080.72533636992
1080.70818625191
1080.70731229278
1080.69838158373
1080.67164957755
1080.65259220699
1080.63730966419
1080.63304097934
1080.59604118461
1080.59107212325
1080.57979460464
1080.57449630203
1080.57388934024
1080.56706365793
1080.53916598199
1080.52841020753
1080.51818378927
1080.51609897518
1080.50194605228
1080.49678589066
1080.48224002099
1080.48160237146
1080.47596350299
1080.46708793993
1080.46683075476
1080.45331504489
1080.44467254372
1080.44269971588
1080.44156048626
1080.43257089056
1080.4152323421
1080.41335284986
1080.40269905561
1080.39511603153
1080.3942229049
1080.3743252962
1080.37422479086
1080.36512457373
1080.35158710547
1080.34678623542
1080.34629654751
1080.32396468345
1080.31369550141
1080.30684404386
1080.30537388707
1080.30334051787
1080.29967016951
1080.29265013228
1080.28803341564
1080.286131743
1080.27959264454
1080.26187241272
1080.25979588132
1080.25574673469
1080.25501215381
1080.24630054924
1080.2424908193
1080.2289528609
1080.21577108797
1080.21287050914
1080.20844641085
1080.20747480337
1080.20300714665
1080.19397239233
1080.18589145005
1080.17719065482
1080.16835632873
1080.1622387599
1080.1566620888
1080.1542824415
1080.15408077931
1080.15292207606
1080.13595804225
1080.12485355326
1080.11892837515
1080.11493644941
1080.10435713208
1080.09529361576
1080.08767223082
1080.06310168911
1080.05964681362
1080.05930076215
1080.05278201135
1080.04821398033
1080.04675225895
1080.03460603645
1080.02751559366
1080.0236663785
1080.01922278455
1080.01442796495
1080.01136152176
1080.00967477913
1080.00942161136
1079.99781141849
1079.9964331036
1079.99097603872
1079.98630895379
1079.98348027656
1079.98314951812
1079.96461276353
1079.96129711736
1079.96059203623
1079.95149302048
1079.94362721239
1079.94187957881
1079.93444417087
1079.93230537489
1079.93169376928
1079.92945248709
1079.92632100272
1079.92527022945
1079.9238396974
1079.92082453079
1079.91029579563
1079.90837761302
1079.90560771873
1079.88951084781
1079.88864872709
1079.88489192273
1079.88274671182
1079.86344601319
1079.86272591571
1079.85643279311
1079.85149279801
1079.85144445266
1079.84946648175
1079.84928494171
1079.84910502742
1079.84805788161
1079.84796110596
1079.84674676691
1079.83762008488
1079.82806630878
1079.82623080136
1079.8227294207
1079.82196282439
1079.81737653798
1079.81320319743
1079.8116845585
1079.80745533916
1079.80707234783
1079.8056777364
1079.79971901704
1079.78916111771
1079.78857210686
1079.7847312435
1079.78344655164
1079.78327660523
1079.78204766158
1079.78167520279
1079.77926440185
1079.77308617117
1079.77018926815
1079.76680282015
1079.76570883391
1079.76140571894
1079.75513623762
1079.74898230329
1079.74832281178
1079.74339587651
1079.74002287232
1079.73726167965
1079.73514529826
1079.73280043708
1079.72742162207
1079.72663910351
1079.7204139159
1079.71028657555
1079.708655416
1079.70426425497
1079.70214101827
1079.70030799356
1079.69972682708
1079.68313428165
1079.68116627591
1079.68074246546
1079.67916305187
1079.67071865569
1079.6690241362
1079.66453047658
1079.65973115791
1079.65790409041
1079.65578338003
1079.65476974621
1079.6537174985
1079.65323640769
1079.65242575366
1079.64967869008
1079.64367954254
1079.64290853874
1079.64194482666
1079.63964913535
1079.63528148847
1079.63501053607
1079.63140822263
1079.63044547126
1079.62017907018
1079.61726722843
1079.61587541019
1079.61416033182
1079.61168221342
1079.61148419217
1079.60960758248
1079.60323936228
1079.60167796453
1079.59985906705
1079.59720076528
1079.59469892103
1079.58805598335
1079.58638377401
1079.58438622517
1079.57948399128
1079.57777128692
1079.57415299327
1079.57193385485
1079.5716773162
1079.56693946107
1079.56620115032
1079.56126791266
1079.56010444505
1079.55652695147
1079.55328714775
1079.55012569854
1079.54756226045
1079.53585358714
1079.53206942995
1079.52596974403
1079.51836126627
1079.5166787545
1079.5144787694
1079.51151557533
1079.50924399812
1079.50651031308
1079.50446845093
1079.50062921219
1079.4992822218
1079.49697677213
1079.48729567757
1079.48456785971
1079.47910995244
1079.47395623094
1079.47334791151
1079.47149302599
1079.46764117504
1079.46354653628
1079.45653100978
1079.45330828361
1079.45215546545
1079.45040508858
1079.44468646084
1079.43835414591
1079.42936326914
1079.42750339787
1079.42694225741
1079.42160989653
1079.4118851673
1079.40917680328
1079.40126594834
1079.39864317814
1079.39163739034
1079.39012708017
1079.38498454827
1079.38210274444
1079.37737210685
1079.37234702031
1079.37131959145
1079.36865747884
1079.36619229463
1079.35440078285
1079.34484893335
1079.34173973294
1079.33143369192
1079.32866100825
1079.32091915999
1079.31807900637
1079.31574962451
1079.3104950385
1079.30843386583
1079.30764678677
1079.30498128407
1079.304759652
1079.30419522772
1079.30387992678
1079.30374502027
1079.30341970803
1079.30322347194
1079.30157515077
1079.30052438507
1079.30030648412
1079.29406967447
1079.29291575253
1079.29278682699
1079.29192987105
1079.29186826086
1079.28978759471
1079.28973729892
1079.28921259444
1079.28715339585
1079.28042121786
1079.27781616446
1079.2754457396
1079.27504952512
1079.27469794377
1079.2737777686
1079.27360586417
1079.27345975126
1079.2694019684
1079.26706174685
1079.26001996836
1079.25690141656
1079.25677276329
1079.25515145024
1079.25375898527
1079.25058712648
1079.24938618299
1079.24894238947
1079.24678471727
1079.24629930659
1079.24354281434
1079.24322206412
1079.23713835025
1079.23570313675
1079.23529848942
1079.2343818702
1079.2339537672
1079.23315933753
1079.22991189901
1079.22811795676
1079.22658780736
1079.22599550386
1079.22496230736
1079.21690127841
1079.21636306273
1079.2151053482
1079.2119022279
1079.21061944149
1079.21041973721
1079.20386650335
1079.20333624065
1079.19568447834
1079.19568070547
1079.1954035634
1079.19104689855
1079.18771515554
1079.18703785063
1079.18456563695
1079.1803444469
1079.16936344323
1079.16926467563
1079.16658703028
1079.16580091669
1079.16483385246
1079.16451637294
1079.16210146725
1079.1594293875
1079.1577421452
1079.15755704285
1079.15566906485
1079.15349822894
1079.14699926235
1079.14204101622
1079.13676153818
1079.13515400953
1079.12724000183
1079.11843625404
1079.11627243512
1079.11309728961
1079.11271294861
1079.11232120401
1079.11001664622
1079.10977407058
1079.10977036648
1079.10606359909
1079.10357562537
1079.10111522092
1079.10077076395
1079.09309389955
1079.09306437815
1079.09015265369
1079.08855466927
1079.08440064445
1079.07996378812
1079.07425214893
1079.07365005047
1079.06921763579
1079.06906315303
1079.06900178222
1079.06766448737
1079.06448325173
1079.06336716472
1079.06325347817
1079.06316307823
1079.05986486476
1079.05618971594
1079.05337812688
1079.0521554623
1079.04347159341
1079.04301826865
1079.03951103929
1079.74100342698
1081.66263168016
1080.03162577574
1081.77900787106
1079.8816725887
1079.0656612334
1081.28393289359
1080.12462214784
1081.02222137953
1079.11161277019
1081.02343936505
1079.20557263815
1080.27687483135
1080.40879802416
1079.11749232611
1079.57453053347
1079.53750413038
1081.26919858357
1079.43129896285
1079.21659302613
1079.20722915769
1080.36863086011
1079.43654384663
1080.81536772683
1080.95118978182
1079.19080209952
1079.08847070053
1079.981368567
1079.69926292791
1079.34997586616
1080.02858671685
1079.56250364172
1082.00223707589
1079.84078408789
1081.01355462388
1082.78834034518
1079.37131020317
1081.64276523726
1079.10639017479
1080.74176267289
1080.021677625
1079.73017279843
1080.31008018461
1079.58225012856
1079.095317559
1079.19328258576
1079.20570800281
1080.23942605111
1080.27190996901
1080.31493862016
1082.26784352041
1081.47083174939
1080.98445252803
1079.30210192525
1079.39027163127
1081.01627441873
1079.80082240507
1080.54789021333
1079.40694868162
1080.31030765683
1079.91921681031
1080.09479526353
1079.32902689395
1079.15567922345
1079.75664672229
1081.57527155374
1079.04606475547
1079.14871931487
1082.40900741365
1079.25225703007
1082.87619143111
1079.63023640174
1079.23850521145
1079.11948419704
1079.62330733443
1080.88164794622
1079.91702970974
1080.79174888123
1079.50252238657
1079.93828879727
1079.17615424965
1079.35403572618
1080.70792417491
1082.22389646513
1080.23256696944
1080.85107908667
1080.0977900808
1081.53123775218
1081.37599441581
1079.78944305025
1079.57863059272
1082.42984362506
1079.85005041624
1079.51795508193
1080.43508969137
1080.95561991821
1081.07699974829
1079.30900434855
1080.25029688467
1081.85932880733
1079.06148362809
1080.12350401579
1079.89013053173
1081.41366988553
1079.64519612707
1079.32931860297
1079.33123152451
1079.28527439662
1079.97093378784
1079.43120676494
1079.51412905036
1082.05879650631
1079.86348576002
1080.33118886669
1079.74489641258
1079.06974456684
1080.64441295483
1080.96177126654
1080.24790723869
1082.28367951285
1082.06098589272
1079.44122952721
1079.60519727158
1079.28461347976
1082.86454265391
1079.30638629787
1079.55879315321
1080.04179400882
1079.8455038632
1079.6883612977
1080.74624187024
1082.31782541126
1079.08119249834
1080.51954391801
1079.72546657435
1080.25468288623
1080.70766284883
1079.2198362222
1080.14431576429
1079.91425907639
1080.26823998454
1082.45216063942
1079.32896085151
1079.63409183926
1079.3780358588
1081.58032802642
1079.08227268192
1080.95973084295
1079.72123668843
1082.76191229545
1082.26081246775
1081.06542327189
1079.39396104491
1079.95359024023
1081.00804632272
1079.11782701858
1079.77746421931
1079.66755800437
1081.43507651056
1081.1879927417
1081.10952948941
1079.06287185619
1081.22759615801
1079.64356875252
1080.85087298846
1079.88496749623
1079.09748491825
1081.64702501711
1079.58501652091
1080.14943759467
1079.36040010391
1082.09167400011
1079.29830952454
1079.99753667039
1079.27625665959
1081.18865971643
1082.20333974332
1079.12717115905
1079.56675312033
1081.24229672978
1079.83117368735
1079.4631673085
1081.36485859519
1079.90727746179
1079.12003962806
1079.71449935192
1079.37509396937
1079.72182766201
1079.26768736832
1084.02394654528
1079.87229933047
1080.4752976127
1079.64622552697
1079.47978548125
1081.88222191206
1080.50772440082
1079.2668980461
1080.15171840971
1083.08930373724
1079.96809055746
1079.12334577131
1079.49682093356
1079.63261365551
1079.39097803858
1079.6115074933
1079.66512488045
1079.3923142479
1079.41437418411
1079.59010642445
1080.90269730108
1079.86745667403
1082.33803079297
1080.10285243337
1081.59950342981
1079.7544944975
1085.19773615557
1079.38487988471
1080.29328432379
1079.13032794611
1082.33239704788
1080.31909589495
1079.74126821076
1079.92780909953
1079.49192870304
1080.43313975259
1081.01318270879
1079.43795492762
1082.66665599525
1079.17903578496
1079.44588944789
1079.12660243443
1079.43844790093
1080.95874084176
1079.60085721846
1079.5563400627
1079.08610835472
1080.68508101875
1079.72640311083
1080.25852848078
1079.23731719674
1080.91660552248
1080.17430569388
1080.61226027508
1080.25620433081
1079.12157478614
1079.85259043125
1079.05829010853
1080.56528047771
1079.45823729302
1080.06304073125
1080.91464409177
1080.84251956925
1079.04441048476
1079.93309075231
1079.60989227984
1079.57014840001
1079.22451139878
1080.17480921405
1079.55397399248
1079.3231097373
1080.56327540635
1079.59764605215
1079.32444258879
1081.11406130554
1079.96210651662
1080.92521820772
1079.99547255578
1079.53976306758
1080.02309689594
1079.32751392064
1080.33677661292
1081.01088189906
1081.7314811583
1080.96333457302
1079.81986800732
1079.27010088761
1079.79099816818
1080.41909170822
1079.84990668249
1080.9296046135
1079.58613516383
1079.69263303192
1079.66629903427
1080.40312945936
1079.67309493826
1080.85010930782
1081.33816770802
1079.59649209677
1079.86431022174
1079.1538933367
1079.65269260992
1079.27689451655
1079.78458320516
1080.57695621499
1079.21954193946
1079.35702037066
1080.05961499344
1079.62478342231
1081.20440042594
1079.08389681775
1079.41512806499
1080.01306888087
1080.46285694056
1079.13223958708
1079.48863585964
1079.7141861673
1079.31555628924
1080.40607185553
1081.6496513166
1081.14927858656
1079.71994901491
1079.98564516999
1079.42204344635
1082.55616821583
1081.69786198054
1080.08945045295
1084.50810967569
1080.44995059616
1079.43898105897
1080.20928937029
1079.36480473692
1079.76509596953
1079.22517702282
1079.36545302781
1079.73262785641
1080.26504973713
1079.1158144357
1080.96986695813
1079.87397110841
1079.50713872622
1080.47990120073
1080.86991525678
1080.44877121017
1080.36719898723
1079.62506609527
1079.11597602774
1079.9790958363
1080.44368448705
1079.33912470764
1079.92654638861
1082.81469103132
1079.13972291225
1085.30599829458
1079.38143433484
1080.89494522523
1079.30626213369
1080.08975127249
1079.94706406998
1081.44995499382
1079.58010342271
1080.10440916953
1079.83338744218
1079.52606674653
1079.32079908372
1080.88993140156
1079.86744599423
1080.31225124118
1079.57406020276
1079.04393402679
1079.96489768893
1081.57429328069
1081.0164055695
1080.25214722412
1080.73865346274
1080.56076968007
1079.70289078565
1079.21074320489
1079.23592212501
1079.72281563305
1079.6144067557
1081.1425316329
1081.93879243886
1079.53847861888
1079.2638108676
1079.69952717048
1081.11122303393
1081.69907572603
1079.83478066185
1079.20176720336
1079.30803439769
1079.7141706443
1079.2513705536
1079.09274987551
1080.367862513
1080.95184645138
1079.9825324813
1082.59058849668
1079.11974902467
1079.26011119196
1080.5345539471
1081.8897243138
1079.33665930049
1082.07102306397
1082.0800442664
1081.60569242888
1081.41961036304
1081.26794957381
1079.52952733162
1081.87029367032
1079.70774695193
1080.16421259249
1081.21094262095
1081.83531052634
1079.22467980408
1079.06701111664
1079.5735096823
1080.00951047046
1081.02285922427
1079.11345823505
1079.93322431695
1079.22675034112
1083.18268378573
1079.87358533344
1080.1899119249
1080.20643866142
1079.4588132418
1080.56687006957
1080.84147755139
1080.47078400034
1080.05787137114
1079.20269288488
1079.09285962081
1081.4209754945
1079.91281333855
1080.7361154889
1079.38641041694
1079.99650830117
1079.53384138049
1079.93547704487
1079.13611348048
1079.31250576211
1079.78261109712
1079.35310153342
1080.77429700829
1080.33129449485
1079.23647331511
1079.69752828646
1079.92970977062
1079.25889572348
1079.56268497486
1079.14330869158
1080.58484392839
1081.13919699471
1080.40420802365
1079.23425873514
1079.16613013981
1082.3178596089
1079.51019708249
1080.23603252387
1081.35569143591
1079.28523237148
1079.64781398039
1079.5734592221
1079.24062589671
1081.98532480309
1080.42641072606
1080.0459910882
1079.19178706603
1079.6562803523
1079.75168366414
1081.37156155361
1079.7475180727
1080.10594104572
1080.18068841282
1080.99893115311
1079.55930807996
1080.23566597575
1079.44732773134
1081.3671303339
1080.37310529888
1079.1457229978
1080.66945484741
1079.09817295017
1079.72796637606
1081.19677562233
1079.23861224244
1080.87137984375
1080.59317042703
1079.87425493592
1079.82916983965
1079.99502198024
1080.30686480835
1081.18610927702
1081.26013695015
1079.28280990707
1080.99181543433
1080.35265716414
1079.64349130901
1080.1396889714
1080.75986124537
1079.35918389095
1080.03104887632
1082.97965676489
1079.11697822271
1079.28662572437
1079.18867390139
1079.23395546038
1079.8544312089
1079.05863538978
1079.52559114244
1080.66080235887
1082.49066608554
