1074.63009657406
1073.08696166353
1073.06050713535
1072.59382428452
1072.53421289679
1072.42297085756
1072.40652169724
1072.37533632855
1072.24609549887
1072.21059418844
1072.0342288359
1071.89992096113
1071.8474158041
1071.80504059721
1071.73607736724
1071.68141630091
1071.64531261445
1071.5308046427
1071.4552684395
1071.36277560621
1071.35200913198
1071.33337662488
1071.29623844265
1070.92149659942
1070.83886270078
1070.80644392585
1070.79439969161
1070.75244197679
1070.73840692372
1070.72009562554
1070.70704774963
1070.69258976277
1070.69220181769
1070.60292561243
1070.59310257125
1070.59243609657
1070.58461239262
1070.55793745077
1070.50290279597
1070.4885061588
1070.47119271056
1070.46902847031
1070.45716902534
1070.43836224935
1070.33659868729
1070.32371706848
1070.31889444881
1070.31287552272
1070.21499725499
1070.21209341296
1070.18549189523
1070.17805308191
1070.17139073781
1070.16432721218
1070.10590491127
1069.98492783392
1069.98464268209
1069.92603704316
1069.89977849046
1069.8935037706
1069.89144629749
1069.8884784896
1069.87698928862
1069.87664462687
1069.87141547497
1069.87020486152
1069.85062125973
1069.79009401489
1069.75103764946
1069.72018670671
1069.71807970111
1069.71062934811
1069.70883797181
1069.66844910936
1069.66731957871
1069.66601925065
1069.66485065108
1069.62260169128
1069.59120259252
1069.58731544529
1069.5860619822
1069.58412588561
1069.57839527422
1069.57421597848
1069.54900587886
1069.54696826696
1069.54031801461
1069.53707627007
1069.53188303519
1069.5028398242
1069.49457987324
1069.4940819837
1069.48760545684
1069.48385682994
1069.47670276736
1069.47117407458
1069.46842698535
1069.44625665282
1069.44592548947
1069.44053255128
1069.4257216296
1069.42472221559
1069.41665523176
1069.37853583301
1069.36271136472
1069.34683435797
1069.33784452619
1069.32182780824
1069.30964089495
1069.29447393341
1069.27320778336
1069.25733527752
1069.25108389265
1069.24404429187
1069.23417710021
1069.22333709255
1069.22020422532
1069.21451194229
1069.21263509323
1069.1878801581
1069.16018284442
1069.15087282122
1069.11148306233
1069.08248632291
1069.07493958291
1069.07280012368
1069.06949690797
1069.02497985914
1069.01647077249
1068.98390283121
1068.97215670121
1068.9363978361
1068.92796753034
1068.91671743457
1068.91166371565
1068.90635809767
1068.90067082196
1068.89886210977
1068.89662796565
1068.89278565964
1068.87879030854
1068.87071065905
1068.86895192137
1068.86006955722
1068.83721981249
1068.83564398055
1068.8114740021
1068.80858330491
1068.78938772013
1068.78331926721
1068.78196613818
1068.77904531711
1068.755614758
1068.75309007756
1068.75132707109
1068.75095623019
1068.73178185346
1068.72764806494
1068.72605848914
1068.71199902983
1068.70693279615
1068.70594118967
1068.68866174443
1068.68571111681
1068.68489818479
1068.67810813668
1068.67307745378
1068.63695872699
1068.63024006558
1068.62317066879
1068.61589757569
1068.60974993446
1068.60400328287
1068.58689950592
1068.58469662898
1068.57741822803
1068.57078201308
1068.56553935814
1068.56200068571
1068.55749335087
1068.55175926957
1068.55148925072
1068.54856065898
1068.52809848748
1068.52276788184
1068.51528944412
1068.51451836735
1068.50555152964
1068.47610689682
1068.47441805905
1068.47066002167
1068.45354579767
1068.44854615641
1068.41336773481
1068.40117036566
1068.40005371104
1068.38919969194
1068.38710980078
1068.37947742944
1068.37739336604
1068.35418614044
1068.35169454197
1068.34515300511
1068.34294893186
1068.34291142744
1068.33112204747
1068.32620664871
1068.30621516001
1068.28225634854
1068.27795646293
1068.25839412259
1068.24855432701
1068.24376304005
1068.23113350868
1068.22701501191
1068.20972879062
1068.18846362499
1068.18559061491
1068.18211431202
1068.17787133157
1068.174508091
1068.16936735355
1068.16473948079
1068.15960150328
1068.14647319364
1068.13926511498
1068.13327440902
1068.13313290905
1068.13258626749
1068.13178659436
1068.13038464862
1068.11623187082
1068.11133031511
1068.10642819308
1068.10526907223
1068.08859054432
1068.07723939226
1068.07396733495
1068.06516492381
1068.06191425867
1068.05979774698
1068.05797805022
1068.05453282535
1068.04861119045
1068.04207436976
1068.04131908754
1068.03597123078
1068.02824229009
1068.02692252294
1068.0249014156
1068.02293911072
1068.02093663152
1068.0194310996
1068.01559725412
1068.00826208269
1067.99358107258
1067.98711764453
1067.9868441891
1067.98451585873
1067.97510665918
1067.966382783
1067.95389005838
1067.95167622622
1067.9515850053
1067.94787302502
1067.94000568262
1067.93637453547
1067.93299260398
1067.93087260822
1067.91508823048
1067.91199545669
1067.9054126297
1067.8945680079
1067.89445180908
1067.89380325409
1067.88413135472
1067.88273378136
1067.87213395718
1067.86841936738
1067.86315248049
1067.85943425997
1067.85283168122
1067.82087558537
1067.81797535484
1067.81692051504
1067.8162529121
1067.80972680497
1067.80961920235
1067.80690399381
1067.78227830749
1067.78153427483
1067.76840782121
1067.7658834573
1067.75879470283
1067.75560452634
1067.75433289338
1067.74760306069
1067.73353365558
1067.72370688904
1067.72068101992
1067.71418592699
1067.70961136461
1067.69520701467
1067.6887178602
1067.68241367142
1067.67235904773
1067.66495136677
1067.66441117122
1067.6571598079
1067.65477190986
1067.64943996912
1067.64643253058
1067.63465308922
1067.62149702661
1067.6075620322
1067.6040960906
1067.59578737772
1067.5766871344
1067.55999504018
1067.5532958933
1067.55306912246
1067.54498679637
1067.52785626398
1067.51898774607
1067.51533676089
1067.51179609428
1067.50893240366
1067.50249361161
1067.5016473315
1067.49247487276
1067.49056749462
1067.48814172152
1067.48761893404
1067.48566278436
1067.48082710243
1067.48034370594
1067.47740492176
1067.46909713626
1067.46209192402
1067.4592687949
1067.4573371208
1067.44502370331
1067.43474591711
1067.43423214183
1067.43355217798
1067.43287722361
1067.4304594337
1067.42781558283
1067.42460017464
1067.42355126518
1067.42318114369
1067.41790559663
1067.41550457255
1067.40290159665
1067.39556614931
1067.39305918923
1067.38932663168
1067.38572809735
1067.381259905
1067.37635017605
1067.37608716374
1067.36997873816
1067.36553301287
1067.35870796185
1067.34889850241
1067.34055517173
1067.33980551263
1067.33647050287
1067.33018329252
1067.30952203814
1067.30265853198
1067.30222635455
1067.2817616571
1067.2782914734
1067.27281227948
1067.27202148108
1067.26517197882
1067.26499773587
1067.25335236386
1067.2453815258
1067.23557872286
1067.23206243165
1067.22343825182
1067.22071518909
1067.21773529888
1067.21480493116
1067.21082203705
1067.20616072357
1067.19292103141
1067.19214433922
1067.18806145038
1067.18248379936
1067.18033271987
1067.17662755901
1067.17198384278
1067.17064555976
1067.16611734659
1067.15870881359
1067.15165658142
1067.1502497627
1067.14946310991
1067.14882480236
1067.14229726138
1067.14011301835
1067.13522429643
1067.1344888519
1067.13318063971
1067.12791115845
1067.11570060536
1067.11324348103
1067.1100436524
1067.10953706763
1067.10158144136
1067.10035630903
1067.09618700403
1067.09399878176
1067.0919706312
1067.09022134681
1067.08068302379
1067.07707107747
1067.06689323572
1067.06234443086
1067.05985711934
1067.05432990006
1067.0524764621
1067.04928764389
1067.04822932806
1067.03859881742
1067.03163586193
1067.02860915261
1067.02725727572
1067.0185855252
1067.01253520241
1067.00829944228
1067.00427302074
1066.98698419479
1066.98451171537
1066.9829923367
1066.98291113207
1066.98251969909
1066.98040683275
1066.965147512
1066.96248642604
1066.96038247
1066.96003058349
1066.9565761738
1066.95008518018
1066.94549506245
1066.93650440318
1066.93593020982
1066.92789427812
1066.923801653
1066.92366150363
1066.91771504254
1066.91540166392
1066.91343531789
1066.91258973623
1066.91054873108
1066.91028190173
1066.90873943724
1066.90872744694
1066.90529041287
1066.89908766235
1066.8953554167
1066.89518390272
1066.89276445781
1066.88980811142
1066.88841378611
1066.88668711648
1066.88666646506
1066.8845130487
1066.88402042305
1066.88214179242
1066.86868589888
1066.86500781747
1066.86497658754
1066.86430356709
1066.86390849446
1066.86027373713
1066.855081893
1066.84126337026
1066.84099320674
1066.83534645987
1066.83113846369
1066.81917980709
1066.81907377579
1066.81664797291
1066.81217571341
1066.81128176814
1066.81009957596
1066.80700913218
1066.80686007481
1066.801811101
1066.80054434297
1066.79709347433
1066.79415735576
1066.79353924577
1066.79277694747
1067.88292314484
1069.68153895817
1069.90867982652
1070.98460045847
1068.67547761964
1067.57879755269
1068.45426270355
1069.07784393626
1067.37413860988
1067.75212648651
1068.02038744243
1068.31950151895
1072.18399933366
1066.79759262396
1067.26203990722
1067.63888598526
1069.76764696229
1069.72564867848
1069.16447634913
1068.93614384591
1071.43816739265
1067.6396425564
1068.37155597282
1066.89275660115
1068.10760866371
1068.62279048326
1069.93619893195
1067.32614368218
1067.24279746396
1068.34428029871
1068.92635674804
1066.86516949306
1072.06252186676
1067.74680075209
1070.40214549469
1067.20472220003
1066.80844373009
1069.36545160739
1067.61222615481
1066.9356873625
1067.04799828673
1069.13091877374
1069.05069476955
1067.2986131989
1068.77697849776
1068.59574881782
1067.94226376406
1067.61699411018
1069.08850534408
1068.3813383451
1068.34997927772
1067.69876634177
1068.70326535846
1067.74050012333
1073.8361562153
1067.00155491473
1067.86609555369
1067.07647953508
1066.81373862489
1069.80607903324
1071.60617157882
1068.60213699009
1067.82370325328
1067.60313752238
1069.27679374505
1067.42755979345
1069.31861320383
1066.86398630906
1067.0113611141
1069.77307839099
1068.9025462009
1070.23674542706
1066.93557456066
1067.11517618375
1068.2129129042
1070.33753567029
1067.36941639981
1068.05542100453
1068.37968161162
1068.71247992218
1075.17282759218
1067.43993988189
1075.46299757753
1066.87798677509
1069.75124011523
1069.0269427762
1070.27456186811
1068.95469087562
1067.43524135302
1068.64585476681
1068.4229692401
1068.91324703475
1071.22641438493
1068.77854092823
1068.4021615073
1068.31438345237
1071.837338815
1068.2000753971
1069.20016348469
1066.81559811881
1067.05324684213
1068.677053327
1069.35800785019
1067.49777628305
1071.1458500353
1069.30559734714
1070.30038678075
1067.83550609085
1068.7302133061
1067.16064806682
1073.92385589258
1068.63153895187
1068.41640791827
1068.30535264143
1067.73448995195
1069.34032333683
1068.14922797734
1067.42764230628
1068.06112615742
1070.21336991159
1069.89672078409
1069.63568471827
1067.13544590003
1066.9925316216
1070.66356061886
1066.86104707842
1067.74590874767
1067.42415116685
1067.60724660155
1068.7510497513
1068.89388791575
1066.80038298453
1066.99622351746
1068.10864188525
1067.06848034531
1068.14963348723
1067.19153851956
1070.29996566679
1068.65521464953
1070.51540806931
1067.20188617817
1069.00560952131
1066.93076080059
1071.67512545242
1066.88388546722
1068.14625518874
1067.97215336659
1068.23132390933
1069.15947990984
1066.80540150006
1068.26365118637
1068.0892541471
1067.9335079413
1069.7642520472
1068.38708802395
1067.81585697038
1067.70689435584
1067.09168388421
1067.74779897993
1068.60502222199
1067.32606107331
1067.17455234935
1066.88288767424
1067.33354056709
1070.71703500092
1068.7996173709
1069.27883961488
1068.59351574507
1068.57217355025
1070.19586034894
1071.77619247293
1067.04949678689
1067.80922668596
1066.86828792071
1069.0204624705
1069.62747796543
1067.46937201709
1067.17312918143
1068.01120657325
1066.88053867043
1067.84470337546
1067.08536668173
1068.64794580265
1067.65431179772
1069.80674442254
1068.55664077175
1068.07515192153
1069.86857226433
1069.0433249664
1067.09582294462
1071.45217843501
1070.95686465773
1067.54141420465
1067.32982755201
1067.33801839691
1069.74816296436
1068.36248612278
1067.78891027286
1069.63995335542
1068.05291369187
1072.09456236687
1066.93521279407
1068.14722199607
1067.28287740085
1072.83888612074
1067.53280979529
1068.34142284348
1067.0873382313
1068.59440231895
1067.10877281286
1066.95206697101
1068.71430228325
1067.2910317532
1067.18614857151
1067.40428319157
1066.94262362341
1069.96381782761
1070.83473534112
1067.76347127471
1067.12495275627
1067.38116571497
1067.6343283196
1067.04955340335
1066.9800984826
1067.73906004552
1066.96166054589
1071.21545903073
1067.08591987886
1068.59307247883
1067.76805945404
1067.68316663138
1071.19802875716
1069.0290688964
1067.59268164913
1067.54237755545
1066.98006887626
1068.04144279105
1068.84713482943
1067.18712085409
1067.43536553481
1067.64672665254
1071.98991965183
1068.76018170614
1067.48705550307
1066.97569906586
1068.67861188492
1067.86005415967
1067.61251345825
1067.11908464065
1066.92933074804
1070.52004212861
1068.11827624967
1069.3987126279
1068.93338983897
1069.31900941719
1075.19704418395
1069.39425724242
1067.84307591651
1069.33146307223
1067.74521269431
1067.0109303396
1075.10187065221
1069.85155041501
1068.58111820834
1073.39360555718
1067.23063642829
1067.00303931838
1068.61003916485
1067.41417927553
1067.2642175132
1068.9482306672
1067.37704228006
1067.03473573621
1070.14719679274
1068.49111789195
1068.20174665262
1067.02721709301
1068.12396765307
1067.98685028713
1068.62613121591
1067.09842307321
1067.43255572857
1069.37262221606
1067.83368921475
1067.52955137092
1066.86583744782
1069.41062064103
1067.09800295611
1069.87920790118
1068.98544821562
1068.69434024006
1070.60663637298
1067.77952287938
1068.44748898451
1068.33676899871
1066.82467623823
1069.77864884883
1067.78780477616
1069.75145417045
1070.89345672586
1068.32589682951
1067.84265096805
1070.81918992314
1068.65296909649
1070.2230706057
1067.5549636453
1067.07405215967
1067.37555795931
1067.90057171985
1069.43418639209
1069.29515732328
1068.02003674227
1067.11935967606
1066.93971475215
1068.01703749148
1067.92083796344
1066.92152717167
1070.0913058532
1067.89790051867
1073.55080707331
1067.91927821497
1066.94654783788
1068.51308911374
1068.26776046732
1066.82348241873
1068.2101912931
1068.30191819894
1067.73724409231
1070.73623260659
1066.92678182358
1069.57012187003
1066.88096161237
1067.32462971007
1067.55902305236
1072.12092554195
1067.88145019934
1068.06113185062
1069.49486928756
1067.73316818716
1067.05976894485
1068.02472705702
1067.82547747341
1068.73549326359
1069.84885343486
1066.91533185782
1070.16219719031
1069.38189418645
1066.81955449444
1066.85164580907
1067.68558043083
1067.00731473985
1071.75527541273
1067.6414336841
1067.11976726344
1073.30198810683
1066.96388908665
1066.86417366736
1068.45653382006
1068.9930831664
1067.99538878676
1068.66237656522
1067.58183436079
1067.22778522392
1067.68749486164
1066.97826993746
1068.37643534129
1067.17067530506
1066.90610382018
1066.80329441657
1066.85344153113
1071.35730182138
1066.94866056943
1071.11167791931
1068.59186588755
1072.0546009046
1069.63356879079
1068.77158219101
1069.63078636161
1068.99547099707
1067.32572213103
1067.02564458875
1067.65670579608
1067.02119978729
1068.70449960762
1071.72630332056
1068.25053686527
1067.71442424439
1069.04857285244
1074.66819767249
1067.63890565165
1067.09058220102
1069.90681856733
1067.43560252307
1067.14471510424
1070.10497384799
1073.44029328849
1068.20618701613
1068.70988639044
1068.02186606572
1068.87570522379
1067.82033989322
1066.97537359162
1066.8270973049
1067.72395896555
1070.110927975
1069.6230680505
1067.02586906443
1070.00370003092
1069.62033828158
1069.09511506991
1069.71777697803
1072.44732446456
1068.88143721035
1067.27785999588
1068.09613502729
1067.16844023542
1066.91804758907
1067.35380675105
1072.25922216661
1067.49106861192
1068.84908061065
1067.64360437571
1068.69846157737
1067.27079894358
1070.52134715673
1067.2597501997
1067.41892166803
1068.23225781674
1067.5395789574
1067.19090776638
1068.84169861099
1067.2305088576
1067.90676543633
1069.22570341687
1068.60231151024
1067.23617163758
1070.12649052788
1067.84798890889
1069.67830706925
1068.18865892162
1067.13923715538
1067.46274199375
1067.47688493421
1071.8810709111
1067.36244879639
1067.17189348033
1067.23957876988
1071.64300768241
1067.87507154342
1066.99825791991
1067.93486793247
1067.56637280321
1069.95594109148
1068.64529438245
1067.78872207331
1067.59004445856
1067.47130789868
1068.98672831437
1068.4576522094
1068.1788634811
1071.09387947023
1067.43067235185
1066.89131328062
1067.58420389734
1067.04826422721
1070.29174825967
1069.20972221384
1068.29189654151
1067.45289207221
1069.51206670518
1069.50282699759
1069.51792294923
1067.93200000375
1069.12897418438
1067.37852248638
1068.70669101549
1067.6912845134
1070.37952376928
1066.9544655939
1067.9111064047
1067.7320881221
1066.86946766058
1069.55416712905
1068.77075050774
1066.94963665561
1068.32626228013
1068.91981213378
1069.02073077013
1069.72821605806
1067.74287042944
1067.79158263871
1070.74147859954
1067.93214826243
1066.95435490319
1067.48936771234
1067.23636729218
1066.81337101453
1066.9114885659
1067.85434006921
1067.57718008999
1067.11783151788
1068.3327622952
