696.283610475258
695.840796560611
695.610938036797
695.599954771109
695.504148590536
695.415542774038
695.365816179231
695.315578273235
695.308342756563
695.224929299797
695.185085126716
695.178305855859
695.138861067893
695.125561140974
695.112101630038
695.098093422453
695.039846172194
694.98510305792
694.897072263122
694.878409573251
694.858484181082
694.854852162023
694.804816926478
694.788319731176
694.779729605152
694.766223236449
694.741043446392
694.738656406589
694.707084070169
694.706924430401
694.702705477398
694.694018412676
694.692112501028
694.690570866958
694.675708553219
694.668432500309
694.663989790458
694.655115659502
694.646060350089
694.644164780619
694.628816122512
694.626615984829
694.609588186701
694.605439152278
694.60153722477
694.585342480611
694.576386498594
694.575026132052
694.568553774486
694.568225558748
694.552242151391
694.551142828028
694.54380948884
694.540010635077
694.527784473222
694.51941493377
694.519035218767
694.50591160526
694.505581376085
694.501424204304
694.495484885729
694.489031405542
694.487096731644
694.482282627024
694.473122273504
694.47015733009
694.470095337269
694.466633433626
694.46459863579
694.456517308372
694.453699130789
694.448544830815
694.446962071052
694.443860297657
694.440789355586
694.436425808137
694.434553927704
694.433816850565
694.432294819613
694.426173106537
694.415682779471
694.415648563179
694.401337419242
694.398764071149
694.397738661168
694.392256865458
694.392107008114
694.38941041288
694.388344437236
694.386939574217
694.377004517771
694.373887448086
694.361136224669
694.353730382575
694.352637653455
694.350810813817
694.347723834853
694.346859153322
694.346550794201
694.332495278578
694.325399338766
694.321634443418
694.318592630901
694.314682536846
694.309509735768
694.309341210978
694.301577317219
694.298072393844
694.292808531357
694.29042254891
694.28662112746
694.286144226666
694.279818889662
694.2718521482
694.261343202476
694.260028871333
694.246262710488
694.23858533404
694.237517409398
694.227081913878
694.227013207815
694.221608128047
694.209214894919
694.207085502068
694.200596768226
694.197242197395
694.187600872318
694.184445958285
694.183089401913
694.1788775843
694.167232770421
694.166808720204
694.166574799578
694.163735498335
694.163469411351
694.162633848247
694.161470081608
694.158969203469
694.149925310019
694.148837600327
694.147466686234
694.145260824044
694.143235351447
694.136912590744
694.135519584617
694.133768086149
694.124112470799
694.121136515202
694.121123989366
694.116605726019
694.11274618021
694.111608386403
694.111191863712
694.10954654482
694.105716057997
694.100262871156
694.099563525009
694.097515464442
694.09666733807
694.094958032432
694.09387290946
694.093038903349
694.091166799253
694.091065984954
694.086996440011
694.085165602018
694.082519913958
694.081187242645
694.077481073334
694.069114749374
694.069015767318
694.068752152371
694.068218411937
694.064917172242
694.061750126853
694.061401911575
694.060578792518
694.0600566051
694.059971322332
694.055107104032
694.048365588204
694.047414992906
694.046226689066
694.043969681416
694.043434969236
694.041925607817
694.041514529487
694.03847697038
694.033748682786
694.032072132343
694.031423554368
694.031285903853
694.030823379337
694.029174054094
694.029040614748
694.026464797082
694.026323539767
694.018235705442
694.015778305693
694.014728082534
694.01244936368
694.011341192251
694.010308050244
694.008133502986
694.000666680998
693.998661267972
693.997817376025
693.993588067123
693.991315312493
693.99046458767
693.989803641705
693.989467071994
693.987265586661
693.98454930644
693.983727530601
693.982952918516
693.973553594805
693.973467010292
693.969337288335
693.969064428985
693.958020309025
693.957662329335
693.956453182153
693.948655782142
693.943265824723
693.941949600636
693.939544310956
693.935274459738
693.932655897435
693.932301080362
693.92698507603
693.924679582791
693.923813977523
693.921731571099
693.911667988096
693.909656260942
693.906514840427
693.906378692891
693.905773788399
693.901477989531
693.898375284664
693.894411908687
693.894405223878
693.893593701003
693.893544834157
693.887861791324
693.884747102988
693.882174667925
693.88152539676
693.878151785116
693.873833540675
693.873022348129
693.872144912963
693.872023084349
693.872003070241
693.868965607659
693.868850402146
693.868182065309
693.867082513991
693.86533179478
693.865273675884
693.864190572544
693.861955792409
693.860321385168
693.859540791575
693.858972811916
693.855829978386
693.854671825236
693.850293892027
693.849703697661
693.848021034818
693.846662279286
693.844188330346
693.843865035461
693.842839975813
693.840382236411
693.840072024592
693.838087265068
693.834778972579
693.833351572082
693.829957483484
693.825715140233
693.82304753602
693.818169914325
693.814815917765
693.81396286843
693.813363988051
693.810808131297
693.809482582355
693.807802729504
693.805944888665
693.804328726105
693.803611972666
693.802636916216
693.800107703516
693.792991998617
693.79209535724
693.789325332984
693.788092976262
693.78554390969
693.785045604035
693.781181058112
693.77356384376
693.77212584698
693.770039122923
693.769372932595
693.765267454546
693.760096527715
693.755808032803
693.755785937005
693.755762930526
693.755325223273
693.755160542506
693.748297411063
693.747283960875
693.746476928344
693.746466059178
693.745859872258
693.744209593543
693.742888973602
693.735855616825
693.732690729548
693.731612136126
693.731043640152
693.730314241215
693.727606402559
693.724013676462
693.72182331312
693.721808289035
693.717519958595
693.716120683887
693.71610985764
693.715308061616
693.714886575425
693.712699689372
693.710122722422
693.707910768898
693.707793659527
693.705332283205
693.701947660345
693.697519904522
693.697101548054
693.690152147876
693.687169056422
693.686947617621
693.685194434924
693.684016485648
693.683532717542
693.683507178117
693.679768430089
693.679115695815
693.678002783673
693.67763018338
693.675371124391
693.674319902033
693.673074855234
693.672732478001
693.666914925343
693.664523912166
693.661293109241
693.660336599621
693.658848009383
693.655856719885
693.655791010269
693.654632166143
693.654036883166
693.652033356206
693.650815420745
693.648913953856
693.644047880506
693.6427079494
693.641475915871
693.639008899352
693.635393245183
693.634941667301
693.632898036764
693.630985084187
693.626583306266
693.625993472292
693.622531664089
693.620957370721
693.620318187977
693.620118450314
693.619406396542
693.619290962353
693.61723580684
693.6136907931
693.610225983818
693.605716046094
693.605144850938
693.603768498313
693.603247525835
693.601738373148
693.599441527079
693.595442000115
693.594556525852
693.594375653376
693.592687435112
693.592048148444
693.590509305271
693.588501316394
693.585188567624
693.585109724636
693.582556563751
693.581279017191
693.58082470012
693.575822442767
693.573689575282
693.567003385753
693.565691004374
693.564494476979
693.562833881185
693.562276825276
693.561386933601
693.560214125221
693.556785647353
693.556217772677
693.554977329324
693.553052422264
693.551121147638
693.550344891347
693.547523397241
693.546565472401
693.545071940308
693.544272000002
693.543812065302
693.543793053373
693.542925287269
693.537826261242
693.53776751865
693.536160416972
693.533257566522
693.531431648824
693.528495900916
693.527576916714
693.526284238599
693.526109966393
693.526026044923
693.525802708472
693.525711263556
693.525364145334
693.525354787032
693.523764268714
693.523271560891
693.522851982554
693.521087025928
693.520838465115
693.515468412857
693.514744723241
693.513773491079
693.512571616604
693.512001536933
693.511077387382
693.507321418043
693.505959796745
693.504070566783
693.503387760499
693.502295421261
693.501026670155
693.500986930448
693.500547987238
693.496632132936
693.493179555998
693.490168884054
693.48964223006
693.488655223962
693.487829892685
693.486938196309
693.484060054157
693.481827176218
693.481298630242
693.479469131638
693.479244008892
693.478791974871
693.476939094794
693.473879477877
693.473594713181
693.472588221388
693.471318706563
693.468903365863
693.46890060632
693.465275797863
693.463844569351
693.462094299652
693.461928411672
693.461188254743
693.45981266172
693.459613280851
693.459059171536
693.454922357313
693.454098046579
693.452758305436
693.452104834944
693.450198827061
693.449715385635
693.448811877733
693.447616529264
693.447176567474
693.7858618971
693.685198638523
694.8035920332
694.506003932272
693.803873238036
693.517841871137
694.175561979388
694.478525334132
694.240597916268
693.856220214181
693.804396471468
694.227076591575
694.224418041865
694.328428309075
694.737788417155
694.923532887078
694.705373120033
693.527062373894
693.638763812523
693.572427336754
693.824857486959
693.796758728379
693.560566500945
693.642223042006
694.078303657622
693.762630265074
693.562266324126
694.0185800916
694.951758922943
694.099960113936
693.698878839018
694.600052896666
693.562357158699
695.556153028732
694.079683645261
693.494428343767
694.085613054313
694.664820979375
694.136822641145
694.163869578755
694.222029344805
695.003665189581
694.645227625413
693.581155735605
693.722489417252
694.381808375697
693.490327897528
694.703255603261
694.904704330731
694.689441124254
693.73761642906
693.923591369731
695.041190612275
694.674192397951
695.08294564261
693.760120620248
693.890224924558
694.242444070191
693.630123161096
694.425496248243
694.53624818668
693.715034597723
694.488705277545
694.230698718568
693.442018153341
695.055476844104
695.02046997905
694.249164552668
693.94379057475
693.527321482775
694.895537392794
694.845957372424
694.25328136005
693.665551381524
693.596249108757
693.595600297331
693.847725796717
694.608742579853
694.343669209831
694.257818438007
694.054543312329
695.542360871333
694.333277070097
693.833542867065
694.197123545632
694.221579605804
695.896657177179
693.702770291753
693.448916236242
695.379502958974
693.867981892966
694.766423357472
694.174090205276
694.49970434654
694.274447402681
693.494483174183
695.277441515012
694.327074072213
693.958359522422
694.372310754571
694.197626967368
693.806031144436
693.888144629249
693.740138506592
694.098521780187
695.296150913142
693.723138282929
694.754537941601
693.982417372293
693.550090346911
695.24063933291
693.452551957816
694.846911067524
694.377599424433
693.760577187042
693.651683445439
693.902233083021
694.286690787386
693.519139123687
695.339422590701
694.321929023597
694.421259564169
693.915374880575
694.616839946033
694.103615902252
694.797196867775
694.761285790919
694.241164195703
694.333146907628
693.864362900029
694.668079662134
694.053105287899
693.63715456656
693.887480595222
694.922635638329
694.297562055889
694.174752433777
693.54483503265
693.616766173423
693.990930507174
694.40245086738
693.693112746354
694.305771459903
695.088081264479
693.854798044195
693.549360891072
693.66902387952
694.968619908147
693.679064765388
693.616519849778
694.078171050542
693.814272115105
694.057331011026
696.422338928509
695.775462975232
694.20517946107
695.328440169254
693.946276720287
694.705384687358
694.007545481071
693.801213941471
695.30069533634
693.710787639237
694.191440727606
694.329288015325
694.011966596684
695.14684921043
694.292504760703
694.059521386346
694.266019905066
694.143565294073
693.867254750036
694.160900470669
694.027918365754
693.97339920362
693.601840960357
693.490864759755
693.944084409533
694.222141766697
693.993737670603
693.724134975654
694.109632591039
693.879213181417
693.822943343611
694.243069991628
694.322886160291
693.859559478591
694.095477925539
693.603716163963
693.629757781253
694.296457633215
693.571729251888
693.480916303283
694.203881399185
693.695975758889
693.773407514179
694.53566674024
693.666797121883
693.968309361095
693.926827113461
693.715602029969
693.852218374356
693.443895720096
694.932209896683
694.159047032179
693.681403943453
694.175311645091
694.279753445367
694.145692631676
693.782722847175
693.598337690079
694.850690865126
693.790955263082
694.029860707808
693.451186201525
693.861368433868
693.874251279313
694.803627331246
694.578203027228
694.296345945764
694.866310078225
694.882349726279
694.348057764023
693.581592430401
694.599222946822
694.776022158879
694.449934956174
693.650723139592
693.760728544947
693.631823224827
693.680314962094
694.293500271108
693.8354718181
693.982328788298
693.612883266499
694.717053347494
694.477375147166
693.785383314466
694.448042222801
694.487299352728
693.869478770813
693.705997825099
694.663382523255
694.677309444562
694.183326739946
693.898783857678
693.44417806495
693.775551262375
693.491269560877
693.545770391974
693.476541008972
694.108214190578
693.986615096865
694.096491600756
694.396036537193
694.101011069893
693.617281091586
694.255192779822
694.822896615522
693.852467661588
694.59058162563
693.789988696251
693.825189023117
693.747536310393
693.728611380014
693.918118201272
695.081896010164
693.980945343647
695.258812548091
694.238085324753
694.130890976722
693.515326344124
695.34799005937
694.123606056028
693.59373816922
694.368021947373
694.395941310266
694.379987675738
694.434131264831
693.493019233219
695.413402310291
693.551152739013
694.793719629257
694.383863632456
693.766302248876
694.654473538444
693.620034175184
694.422588235872
695.251856108548
693.604702416641
693.746213766108
694.332032720418
694.828664940258
694.813482124379
693.569534798164
694.404210696497
693.543937767435
694.617694566585
693.464809336467
695.439786611717
693.708150154671
693.72361592105
693.466085453
693.460757775299
693.657454763338
693.739457420358
695.490493747584
694.267303179958
693.875210730221
694.810871858944
693.573490700271
693.986401064541
695.116232270714
694.105074582093
694.34566968047
695.151489085121
693.914738970861
694.489009082835
694.227304309801
694.446151786975
693.53399131108
693.464931118934
693.559050825283
693.771810603856
695.087798432498
694.494762199993
693.467640525946
694.924784218881
694.313631830636
693.897250251767
694.532608388356
696.011655477999
693.590674691281
694.787682515617
693.811322170166
693.972122943122
694.717038142674
693.828564588203
693.904931377257
695.264177342862
694.283688429949
694.038247948047
693.696994841497
695.026284931535
695.479806809456
693.835977933759
694.752835141196
693.777132250826
694.494202128754
693.848234756051
693.675669355
694.694158940055
695.275611050021
693.866387242326
694.03181589719
694.821507502411
693.741703919388
694.6790149525
695.375710473804
694.008475676805
693.677766933579
694.395056102205
693.915321976841
694.584291364986
693.583438171112
694.917116468428
694.371592494974
694.220289856292
694.095059729132
693.551390262969
693.607584615556
693.518474042626
694.740185364549
694.310767882337
693.768831804839
693.604291911386
693.933701802575
694.63264864632
693.460389483659
693.704466091997
694.545205908329
694.077157481913
694.252886315174
693.50031498072
694.945673333515
693.719516128096
695.66225946873
694.471694707656
694.272517002114
693.84184333633
694.05595978758
695.477661989918
693.529634634398
695.115865491593
694.638834832804
693.695270104815
693.967315954271
694.433306368553
693.501796138431
694.793486319542
694.308678913696
693.96043118678
693.662306057656
693.812575302222
694.576755699007
693.930606793072
695.341158529221
694.343634794682
694.395833343925
693.927660851556
694.183386400751
694.207078388237
693.937497713517
694.310517494254
693.690869406399
693.455755747527
693.898845086691
693.694562548117
693.461305598805
693.668124274332
694.041360636431
694.762770342034
694.423998933822
693.845009069438
694.60962455551
694.861397652239
693.517495616307
693.740744028877
694.362354927364
693.634701322449
695.095308603025
694.191355835813
694.295734417825
694.456522354037
694.382009353444
693.682906674407
693.443249374786
694.567857083792
693.52945322194
694.790716906807
694.171857514462
694.104387349939
693.950581322677
694.042180944713
694.084126002957
693.929895295828
695.116674932762
693.719443937771
693.577071777887
693.471217842161
693.85215751366
693.474412621743
693.661946582645
693.987137439136
695.222893016183
694.12290918125
693.611212834105
694.607836701461
694.092029788087
693.882595895721
693.952902863537
694.565580812777
694.394910106121
693.938752302047
694.253744863533
693.734971500182
693.785653704931
693.991146831507
693.856257649221
694.453187201481
694.292022211592
693.475741997187
694.929676546551
693.556101161004
694.539592093227
694.060534881983
693.554809652161
694.350428596601
694.892971612398
695.74579423134
693.796952396161
694.134054767616
694.600761920238
693.911878950652
693.445596989325
694.594530920047
695.832249998524
693.537071460927
693.924519082439
693.74354470095
694.052794489095
693.586292032768
694.541361680506
693.512571437366
693.71646098555
695.354056162872
694.057360018886
693.838289957506
693.974832338896
693.471714259779
693.604586395084
693.456110441922
