943.355389344641
939.787218609157
921.785358902395
918.690330670971
917.083663671919
916.460506972777
916.072336316638
915.604239935928
914.822112485232
914.658382566769
914.500607721159
914.072171924206
913.725610419819
913.207076084887
913.071782977511
912.209950824138
912.108838333803
912.072355434201
910.776155338518
910.696839755653
910.625342824015
909.92863979815
909.592312192878
909.29984755481
908.67361519717
908.460626307944
908.233755036528
907.998125211317
907.902420052652
907.869730690619
907.704262850676
906.614314575747
906.175708333212
905.678668834127
905.641464340775
905.103458399957
905.030578259917
904.991897581137
904.877121596042
904.145563132825
904.065109064476
904.014705284317
903.810843191631
903.761279173107
903.719182245512
903.255954975318
903.19288214273
903.184942852294
902.684137572122
902.047990454679
900.962050261041
900.79676857569
900.660274522231
900.41467501199
900.333803410237
900.238314925174
900.098469529578
900.060836070457
900.031346263028
899.887756640952
899.773152115471
899.745695943986
899.741398499673
899.733982297042
899.536461063182
899.488859037698
899.23374239898
899.043793663451
898.900940801411
898.852554416539
898.742305057505
898.726989343255
898.625624565682
898.495936242281
898.101251384229
897.885908961703
897.868496668838
897.746505386245
897.362332395909
897.349329574269
897.33133782971
897.325713322607
897.214574696112
896.98771749066
896.925949644302
896.90025979363
896.811859503208
896.736423132613
896.591001679638
896.430384520031
896.359764508615
896.314106342975
896.233752570941
896.156874959812
896.119534589959
896.023661210681
896.017026077299
895.9597453548
895.930792254643
895.859523924542
895.831145810687
895.826861514657
895.760466255195
895.653810476495
895.561632718435
895.41916623698
895.339671048892
895.277447457609
894.662751777312
894.611424859991
894.488977259254
894.417938990502
894.400767411717
894.244078420784
893.893877639136
893.888693226587
893.847486513431
893.815845584209
893.800368655855
893.642543869559
893.638478609107
893.48018680801
893.113594776112
893.091908183853
893.02356754608
892.949930837428
892.876356725397
892.860182586675
892.769852854528
892.67181183073
892.5850656129
892.578555419744
892.27665469903
892.169170819237
892.058318589261
892.004031465866
891.778314246934
891.535644916568
891.490951412377
891.423178021979
891.307064320569
891.296492568512
891.151088645449
891.016432104314
891.008316805308
890.9737495471
890.888580466988
890.833789781762
890.771636766553
890.724732323264
890.721818779055
890.101966087469
890.058465516126
889.985539358781
889.900656648322
889.822488096105
889.537408828537
889.502497364049
889.383753284498
889.27259256816
889.252884336591
889.227976341286
889.150311427912
889.067955577171
888.934778703672
888.852503262818
888.813601003341
888.73235949724
888.706070162413
888.638091774733
888.019688895677
887.880634532469
887.835850962952
887.821410864516
887.804550340197
887.73932001594
887.737607852154
887.691839522132
887.688010172015
887.676912549468
887.561352779302
887.322438150227
887.301920868437
887.294276127717
887.176112102318
887.118308587033
887.087259239846
887.002530778598
886.929989963893
886.929695224685
886.888852017439
886.886717286661
886.877497691713
886.855805303508
886.660795100562
886.649849413192
886.599432769119
886.589315648234
886.583249260762
886.57185652606
886.544525693393
886.536732234628
886.533451954345
886.484507584758
886.465631682534
886.452000487402
886.373127613704
886.36518984927
886.314666747726
886.265419149149
886.227329447637
886.220282321882
886.21784561578
885.965845692412
885.94136458418
885.909688092927
885.908648143164
885.792785919993
885.738565791353
885.718021896381
885.687854785536
885.682454255454
885.680797094274
885.665379218417
885.661485626892
885.654653549946
885.475930126225
885.440589253531
885.413650232886
885.361812969707
885.322349926747
885.305361327494
885.300079276213
885.260805516498
885.257930660048
885.22711690508
885.201175757568
885.171055406371
885.068689815833
885.049436016192
885.032732051318
884.983252535184
884.91681805749
884.906546589269
884.890614326927
884.748139474872
884.719280674319
884.689451831012
884.610389957032
884.597325693927
884.573457146134
884.546280426218
884.540429247456
884.461159825614
884.439411356959
884.426867747334
884.410183773462
884.400492219913
884.378233199095
884.314175998864
884.15139942028
884.129972251292
884.086692987148
884.083107042623
884.036451129753
883.919176949582
883.919173360561
883.902412405227
883.889402729742
883.848103990115
883.790419686222
883.752534636487
883.681736976165
883.662976881687
883.543656305332
883.522700427942
883.453740399441
883.425380096824
883.421251593986
883.399342570059
883.344187718743
883.323741514194
883.240079061485
883.219916667482
883.197433500519
883.121069107304
883.090134031773
883.067627325249
883.025551700658
882.999941150599
882.833923814363
882.797246271336
882.759975012069
882.674436055545
882.663098829732
882.661713498088
882.616660970951
882.616207993017
882.615445796793
882.61285511542
882.61264335955
882.579321891206
882.572728017789
882.48646236768
882.444047461368
882.398806706672
882.393443367155
882.384863842066
882.381637192092
882.373873299109
882.330198220191
882.304097120395
882.269042249667
882.112039542657
882.067169890032
882.003484514027
881.982585461082
881.833189200054
881.79138076528
881.755343044378
881.638648058726
881.620339635305
881.563747537073
881.561908542798
881.51132306533
881.499200706639
881.491003965681
881.476442765626
881.447023938042
881.381312354466
881.285211828384
881.237746755858
881.192628157246
881.098690154009
881.087081301677
881.00959157335
880.915505247923
880.859845823344
880.857796257125
880.847214874936
880.779702512513
880.754629068578
880.752699895875
880.752432691557
880.664022129942
880.617783388032
880.578469474108
880.555367670801
880.549228669259
880.49551931109
880.388716872038
880.334917965397
880.211878927737
880.071048574469
880.053530627255
880.049095776012
880.017778671233
880.005820607619
879.922808075288
879.903668784184
879.894743113545
879.82217665394
879.820847611383
879.733436950901
879.729727142301
879.678733577351
879.658874972181
879.652573589672
879.589176932068
879.554629095914
879.553548482204
879.515100675867
879.487901090129
879.481418791736
879.478419619224
879.476900967741
879.444460585868
879.359239898504
879.308246847549
879.18601638703
879.143527162003
878.96137238696
878.929665615185
878.918878160036
878.913408244516
878.908965554087
878.8816822838
878.865444649867
878.862683140376
878.818658183625
878.815674481129
878.804381804483
878.788379270008
878.764662888374
878.756476946263
878.749321892612
878.66869294028
878.570327065973
878.560847231938
878.560702333032
878.517804304374
878.515560963656
878.473573449528
878.464607372998
878.44779969998
878.425053186628
878.386198028404
878.38062558788
878.380075204874
878.347923980199
878.234130038522
878.209235587238
878.19813636919
878.19198538236
878.186238785538
878.186217343165
878.174584629094
878.168237076547
878.141577007304
878.122055630918
878.098830565709
878.08967068075
878.076866103928
878.051781126624
878.034760686519
877.998380600227
877.929145129342
877.924988450926
877.877593241127
877.818529259475
877.81824825322
877.816067644686
877.800299062954
877.796900433174
877.776905493762
877.769468528272
877.750005262315
877.74541986227
877.72731682473
877.703651267701
877.686704499067
877.625314049445
877.564470142118
877.502928906817
877.363916024705
877.359931150526
877.316449584266
877.24381998887
877.237208842014
877.196488447553
877.16574251604
877.15926385425
877.13268318148
877.132526399823
877.116857645326
877.095391031722
877.09503795774
877.073768649134
877.015843293163
876.997923257366
876.946963758635
876.904861161609
876.873074185674
876.827242682194
876.795813431183
876.766668986761
876.754958744814
876.647989813732
876.630346948829
876.625038478552
876.502718808197
876.495833970791
876.415670796223
876.411150411547
876.394566712599
876.379584491787
876.378647782293
876.371874846579
876.322005201949
876.256289018752
876.202742725773
876.195169512718
876.166327502674
876.0271117958
876.01828674205
875.982242113129
875.98009036573
875.973074631561
875.896131791722
875.825234902481
875.803911502922
875.773399769774
875.770227031605
875.708384984564
875.696950213312
875.681204440141
875.676593939211
875.664398787134
882.318635536853
905.498913321208
881.507354320159
901.438016676833
879.872546493846
882.36626255924
879.714775416892
887.17797735534
886.768661650756
893.480604184265
892.492080120259
878.999628625942
890.417407958385
886.031245401278
890.480301231545
886.610209522088
892.059904016023
885.379688012145
888.322548691149
881.19440964458
921.522107112916
896.406355345076
884.427487301245
913.700065011692
885.122159862321
876.403145228864
881.234068245673
876.269668789291
884.492491130578
881.426407585606
886.817610167092
884.106264748967
892.786368547295
878.799338911159
888.482142765889
882.524795727426
906.896952154855
901.174067016338
893.139475787199
879.628711341845
892.353998339524
944.988387931484
878.83499512951
887.549328291279
885.986201234352
888.031286844791
892.909297001397
886.382094394923
889.166935249373
879.462467162725
877.173795124518
881.944185822415
884.036358582014
886.208663794346
880.417636777618
886.900989752649
894.220197871785
876.664130076948
876.898950042447
878.439839283807
884.915696477561
878.203366203574
888.600260930852
879.331097417193
886.490935353251
912.082797858186
877.00394332065
880.160223723303
883.624197067245
892.207601378429
884.194342780715
879.985687001181
901.131666354228
876.65024111858
891.260537148957
884.82299375784
904.297277783402
891.768406036496
881.479677681129
879.017721007208
882.80024220322
923.348011968919
882.061562954025
905.191029605964
883.128718095668
878.113436937646
896.652548777605
885.765401875008
892.006535810819
911.843271800189
880.454199200724
912.030870556064
878.903440958951
888.402717742319
877.72820684437
883.822600314898
880.757280702878
883.405317461608
887.88525974904
879.349058072398
883.097265170672
877.489889233048
883.63367230357
883.499947395386
888.070886086558
883.663214725012
878.739446836611
890.884604488489
879.009611546405
940.253783951469
888.519382894813
893.960992976353
891.940141064
893.293745207297
889.141047198229
879.393722701658
889.834396249296
881.124739484283
882.142562482024
889.38097170917
884.393061165375
885.272290992115
889.221929730544
885.38083116108
879.978511267516
876.144876562463
889.524957514985
878.927416400179
881.794033059273
891.350841687609
890.233443473431
891.144200252287
889.057815943388
882.571448628046
878.600424969481
906.22282533338
887.680600917819
885.064051412209
888.452534467878
892.192712942632
890.94216240398
875.694922452823
893.337839536477
878.889730726949
881.150989240089
879.234246921508
907.742072608259
877.239749096569
901.603428514741
888.44042666528
882.823298552254
886.633452849073
876.267478967714
879.692257951685
890.071759251426
881.909095427499
880.6447065406
878.164952261539
878.778485245158
875.642098712452
875.964349805172
912.203109527778
883.083352891586
876.454935101702
881.514429670299
878.342805009223
879.933349716512
888.997216485871
881.889327308125
882.144172167167
889.218839634157
887.286406799302
878.10317656728
891.720410742808
888.419880528868
895.554181993029
886.722294345479
881.122682763669
887.84832661424
895.904239585917
895.072883387881
908.245344144762
886.160380957253
877.06845884645
903.537704599122
880.011981157316
877.925586696483
879.030927553475
876.024156852237
911.063855645641
902.405829897185
880.893018427529
879.436415515787
880.266659402328
876.119900805827
887.224908168623
886.640550074615
887.27793459349
899.679309856444
886.581106062146
888.061453967517
910.319604450435
876.887261439911
884.382156254152
889.092719599905
882.284830210884
898.2058274472
884.20975205766
895.696761334195
888.891637507235
897.778486959445
899.647591318287
891.613059280816
875.692145256385
883.537496563451
876.736761147891
879.84550857751
883.768577350463
876.80763322175
876.453402780496
889.665571315265
883.115008616486
893.521035841606
897.338017489933
902.409814709115
877.556232295756
881.072990850934
898.673394214356
891.661131873014
878.890891149056
878.180372711983
883.482984340436
879.399472199048
917.761432247246
891.150835600234
897.181505622668
919.874415921548
899.390579001267
893.797789191396
879.728823851067
878.920959267835
880.281271448392
888.822564147425
908.702776668936
883.777409491921
926.387189519235
880.062327124672
884.913613627118
895.440089841396
887.052106798528
887.44057202097
894.024732547794
899.081610717548
902.366449035533
882.563720081152
876.067528479805
878.022337395123
898.938696052129
902.796928686919
878.693517538271
877.769417307344
885.658971050326
885.892588327838
882.539024001423
881.111359355973
903.414065166137
898.09715502131
889.248384471639
922.908201785008
884.877041306314
885.455891506966
880.795958444928
881.592424574062
896.588998231902
890.641687494325
884.385462711329
885.90830603585
880.409204185844
876.229387735714
897.753456468758
900.438595957598
875.826382615804
887.656037282537
911.278208539433
876.043710313537
890.238214996977
921.667141709301
886.632099952534
891.464911790153
885.004952672321
893.514590181174
899.918246427273
892.595572087681
889.893186964047
901.269614798971
896.573512511482
884.171333947195
906.41133512949
911.274933087304
878.989480272011
885.78376435822
900.210347107594
881.715644850266
891.251709225187
905.394043935831
890.455680111746
896.362042900239
877.412839090795
892.526711857433
878.709343361404
933.343910740697
876.237110356119
881.104646253284
896.359536904031
889.895622292407
909.29783555849
886.93520253577
882.515514980008
878.866148431099
885.145213090857
898.153356525897
876.89368562252
877.437102450354
887.010647045186
877.421544570575
891.870637902154
879.532244675537
881.077161840577
875.741702697664
880.553080252675
888.930233815403
890.816954947932
883.080997552907
883.196772213195
877.333444729457
889.101942980789
892.956280091025
899.776595444509
914.203705343995
889.203338717146
879.732998826929
877.704561394822
889.499697182115
884.659421062682
912.080668483559
886.586762929179
890.085909452846
906.69003285006
881.704591153961
883.89610350771
879.720990875583
894.879155880437
889.51840781576
889.176877471215
889.829252226669
879.361568015132
883.672095312074
896.577308739946
881.961957153981
884.277157324704
880.348898653987
899.249537839151
888.626639360162
881.157439460014
877.278839131414
894.290476375745
916.822008815788
882.201151532716
890.588785988125
887.197252717051
888.346457317908
875.797424106473
876.341182684724
905.212968865186
877.442167296873
883.182126235717
883.054791940679
891.113916657681
889.214559041272
884.880701378048
877.915106146656
890.182092559031
878.858785833625
888.954347200354
886.412773383761
878.123963233713
878.516472373286
881.422040250152
885.835707750577
876.959445393864
877.133642990248
887.457406139796
877.209580141742
879.93981609783
891.042303935207
880.622964263116
886.331878887802
888.468727820607
888.257717244104
881.31819200142
900.764461263103
899.876212476169
886.933960058031
888.610614272657
893.486396762193
890.203153627687
888.549488024062
894.345318071615
877.039561573402
904.0113417645
895.283047598344
886.49689141037
876.158089357172
877.082688994712
893.03418994099
879.817799665452
890.511766460326
906.399334598269
878.799824835243
878.82096996004
891.39121194457
889.782651208215
880.842850740552
876.359460092696
877.676577567434
879.87146742655
881.809172995958
883.084263244188
881.424108384481
898.81373113874
891.311153251752
897.489824947863
878.920361206776
899.968737225758
883.024045140091
895.494586568428
877.389951376166
891.286441389017
885.488531099098
894.345754965654
882.837676432158
875.960066231795
891.669587944174
898.305438478691
880.165050225466
878.107656100543
882.574686509476
890.603042015763
879.116158398451
881.135864609747
876.490483782272
926.170552221399
879.681912153294
878.951819684546
915.13967758766
888.665891679831
881.899650660804
888.204359839196
880.864506267902
880.103009456788
882.6207890542
877.482558252983
880.021632883895
905.286763996837
882.440479263947
898.567781637636
913.985145944864
878.576723044709
877.423591189593
895.956012145166
886.117725013789
879.381854376926
912.331137439449
891.326269542232
883.343419221697
888.50535556594
885.332864062918
880.159136745489
888.744897363938
879.988831498805
878.709132862825
891.828607164461
875.934881076013
878.76124882791
900.675685401059
897.97028442693
880.152499183766
889.094751348397
876.877015675527
893.493714131434
897.713433352743
900.518792087532
877.878847537924
896.876053534045
914.194896739863
903.247831764602
890.726927910166
884.869340412798
897.18229871928
893.989265401262
881.637627406
878.693879838235
