707.538675745335
707.272563231188
707.184650413272
706.883683657386
706.726633898867
706.278366884649
706.146026811755
706.093646223113
706.052452214643
706.045329194785
706.041983809895
706.017183997894
706.01119733134
705.902302263174
705.870504286186
705.865184214226
705.798613016053
705.756400559943
705.736396756612
705.73192121386
705.677040658318
705.572104025376
705.567129583754
705.549272881437
705.480185158346
705.450762972678
705.426480756553
705.298704710505
705.247652900236
705.245976630951
705.213951497154
705.209981147936
705.200618876131
705.191640323121
705.166942602836
705.097251137479
705.08919242143
705.087143870829
705.075210174279
705.057289171912
705.048384321193
705.040918530083
705.016819401983
704.973948979115
704.940252760835
704.937478744318
704.907791102925
704.89476131078
704.884049742705
704.874863384346
704.863862809269
704.861174641816
704.859553989245
704.849926252398
704.849862079458
704.843032292438
704.817224823704
704.814543721869
704.803321853774
704.796549763664
704.795981658037
704.792687698715
704.778327519286
704.77152804978
704.755992490085
704.747925252914
704.707945630645
704.680904003025
704.653279653438
704.651901106524
704.636883018517
704.622187605658
704.592378355503
704.574606667344
704.565166370605
704.564248582497
704.561189445025
704.52291847632
704.522014709452
704.518777473248
704.485583520791
704.483502426054
704.481176480841
704.4798482294
704.453051731667
704.429054051691
704.399497642073
704.385396016473
704.375828498255
704.361244684112
704.359055963507
704.344169001804
704.329461217023
704.327312016519
704.306737147614
704.302042347622
704.297608945566
704.274647691644
704.237749781504
704.236962767138
704.2352173586
704.233693604185
704.222540807048
704.219269798729
704.217523461038
704.206387292092
704.203437538584
704.195041678015
704.188847078164
704.171726680025
704.164793759611
704.145702518666
704.132547797707
704.118418841281
704.113035757106
704.102454853937
704.092339895769
704.083267944097
704.064294720113
704.062403158957
704.051986231581
704.051335524001
704.039341221944
704.037047046459
704.033580669725
704.024936922294
704.022601222363
704.005927264714
703.990733476196
703.990128100505
703.985404034525
703.976121500985
703.957938412709
703.954902970618
703.954645645099
703.944196613738
703.919049142248
703.918202702386
703.918042500493
703.91043726413
703.900052407478
703.898996328482
703.894032825199
703.885276584865
703.856981368027
703.852275984564
703.842166175003
703.829643336376
703.822384808734
703.807690845696
703.807325960157
703.805458203839
703.796751366806
703.79621622462
703.792691772673
703.789747275668
703.780734499578
703.733157303427
703.717769498757
703.71541100852
703.714225163848
703.711175647223
703.700281668475
703.699619327987
703.696693605404
703.693371435249
703.679989232838
703.673742073426
703.652425847909
703.649992996331
703.64444324542
703.632450935197
703.628789473091
703.628576773808
703.625946986003
703.616917680738
703.61270768706
703.586279448667
703.581874502532
703.577300791467
703.574914615423
703.570413153763
703.55698619533
703.549924086589
703.547990400192
703.543794856957
703.539681412151
703.526988255443
703.525760548815
703.510263940352
703.507565482912
703.493682669297
703.493529353403
703.489172648391
703.464262241485
703.457971312028
703.45155284671
703.449356294589
703.447648962155
703.442960515423
703.426130130068
703.419856822371
703.41966681651
703.419600557034
703.410740204548
703.39950855026
703.39230960449
703.375164396998
703.37149397299
703.368984670645
703.367049824123
703.36609064456
703.347755318552
703.34596576628
703.340585543368
703.339402488763
703.335581770173
703.332234459002
703.32955380462
703.323134956474
703.321421700765
703.31908859381
703.306253906329
703.306004251183
703.281070884479
703.268886067522
703.249858202157
703.249698552275
703.242564265235
703.242533598064
703.240048623795
703.239180964373
703.235338934296
703.233788696055
703.232028685267
703.231757122535
703.230624768893
703.225148595735
703.224137955751
703.219323320212
703.2094978069
703.20243012625
703.200596371444
703.189339399705
703.185376629895
703.18002136755
703.178443408928
703.174707274111
703.167824361823
703.167046748581
703.166951980543
703.161935275662
703.157685329856
703.14649439335
703.144147133583
703.143808241314
703.139334158304
703.138833053417
703.134759114873
703.134694187944
703.124843719466
703.120323782516
703.11917635699
703.11388915779
703.111425647666
703.110532621166
703.101034980187
703.097713121068
703.097146451499
703.087919643881
703.086616358585
703.080852916001
703.071381198525
703.066272756596
703.059035743049
703.058731222911
703.052875571071
703.049728257739
703.042903466267
703.033559635567
703.012548561282
702.997566149969
702.994186286259
702.984061999069
702.96834635393
702.964886853582
702.963423829674
702.960443512781
702.955095791001
702.954709724965
702.95318629963
702.951675806373
702.947483418605
702.945105437826
702.915577820055
702.912606885188
702.90900008886
702.908599990247
702.908521578559
702.908125798022
702.907920820932
702.907871867176
702.907775107162
702.907223423631
702.906830109853
702.906770610794
702.906751032827
702.90597732321
702.905445143084
702.905418591641
702.905034902568
702.904859010234
702.904550060118
702.904304783357
702.904165517966
702.904055723152
702.903999897963
702.903974705727
702.903963399301
702.903878833321
702.903622589647
702.903294753551
702.903279031204
702.903173459239
702.903001794293
702.902980920831
702.90297733676
702.902878157745
702.90286028296
702.902846872959
702.902776199418
702.902736694114
702.902630209291
702.902563423428
702.902539631104
702.902472783761
702.902426831196
702.902425316091
702.90206843893
702.902062357755
702.902059660372
702.902044974334
702.901907677757
702.901818442603
702.901726842188
702.901647596226
702.901597466931
702.901225844044
702.901099926842
702.900975712394
702.900953158292
702.900885678123
702.900809188031
702.900785935454
702.900731684148
702.900560453105
702.900463774773
702.900409410708
702.900310578369
702.90014457594
702.900116020866
702.900073624814
702.900046825629
702.90003360671
702.899903925108
702.899804364504
702.899751218614
702.899735256659
702.89951297305
702.899457413388
702.899451918814
702.899425355424
702.899423243419
702.89936313325
702.899290408468
702.89925591492
702.899134469719
702.899116668714
702.899105894745
702.899089110329
702.899037444357
702.899017049334
702.899014258644
702.898952433287
702.898915838771
702.898865897996
702.898851818784
702.898327144406
702.898298011829
702.898274757313
702.898210412962
702.898204896671
702.898190906545
702.898166866082
702.898155310572
702.898144954423
702.898028509552
702.89778624372
702.89749110694
702.897463616926
702.897404128372
702.897384233628
702.897367251724
702.897350265028
702.897290432899
702.897172445829
702.897130681109
702.897092486762
702.897073188384
702.897035130698
702.897014392179
702.897000481986
702.89685081364
702.896759313895
702.896757449428
702.896649381203
702.896629801602
702.896502101533
702.896488533087
702.896430988187
702.896415125157
702.896413102213
702.896394582987
702.896302306765
702.896247915034
702.896237120764
702.896236000929
702.896200807748
702.896177688369
702.896065457032
702.896054731011
702.895984966252
702.895962676777
702.895914394516
702.895833514641
702.89580956465
702.895802824338
702.895802555349
702.895686155781
702.895662552098
702.895628179044
702.895620793434
702.895583688968
702.895463837877
702.895413518731
702.895410687263
702.895409811269
702.89539981252
702.895318099985
702.895262499534
702.895247969646
702.895242392841
702.895090183888
702.895037291501
702.895032757779
702.895027917921
702.895006016313
702.894943103508
702.894933859282
702.894888830989
702.894820167062
702.894652840737
702.894648685184
702.894637258989
702.894625684909
702.8945979567
702.894553252483
702.894502729673
702.894349041023
702.89428545243
702.894233010761
702.894166358931
702.894099305328
702.894056401661
702.894051866318
702.894045359254
702.894040186545
702.893850714883
702.893792285705
702.893708600053
702.893691668591
702.893658831686
702.893583119676
702.893450985827
702.893431994645
702.893341184659
702.893333931572
702.893307417461
702.893298970756
702.893262224752
702.893212296512
702.893200792021
702.892973723027
702.892876978596
702.892872006379
702.892831165723
702.892760470595
702.892758128446
703.415989624511
705.358378800011
704.243137998148
702.966903376243
703.398291834247
704.181632425937
703.698157282096
704.127964502488
703.921664726572
703.772180950223
704.572878702737
703.303177399498
703.004753747334
704.956082029513
703.652595083286
704.635876704167
703.237392782041
703.327027689273
703.333296943033
702.894833316847
704.061828704353
703.208028584065
703.003735861262
704.171647070273
705.637569587764
705.832053773463
703.569414916105
703.742159188549
703.63497770545
703.153129598316
704.003292937598
702.939837337248
703.59326820391
704.537220092235
703.550786923505
704.123931640722
703.972652272737
704.876186677159
704.530406882705
703.10328742508
706.312796474897
703.778916945208
702.899339631216
703.596959878227
703.601006621539
703.863552388188
704.950039634928
704.10276158391
703.528965192696
705.401324746519
703.24157263197
704.871821330244
703.525390565858
704.818864249829
703.895150473363
704.541286894746
704.797546028713
703.754146871661
703.20123309164
703.116504879834
703.328545041509
703.504979847861
705.925627701834
704.893251620414
703.342603973546
702.950280343261
704.720744425072
703.720584135829
703.735584938043
703.787513909565
704.191383220592
704.953387001223
705.074863397825
705.550355655228
702.902533382477
702.939850028474
702.897345239491
703.900838206293
703.32005192882
705.125666462532
704.19244738466
703.441430856488
704.723940883812
705.2677130192
702.946895538235
703.391495999674
704.719697572338
702.894559937243
703.470558792592
703.180855095502
703.649927297736
704.040948631327
703.217852666452
705.251494624442
704.732265586782
703.592625943538
703.549320890215
703.097806228816
702.939086157521
702.938579839832
703.99739613307
704.681031722359
703.108278693029
703.141210656746
703.23812738371
705.408321274911
704.453274567106
704.469518869374
703.26702981352
703.183088438217
704.685126732445
703.407598584505
704.317065726982
702.93987209226
702.995871025245
704.633957312167
703.320244724988
703.783723751882
703.842503262183
703.969851514394
705.175616660337
703.598389514179
705.210283284723
703.903212298331
704.298737466269
703.537058458954
705.864148368671
702.924640696863
703.782447474618
704.600418706247
703.648672003331
706.315746714169
702.918578639479
703.478070903506
704.955913817505
702.96179524175
703.803451069554
703.010832688235
703.294534385652
705.856490544271
702.937689218328
702.897765388046
704.145522491933
703.142444246411
704.599461925366
705.995186496094
702.954510041155
707.183031835831
703.538432057831
703.748600440125
703.390585894033
703.178845878797
703.970190436017
705.290182501904
705.187141892799
703.970864248947
704.385281216641
703.85191734144
705.100140613103
702.901061449035
705.090638010229
703.331283463065
704.666154825952
703.304707669
703.186393238713
704.682025975007
704.111047155653
703.346959954433
704.673805821134
703.429272791535
705.123592829286
703.289720748554
704.322836759416
703.694840818592
702.974591874078
704.351933411164
704.333318313748
702.89528019141
703.081817211901
705.086586061446
704.161879202545
705.993140933984
703.087127948345
703.54501190471
703.176257234077
704.390280628105
703.095514879554
704.590822197588
705.307279627089
703.803182046955
704.623594021684
703.34935241248
703.671977831568
703.265530906161
702.895765458327
703.556548259057
704.814070260598
707.175400630938
704.616215627723
707.077530315978
703.589913997341
703.019116296769
703.850271093713
703.704190642365
703.016730221907
702.914500825466
705.202978618077
703.989010478741
703.67391824707
703.137911660453
704.161578184047
703.520459545539
703.321560952835
704.165833793188
702.957574071344
703.5548952005
703.555643900663
702.898990236836
703.434656467966
703.550199593913
703.884358427718
705.05103411571
703.659173248182
703.138861506355
702.897776489721
703.359318397412
704.123060151923
703.682267170931
703.150017779183
704.239431570214
704.86063460487
703.474408968756
703.384732181342
703.156395562947
705.014397043963
703.374868133699
704.859733249943
703.266137229231
703.22300192437
702.996865392764
702.900617044677
707.141597251117
703.346190023236
703.243395288954
704.387948785729
703.444337425296
703.141226595649
703.340454744565
704.871543708429
705.380586119061
703.113537707196
704.12014490315
702.919972823521
705.181965543429
704.972336996468
703.516993972437
703.858531590642
704.395827520272
703.602882633129
702.983211139029
703.39030442803
703.290735222213
703.301658746397
703.971510514998
703.92237193381
703.099789324454
702.943967295917
703.561555960955
703.552150634224
702.897534073771
703.19106987395
704.108988484651
704.548584576914
703.449553568973
703.842737073699
704.739543893804
703.647493886224
703.156959604011
704.839297414226
703.114441734718
702.956828763988
703.347506627657
703.601616768484
704.043236024492
703.18876842466
703.675671502125
703.248924313829
703.650152933573
705.640023338932
703.835402082779
705.592825405173
704.087695453107
703.541284904947
704.631176227705
704.614114192119
705.311882999141
703.983313249453
704.022204853747
704.222006824564
703.771435397746
704.115529761031
704.397207676462
703.419208290116
702.894968147908
702.967561373994
704.70009539291
702.905680325034
705.335221234718
703.843510479726
703.532751752566
704.17203672502
702.981455949111
705.331133208992
705.20289848791
703.229002261601
705.124414759259
702.963316585912
703.133692942376
705.117330931613
703.284745178458
705.007700148379
703.695279037471
703.130132674968
703.397562985934
704.062927031108
704.145433064273
704.461853808195
702.899090556657
705.583120814065
703.312427559128
705.147985076863
704.32747094334
704.100977071113
702.893836089252
705.42045501637
703.816391515908
703.294403038812
705.381069736249
703.758081543914
703.62514128616
703.070459000705
706.051868486119
703.303192296836
704.174725892258
703.850720984788
704.859216660896
703.742476240446
703.121286115201
703.690963313191
703.716374982606
703.520889636729
702.896154553567
703.42011243929
703.395680704208
702.994166305252
704.011597023115
703.827225319925
703.88284295437
703.04507933049
704.298357255328
705.647304977805
704.67986609009
703.027462263023
704.367917536921
703.86047276827
703.249678564804
703.03278949499
702.900250540144
704.725944612327
705.903741892416
702.93592042452
703.044509434522
703.403863795117
704.028199064593
704.935560897569
703.028497144743
704.389947652434
703.868589219924
705.334119607633
704.708152186022
703.712278094521
703.178953614563
704.479734132051
703.306669704184
702.958599463969
703.602025431975
704.998565102922
704.057702101459
703.414272998728
702.914253285812
704.107461467501
704.390241780024
703.166198013304
705.161297727246
704.040673993278
704.8429803668
704.185778970788
703.79043842245
705.462383046561
704.466856650194
703.182240046689
706.261951460206
703.526654318241
703.505374162315
706.424995246786
703.441229684206
703.846893486473
704.935815986927
704.0138577923
703.221043914399
702.897462772791
703.932289803619
703.721412331368
702.912579528054
703.47533200682
704.454340929894
708.720229559802
703.019554690057
702.895114085692
703.742955583228
703.238465068191
704.375605383845
703.850297371122
703.526937474353
703.015743287713
704.684223556648
705.701076198013
702.909618468575
704.074564331627
704.259699782571
704.451814962915
703.565081905798
703.481728592803
703.225129513648
703.862012286288
704.539805305847
703.344379408245
704.608707861051
703.259906295661
704.337227401791
704.544154474094
705.558090488049
703.744079382951
703.482172398277
703.227393191899
703.602223907589
704.802318558839
703.493323409983
703.010138453185
704.848882962286
704.402085737063
702.976639894893
703.914978953157
703.766156136623
703.539162416453
703.249019214878
705.725912850045
703.30477798464
702.907845745314
705.220342697543
705.275862331534
705.269751083822
703.878203357402
704.355558237435
704.064243178183
703.42096787146
703.09879808882
703.514263544156
703.985607391518
702.967382515085
703.272768143971
704.254008790919
703.349988318284
704.187541358407
704.322197017045
703.132503195123
704.505418430485
703.361451127434
703.451762500526
704.760311888675
703.705554942592
703.51413625619
703.627732499027
703.86461991617
707.199830726782
703.373152394537
703.597596290277
703.675850648761
704.545279124301
705.800247194933
703.202391710709
704.694626558667
702.928998747318
704.646590268002
703.083658019248
704.11904394691
704.51823590177
702.906646601737
705.53122218923
703.831854804786
703.033079797732
702.893435259194
