704.217523461038
702.915577820055
702.872064727227
702.869213393259
702.853875459401
702.850646393218
702.847730590628
702.846466465725
702.845495452745
702.843824469709
702.843664874552
702.843031037384
702.835809045846
702.830315459482
702.828679169382
702.827482569901
702.825684957881
702.811503484715
702.810283390533
702.809443734288
702.807972075206
702.806417569174
702.803891950711
702.803565132967
702.799676235261
702.797185749313
702.79673931171
702.795267541147
702.794392501273
702.792598847446
702.792318057572
702.792170330971
702.791207959449
702.790542802959
702.789440349449
702.788683569148
702.788447862276
702.786440033379
702.785841337473
702.784935776658
702.784153846837
702.78275838275
702.780471305722
702.779717919124
702.778852867128
702.777808881622
702.776306916552
702.773907051587
702.772288014286
702.77190069016
702.771532886168
702.768662245746
702.765063075277
702.763835337189
702.763580489108
702.76300614385
702.758078022139
702.75670299211
702.755565088276
702.753231824111
702.753137709037
702.75242332487
702.749751919488
702.748568143148
702.74806043402
702.747353664429
702.747226689748
702.745757925141
702.74572745152
702.745563346863
702.744147003913
702.742784424446
702.742134122657
702.741448379255
702.740745354924
702.740556365417
702.740085564077
702.739619327509
702.739027239508
702.735264798561
702.735100505961
702.735014819387
702.733677133215
702.732922826019
702.73030171146
702.729978822124
702.729955343488
702.729684389616
702.729041021576
702.728779823081
702.724463473477
702.72352056722
702.722515034241
702.722042782162
702.721768028394
702.720235947928
702.720123122827
702.719698128818
702.719268654746
702.717906128222
702.716672698408
702.715764030477
702.715697600896
702.715203447313
702.714047604713
702.711484015982
702.710775348619
702.710383490339
702.709707133988
702.709674140422
702.709273661711
702.709020812464
702.70856942854
702.707294403326
702.707285243909
702.70651391709
702.705864810126
702.705629414646
702.704372048538
702.703668344205
702.702798792565
702.701783891862
702.700573974661
702.700223398531
702.699363514263
702.699325478071
702.698547899914
702.698164052436
702.697913526822
702.697341291262
702.697055351588
702.695467181651
702.695457070808
702.695186712272
702.692426169648
702.691980653923
702.691401988181
702.691086175433
702.689804213584
702.689215495787
702.688591701315
702.68691387157
702.686805687811
702.686785061718
702.686636876406
702.685146702851
702.684968908956
702.683819122685
702.68379661974
702.683557888104
702.682632855016
702.682096470145
702.680143558404
702.678477513982
702.677733817773
702.675548177289
702.675521188406
702.671877551676
702.669978540059
702.669887460391
702.669199758135
702.667277181584
702.667271569848
702.667183819389
702.666925531108
702.666902228839
702.666410640257
702.665284539504
702.664992506821
702.664893262028
702.664847879506
702.663966817307
702.663937254874
702.663689637689
702.66217588062
702.661686174008
702.66026329308
702.659876613957
702.65766079708
702.657498633654
702.657288653072
702.656639173626
702.656277049947
702.654430487856
702.654345333312
702.653472723407
702.653316723665
702.652758856096
702.652438984048
702.651691237504
702.651497995022
702.651360979277
702.65119835207
702.651127864718
702.650342160731
702.650236647526
702.650182641824
702.650084100716
702.649952983083
702.649074755494
702.648759612353
702.648200946275
702.646702631654
702.646313603489
702.646282068854
702.646244619915
702.64582359997
702.645179678281
702.645143000271
702.64471358442
702.644212552225
702.644072799371
702.643881582662
702.643640987939
702.642756244534
702.642068319451
702.641810482706
702.640833920963
702.640417223884
702.640204662758
702.639561255712
702.639251374279
702.636308749308
702.635948187561
702.63538305621
702.634645898156
702.633904316499
702.633413897945
702.632628085769
702.632083454627
702.631557194915
702.631038269412
702.630919379103
702.6300876142
702.629641102595
702.629613371761
702.629445794228
702.629314546164
702.629115842636
702.628734569781
702.628029721455
702.627953867774
702.627864936293
702.626941919945
702.626836892423
702.626493816259
702.626320713145
702.625982382937
702.625896186873
702.625834337971
702.625723981442
702.625149017634
702.623895160251
702.622840174454
702.622717221761
702.622282015541
702.621928239369
702.62113400821
702.621091063652
702.620958550671
702.620839634505
702.620777472749
702.620756711993
702.620594924172
702.61995219367
702.619695539255
702.61878724208
702.617834852036
702.617700730987
702.617552414758
702.616108299758
702.615959815812
702.615702101334
702.61506283954
702.614991187529
702.614450638384
702.614237800804
702.614217085658
702.614159593592
702.613773682602
702.613415513497
702.6131730332
702.612571731442
702.61218262067
702.612114381505
702.612000654259
702.611762762009
702.61143165941
702.611410912023
702.611319590577
702.611027279518
702.610584373775
702.609570600339
702.60908630992
702.608350347898
702.608309026708
702.608203572512
702.607493844149
702.607480515326
702.605805664923
702.605078485808
702.605039510228
702.604674980483
702.604608780066
702.604502301061
702.604345111991
702.604254112985
702.602131747944
702.601372113702
702.60096224777
702.600719430529
702.600518445026
702.600312954592
702.600302962801
702.599892286738
702.599660902234
702.599531153172
702.599322469485
702.598549640864
702.598297867555
702.598077171422
702.597891522081
702.597880929647
702.596889987542
702.596676067013
702.596494547572
702.596372976001
702.595929216677
702.595722442002
702.595668613005
702.595297168246
702.594994821434
702.594903596115
702.594745843627
702.594050144308
702.592759533992
702.592476370527
702.592447787139
702.592202345133
702.592029235901
702.591700925971
702.591461289896
702.590787855909
702.590602574224
702.590514050125
702.590230395621
702.589940546417
702.589781779191
702.58936126524
702.58899680228
702.588432066867
702.587124232083
702.586599885214
702.586564820012
702.58612771745
702.586035640554
702.585870586036
702.585674367215
702.585550423081
702.585379039321
702.585365183902
702.583454558169
702.582925082905
702.582823057718
702.582497361035
702.582259732801
702.581800378257
702.58148375486
702.581058262858
702.580807371977
702.580501466563
702.58040186381
702.580142374449
702.579879817105
702.579740767073
702.578602329605
702.578199684558
702.57765906767
702.577606887006
702.577349629426
702.577022098064
702.576339408595
702.575468850503
702.574892582717
702.574657297529
702.574404024959
702.573953928199
702.573612106388
702.573446136932
702.5733465352
702.573255433882
702.573033328871
702.572505098309
702.572343799936
702.571441336011
702.571176165256
702.571138569592
702.57070696956
702.570320044531
702.57011871118
702.569138407609
702.568353916448
702.568212039853
702.567719611595
702.56714391079
702.566781630991
702.566656500539
702.566645568933
702.566594143959
702.566090181132
702.565884623989
702.565659752684
702.565605450315
702.565220483346
702.56511781263
702.564546034492
702.564352747734
702.56421372391
702.563924940363
702.56268134086
702.56265555813
702.562288285409
702.56169134935
702.560529540581
702.560460867489
702.560374899703
702.559823666969
702.559716422572
702.559175722395
702.558051247458
702.557873809523
702.557415388361
702.557164882186
702.557102668981
702.55666159409
702.556280444754
702.555718440326
702.555496087016
702.55543179002
702.555409470194
702.554989062378
702.554962243527
702.55490141842
702.554643190019
702.554559432502
702.554299221374
702.554130565124
702.554124367528
702.553906118106
702.553227031419
702.552793652092
702.552529564602
702.552128156229
702.552098443671
702.551278837315
702.551250201994
702.550889038577
702.550445228827
702.550155339914
702.54982322903
702.549778173026
702.549546051379
702.548868447718
702.548707055296
702.548364772793
702.54835761263
702.547829015974
702.547575172365
702.547362638264
702.547186587766
702.546155618724
702.545831489677
702.54574657595
702.54560102179
702.545566091706
702.544982071664
702.544894034764
702.544708342059
702.54439868848
702.543741306498
702.543558057786
702.543517174307
702.543124387748
702.542488595312
702.542412088342
702.541766016647
702.541034771735
702.541009307761
702.540941112017
702.540566703529
702.540188530191
702.540009646009
702.540007903183
702.539431792387
702.539338826288
702.539162522777
702.538632092846
702.538120884414
702.63632814035
702.669608396386
702.862409156938
702.702764727552
702.568607328228
702.618037912269
702.594360818093
702.680645177147
702.601454194345
702.722484368479
702.583329268889
702.580107393683
702.561983471355
702.804390789916
702.632128095796
702.612675367561
702.691701134479
702.627424584568
702.585265584379
702.564794074429
702.776439077672
702.585820966395
702.734720931873
702.706743534557
702.859768593292
702.735609235108
702.573508449646
702.682194152464
702.754468398344
702.543901761159
702.601957882292
702.548503726391
702.548871285549
702.557179120891
702.685492978787
702.56466861869
702.565854082375
702.656340760161
702.601988753865
702.717007831067
702.594802789095
702.64803453623
702.640149851917
702.572651053822
702.663217209919
702.833703129948
702.81605604478
702.692853994785
702.613842098186
702.70810808362
702.75219593452
702.617007975694
702.547000456633
702.588028981774
702.584446385748
702.647603968053
702.622348992708
702.850100738863
702.609739224331
702.613419524419
702.75019997169
702.651258020344
702.8148218734
702.769088161531
702.594797924643
702.670990879239
702.576226713667
702.679254262001
702.54248917006
702.769635776728
702.726673862771
702.637022788406
702.730078335244
702.69839678792
702.6154878826
702.546246362441
702.772202803488
702.543043090744
702.556748625641
702.81972657058
702.598293238922
702.631437779461
702.634406554929
702.553220849213
702.63624673496
702.680863839274
702.609901135249
702.748498719649
702.566508223373
702.611949562948
702.756790302916
702.724259603438
702.667563458954
702.578120091863
702.67106416767
702.555932220617
702.569803735866
702.554543674662
702.547171116447
702.597043559565
702.641154839012
702.540412363064
702.579732445304
702.725485135378
702.626026360986
702.656737443233
702.690772788992
702.732677000988
702.636098336969
702.820112246889
702.656469014335
702.732583564652
702.564243886412
702.583504983683
702.580646014393
702.547635282015
702.54768901028
702.563551242405
702.674420812852
702.639275267275
702.74234963561
702.758669570267
702.607908342678
702.697631309694
702.813274236575
702.77888109895
702.568947161169
702.800278484026
702.670927512042
702.555760441995
702.786454984643
702.591678359627
702.727319477152
702.761039852591
702.581763673142
702.610333930626
702.806174486768
702.595274680196
702.717388563385
702.779834259754
702.686062432713
702.726532754361
702.627641834694
702.544757139074
702.589458594015
702.54218232996
702.600749639497
702.605443848414
702.776402896696
702.578664394793
702.698531610272
702.574941859333
702.724663154486
702.542376964697
702.721994407008
702.785536143924
702.539455437968
702.61571384953
702.813401856607
702.672764587519
702.538363958897
702.664204164897
702.799671694599
702.670964224954
702.59621038491
702.542242609327
702.548968205316
702.571172995547
703.11388915779
702.714632905016
702.811722208455
702.82511470196
702.630669934163
702.604797609085
702.609707680153
702.562887733962
702.544646109112
702.800005048272
702.677514962101
702.660753158677
702.584164469343
702.727912805284
702.716217645214
702.571049533931
702.543730058962
702.579360838946
702.667397388725
702.770037435601
702.64818603644
702.578062936621
702.558708982797
702.595684034456
702.590218975865
702.587795770226
702.569604856557
702.557670378431
702.796863815903
702.672873859883
702.557736741453
702.57614457779
702.574979126944
702.619644807532
702.720693600195
702.543872939435
702.59179452199
702.635091578776
702.678852960869
702.604018877412
702.576930775927
702.610974271411
702.622761108095
702.677834869425
702.762149611256
702.816110648342
702.564132249682
702.674912665307
702.561105060078
702.740337425924
702.830218642511
702.582073185784
702.658539424134
702.588999528631
702.660325265532
702.735837692121
702.53984807911
702.591551297359
702.699217692441
702.662299001541
702.599041348679
702.705984960177
702.6711008011
702.689310773895
702.745414963815
702.60201365785
702.569240001035
702.600255782339
702.555941806203
702.601657689941
702.776080431398
702.699948341019
702.694991029154
702.55176510078
702.603062733798
702.738026747424
702.674223176817
702.574241763027
702.584520207714
702.752266822423
702.679665790461
702.645521346139
702.720767894225
702.612444138994
702.575886695414
702.562668625048
702.722725082807
702.542413206473
702.655463762342
702.563812527393
702.599820226064
702.739968269619
702.666606531124
702.571338253762
702.76737033264
702.704759478199
702.694149893579
702.552844028893
702.602208496321
702.578837276344
702.690814712848
702.729201381107
702.662461297257
702.86616184683
702.599671988315
702.560441163635
702.60178556665
702.559176446263
702.670248782711
702.593799672978
702.669461406909
702.662907126346
702.607951057035
702.5653478645
702.621920875148
702.552980197185
702.623821720466
702.575364793421
702.57146701012
702.645067365634
702.722825184266
702.579386946907
702.546099242436
702.551543395987
702.818690648523
702.687824392357
702.5694493954
702.635250464493
702.665302769419
702.812196221056
702.705798728666
702.762964604432
702.551185193761
702.574080609698
702.609402673351
702.597108599452
702.540514803043
702.56309205361
702.551998440133
702.650678798248
702.810598996087
702.623767291841
702.619401760788
702.76178829883
702.574667087422
702.68055391128
702.785401537121
702.577576503914
702.561119898852
702.673858764179
702.587960409166
702.635021873022
702.629856032297
702.622256985782
702.751179086445
702.567240858906
702.712730767374
702.55326811153
702.625163029213
702.585718368925
702.576341983384
702.574534519898
702.592678019984
702.555654338503
702.680821343147
702.796074139203
702.822674347866
702.679692965725
702.719888293742
702.810632220543
702.550490204515
702.54192450171
702.668446532112
702.556061056971
702.805541430561
702.721629622602
702.705080340805
702.832761997607
702.60467823454
702.615245313843
702.676462651303
702.863126957491
702.684043404236
702.630154028132
702.651296693414
702.563480923121
702.627537996559
702.671200710902
702.598894071052
702.693435920153
702.577246009108
702.622745209678
702.585048237236
702.695690693451
702.73621942208
702.685079781104
702.717895602505
702.859154260054
702.584939068948
702.549826749476
702.781218573591
702.64466463198
702.712962781176
702.838437560037
702.654246012138
702.606785259169
702.550876211304
702.544880895499
702.60342497848
702.676375141064
702.70903383381
702.571124072656
702.773507773956
702.727094847327
702.551919520303
702.67397354943
702.583044283682
702.655407720235
702.56736611055
702.763188299908
702.84993530628
702.611723923815
702.608237458744
702.562176636035
702.727801170062
702.564942132
702.583084786342
702.659529349099
702.750956004094
702.594181501697
702.632690021549
702.586672089771
702.769095914595
702.682450693283
702.598906876558
702.648741349807
702.636709532082
702.603939439146
702.549483845657
702.651079358463
702.604599104837
702.58235759936
702.780906061842
702.649476333857
702.590114349679
702.575948956081
702.628326708233
702.56495588816
702.691755399864
702.721697809258
702.692524547606
702.696519267499
702.614946957791
702.795540846457
702.75854297089
702.778725138616
702.555737647589
702.808381967795
702.665289673244
702.737210038737
702.733746131212
702.592041431525
702.732017712838
702.608854052447
702.782772900547
702.699726971545
702.580221666278
702.577304060405
702.623388250234
702.864713057425
702.598886203468
702.783060203305
702.583678840432
702.693631973505
702.629966371852
702.546898788878
702.555688514982
702.641902434101
702.603498353842
702.615038129281
702.563408730002
702.589798468447
702.723278391693
702.563708418674
702.559547006557
702.604052710351
702.661274950039
702.537616877253
702.656949305024
702.736872700918
702.605068188219
702.73131014428
702.669232431365
702.775412155173
702.55636047444
702.740727748877
702.591308467269
702.580438975095
702.78937032097
702.787332869971
702.577905270864
702.627530987743
702.818927126747
702.605812923922
702.566205739746
702.729407200914
702.574170815703
702.567950040924
702.557574602659
702.543211994068
702.569515754695
702.588724497744
702.593818646938
702.817126134663
702.654124666717
702.842758611583
702.594911757296
702.562071037524
702.589489888852
702.663964150127
702.782269739775
702.585437004214
702.725254094275
702.713829148119
702.690369530688
702.721490352634
702.708644872814
702.578129236003
702.581540780624
702.595647479334
702.789481971376
702.591766954665
702.710297291114
702.555943535731
