635.044284830391
629.628478803001
616.03397079708
611.054216021727
609.789167954197
605.954799822699
603.766455186628
603.204801026748
600.979094729256
600.620211648764
600.261245640248
599.236847716626
598.469769725206
597.546882941938
596.751679531661
596.333631337471
596.047260099084
595.748987762427
595.262942839758
595.077525067129
593.936473414472
593.663647133191
593.390068253277
592.36046034255
592.156940908252
591.988972407304
591.489887207515
590.86438014579
590.277950219942
589.774702185425
589.087297772348
588.952878414888
588.753807212554
588.537165903345
587.838326882395
587.48204056454
587.38926479266
587.327799258562
587.272351341234
587.151579332942
587.037274831416
586.726786588924
586.671895053233
586.355018935993
586.320483838824
585.91225568896
585.452459406376
584.792846791882
584.502629510025
584.445688450496
584.312977459669
583.535612171618
583.349018219217
583.109109277938
583.040439566489
582.951383330138
582.80317143004
582.6629710686
582.503411839901
582.346839256711
582.271500074812
582.129266486918
581.894649609033
581.825180206649
581.715979820068
581.664736364557
581.453466219639
581.402491862082
581.255899417021
580.873949697017
580.511919070779
580.458789702712
579.726770329346
579.275885461458
579.275007725474
579.218645172091
579.020593763159
579.017734194194
578.761396724373
578.088212135416
578.017822215519
577.964509928291
577.726371845573
577.362727180048
577.282068727148
577.171061689166
577.09573562293
576.880707225933
576.792354150839
576.128569621671
576.041891378611
576.028967548812
575.834444465875
575.78772779564
575.718135483562
575.615642068328
575.56157082926
575.366712578432
575.263389919651
575.00205072195
574.71213394047
574.638217531547
574.627235247715
574.470955556961
574.392252720347
574.247257783918
574.219862440676
574.153414523349
573.89366489576
573.580190263786
573.528811602808
573.07278083261
572.928000555481
572.432829317719
572.179230587304
572.012180011038
571.934248810096
571.875834946892
571.772536286539
571.583224638458
571.324568613692
571.207141467621
571.130068319147
571.101837198396
570.987246713365
570.922925601566
570.863244639127
570.705885596941
570.34260088012
570.230880776697
570.17744972229
570.10592667292
570.079762201207
570.041686017959
569.587366515578
569.301828619083
569.220242525369
569.163328617988
569.154307690382
569.084256800185
568.828233068092
568.741744950929
568.37048162886
568.328928594206
567.957382794912
567.810135915087
567.773620968653
567.735152350158
567.42945333159
567.423104472446
567.237873306067
567.164697562848
567.053433936466
567.018205361831
566.895870223913
566.811670367267
566.726377813509
566.704375710661
566.519378413301
566.404163634507
566.381487816879
566.286013327434
566.240165810828
566.109582792246
565.897565309916
565.89349499532
565.892755564427
565.836507495597
565.831833105727
565.815619112571
565.725737742087
565.700218674586
565.69493915235
565.463440680996
565.414424122887
565.335011742228
565.323414614918
565.12591550079
565.085008641302
565.025452443066
564.832592795509
564.650342433067
564.645259388176
564.4662629971
564.401109206708
564.398419631043
564.357845633066
563.832389952954
563.75387818766
563.654917243265
563.50686007862
563.360364684397
563.359471621989
563.307455151685
563.272232910679
563.238305581834
563.188871281305
563.164376890938
563.126034353844
562.995569483684
562.986580231021
562.91971383139
562.915024953667
562.888445938048
562.798389855241
562.781569386767
562.721599405453
562.703570034235
562.695725774362
562.671777583223
562.654254535111
562.641574984245
562.628469465867
562.627568637065
562.516616208385
562.414297313342
562.250961344506
562.225921387237
562.194965977272
561.997645513896
561.968094881671
561.949952092803
561.581783394599
561.48588585913
561.439507449108
561.30541469739
561.290333153438
561.251452788368
561.027117908296
560.922591294577
560.922218383678
560.898694751109
560.892377780735
560.856123249996
560.79703331168
560.696919954187
560.669934033258
560.409637541981
560.372178468253
560.335805323981
560.216826265352
560.153806258945
560.033852388397
560.006325128468
559.872334163522
559.845833939411
559.84289438422
559.803573439962
559.749987243477
559.716317125758
559.712853543801
559.668679741956
559.58485368462
559.574526590355
559.57304054389
559.515324910224
559.510222799351
559.335232502007
559.283123183313
559.229067089087
559.152569483444
559.144282252755
559.089542489401
558.892722502753
558.58053627025
558.485341550778
558.342165586921
558.337964606798
558.331722534862
558.190876202404
558.056993338496
557.944702465009
557.941431393964
557.841630387419
557.732513456556
557.702677851755
557.436756206568
557.419106219702
557.39740762098
557.394564576478
557.373193635143
557.157031906645
556.976832496328
556.872268699069
556.834122012828
556.829416022038
556.732986621306
556.714098892805
556.700486096357
556.600745477214
556.587953801053
556.577787089129
556.49821607589
556.444296337674
556.433128244281
556.430444694877
556.351537935625
556.219356085126
556.215545686472
556.171494617086
556.127238132541
556.086618144857
556.045752025703
555.961822706629
555.749701188982
555.700419553939
555.650775660894
555.60983936273
555.157490432119
555.15672369631
555.094902230255
555.048757753081
554.965992370846
554.823252136222
554.803983957447
554.763353963005
554.728369614127
554.643406612323
554.616460189255
554.563899407602
554.514940363315
554.475318152771
554.384144766643
554.273957085578
554.239655631879
554.188004149541
554.130653466315
554.106837138332
554.059894235822
554.0193935114
553.983156021519
553.886554271674
553.825826145782
553.779898768526
553.744407303326
553.655361023578
553.647248042907
553.598320773301
553.580815825371
553.5760173096
553.525165086158
553.476013206769
553.462065331973
553.353684393151
553.348791113886
553.287463493639
553.28265806175
553.260831603988
553.229712205705
553.1418482785
553.135332103763
553.018877480269
552.94390931103
552.732325588455
552.615087022827
552.560012009409
552.552558219772
552.46454109035
552.438835010487
552.423281894801
552.393620633198
552.386630090252
552.289790049311
552.16496428682
552.132254341417
552.106237181394
552.039147149576
552.031871542513
551.996949719313
551.889099387291
551.874232245434
551.738701363265
551.673960708317
551.670146658211
551.644991203939
551.639460653329
551.543399083213
551.513553163315
551.494656467215
551.390686082003
551.386711453167
551.301271258683
551.216093453011
551.196409834006
551.190612332793
551.181368269832
551.017579325121
550.905883449441
550.885367746031
550.785158922597
550.743568707563
550.732146085969
550.724672051267
550.544220932485
550.526083867316
550.517468638238
550.473727672819
550.471703545342
550.440502589799
550.418969695042
550.290149137508
550.174205312005
550.16351378825
550.122265447458
550.05112773967
550.034421224393
549.930944841906
549.80958867777
549.792055865219
549.788032217162
549.660424570178
549.566038894558
549.533226099837
549.511253962046
549.410893274376
549.403145144446
549.377150391949
549.350152140865
549.256206160363
549.202523222694
549.200738849309
549.176372322786
549.172645857669
549.148493779209
549.065155344172
549.045156570403
549.035405777158
548.999309963836
548.991379324584
548.990143473107
548.896870031676
548.840456524653
548.783923217705
548.781324200538
548.771731550625
548.765335553145
548.749878207272
548.703663515644
548.644668473433
548.624142521564
548.569301875118
548.511665805184
548.488786082117
548.460136187067
548.406182133555
548.391615901986
548.350142342358
548.309794225114
548.209449742105
548.187521596032
548.173389901504
548.171480180273
548.063522149254
547.907893235929
547.873358460485
547.859518287243
547.827144229774
547.681827960867
547.669826157087
547.665590942453
547.661641157484
547.64925170402
547.627914700613
547.618864998624
547.592348525933
547.52834573037
547.512603336929
547.50054643325
547.427680024706
547.408942606374
547.378590596857
547.313439777025
547.307607269828
547.305238085974
547.254949830505
547.197852036239
547.182829885581
547.144709634941
547.136321441231
547.035445138712
546.949131435825
546.929629515314
546.906784606343
546.86173631185
546.851788045273
546.817947477936
546.804493086259
546.755420952272
546.751829507328
546.665207490739
546.659409681163
546.638584861724
546.611475520816
546.555398004853
546.534259184571
546.530197359739
546.509651777346
546.505071776884
567.486600368757
611.171293011196
601.03577501017
570.936956359281
547.033104939326
569.175288822561
559.185739515259
546.954258374206
554.596080239405
597.762018152755
561.401592869499
580.91389816413
608.039015819323
575.662034749719
558.043314435038
553.376285323873
568.182788941266
560.50478541248
573.609088691542
554.840627343087
564.007402807702
564.809824652611
554.508405134242
576.874873591217
548.615256955583
553.259180451505
558.057924340853
616.440660683298
582.977987021485
578.244912510085
555.80159606913
557.462208182794
608.036731649583
585.325945681283
565.204562907037
560.743177146668
585.417122527176
618.96995848086
549.01366557697
596.556502582655
556.343668901788
559.273813874732
587.790217558641
548.839349884419
572.519861358425
558.615191674134
556.49408877028
548.052888442835
557.568106715842
567.801597902811
563.352508739061
580.014822371173
546.89654711318
573.104475716136
557.296551340703
578.999277609179
573.312167128013
629.462076670805
554.726550400004
574.808586225683
564.566711994204
562.009867254042
599.651616348064
597.272578007298
563.696330421968
562.07764950895
585.14707951455
566.71579706627
564.592989677432
553.003426066016
565.126122597661
566.634022953713
559.469811586586
556.953454185484
550.885349795748
575.57387355655
552.482647670828
581.23807624662
568.970718183961
567.865845528491
595.502419707846
599.44008387982
569.004822185193
582.713492326533
569.095315518146
555.72441084243
596.690991856589
574.246756201377
571.74604807457
551.329674701204
576.142627848396
601.337574450733
634.47622581491
587.357783580363
586.424175246106
560.754915923588
553.583854637492
565.42666308909
567.204991297091
578.752338808931
585.580806500478
592.458795907418
564.647974045047
557.26943017789
560.957337613507
551.128325001436
578.325426981916
558.155734099836
577.873963022158
565.801841851544
546.530181867764
552.967255417535
558.291402875261
549.716525964471
562.770203526424
560.824039229297
574.451330497991
584.832751515776
551.988140867595
548.195992137145
590.084595322925
549.720897134063
548.851821663933
557.303635163126
561.705148610807
565.91269341573
588.515406884801
550.706539956437
565.358992528265
556.429271988994
590.306739145463
593.998446290312
555.876943830928
558.589413219417
557.550512816493
609.360734673052
568.66764286653
592.96345658633
553.913772273251
567.809553879642
547.905607540949
575.175410529507
549.776853749628
588.238657816171
579.697883675798
560.789714736083
575.218791704081
586.398287988005
560.926043678496
566.209277388329
599.739692445158
557.906343340747
547.145299805735
594.254543897904
550.90351722867
577.983358939475
575.927070532446
592.597812729702
619.139098386023
553.64151686638
566.268060118624
564.775798069862
554.440662805052
583.456139295085
561.792938077903
568.119772998001
584.454232908336
552.044577012125
587.65822183475
556.133120825617
550.093421795521
548.391631523563
597.690236709738
557.893810499557
559.232837370617
575.124172733873
549.712636842004
617.588566184289
602.961048032525
549.553885073106
620.299117005975
621.342722327771
556.792409132154
595.287246354901
548.34373047734
567.372041598945
551.566856962291
560.270124195785
589.737327258708
568.988754313963
565.350673531444
597.858061694632
571.142972896113
576.794941515338
585.05202270785
566.819669804468
561.466393972313
570.619882369505
556.349643526351
564.345988364508
583.08764960597
562.97928142212
591.80960315468
584.121403779076
593.719830319003
552.821212543551
558.258170892291
570.790939651281
588.615423814575
574.246138331652
551.679435828746
556.594611168915
551.679925864197
554.741903340251
549.261675596162
586.355186453084
556.917604677267
552.962904369857
548.084228543528
553.114104037713
552.336340476976
610.074452045605
555.459556237534
549.565396966544
565.578517386153
546.553494483043
555.051305610592
552.070563400709
559.686409656482
565.525344823668
585.914530349546
548.098252307132
589.848300404339
548.581249363578
589.982553016161
587.427982188528
559.909846117875
558.891962507092
563.117990354312
567.847451041142
622.432477791216
583.336620026548
572.730280000205
592.119536203004
553.159329398758
578.096660995177
606.065285081012
560.489823420675
549.0380663524
551.928536638245
572.920939181504
594.792273313688
549.116615645101
592.881772453021
566.773592047074
565.056321035875
601.166653302431
554.653561991441
559.512487322162
563.399428616798
563.840598107275
568.344070634747
576.973270571594
547.372899893481
607.259969978902
631.71089620768
557.231590466837
552.544274291169
548.946923784051
582.646917737854
566.810218862868
559.726261576655
557.024264143673
596.270322518134
568.958279550329
547.830453844084
577.644046807697
584.202210562541
555.100583618536
583.080095093963
557.81781231539
614.257624955162
558.051896043136
589.268854314336
575.794119080192
568.804664769925
578.494065323131
561.740276586529
556.394758553148
568.501451813367
575.596496314867
564.612858401362
562.340061368236
572.142563271725
555.061195470564
548.34581416667
558.796039176612
568.882543055949
570.334426924113
600.481610265161
548.225672309926
582.949657895476
563.547311013965
553.686727835134
549.825120940012
581.320378729546
553.429007760699
557.620381521297
547.562593797796
577.470717147901
574.953500326584
578.352145474227
580.119140784067
561.982866091428
607.904082845841
603.42304589485
589.020038763949
546.636563067587
557.215800328793
573.153607467812
580.530359364912
566.784932646488
558.673588469843
555.846557187302
564.8378225631
558.385949639721
574.893421357508
547.041159296407
598.702978557466
559.919084829199
582.592055408595
581.291122327135
546.856622305773
590.328396181037
571.676000796154
578.005538912264
560.046279809557
559.934644438031
555.21204063672
557.103759680903
574.211934018809
552.215601297203
558.596253363699
551.945983905456
581.814012043556
559.916857927176
550.203615175948
554.950949508445
548.768040050578
563.469088535991
559.425230350906
560.124469213085
588.571757449099
583.064468211758
558.227287781006
560.064970824216
559.000128611096
552.578772769196
588.915505637618
555.436676861449
580.746907175393
559.974820937678
548.795408149919
579.989083070944
594.461449997801
557.731238112093
546.839074480988
577.444521772696
548.635927711505
592.698016676954
562.465896308537
559.505138369729
611.854854475867
557.18237439257
556.360147018474
572.160334611305
561.627037144645
550.822952020889
581.991804688657
596.010024655998
568.372361583269
556.973570618535
548.474006423508
555.750310405142
576.067468102011
561.4336044194
584.851319745151
595.861820223068
576.365593323997
604.817578627471
564.557202860462
557.176753405887
547.539211116664
560.954049468133
567.61846330202
567.3781131988
564.376711800704
563.430376702659
576.540016206515
556.820734926965
577.96847902004
612.932688747271
556.987557246589
564.641860127778
552.041007962937
566.911771059573
576.514301809664
582.05728354575
548.746982455252
589.851284602923
583.748872236228
564.495441102006
548.317770711809
558.043755656005
562.974840291881
565.616074832899
602.364556121438
600.254993027027
564.285165113918
558.023568469798
584.415757989523
555.43267149089
567.332270892221
550.640725028176
555.007037333963
578.023377103947
577.032885889735
614.196581841323
547.791085692941
548.353914247278
547.257589317572
550.812283022181
579.761151616744
591.271327321059
552.881217075664
549.583086907499
546.640450881097
582.036287052834
549.621613246355
574.41685493772
563.705394851782
555.175554447257
612.719557517071
551.340117395848
576.000908205636
568.94007649122
571.140744272988
571.880029570299
587.276330248798
556.390378814931
552.205144110253
555.248221236352
585.718663137
570.610442317735
573.801626533278
560.44996745447
575.497665671648
549.48860070217
554.510499598964
569.410254394094
559.382642076339
566.840566544883
558.053362787638
546.538853700698
571.823456098584
570.886896370166
551.220137609787
554.323608066733
589.039010250613
555.730115532527
582.910305231463
549.002370592873
560.491654594084
589.589947194401
583.044763796722
551.051943477129
591.168833018331
576.798243573681
550.251804966012
560.589235580849
571.926199924601
555.117195018666
610.129299668111
551.315314273054
558.27959964596
571.52348266396
556.576774085426
588.297286528535
593.848178148358
589.711634734627
570.329883604856
569.122398174742
558.852974878931
584.911047429827
577.667189486506
580.168710988288
548.301310634289
559.641586814464
551.215213612324
563.407102558927
599.075221416295
605.426268349773
