652.8391746654
639.968403832429
638.275841991805
638.149402616908
637.715871926613
636.968266512281
636.597159608341
636.129495465813
635.463000638029
635.425111022065
635.044284830391
634.512885012263
634.47622581491
634.103058392662
633.4868281668
631.918134334827
631.83436385286
631.71089620768
631.422768566545
629.628478803001
629.462076670805
629.040323224629
629.005498018054
626.468876373084
626.217847414991
624.573760145839
624.075172101391
623.099872962921
622.473726622927
622.432477791216
622.42605927791
621.834623461724
621.342722327771
620.363963393384
620.299117005975
620.102036080833
620.067915337686
619.447934958502
619.280224685142
619.139098386023
618.998254732465
618.96995848086
618.73104571624
618.529595812246
617.789986961185
617.592156178144
617.588566184289
617.459668979595
616.607552867268
616.440660683298
616.03397079708
615.626692495416
614.679063781702
614.505828572552
614.257624955162
614.196581841323
614.090544547565
614.066876918091
613.686204504173
613.563594648861
612.932688747271
612.719557517071
612.105246497602
611.934770285712
611.854854475867
611.802082635105
611.171293011196
611.054216021727
611.043300655394
610.85410288683
610.311490391677
610.129299668111
610.074452045605
609.789167954197
609.360734673052
609.052350780441
608.039015819323
608.036731649583
607.904082845841
607.743859645165
607.728507347905
607.381166806169
607.259969978902
606.964436768308
606.963832724679
606.751810484021
606.512519179086
606.395883331455
606.065285081012
605.954799822699
605.896763525735
605.839549309879
605.513503757699
605.426268349773
604.817578627471
604.742019273015
604.695182365111
604.557966885631
604.470822063269
604.120435060316
603.766455186628
603.714228307093
603.576636705329
603.516899951403
603.42304589485
603.204801026748
602.961048032525
602.922790797905
602.87911936837
602.784171835822
602.579572735044
602.547124293482
602.364556121438
602.201763810008
602.184117037515
601.817098032662
601.811766761152
601.701184374848
601.639410172917
601.585355908993
601.522402649666
601.337574450733
601.293584081717
601.166653302431
601.122624263795
601.03577501017
600.979094729256
600.82271552397
600.793535208563
600.768191689699
600.645366537849
600.620211648764
600.539048229663
600.533186027374
600.481610265161
600.414711575139
600.261245640248
600.254993027027
599.908556264244
599.77090783768
599.739692445158
599.651616348064
599.553388922522
599.44008387982
599.41878771986
599.236847716626
599.075221416295
598.702978557466
598.469769725206
598.446204995205
598.370305485766
597.858061694632
597.762018152755
597.695147400355
597.690236709738
597.578355514141
597.546882941938
597.272578007298
597.15476546457
597.092971686806
596.751679531661
596.737347597694
596.690991856589
596.556502582655
596.554456434536
596.506267564657
596.488113097403
596.333631337471
596.270322518134
596.047260099084
596.010024655998
596.003005045332
595.861820223068
595.748987762427
595.681135370096
595.662410726288
595.570872034113
595.539968654899
595.512048583872
595.502419707846
595.330092107538
595.287246354901
595.262942839758
595.077525067129
594.954627448471
594.792273313688
594.60423002367
594.461449997801
594.441083376722
594.42118782013
594.304530962018
594.254543897904
594.205665224173
594.110088433446
593.998446290312
593.948367818624
593.936473414472
593.848178148358
593.844918838474
593.83924728291
593.82467553543
593.719830319003
593.697289930425
593.663647133191
593.567877143102
593.465803793522
593.390068253277
593.364957901521
593.092370711239
592.96345658633
592.918298493939
592.898391272213
592.881772453021
592.741517425307
592.698016676954
592.597812729702
592.58203172425
592.506041687164
592.490457458664
592.471311482712
592.458795907418
592.36046034255
592.302695642452
592.285751895335
592.194781520674
592.171029306208
592.156940908252
592.119536203004
591.988972407304
591.828070669316
591.80960315468
591.80162084219
591.602701158295
591.489887207515
591.271327321059
591.168833018331
591.102345751845
591.031918672096
590.93087851717
590.913463750324
590.86438014579
590.538375792057
590.406650623693
590.339162389635
590.328396181037
590.306739145463
590.277950219942
590.226558543066
590.084595322925
590.029752197389
589.982553016161
589.851284602923
589.848300404339
589.774702185425
589.737327258708
589.711634734627
589.672355804764
589.635293627216
589.61107536873
589.589947194401
589.503514817453
589.477254156513
589.45140095079
589.421764776309
589.296095505766
589.268854314336
589.131925837135
589.115025498068
589.087297772348
589.039010250613
589.020038763949
588.952878414888
588.951171770054
588.937096789447
588.915505637618
588.911544515561
588.864124658941
588.753807212554
588.664296033408
588.615423814575
588.571757449099
588.537320046882
588.537165903345
588.526607265544
588.515406884801
588.51083370394
588.303433663756
588.297286528535
588.276914431281
588.238657816171
588.15242345176
588.011069195209
587.838326882395
587.790217558641
587.722790663715
587.65822183475
587.585819678551
587.540844500305
587.48204056454
587.427982188528
587.38926479266
587.357783580363
587.327799258562
587.289850971389
587.276330248798
587.275417815641
587.272351341234
587.200832403397
587.200227758518
587.16460599615
587.151579332942
587.037274831416
586.9739132605
586.798657871293
586.797056682957
586.788657896834
586.757376601686
586.75547165097
586.726786588924
586.671895053233
586.55972357635
586.424175246106
586.398287988005
586.359643306867
586.355186453084
586.355018935993
586.320483838824
586.28978746133
586.233762445346
585.914530349546
585.913323433084
585.91225568896
585.907157260146
585.787013051507
585.734417261867
585.718663137
585.592616530172
585.587377421396
585.580806500478
585.488642865518
585.452459406376
585.417122527176
585.414929533758
585.401520742739
585.392718862967
585.325945681283
585.322056438997
585.312660211164
585.191021119677
585.14707951455
585.05202270785
584.977606661204
584.9757998331
584.911047429827
584.851319745151
584.832751515776
584.792846791882
584.783031253936
584.675121256276
584.673737645468
584.52157905165
584.502629510025
584.482841591509
584.454232908336
584.448268908634
584.445688450496
584.415757989523
584.312977459669
584.202210562541
584.199179642785
584.121403779076
584.005635494214
583.826328831847
583.748872236228
583.621808857408
583.535612171618
583.532176417229
583.468626928315
583.456139295085
583.371808767724
583.349018219217
583.336620026548
583.288015810252
583.214685141523
583.18836410746
583.109109277938
583.08764960597
583.080095093963
583.064468211758
583.044763796722
583.040439566489
582.977987021485
582.951383330138
582.949657895476
582.910305231463
582.80317143004
582.713492326533
582.6629710686
582.646917737854
582.592055408595
582.525355103442
582.503411839901
582.346839256711
582.271500074812
582.173704775603
582.129266486918
582.05728354575
582.036287052834
581.991804688657
581.940909739198
581.894649609033
581.864512125952
581.829503880651
581.825180206649
581.814012043556
581.788075190442
581.717516328898
581.715979820068
581.685371822759
581.664736364557
581.590673784409
581.572078197083
581.558027250891
581.552278205709
581.459633238738
581.453466219639
581.402491862082
581.320378729546
581.291122327135
581.281606243719
581.255899417021
581.23807624662
581.154397220049
581.10060584932
581.052209720629
581.050604665399
580.962574006079
580.91389816413
580.873949697017
580.746907175393
580.530359364912
580.511919070779
580.458789702712
580.402828340204
580.263180482176
580.168710988288
580.151995999421
580.119140784067
580.106993536497
580.014822371173
580.001118288715
579.989083070944
579.773924349568
579.761151616744
579.726770329346
579.697883675798
579.641028094023
579.438517526676
579.432778043339
579.425859835353
579.284364406518
579.275885461458
579.275007725474
579.269205559335
579.218645172091
579.127931071059
579.07059771834
579.020593763159
579.017734194194
578.999277609179
578.998951759119
578.984139551473
578.870215224247
578.839474657621
578.761396724373
578.755035914407
578.752338808931
578.701252422377
578.697884380029
578.669427083651
578.518056618643
578.502394023832
578.497551595085
578.494065323131
578.436712250992
578.371649536076
578.352145474227
578.33166058048
578.325426981916
578.244912510085
578.227029799379
578.137190178681
578.096660995177
578.088212135416
578.064350407766
578.059550894328
578.045829347265
578.023377103947
592.309859819094
612.127612746914
613.532124054178
642.112409712438
617.887469364474
578.909752798127
598.021904010086
583.510323956657
603.746622853825
589.847605954802
582.320818834677
630.64157088005
608.275890709636
630.498652459185
581.149735781558
587.036197736118
632.502221890376
592.415527348407
579.910543761258
596.226251428349
587.986384079457
585.746690831999
622.965387350068
594.941073900174
608.943489386921
588.739510510114
588.768913057986
604.693522175815
581.531489397561
583.392019503601
637.833444320465
579.841391565866
616.332111405938
579.425490528203
585.19058862014
618.561917617611
578.848228975182
596.51554688489
594.064523761842
586.076416246683
607.656129389601
590.220352329242
630.065634276842
594.205876855171
584.169697534108
595.601305274072
584.152314524579
579.060144579854
595.024459693463
581.987298776679
592.646544556133
586.70377384804
608.227868907109
596.584630827493
601.919327618007
584.38059164216
617.18884576878
607.647951501683
612.329124480322
594.286338301174
607.441378434816
609.23514846386
611.499967663516
583.043017423312
594.845703770939
591.972073152216
597.937597295065
598.541540908434
584.818748294586
587.829006579619
596.326565648602
588.965120656295
583.501391808125
602.114600978802
628.236915086317
588.610005320005
617.815507908177
582.895018125983
581.401169258448
641.236217136281
600.076541048404
610.47611878496
612.830302379409
614.306986267064
596.302921223587
592.987400855789
616.857888451129
598.932850961624
609.21082998895
584.978028534007
609.087906081398
631.91436829518
578.955421797041
602.152707380971
592.519534735188
584.333278102502
616.535456959809
616.923378014684
610.011316548632
603.355507127474
585.647164462101
589.237922403634
636.176500757325
600.644593476898
627.756055956087
591.890074652603
602.554058053525
600.991524973725
621.359336399833
612.818045602433
611.16735319929
647.064340649584
614.651229057167
586.351136296147
579.097595432864
582.725405978506
582.455818399506
583.293128993686
599.630838978802
649.529735618422
618.355217657487
616.938438047497
596.862209963061
609.154343837454
634.113241914196
618.675616777797
594.541768750141
588.051939819075
595.612722925201
592.276482388185
585.62310461734
596.772674435122
582.939950191952
600.279808804016
617.18592782173
595.042473382077
594.689264773625
590.379742936172
586.209295425987
622.415736383019
593.43584019366
595.141768662251
586.60744218993
587.820429749406
626.907982486978
597.102743358211
615.925955590136
598.429784035981
582.478039058799
586.135941302713
584.846420862531
591.349420699921
597.201998571187
581.71795816283
596.011496749212
594.383028961549
606.268116530112
587.187833037664
592.784654680678
587.28415312241
593.115204280458
594.024998616926
578.30404348238
613.085238285264
597.592765769217
593.132500533557
611.10297085573
590.364586309407
585.72072722131
599.635745815068
599.154711985642
585.360211080485
586.890912312103
587.791462737844
612.770350721475
581.080382327527
582.239155584709
591.205787348184
596.190628333887
628.226711513653
593.683336349649
583.708847798191
586.798314724119
604.642775040703
606.410936804617
614.973820470396
587.324721817866
588.079110229397
609.52064605507
595.80709527653
615.081498992825
595.992499069623
584.278340031977
588.054335591281
583.83928582244
589.219857676704
594.854130243119
605.801576315676
614.856968213024
582.627475217815
629.20685012197
584.831510849181
622.710793092165
578.926467409098
605.727156521959
619.9620491429
593.473639404026
594.938045964209
590.812120011083
596.797496723787
627.653164770296
629.866533673794
617.575955989952
611.125338970914
609.845995739615
594.18507221839
604.766918143355
584.859008508972
603.39006035788
587.777524734354
580.791635199332
618.493118020175
583.076999739283
612.12293774734
597.140408001
615.623577114474
594.486057488737
607.392659455186
590.193757339264
606.222712860358
628.856598760631
596.158306782747
605.791478689777
581.360646038189
584.823569834032
604.404242535843
620.375836933422
600.176380034612
580.622942588509
588.408534525655
598.474362086918
587.388698064504
589.184484373432
597.100662757099
584.478025749099
647.663583406364
592.934811642741
628.878832408215
600.598428631826
583.951268883365
623.915154034312
594.343426726408
612.949631801127
603.667935552456
623.559135143192
595.688930079756
633.874216486504
580.528714905737
579.669262201688
584.956947412578
581.688802506378
587.717329159868
584.562447635316
579.662861979256
599.583158863682
593.867400588645
580.23324661804
625.596424549608
591.50878888877
603.539424189775
597.613887703937
603.006515075755
600.229329620857
602.716282659142
613.091717987777
605.773113775681
579.248633771587
622.962972069184
595.503419596016
604.611836198714
586.877520685235
588.172255581193
583.825819191083
584.742586537598
609.74775191669
639.856803907025
600.378601508572
579.367751782753
605.359299237385
581.170774669244
599.171512377724
599.615997304869
636.852358459614
597.28717887916
580.013383064844
580.171174937155
593.19809653358
586.160638306304
580.489880397364
581.092356154099
582.056457956074
599.420472088185
578.377127231537
592.669050281554
586.589008670749
604.372226198105
583.928386958915
591.036868956716
601.696795044038
620.233125683009
595.810341928647
584.795219874428
608.502183432645
587.103047680405
650.399762038121
607.411208032232
591.804161104115
588.828562777874
600.607142060553
620.821053775144
605.872542381052
584.176225845002
586.341807828719
615.940849296951
593.77775876261
578.037620304305
620.819464611554
625.346127979865
600.2622691637
607.179095675436
580.711103367079
619.893030539052
640.203691908451
584.235644254206
583.48485675772
594.41835705448
586.208855370094
616.000661553568
579.594323535053
610.976415583018
586.185819431591
601.512681246976
586.176663514189
607.366442416009
594.028402208594
603.968122331408
618.794618640696
616.682947651087
609.357127283863
602.17494554276
580.700202134843
599.470604284212
609.401673416274
583.535464723459
592.62824256238
634.627073642594
588.987762813695
605.803359973506
605.737873785652
592.319961271193
591.207485525151
578.087455832588
611.46179248736
592.37251846004
611.309382793168
620.781067678327
607.91503010915
611.65148401359
602.976540149811
589.305936518539
588.1405261677
578.713715702792
584.309188236542
600.83318929126
588.910811343256
592.22018734131
611.033250956921
584.085576758778
603.775943642549
611.994251002043
578.620849505795
591.998348914146
588.275259927837
586.087494865001
598.136197777579
605.549577451298
588.07896776197
592.054767177391
603.594865403732
609.593022156052
625.720430123959
590.329371998407
623.401702706174
604.815784888042
582.446384715708
607.718086563597
607.888416982343
594.600563226429
620.687446699845
588.411750749454
596.785382473927
596.345274859502
598.299153757688
590.067229402397
587.115061130341
615.632617532294
595.258721777426
587.528421742952
596.726511420635
585.135580401511
625.33305464481
588.559860919827
581.116633675965
593.017784692787
581.317896856704
591.349696056958
582.071134229509
616.26305242444
585.495592223918
612.39983624531
603.302259223071
585.093498453999
586.389010225273
629.861619836739
601.04034260209
586.198450152433
599.782656047272
590.697555254232
578.458249500368
593.140172477204
597.088164953737
601.134340029213
579.577598933744
635.134330084207
634.973457088002
578.902250170205
586.736170962891
609.393649542341
611.446310799811
610.67766677153
584.830695010707
598.863246625711
581.054665865143
580.840035921448
587.517036602663
592.266244114308
594.789294030263
620.717993270071
585.016785445994
583.214986533386
634.550882309154
593.973841647744
594.216671798768
603.900513827592
591.7321540863
580.747135836422
585.991436140737
587.781154775422
620.087459015174
612.695098094657
612.496521325134
581.947481257748
586.094213517233
601.463598163228
612.163986720646
590.738467398109
588.133400602839
578.054929667947
591.692440980327
609.31847997769
588.989034687556
585.211124258233
612.353743789951
586.68497917642
608.689415628834
591.296489678352
579.058355364534
616.529963406454
606.22791514548
599.796855033268
578.822645736402
579.258410377999
648.171423599142
578.966002150783
610.033326620454
595.493110681116
607.497076289129
640.756146868621
607.926879413288
578.032842580071
582.349566238952
590.332588858395
602.831304386516
606.600796121903
595.421791303633
583.785148218693
598.958998289377
610.769084665647
578.74122482489
579.036670496198
616.842426368575
599.815419890142
