702.519127434826
702.456023881965
702.420266515957
702.368748494595
702.280171459523
702.255846368899
702.17539347472
702.163270051341
702.036504348115
701.999713341728
701.94385198119
701.917445045506
701.869800194063
701.863303897649
701.848009373481
701.835218233093
701.774614887326
701.729296622469
701.709268322379
701.683473531457
701.646657613979
701.62953928705
701.610643737882
701.587821591326
701.552185137398
701.545093523408
701.484156255687
701.474100734548
701.43884471144
701.42788287141
701.364650576151
701.346681398382
701.337004731718
701.283127819821
701.244482925703
701.237500401277
701.232405444233
701.205823074388
701.201577301113
701.179507770685
701.175162164969
701.14377609399
701.134587207858
701.1320765859
701.117905857001
701.091440023467
701.090343411955
701.088375740153
701.048754188252
701.042112588939
701.035333347216
701.035045974502
701.024827278132
700.98160192942
700.976106675149
700.942981874265
700.940553481636
700.929965283924
700.91806330436
700.907730062006
700.90234193546
700.889448875412
700.883962172454
700.854749309448
700.836653781804
700.813942736462
700.81081907248
700.804574434322
700.781915839097
700.779269211015
700.742303687451
700.728611324567
700.721514469895
700.713514931442
700.708755759502
700.70639335966
700.673769215628
700.660968551696
700.658681168969
700.632531405762
700.62870889211
700.626429197812
700.617688024307
700.605300481334
700.595080174187
700.594845620531
700.594536067622
700.584844135639
700.583832850621
700.544659508506
700.54222804511
700.540467134162
700.53323996394
700.531063086915
700.519529128709
700.516062324705
700.492716943146
700.486188644007
700.471081682077
700.466594725224
700.422026938623
700.412260518774
700.411867159553
700.403589500164
700.400185148571
700.3914069422
700.388126607096
700.38551657771
700.380277192268
700.37517581876
700.327010616731
700.315847998148
700.312089988032
700.289687513427
700.267365741668
700.262138392197
700.248675061031
700.233192436265
700.225990231881
700.225451265619
700.223066471883
700.193649538935
700.192252126263
700.183756806457
700.176820186804
700.166744974818
700.164856848321
700.162932524446
700.153049529129
700.135976530331
700.129251880321
700.095191638931
700.083506105759
700.081420751519
700.079776192182
700.079687397973
700.070877434273
700.066504791369
700.054028230132
700.002974929082
699.997499218128
699.992708401091
699.989816303115
699.987274187452
699.956771499333
699.952547584109
699.952396425677
699.946954303847
699.942588763072
699.935084099387
699.924970117808
699.922294631267
699.91359537965
699.912543944975
699.903101210944
699.895995779788
699.894130579244
699.886017767347
699.881719841575
699.868060553567
699.867650393309
699.867593778085
699.858055259156
699.853533966662
699.853442676943
699.852105239537
699.851459234089
699.830033901294
699.813091736284
699.795871562742
699.787468302234
699.784814576231
699.778797692763
699.778717266318
699.775248464615
699.77320559526
699.75545304635
699.73674251427
699.735962210196
699.735561432624
699.734087100321
699.730946996989
699.725426084681
699.718007538296
699.714667237656
699.710837420376
699.701315185963
699.69586183912
699.674608812578
699.674588054458
699.674531308329
699.66112311969
699.66079638428
699.643859944233
699.634160696417
699.630767228057
699.629935182496
699.612905353399
699.609371237314
699.604897998658
699.59506178117
699.583195305506
699.570340607459
699.564478118013
699.559767558602
699.549449539955
699.547470511747
699.546644966366
699.533857393641
699.519879710935
699.483368926835
699.480843670337
699.47979547003
699.475628661041
699.471918641965
699.455176916163
699.453563113036
699.449450472244
699.449063004478
699.440119739212
699.434862217805
699.422133424964
699.418508607829
699.40813194464
699.396393772667
699.389772467414
699.382310777723
699.369792359353
699.357354098652
699.354079238728
699.351290714353
699.3362650988
699.33272072478
699.332225307647
699.325576342199
699.322663082626
699.287575526033
699.28676668968
699.280454753314
699.261425753354
699.254550813964
699.248182981641
699.246783841339
699.246211916789
699.232079325174
699.214277071952
699.212732822546
699.212539082734
699.208191203439
699.2076777772
699.19122479709
699.190195163946
699.189530508126
699.187521675673
699.186571339648
699.18306027578
699.183024706463
699.178809089717
699.160729140978
699.159609974541
699.155695310474
699.153205832355
699.138641127646
699.13630205721
699.115277435464
699.108408835051
699.102007507996
699.095857531786
699.091218336859
699.079429473082
699.07470102371
699.073540671995
699.067162853568
699.065005884261
699.064625880978
699.059918378456
699.050960251017
699.045168389994
699.029743030943
698.992675057284
698.988348614844
698.987538920554
698.987470530218
698.983152025598
698.970711461243
698.969774888156
698.958444113423
698.958018414581
698.954682882676
698.938317065771
698.936532920121
698.93563561809
698.930040388629
698.92824293466
698.921072287036
698.921063656162
698.918506931105
698.912597118921
698.911560331034
698.908749418982
698.896829610819
698.89511863505
698.892910336145
698.884235060675
698.868031973204
698.860822718585
698.853376188135
698.826391246472
698.825505009777
698.821579836529
698.808713069589
698.807784778496
698.805203912879
698.799706707768
698.798147483041
698.794399167342
698.792501350138
698.790010777952
698.788997623549
698.788497923422
698.788117664849
698.785809464977
698.785129291137
698.782445873844
698.780831825637
698.778208517722
698.778041469466
698.776769769828
698.774856225244
698.757359202654
698.756987648281
698.752794587931
698.746164523938
698.745957380861
698.745846353628
698.743004359112
698.741669024219
698.728444541944
698.725121436424
698.72480621048
698.717334481153
698.716402066624
698.702104206333
698.699986075127
698.692489722973
698.691958048849
698.691265041065
698.68224361132
698.674071941364
698.670163849525
698.667941549459
698.659859348476
698.659841684933
698.657347025802
698.653980582287
698.647287060458
698.641237637623
698.613535279573
698.608692501544
698.603414894139
698.577523602904
698.571070848966
698.570294264062
698.562145891971
698.561973597145
698.561828300934
698.561395755787
698.557961617913
698.555467536205
698.5542451247
698.551291605855
698.54220892652
698.541311634425
698.538843536141
698.53211625247
698.525862661279
698.521869358385
698.518976199691
698.518647292476
698.510613449062
698.50422788565
698.495420671699
698.494063745378
698.494047814068
698.483804772913
698.472424524085
698.465142614608
698.459778340069
698.453750078814
698.450769513591
698.447197531564
698.44592921894
698.430000068107
698.428751002218
698.42614015945
698.417670244427
698.417422413
698.412730150256
698.412537384106
698.408953874779
698.408387006106
698.390246727282
698.388590013516
698.38738710821
698.386521763353
698.381205468759
698.375281674342
698.37320404764
698.366900101464
698.364322725664
698.363281690094
698.355654168653
698.350386050316
698.340756875677
698.340334181078
698.331995921824
698.32850061872
698.327296730795
698.311881796807
698.310224296569
698.303471212645
698.302981860071
698.301228257763
698.297547838825
698.281691308364
698.262918410821
698.257077304375
698.255563250801
698.248787138671
698.248507547818
698.248215363259
698.239928575294
698.237917281492
698.235192966474
698.228449331238
698.225680858384
698.223091473116
698.212217919623
698.21113119841
698.190903083481
698.179837372505
698.179186321731
698.166042061385
698.162881975119
698.152119944564
698.151657748286
698.149792776496
698.147254475977
698.141116930783
698.136848964529
698.134021365726
698.131951400158
698.130580504614
698.129218830724
698.124734804592
698.11455265019
698.114242077955
698.110737431139
698.108207770523
698.105229062621
698.096624638189
698.084799768606
698.084089152121
698.083121475571
698.076344238149
698.073989567435
698.073509329505
698.073458126937
698.061020187811
698.060837462004
698.053149283159
698.052976118991
698.052030482628
698.049788368731
698.044952974352
698.044134502741
698.042277833657
698.027046536919
698.026366339132
698.024279102756
698.023578761321
698.023318260279
698.014350665232
698.008894725908
698.00659844961
698.004543315648
698.003257177876
697.996113791324
697.988242113075
697.984109028626
697.978429676122
697.972990143675
697.967016089863
697.96522989711
697.960668160749
697.939511919989
697.934094071554
697.929363688591
698.425635371586
698.659925968744
700.031872002689
699.491598390221
702.551278837315
698.40511587039
699.465122147843
699.921092584062
699.873167170536
698.310278101827
698.538445117662
700.499271718831
699.069905156176
700.263932599344
699.614013317927
699.90793140655
701.145771118648
699.896327921936
698.383615774015
699.211095578125
702.053752674565
699.316810679875
701.778223231867
700.465473972545
700.570625040388
699.952238738191
699.648836361248
699.447513659591
700.329267854596
697.968941095345
699.283420218872
698.606764274973
698.274176125979
701.488465794562
697.929134721933
700.967755971034
700.627472777391
699.317737649213
699.114295370946
698.464688283094
700.761895450853
700.863464120008
698.548172086509
699.362092134577
698.304546298964
698.242253355258
700.072376521963
699.641964419211
698.731692629053
699.112113925226
698.415970714656
699.378059473485
698.586852136665
699.005283042005
698.419030715146
699.977279765908
701.157104770978
699.092680012044
699.364703678414
698.616156831577
699.333445272723
700.772769804974
699.736070686452
699.687396459353
701.14463757705
700.149465427788
701.996773735386
698.015673873507
700.040388231345
698.620739121741
698.060442536625
699.848791599241
699.285247915963
701.146790978984
699.862891793688
699.251098194414
700.323604601544
699.750011139907
701.378945415313
697.973032726389
700.317249458219
699.747127527832
700.661846733804
698.702262905405
698.542719960064
698.013564835598
699.600269377102
701.907489003099
698.976361605996
699.66241095242
698.994229248246
699.31086995341
700.287739950324
698.718067331194
698.545399555207
701.087802288425
701.535315700345
699.456422543257
699.607531173261
699.065269287683
698.451550747036
699.770435894336
699.919393082846
700.464164659564
697.90574150308
701.934316910368
698.21725283788
698.993632457496
699.216915265164
698.897926905886
698.169502148757
698.456478211568
699.79487345456
698.379684868135
700.313819160793
697.955647850481
698.186739528318
698.730065094133
699.699427311839
698.05445230378
699.325733415733
700.016982338036
699.278071167275
698.47253627791
698.902613381313
700.351504313562
698.144879553573
701.886969263238
700.413125369431
699.042669883627
700.49969692205
698.857164080109
698.110805345305
699.037998428925
700.338636468983
699.954894237569
699.977938944738
698.842286420286
698.05747504953
698.785322027796
700.475592651379
699.386166521518
698.690520320724
697.934962708798
698.900450260488
698.389733332189
699.035737302529
698.862983558512
701.758019035951
701.267368479002
698.430845840402
701.316017329897
699.181678819275
698.161877818226
698.408459854667
698.601362524226
698.256786619159
698.358629952436
699.044355645369
700.294829382736
698.032324413714
700.824098984777
700.286993344662
700.379761732701
699.770798680235
699.991709549997
699.432179309514
699.001751415345
701.368024438077
698.816777574621
698.135105558918
698.123729697842
700.540280217373
698.405565382823
698.240275437605
702.058094236351
698.785040377704
700.5787432571
697.972169828356
698.638952972401
698.879551292589
700.110648796734
699.747763636899
700.054535542386
698.666537236122
698.085055184794
699.2559973391
700.657658363883
700.2252052074
699.096892170703
697.935112780164
698.769292300602
699.459126632304
698.076531431304
699.759786509054
701.021276425165
698.527559665234
700.104167569211
700.211273683732
701.025093216255
698.85695648263
700.11623286271
701.125514496193
698.153321267889
701.221172969211
698.022236084432
698.988290208659
699.534402096771
700.76955784592
699.233252155841
700.897319629944
700.274819353486
700.826099859837
700.20229264322
699.836214947643
699.189324469134
698.803224579184
698.221858221987
698.127626429006
699.757988388085
699.708023770677
701.285975124891
698.250290483561
700.235552095477
698.272747989976
700.676463271507
700.826504310578
701.033396785078
698.930661221204
699.387125150627
698.68268573446
700.126951815668
699.464926616744
698.24555125951
698.316853210607
699.38684639915
699.240937753439
698.670260594892
700.830327799978
698.05486777225
702.046515970872
698.786946752797
701.906187948755
698.740494534547
702.438430555478
699.955313262813
698.685533120509
699.134888291898
698.48840340045
701.172388081279
698.033288345971
699.518223011549
699.538053998416
698.272148937299
699.291382612515
700.456818738831
699.52270408769
700.165473525826
698.821837110944
699.019631252637
699.031937002255
698.533729671087
700.509613906631
698.906371518847
700.12912615112
698.90092175996
699.605827348401
698.955814246623
697.951729147639
699.370621592342
698.951435837112
701.08100466155
699.619916744266
698.514112227671
698.534966428595
701.046074613228
698.72091434794
701.207391909861
699.783387639702
699.129240929373
698.126597219722
699.648391029423
698.222754871815
698.160257185543
702.03906056217
701.426723149363
698.87854982166
701.610188601401
698.403346308497
700.496469573818
698.762686876485
700.831265626024
699.131450053377
700.981581463533
700.063106215921
699.349896990987
700.853075462231
698.338125707593
701.959499589796
698.20124919364
698.850001521182
699.141499909519
698.775608973465
698.516812854407
698.848994717509
698.599364429908
698.110885889686
699.951228064477
697.978823025222
700.533045678493
701.840180524825
698.058527846156
700.91883009963
698.627451628632
698.192354363979
699.556356448076
699.961506531856
698.900186864377
701.394626639648
701.410002618548
698.470735303446
698.070591154997
700.246410342014
698.415458413671
697.963386193941
698.284422701779
699.621695841927
701.264711483249
698.699234212991
698.023576331889
699.191704564894
700.14673802542
699.008728435567
701.80462141189
699.667724246439
698.59613978637
698.717733226371
699.193246475575
699.061882760779
699.71838998397
699.210265396326
699.56415384033
699.737506985596
697.935076806184
698.294286066356
702.31058406284
699.579056332721
699.01428561833
698.678898193187
699.565621012448
699.587367221794
700.489447468168
699.591093704058
698.27280985895
697.963919937458
698.656122929606
699.925858640791
701.025414649799
701.488274770218
702.1642217461
698.422974038544
699.994976063327
699.59102138715
698.572890632355
701.538436012851
697.978172320175
699.662354850071
701.03890411702
700.959198898651
699.889514066724
698.537088882485
698.973601568439
698.952365029924
699.087522678165
698.097607089076
699.945995922576
700.547480211112
698.422728948893
698.519778014899
702.344996899641
698.444461338576
699.543974724188
699.516589682546
698.335983271773
699.934073238504
700.1286153237
698.818190282449
698.95620411083
698.428321253764
701.251262901207
698.655801042786
698.579196231562
699.181876932897
698.288940207526
698.335595698563
701.531198384769
701.328037112625
701.607866794531
700.599885824997
700.061431502014
702.356074625142
700.302711425849
701.426555268247
698.744911377673
698.761952336853
699.526915667369
700.328743113503
697.984782523074
699.079805003874
697.941021970228
699.67391160956
699.690832157066
698.650688933411
697.993874117084
698.301795661195
700.732517595691
700.319904317442
700.320347856723
699.272731790938
701.048573924544
700.36080752011
700.386788891396
699.558119241719
699.115102246617
698.118571959075
698.436345655043
698.795943058854
698.604766759816
701.094865023668
698.702803024714
698.472268361704
700.459599070651
698.766654686131
699.423091271141
698.005393338763
700.276771921911
699.488467268956
699.203228318412
700.83596522764
699.827570141566
698.946738132211
699.644405604048
701.179567011113
698.715530427609
699.122792725827
699.681428434453
700.157970572816
701.158927717024
700.663470561976
698.751700964192
698.070919872519
699.617566789657
699.451337702891
699.132202397916
699.115661445095
700.333296899598
698.615627019126
698.626893911926
698.039082370187
700.547186312357
700.720704597372
700.563213395585
698.665294771039
698.546181772762
700.187542018228
699.328289830273
701.72342315585
698.580667808202
700.50568637047
698.232625141391
697.914364636271
698.564854352136
699.539318894339
700.58891954608
700.995086519699
699.983778402265
701.423886250683
700.250298172076
702.113537176022
702.276626100784
701.573180096906
699.80613656739
700.976940394209
699.433401303725
697.950556807558
698.162897019807
698.211523381937
698.637006307831
699.79739831806
698.391771718221
699.956023361933
699.036965134254
698.184701697573
698.211086754318
698.939224949519
698.791757242048
698.137210444031
699.12486438769
699.598028245625
698.482365354908
700.151413080797
699.847830589269
