596.047260099084
500.479704252928
497.87501497686
493.445381972705
491.422802349487
490.737757288288
480.245821013214
478.889903402754
470.736088201914
468.611649188331
467.84251577608
460.78544653359
454.584346163016
450.586188347909
445.45279241994
444.149202442498
443.758982154804
441.5815288345
438.402105064439
437.125797477919
436.428500221829
436.237323511521
436.134860665367
434.073710529096
430.792274666336
429.293128376045
428.75650620827
428.056700282937
426.930509702525
426.147682917579
423.927065516673
423.701043765693
418.498126696244
413.762512042233
412.008632436357
411.30535365176
410.786292951139
409.888469247027
409.888116129116
409.639069236627
409.396753361501
409.220807506716
405.984778703127
405.922544840508
405.285692122144
404.396446818611
404.311880876444
403.784807440754
403.523680204303
403.268680585698
402.700877030293
402.646563697568
402.61794516179
399.666960488406
399.142497313159
398.328887990178
398.018140780364
396.461515552294
395.784827570982
395.546554964839
394.886636035267
394.859639905267
394.647962612843
393.75111851089
393.244846428493
392.251546394607
390.411216196652
389.925358851334
389.085341195905
388.739783185783
388.724677237748
387.669529370309
387.583259549809
386.877911891064
386.805013828166
386.453242871847
385.818489549478
385.690717775325
385.569679046577
385.157028349395
384.708829870999
384.439144784745
384.070667169139
384.003674208997
383.947142215031
383.740677133337
383.552665191264
382.375378388202
382.336386538161
382.203459366019
382.059912436459
381.767402789283
381.73435026885
381.668446984255
381.442667831023
381.302243955469
381.274947406711
381.178829307094
381.13167234877
380.98721878296
380.968365710394
380.635679553145
380.396836000196
380.236598511233
380.039375635524
379.910835426871
379.812480587859
379.514314065228
379.460588734609
379.034844806156
378.728610672205
378.703074871656
378.632698707618
378.589299121127
378.551538636796
378.224075592322
378.175345267756
378.139306421265
378.085135607538
378.07577873849
377.975885493039
377.944308603343
377.832866179224
377.565445264664
377.301894368462
377.30080663129
377.260759665934
377.259868377269
377.095223799573
376.953984100128
376.940174731136
376.798673349431
376.718536460198
376.550164475113
376.503419459985
376.141284148476
375.936762672336
375.901995130599
375.881323361937
375.798393336138
375.796931407529
375.744257091352
375.710234082049
375.615767880892
375.53463708149
375.504879347001
375.365304976227
375.305300347453
375.252487328001
375.243125669282
375.133250451856
375.114035410022
375.092457494146
375.088563631737
375.087070302633
375.059952729167
375.024625841209
375.024611764286
375.021013330817
375.000808919638
374.969384012745
374.95444167709
374.945221075655
374.942126155984
374.926672870435
374.900936683376
374.899998327444
374.888803117943
374.877051343958
374.863159882009
374.812081876684
374.795576296011
374.787268835675
374.753610099723
374.740408888127
374.735243199556
374.728540728076
374.719998193794
374.717048117174
374.702660831605
374.701782463916
374.700470427185
374.698647177846
374.694497095893
374.694456630078
374.693721350939
374.693308518285
374.692886768513
374.686659877387
374.685506334953
374.683994643613
374.682411088016
374.681753483503
374.680418340383
374.679355970029
374.677346092221
374.676100308991
374.674680542798
374.673263172689
374.672933091528
374.671000568331
374.670858315877
374.66950986357
374.669232560122
374.668323960636
374.668314750766
374.666895720081
374.665208010404
374.664766699198
374.66432980149
374.663387399418
374.662919721503
374.662810668262
374.660973268335
374.660775949264
374.660421768621
374.660370349693
374.660210264359
374.658743982898
374.658639895759
374.658531790377
374.658457726245
374.65739616113
374.656778422123
374.656772718578
374.656693654504
374.656644274838
374.656615927122
374.656241691499
374.656112717889
374.655752103494
374.655634943447
374.655251949773
374.654893944362
374.654578027945
374.654525694834
374.654374525369
374.654298193395
374.653356676946
374.653252976699
374.652501902188
374.652151020945
374.651980991451
374.651669799281
374.651441863021
374.650802492273
374.650465934104
374.650430524379
374.650282294381
374.650171964895
374.650127523431
374.65010017405
374.650011522195
374.649881774811
374.649874032039
374.649851528389
374.649831919807
374.649624370231
374.649623574597
374.649602483115
374.649565821645
374.649494048309
374.64947198866
374.649446628487
374.649421914223
374.649415341077
374.649272368086
374.649264418601
374.649233887016
374.649224945778
374.649222480438
374.649202247832
374.649201531095
374.649172610533
374.649137536479
374.649135122253
374.649132074398
374.649121807622
374.649114395941
374.649109650451
374.6490883905
374.64908781339
374.649084262551
374.649082133944
374.649075380531
374.649071727358
374.649068577688
374.649067593338
374.649064902648
374.649064167346
374.64906370655
374.649062993807
374.649062334111
374.649062329716
374.64906232852
374.649062327687
374.649062322657
374.64906231828
374.649062317927
374.649062315733
374.649062312526
374.649062310211
374.649062309622
374.649062307025
374.649062298972
374.64906229317
374.649062283434
374.649062272607
374.649062269241
374.649062266936
374.649062260627
374.649062260619
374.649062254865
374.649062247631
374.649062246364
374.649062245553
374.649062234971
374.649062231072
374.64906222387
374.649062204802
374.649062192682
374.649062186415
374.649062182981
374.649062135675
374.649062130539
374.649062124729
374.649062104385
374.64906209261
374.649062045008
374.649062036478
374.649062034085
374.64906202814
374.649062008521
374.649062004883
374.649061999254
374.649061996703
374.649061996618
374.649061967577
374.649061953016
374.649061948168
374.649061941833
374.649061925056
374.649061895047
374.649061891174
374.64906184886
374.649061847839
374.649061833622
374.649061810593
374.649061777815
374.649061758995
374.649061758241
374.649061731127
374.649061710363
374.649061624965
374.649061605667
374.649061550176
374.649061541692
374.649061510466
374.649061502359
374.649061425389
374.649061409556
374.649061394069
374.649061389507
374.649061363318
374.64906136085
374.649061357898
374.649061355592
374.649061342254
374.649061337702
374.649061310622
374.649061290419
374.649061286757
374.649061276482
374.649061265051
374.649061243069
374.649061169746
374.649061165091
374.649061157262
374.64906115722
374.649061103623
374.649061035366
374.649061034676
374.649060960767
374.649060864566
374.649060736487
374.64906071251
374.649060528729
374.64906052488
374.649060455931
374.649060396044
374.649060368654
374.649060360747
374.64906033394
374.649060318005
374.649060301917
374.649060231994
374.649060216128
374.64906019455
374.649060186803
374.649060137876
374.649060113089
374.649060078621
374.649059989312
374.649059984884
374.649059918148
374.64905990455
374.649059901069
374.649059818204
374.649059782859
374.649059772739
374.649059734521
374.649059687011
374.649059660136
374.649059590984
374.649059557429
374.649059433993
374.649059427428
374.649059420893
374.649059381733
374.649059369097
374.649059362686
374.649059310923
374.649059295398
374.649059223253
374.649059185937
374.649059140728
374.649059137071
374.649059072901
374.649059055155
374.649059018788
374.649059014687
374.649058920651
374.649058886121
374.649058872109
374.649058748219
374.649058725684
374.649058645387
374.649058592702
374.649058585641
374.649058553515
374.649058460731
374.649058446713
374.649058360534
374.649058345691
374.649058296454
374.649058286147
374.649058267349
374.6490582238
374.649058220208
374.649058163734
374.64905814612
374.649058049232
374.649057998011
374.649057940905
374.649057859532
374.649057833346
374.649057723147
374.649057310552
374.649057301238
374.649057296872
374.649057292523
374.649057281616
374.649057255694
374.649057231467
374.649057228735
374.649057191686
374.64905715516
374.649057014372
374.649056971787
374.649056755693
374.649056696997
374.649056629686
374.649056580658
374.649056578005
374.649056563418
374.649056506202
374.649056492244
374.649056472181
374.649056179459
374.649056159156
374.649056028596
374.649056000632
374.64905581384
374.649055764469
374.649055703354
374.649055700951
374.64905564754
374.649055625534
374.649055554049
374.649055364083
374.64905532861
374.649055274237
374.649055098408
374.649054989656
374.649054953004
374.649054910863
374.649054885151
374.649054776517
374.807324103047
374.649057281722
375.482531413308
374.824172255426
374.830319057247
379.302416160222
429.729279302897
374.649059962205
378.555266715297
374.649058957402
401.361546234445
375.427632173631
426.543372167239
379.334441300049
448.377277373713
374.649061271745
374.649055205363
374.737001194671
374.649056859594
374.857651178036
374.833774517269
374.653197973881
374.649062165445
374.649997050131
380.194861984113
374.649060874507
384.015444218013
386.664389123366
377.362496138812
374.649061905749
374.64906211984
374.995355277557
374.649062112185
375.801529057329
374.838541331563
374.663445303791
374.649061383553
374.649055739869
435.789387004068
375.472491647491
374.649056496568
374.651287174148
374.649058701818
374.649059112861
374.649060429966
374.649059808119
419.555390480498
374.649062242868
374.649062171853
374.649056738848
374.665997813188
374.656171984982
374.758338121229
421.696403071344
374.651095336404
374.649060691075
374.64906023981
374.649061947317
375.881077834726
380.866415374424
374.64906225427
394.093100149054
374.649181855818
374.688505261769
381.769034636796
427.982392144391
391.837186052865
421.43153866088
374.649061447106
374.649056112963
374.649062326998
374.688584374241
374.649060576419
374.649061434268
374.735581305068
374.649058794347
374.649062149406
375.381995108774
374.649057616447
374.762743898436
424.238352577969
392.993399086239
374.649059348089
375.429099560255
374.650950651337
374.649061504809
374.658838281439
375.683314289443
444.187431179538
374.649056121596
374.649061877487
397.875135318419
374.649061825198
374.649057499787
374.64905969784
374.649059073699
374.649057788456
374.649062178077
375.768144873959
375.825361848667
376.491352514143
375.831223799359
376.366270013659
374.868403685169
374.649061230157
374.649058113578
374.754282541657
374.649061971728
377.072550991261
485.1879167758
374.649130707499
374.649060588811
374.649061746882
374.649058583804
374.649061040326
382.364414862761
374.64906119854
404.290989155443
378.025285634173
374.649062068362
374.649199950614
374.649056133257
382.071073795282
375.997540002183
393.893474049698
374.942922504654
376.894578969728
375.596844049456
395.33532032741
374.649062145844
374.649061532949
460.866974961437
374.649062327686
458.677070863567
374.649057742937
374.655143015339
374.649058713469
436.234433720353
376.850484444776
374.759533193904
451.50865096213
374.649061670195
374.674998427192
374.649059700334
374.738134178985
381.518205047358
374.649062617981
394.51074515679
389.860042301876
374.649060970729
386.369459360539
374.666297286105
375.06591212258
407.236718333607
417.930852091274
386.816360881432
374.649056356033
376.581064304893
379.301096433331
374.84453233821
374.649061986224
380.63756587841
374.649062302888
374.649060840876
377.597137229923
374.76242610086
419.63804074077
454.981652948066
374.649062040509
374.65128315892
374.649062256655
374.64906216187
375.350465987353
376.242622166938
374.659122045383
390.316507026407
388.195428429701
374.649061328937
374.81494454266
437.939185382407
409.82011891965
374.649061906343
374.656832510121
374.649058796174
374.654965428737
374.649062260787
376.49262925977
374.671211608585
374.64905978798
375.531051880255
424.597936698872
374.649061581509
374.663455934985
374.693340885536
374.807937530053
374.649059152673
374.667129017607
374.649056026707
374.649061321253
374.649059911626
390.67873491498
379.407158717178
374.649062246598
374.649062238929
378.584683206956
407.943217324818
374.649273102601
374.649114552439
374.6490579068
374.64905488995
375.222214505284
397.980111832511
376.023523116046
374.649061899482
416.94785718189
374.649062326875
374.64905521499
412.787287941352
374.652494099831
374.706308723011
393.132227812892
374.649062163748
374.649061558625
374.649057494359
375.737650117851
374.726676889265
388.352603168409
375.032709293442
374.649060837077
374.673302010142
374.649058849403
374.65721944671
374.687524842111
432.087599434931
374.649056515753
376.961493488229
374.650895128919
406.405436026247
374.662007209682
456.184969688859
374.649055281343
420.813040950097
374.65021761533
374.64905875862
374.649057102907
379.51213759091
374.649060007154
400.876462760801
382.450114988121
386.920286673232
374.649062310225
391.08867827674
374.649062156173
374.649062289975
395.959306786514
374.695800705512
375.857974568611
375.094919758472
374.681674183914
444.021354150146
374.649057313332
374.649075835624
374.64905912153
374.649061937083
374.782453454157
375.135978374407
443.71721347924
403.030577562034
405.142532042777
375.049605093296
374.649055407441
374.830382598024
374.89630929582
374.649286540124
374.649061292577
374.81334438663
381.013233192247
374.649056826711
374.649061117521
374.649105918894
374.64905499973
374.649059305814
378.206054330667
374.649060501899
374.649399834214
451.906911072973
374.649059275591
394.121303026122
380.392169329522
374.680157159347
374.649061982406
377.38050252252
408.299439294349
374.649061338131
399.754995518665
374.649057650318
428.295537937282
374.67109152947
378.295219413632
374.64906740434
374.649061631458
374.674828158438
426.92924979219
387.607067105077
374.649059901723
376.046327435298
374.64905845292
375.286399221078
476.833154750132
424.67031091021
395.565157776873
437.093712727173
374.649061270053
374.64906121782
457.444372602761
403.779753088742
376.82273826925
403.685625438524
375.37771235596
374.810030626791
374.649060775722
375.176078391818
382.243506095095
374.649059830312
374.649062324094
374.791647541367
374.649061819583
403.93868699416
374.649061251284
380.35287451309
374.649081490579
376.432466585508
374.649097274679
379.488437702319
389.124871086311
374.760098945788
374.649056292749
374.649062016851
374.649062082797
375.355870294139
392.901473764775
374.749105209314
446.291422699176
375.62423065973
374.649119708912
396.987764113138
374.649059460899
374.649057190854
395.407888041154
374.649531336222
374.805119354051
403.280123645864
380.129309886776
391.354908863109
375.732513033089
375.775338111248
374.649058894448
374.794972524894
374.64906170589
374.649061108405
374.649510000982
376.093028152328
374.649061631165
374.649062184297
374.649061736548
392.199323413896
374.654104809735
374.649057308878
378.1825440908
374.649064083522
433.030800824103
374.659203475266
439.398047180842
374.715422235495
374.75417274963
374.649068779141
410.342100044898
374.649665733722
374.649062237378
374.649062003353
374.649062016697
374.707634512419
374.88410138042
374.649058052674
374.649061065312
374.649062188129
374.649058620663
374.6490583343
466.892205358767
382.354178896342
374.877185389457
374.649054719205
374.649060292445
374.649061698726
374.652859245661
374.649060931774
393.909542529535
374.649055708694
424.068255177764
392.847547236521
378.255881507683
374.649061219502
380.295525639294
375.82602927294
374.649056289386
376.954829250599
418.232992789973
374.649062039912
374.656409210544
374.649061796812
374.649061968341
374.64910592004
378.089215830392
374.649056428515
374.649061075951
374.649061647112
377.816942163587
374.64905921443
374.649060305936
415.328237805262
398.850946669107
374.649061378495
374.662091866207
374.686636068246
374.897678085678
374.900628783909
377.078525220654
393.328560372823
399.067320866764
374.752759477258
378.764154345477
374.649057242035
374.649062327565
374.649055871767
374.725519477599
386.245000979268
382.743693150383
431.393865344446
391.080741889207
388.532181091053
381.546573647149
374.64906622212
376.842126379498
381.651825957941
375.970247970853
421.659300784058
389.625201986236
374.649062045611
404.806880270134
374.649055047785
375.735743297197
374.678894827321
378.363886626691
374.649062246052
396.686388406486
395.493451758122
374.766983735533
377.608771559535
374.649060265161
377.000847548091
374.649062325065
374.649061566929
374.649281796474
377.005200282509
374.649058062564
374.999022326965
374.64906217107
374.649061500939
374.649060611546
378.638634690434
446.611430849828
377.755732535543
374.817928993243
464.979393935542
374.64905701159
374.649057958007
374.649058821072
374.64906229963
384.634837786973
378.226676916406
374.651556162238
374.649061238035
392.285139805059
374.649061585429
374.649078006127
374.649062313743
377.426379906609
374.649061583631
433.319754634733
374.649060474882
393.122222180707
375.549319824317
374.649056969703
374.650508817308
374.649055209807
380.85768726857
374.6500939755
377.854812366654
374.649061094905
425.83923221343
375.595542828912
429.403582743149
