711.419682905936
711.364976731944
711.006176608141
710.959923695137
710.913262059925
710.912741075663
710.777144489726
710.702156557581
710.650009804747
710.578735987954
710.549908048302
710.505236015432
710.484446542032
710.467774410784
710.463926985716
710.45913235999
710.420723675057
710.386676326341
710.36355070939
710.34641306086
710.346379074551
710.345087124443
710.32105043391
710.319269185381
710.318237244045
710.30740168338
710.29480796092
710.260792784869
710.224702257189
710.20138032473
710.183897691256
710.178448672989
710.178404398423
710.160951744388
710.140708444699
710.131135835831
710.104486388051
710.065357643088
710.059244107659
710.05633832886
710.009014507118
710.006568382141
709.984234950626
709.977064962349
709.93779990991
709.931407980988
709.930806730979
709.920138708059
709.907237913581
709.886139355949
709.882429310421
709.881704972906
709.85498076556
709.846962348568
709.829174417572
709.82727747426
709.825088480467
709.785236135837
709.746126396073
709.736437753269
709.733769310721
709.721276006263
709.71828562476
709.715952823722
709.684736232117
709.631793488888
709.627084066338
709.623289683322
709.619807702894
709.616202014012
709.605182938553
709.597183380663
709.596854990151
709.595500279969
709.587070137101
709.57271000472
709.572134317714
709.55683406458
709.539081413152
709.533344085341
709.515848372233
709.510876396324
709.508872007601
709.505258559827
709.489493004195
709.480515555106
709.477370744245
709.459381950022
709.455536678296
709.440653467667
709.426704482187
709.418684701183
709.416170755794
709.415241400531
709.407636623631
709.40476604657
709.40183894273
709.398903658623
709.371279213792
709.365276108306
709.357318330128
709.35385685338
709.34969582165
709.325496199211
709.324384626799
709.298823583645
709.259795302346
709.258282202359
709.256760669996
709.246775892616
709.242484664456
709.239614192463
709.238951146318
709.238142048132
709.237951577162
709.223206658486
709.213726233814
709.202865706747
709.201396040686
709.197535605931
709.186500039811
709.167279390108
709.166952513587
709.162163376181
709.156535881425
709.155819239642
709.154087247811
709.13332676274
709.125825166433
709.123831756022
709.103492061202
709.075379303684
709.069972410141
709.068136784435
709.057063058345
709.05590754218
709.053847994511
709.044949760772
709.036134336573
709.034761455645
709.029948062489
709.025869115319
709.015870722709
709.015562267055
709.01410469527
709.000475663477
708.993254245972
708.984233333692
708.981097194505
708.974625831263
708.971929124118
708.968364329403
708.966941015325
708.947649448575
708.939265208762
708.934312479284
708.933285652717
708.932657976902
708.928975233237
708.909772116268
708.906537406614
708.904424719493
708.901667938105
708.897196041706
708.889160910443
708.883184792717
708.873233803812
708.860678895962
708.859940231929
708.85982329952
708.854481095664
708.846485021588
708.836710096695
708.83513436994
708.833441219928
708.82668759277
708.825793214022
708.819326257106
708.807593481971
708.80738322626
708.806698398194
708.798010790017
708.79277062776
708.785332355579
708.778851626163
708.772090454423
708.770910690796
708.770428413356
708.766423386169
708.764667487573
708.761564981272
708.761499935228
708.756500349398
708.75459741689
708.7479132233
708.747079286595
708.738115083157
708.737354805464
708.731769813086
708.728376847765
708.725411936311
708.720229559802
708.702353665459
708.691302640697
708.671331196949
708.669534537519
708.668464937234
708.662881465956
708.654862542283
708.654318505629
708.64677042701
708.644964097691
708.639782036858
708.627956952019
708.621771963838
708.618054949821
708.615272549963
708.609850743831
708.606139503363
708.603427295722
708.601997631887
708.601272700574
708.597502954399
708.586446547236
708.586446327714
708.581297985316
708.580847891032
708.571109508686
708.566960563348
708.566925444899
708.56692512339
708.565529530417
708.56379155537
708.556369811006
708.556027236213
708.554140689226
708.552026182902
708.551109943977
708.550799222525
708.550007968706
708.549668456529
708.547927293191
708.546543555887
708.539603378122
708.538999334703
708.53581900848
708.521616141338
708.520235699627
708.518885478485
708.518376516889
708.518201734077
708.510349750244
708.508970511568
708.503082780896
708.497186361315
708.496411582885
708.483649694184
708.481489561839
708.473179778658
708.471905555721
708.466773232307
708.463944811238
708.46033258275
708.459169303943
708.458215753959
708.444063905744
708.441123465012
708.43963598404
708.439219585727
708.432571937589
708.424558231713
708.416063532452
708.413077255936
708.411953399168
708.405962761844
708.403796694462
708.400961597857
708.400564595622
708.395698308129
708.392003389468
708.386853470207
708.386746455875
708.382398898115
708.380383970901
708.379506524981
708.378968853983
708.374829143378
708.365590546657
708.365504592653
708.363134785043
708.358767801248
708.352192075605
708.351718803286
708.347908251478
708.332593800943
708.330081689446
708.326643644136
708.319295022283
708.315829810664
708.315373497065
708.304320654999
708.302899507999
708.298481729295
708.297562905537
708.295096149143
708.288466077669
708.276804548718
708.269182396292
708.267579692407
708.267248015474
708.264220354189
708.2580645714
708.256285341251
708.247665582587
708.24725740913
708.246357117902
708.237858819524
708.236950289743
708.235964678203
708.235438813
708.235353732438
708.224204215035
708.219627940009
708.216594829382
708.216369906184
708.201178983918
708.198933061495
708.198426117457
708.19700067907
708.192160168837
708.181460931645
708.180941994754
708.180311944324
708.178413979997
708.178039575153
708.177587498265
708.176226696872
708.173878603088
708.168825021711
708.166619198053
708.157772171907
708.141386400136
708.138812870025
708.136708858186
708.135142194352
708.128085963607
708.127431209108
708.124743680935
708.124128370171
708.116832951565
708.116568743654
708.114592086018
708.113711739022
708.111554590023
708.109101300503
708.104254169279
708.103697701094
708.101525854145
708.098044217932
708.085157769631
708.084471612024
708.084025177456
708.076199367562
708.074939651372
708.070486796188
708.069518878732
708.067881098133
708.067731367714
708.067420557228
708.062868349216
708.061506565313
708.060174578616
708.059415572149
708.057138593632
708.051268880557
708.049430383331
708.048211762841
708.042911937165
708.03552215448
708.035486415819
708.033322343861
708.030582569318
708.030524232262
708.028360390625
708.024810180289
708.022451868762
708.020308164915
708.018457886797
708.012697317952
708.009638620149
708.008287231817
708.008253552359
708.007894768029
708.006842820765
708.006300738568
708.005723006829
708.004932171513
707.999377066706
707.99293577693
707.991405294751
707.990069358019
707.987218578494
707.983360926123
707.980286519498
707.979453224764
707.977122330734
707.973328222349
707.972226310659
707.965507096238
707.965291965171
707.964718751286
707.962268067141
707.961954348317
707.960056392182
707.955815653702
707.951848786273
707.949571790204
707.948894821621
707.948276447523
707.945680181762
707.939985604016
707.939476375249
707.937331106726
707.931099056407
707.927469398532
707.926567710339
707.926436903678
707.925902523882
707.925759418128
707.922717733508
707.908351444519
707.898907499268
707.889696175399
707.888409714074
707.886287550295
707.886220378682
707.88356562988
707.882000670623
707.881177992035
707.879640262832
707.87950559114
707.877579423692
707.877276259729
707.869610219915
707.863976215987
707.862391684904
707.860965141985
707.856610370397
707.855282427531
707.853553135722
707.851915030889
707.846713338807
707.840963455516
707.838722691701
707.833995955135
707.816888298689
707.815786455494
707.815033043633
707.809701269452
707.805078131006
707.800754089858
707.800413007755
707.798007319969
707.797809109079
707.795662919611
707.7924432194
707.791290243916
707.790020976573
707.787815587082
707.787036482547
707.785556410446
707.782121397822
707.781222407961
707.779935612051
707.77992387858
707.779671768571
707.779289778706
707.779097365898
707.77883796891
707.778042747882
707.774640230912
707.773341941374
707.761029141206
707.758718539446
707.756716853544
707.751085153951
707.750987760854
707.749420066938
707.749400361844
707.749351323834
707.746176379899
707.744868527329
707.744460626428
707.743845675375
707.742173187269
707.739981858732
707.739453813609
707.735005588686
708.105658391554
708.344978958416
707.77735716379
708.568730689186
710.613444105033
708.700956559755
707.852374657726
709.213398739483
709.385701607169
709.072280282301
707.842029354101
709.189334591627
708.11408591352
708.326017441602
707.876514711017
707.934059012873
707.971341369797
707.843654171956
707.809205054392
707.818413438164
709.898312996083
708.757347221109
708.933525766761
709.294113608581
707.889960679801
709.074731332179
709.264535306974
707.961069082394
708.258423098861
708.407510085276
709.660184919621
708.738817293737
707.905499838345
707.880859349414
709.486394868724
707.785366899167
709.062371746277
710.176494343079
708.300532662824
709.066413924666
708.085016053469
708.484596356688
710.281165828489
708.134333611137
709.73771725446
709.658547373976
709.418177749653
708.882903739468
708.381900546012
707.915034556618
709.870423271962
708.563624078899
709.660077455656
708.043582474874
708.496421953005
708.188834381754
710.213907668642
708.075182194048
708.079101738286
708.613238061556
708.843173725425
710.127176828195
708.334957154141
709.424744133138
710.46203564787
708.134423613986
707.859768743759
708.026564508484
707.840283018543
709.470494277443
708.696127878081
710.713149338637
707.938828841387
708.986021180958
708.193320457903
709.595817036665
707.920827397589
707.917893384023
707.75494332992
708.589630873938
708.33194400294
708.158139241934
708.93777055082
708.385432471103
707.919441780845
708.115278542355
708.621651561304
708.067725119826
710.730613506421
707.927888325023
710.393634470586
708.894730195504
709.438978952936
708.784346491436
708.454468355729
708.874283310748
707.824315646997
710.405169898459
707.892935123493
708.106002466164
708.824765285181
708.184601811699
708.64256407815
709.258129617044
708.120689044738
707.935167310828
707.788337462881
708.886874885322
709.582069465524
708.491306694436
708.129577450545
709.529439660234
708.146256520053
711.493028734422
707.999761855041
709.114094458317
708.365343102577
707.810774957478
708.170996367826
708.743675220752
709.043806490601
708.11751218859
709.573159998606
708.177456491247
709.882250936271
708.033331008508
707.940527668039
708.63393143608
707.925659124948
709.338776770548
708.209123079929
707.896430909614
709.561353891803
708.914536686424
708.638801540975
708.417632474408
708.152842419055
708.981131066807
708.878148162711
708.771409905208
708.297377163775
709.262905336454
709.282862099715
708.031767306501
708.008476993038
708.35276318485
707.95737105646
708.607826107509
710.469272712854
708.735694147112
709.583160850798
708.025312841491
707.798130728901
709.160362041471
709.42502091533
708.657782398245
709.29521104593
708.439103927624
709.054606871285
708.972364003935
710.6010765073
707.80222521662
709.102269285962
708.574982490452
710.284163725755
709.495914249767
708.447912212714
708.055077604569
708.121700490754
708.980518972945
711.695890874223
708.596877201073
709.629659597198
709.950913076653
708.869173844748
708.521101487303
707.778371360612
708.309125917903
708.473415277985
709.239352552184
710.74322348099
707.861606191154
707.973289475943
709.892196348925
708.533921413729
708.362119274087
708.060759517356
708.341471177058
708.859133389176
708.844893379366
708.22093160334
709.154194371491
708.727730907636
710.25276689258
708.40391878974
709.820313674977
709.061629128875
707.844219983779
708.954533331183
708.596602613498
708.974982337236
709.342153625531
709.379223276488
707.74151158862
707.854179433137
709.375274042467
708.873749114828
707.844993745534
709.345206363536
708.455555733472
708.809369710506
707.751658053054
708.713097889902
710.116616563762
708.050165368826
709.676666904371
709.029190673013
707.839059255813
709.38997494927
709.207285422283
709.710243564726
708.173183240983
708.626934372021
708.127479862054
709.364373570169
707.850972819224
708.598592282136
708.088953459338
708.024741183022
708.462271174293
708.637171996882
708.134161335743
708.169894832085
708.190437467734
708.855291869851
707.81388663104
708.495373000265
709.723852768153
708.354069338886
708.862949304393
708.753813314229
708.417136052605
708.335961823687
708.222673275045
708.72691453091
709.350690543554
708.916244581682
709.674200500501
707.759245860648
708.674412156146
708.06411295786
709.813263780872
708.929486265929
710.47938167384
708.09641850503
708.377956265788
707.752003687947
708.446864998258
708.429345679341
709.028088304284
707.736116575213
707.892253544699
708.279425024672
709.269475379526
708.145141995729
709.031061902699
708.829504290599
707.961589888598
711.084049653224
708.646991186013
708.016493423393
708.388980721386
707.85244911801
710.517633316005
708.375447589559
708.12974842269
710.63534594594
708.037535775257
708.120902519211
708.263938251564
708.81680087782
708.147858717538
708.893965514293
709.505173717056
707.879538355938
708.882164701567
709.484683642417
710.743322355867
708.903130408397
708.56258419533
707.82991547117
708.956716491955
708.697132876665
708.153104187395
708.032051716539
708.041810367401
708.294108521218
708.457466087503
709.541781618466
707.909365265903
707.750132958636
708.248591650268
707.735729031879
709.429643206268
708.872758858531
707.743230796998
708.761698090133
711.575830681724
708.08650256052
709.172063044943
709.864613783048
707.821633628486
708.30613222887
708.650287047725
707.741739306776
707.982996979019
709.999688142447
708.633968415518
708.585778937451
708.620472600746
707.75174506019
708.309269510122
707.995706659492
709.56052086297
708.391758635695
709.230512637794
709.79550195856
708.399664061601
709.55430204766
710.715172631034
708.390580128617
710.028562388558
708.004357911221
707.833791583831
707.866292852778
708.476341211262
707.839530634982
711.91854693
707.924483069384
709.246286279388
708.162117791618
707.809975660005
710.173244574039
708.793109761403
709.352690462308
708.360313254287
708.880917980168
708.904126323934
710.19724690858
707.995878632114
708.211234041462
710.775532537262
707.790776197881
708.411547734802
708.196400217872
707.88303667551
708.925412703094
708.004193025608
708.952030837516
708.519642514238
708.042455126592
708.038355564567
708.156123778262
708.581189769958
708.535399635695
708.384402102982
707.939659000685
710.458110627669
709.719699976685
708.086696001743
709.89052404033
709.104961368575
708.810435027395
708.715934579544
710.046250894314
708.681474400678
708.091405081587
708.21813590448
708.377878494267
709.742347534025
708.523601426691
710.083354250615
709.721742060924
709.112825572628
709.038197096628
707.844737172015
707.861647539728
708.880995682526
710.653126628472
707.815975106505
709.977727204706
707.823405969551
708.080931324845
708.143312196419
707.957307790854
708.108175497267
708.205312566024
708.839691771078
708.522788019898
708.428987914547
709.032334753497
708.058712208827
708.370199505109
709.010249641018
708.675306746287
708.293846002252
708.794021844047
708.813711507662
708.215877640086
708.257385631245
708.784885917644
709.647193072414
708.616371364779
708.271453083606
707.764302843577
709.354362710317
710.280304618187
707.951946316395
708.017439784515
708.959182262433
708.513670004741
707.739447914055
708.325435877613
709.139614854652
708.371006837503
709.977222872289
707.76172332913
709.804580615894
707.887226049428
711.431452053426
709.928159501701
711.446779676295
708.182790310258
708.032514150033
708.967010447163
708.446219855691
709.87115839475
709.707727933985
709.092768714302
707.763533696642
708.38727432732
708.143427171237
708.876542831816
707.763176914356
707.934562668031
708.009018085485
709.122460939334
709.225388022499
708.442864833943
709.777914690803
707.749065155544
708.948334074553
708.666677121784
709.243218622767
708.215870554096
708.561119354907
709.404961799879
708.690644426801
708.397732721097
708.567552501825
707.782527139556
708.773772342077
708.139768890949
708.171306103332
709.182823241253
708.995990632518
708.056162455299
708.610465593664
708.090212109585
709.082584978173
708.4670564886
709.692280672979
707.802584324566
709.012858756216
708.402588748145
709.715017043787
708.839244963429
709.328273938987
708.735340927048
710.077619615206
709.232776763557
708.884585576803
709.1399323218
707.983215644156
710.696957814808
709.48454110015
708.298231947433
709.738781636796
709.267258352932
711.366695922135
708.365055812836
708.26765559067
707.845650251504
708.796388558087
707.826076616628
708.090081528513
708.140913947567
709.340131450647
708.695755855233
707.881090162437
709.869197172141
710.344517862423
