706.883683657386
706.093646223113
706.017183997894
705.736396756612
705.567129583754
705.298704710505
705.247652900236
705.209981147936
705.200618876131
705.097251137479
705.08919242143
704.907791102925
704.884049742705
704.574606667344
704.485583520791
704.385396016473
704.359055963507
704.219269798729
704.217523461038
704.132547797707
704.064294720113
704.024936922294
703.985404034525
703.944196613738
703.918042500493
703.894032825199
703.885276584865
703.822384808734
703.79621622462
703.71541100852
703.699619327987
703.679989232838
703.64444324542
703.632450935197
703.625946986003
703.570413153763
703.493682669297
703.457971312028
703.426130130068
703.39950855026
703.367049824123
703.332234459002
703.323134956474
703.306004251183
703.233788696055
703.230624768893
703.200596371444
703.178443408928
703.166951980543
703.161935275662
703.11917635699
703.11388915779
703.059035743049
703.052875571071
702.96834635393
702.951675806373
702.915577820055
702.912606885188
702.908599990247
702.908125798022
702.907871867176
702.907223423631
702.905418591641
702.904055723152
702.903999897963
702.903974705727
702.903622589647
702.903294753551
702.90286028296
702.902425316091
702.90206843893
702.901726842188
702.901099926842
702.900975712394
702.900785935454
702.900731684148
702.900463774773
702.900310578369
702.899804364504
702.899105894745
702.899089110329
702.898915838771
702.898865897996
702.898210412962
702.898144954423
702.898028509552
702.897290432899
702.89685081364
702.896759313895
702.896247915034
702.895686155781
702.894553252483
702.894349041023
702.894233010761
702.894056401661
702.894040186545
702.893691668591
702.893658831686
702.893583119676
702.893333931572
702.893307417461
702.893262224752
702.892973723027
702.892876978596
702.892753698518
702.892620103855
702.892526294739
702.892376595753
702.892117761782
702.892104598155
702.891974725066
702.891535083347
702.891523511713
702.891497726839
702.89134475805
702.891232262865
702.89121077441
702.890938871563
702.890885551641
702.890426949075
702.890337308339
702.8899596501
702.889584895344
702.889476357327
702.889286538542
702.889267901319
702.888658627399
702.888425648153
702.888317991591
702.887988777542
702.887835148626
702.887507427312
702.887372151391
702.887315168395
702.887067865208
702.886721719225
702.886660584877
702.886500912831
702.886193161683
702.885893827855
702.885797584399
702.885770278154
702.885622031974
702.885422324729
702.885372813735
702.885360796302
702.885276225738
702.885268138894
702.885134930477
702.885066472871
702.884985144258
702.884882437021
702.88468419382
702.884661602655
702.884630120694
702.884516082675
702.884434541674
702.884302196968
702.884061078565
702.883348177343
702.883345972648
702.883311312235
702.883306065125
702.883102607034
702.88308437749
702.882899127678
702.882873268568
702.882434133606
702.882375973995
702.882332239284
702.882261065676
702.882242815469
702.882122309583
702.882015179983
702.881801220138
702.881715126008
702.881630345092
702.881598733986
702.88155709884
702.88133598583
702.881178509131
702.881017920819
702.880941290231
702.880854991152
702.880586990246
702.880521877895
702.880448037232
702.880381191359
702.880370894782
702.880284970076
702.880160291263
702.879986548822
702.879949465697
702.87991813049
702.879771728966
702.879737967307
702.879733229289
702.879635627238
702.879614447518
702.87959258554
702.879519986296
702.879499986595
702.879456082548
702.879161795233
702.879143257286
702.879136849778
702.879120335457
702.878967185162
702.878703385358
702.87858684106
702.878503502026
702.878120653114
702.877949136721
702.877942688857
702.877907452034
702.877507458076
702.877449144901
702.877378969639
702.877226905239
702.877027676904
702.877026495929
702.876849880505
702.876790934987
702.876492031123
702.876371247756
702.8763611117
702.876358419109
702.876345802083
702.876334396718
702.87631741148
702.876312957197
702.876312202522
702.876129868044
702.87610194706
702.876033424414
702.875961681298
702.875926965188
702.875878507883
702.875863138638
702.875859339872
702.875756292224
702.875741645179
702.875642693739
702.875618065558
702.875542211026
702.875536264086
702.875525610458
702.875364612059
702.875321802334
702.875267258817
702.875169388392
702.875136457653
702.875132451642
702.875081297757
702.875045533293
702.87482334349
702.874821139421
702.874796671389
702.874772176357
702.87465092619
702.874575764743
702.874571484063
702.874456039234
702.874417485964
702.874414805997
702.874377128543
702.874364039569
702.874340774054
702.874339937884
702.874191382804
702.874147096395
702.874088471849
702.874081989297
702.874070145393
702.874016861335
702.873981219526
702.873955012886
702.873784636068
702.873780374357
702.873715507473
702.873677833138
702.873590180862
702.873532402918
702.873513839276
702.873502028131
702.873432809045
702.873371976619
702.873364782655
702.87332033246
702.873308051821
702.873307114343
702.873282092718
702.873270801291
702.873244702364
702.873237201942
702.873215200987
702.873193395025
702.87310013492
702.87296756114
702.872947035235
702.872885411338
702.872784060259
702.872611722575
702.872578755089
702.872435917505
702.872369887974
702.872160815221
702.872138738087
702.872119645746
702.872064727227
702.871955180886
702.871935135325
702.871769279286
702.871617439549
702.871573542126
702.871567364665
702.871147156701
702.87111850197
702.871100880056
702.870998165242
702.870855137489
702.870837168311
702.870817144988
702.87081064696
702.870660289267
702.870628539689
702.870437547262
702.870389422079
702.870374396068
702.870255971887
702.870233564674
702.870212392602
702.870016178468
702.869877799115
702.869822454172
702.869514624329
702.869488314041
702.869213393259
702.869117807354
702.869079104162
702.869045405803
702.868995259656
702.868924712167
702.868868026373
702.868857737082
702.868768952888
702.868665831507
702.868645381498
702.868617496981
702.868582969006
702.868556999731
702.868439945959
702.868370569429
702.868363787517
702.868340158481
702.86833165341
702.868310788615
702.868306736606
702.868277332186
702.868230460302
702.868109822323
702.868096795891
702.868086593601
702.868067518534
702.867873853331
702.867809568969
702.867783213933
702.867764316899
702.867739129306
702.867662833778
702.867622434505
702.867617169258
702.867580812673
702.867489070502
702.86744978499
702.867296113664
702.867179154486
702.867178768875
702.867107128389
702.867093351682
702.867029914964
702.866864220939
702.866749771603
702.866706330677
702.866684426501
702.86667073709
702.866604340946
702.866481541423
702.86644123533
702.866423802166
702.866416487243
702.866355887967
702.866227412391
702.86616184683
702.86609976492
702.866072708964
702.86604853623
702.865968977347
702.86596351959
702.865945671405
702.865764192241
702.865680794601
702.865672312431
702.865632192104
702.865532360162
702.8653913891
702.865386488996
702.865296007725
702.865221459479
702.865209356748
702.865197289435
702.865106103047
702.864987611646
702.864934899198
702.864870135615
702.864847755844
702.864713057425
702.864702761012
702.864683528026
702.864682276046
702.864657739365
702.864641346766
702.864625651824
702.864534526795
702.86449239231
702.864432410424
702.864414854606
702.86436532407
702.864354279813
702.864337340976
702.864314787513
702.864276919714
702.86425368916
702.864244267769
702.864229927983
702.864181748219
702.864122747716
702.864070823537
702.864056547368
702.863988008759
702.863986192801
702.863960555196
702.863899980704
702.863883370758
702.86384394765
702.863793380625
702.863736506942
702.863575158076
702.863543631616
702.863474280268
702.863443692003
702.863413017595
702.863264162563
702.863225532122
702.863179707068
702.86317927571
702.863126957491
702.862933089987
702.8628836123
702.862784410754
702.862741139428
702.862706259116
702.862646239509
702.862608417246
702.862573503999
702.862541639212
702.86242229022
702.862409156938
702.862370961276
702.862321013343
702.862249540401
702.862202888327
702.862198164097
702.862165184115
702.862163024453
702.862139442315
702.862116574112
702.862111132318
702.861974583318
702.861967427966
702.861944351571
702.861929594808
702.861868579054
702.861853940797
702.861769634679
702.861648367006
702.861610614595
702.861605049831
702.861481308796
702.861421867946
702.861410118809
702.861361440035
702.861305079297
702.861256797641
702.861082975961
702.861045941369
702.861012247739
702.861005439853
702.861715708494
702.871348122884
702.870495421985
703.852275984564
705.191640323121
703.138833053417
703.586279448667
702.872867746736
702.884795297329
702.872518837984
702.867925869932
702.865617613897
702.86837939741
702.879545231498
702.86910454765
702.869785405276
702.871637480853
702.869382227022
702.886582595198
702.86406021927
702.897035130698
702.873372596536
702.883444395689
702.889120070153
702.864452221296
702.886613167456
702.86220091572
702.865503733629
702.867080359266
702.877157180112
702.895914394516
702.878976328937
702.873583321679
702.877834141332
702.870936952352
702.865038842468
702.861627001027
702.862176677634
702.867707908654
702.867408197586
702.893450985827
703.711175647223
702.873391683979
702.869904512798
702.872742795883
702.878505500978
702.877090691463
702.875659214521
702.861443433499
704.206387292092
706.146026811755
705.756400559943
702.87350705265
702.876177487859
702.876505693009
702.872896361218
703.321421700765
702.874094770674
702.874405486427
702.883241883282
702.902736694114
702.895463837877
702.86833462332
702.899451918814
702.864455975553
702.890558935261
702.865905315623
702.875493370646
702.867581601513
702.889887669736
702.865642289766
702.870568174909
702.863834848458
702.88516003331
704.592378355503
702.88554839372
702.87259793759
702.871342483024
702.862022271914
702.868783117992
702.864030095656
702.876383315463
702.862788998273
702.860928850462
702.874566022235
702.881922781918
702.875589370235
702.887617515537
702.867737181845
702.895802555349
702.87654181015
702.88570212148
702.887740229189
702.891828404837
702.885131945507
705.549272881437
702.880000847564
702.876210494876
702.875940143909
702.879519081343
702.870970898784
702.884090750524
703.368984670645
702.877822575114
703.2094978069
703.733157303427
702.896629801602
702.889767332279
702.879532449509
702.871884802682
702.863517752004
704.145702518666
702.87413409754
704.861174641816
703.058731222911
702.865333515306
702.888574889196
702.879247447949
702.860957017456
702.862183203297
702.866540260686
702.863809440718
702.883502991609
702.891093386889
702.872407083424
702.867622515083
702.863921597925
702.892760470595
702.866758649744
702.874591638653
702.880665212233
702.867300925263
704.297608945566
704.188847078164
702.885151074668
702.871521862447
702.895984966252
702.879865586691
702.868735852451
703.616917680738
703.185376629895
702.88793657353
703.097713121068
702.863347863973
702.862685998284
703.335581770173
702.8691896102
702.881424578554
704.233693604185
702.867578122075
702.865857218454
702.878855221232
702.896430988187
702.899457413388
702.86688799925
702.887532933249
702.863491228827
702.899116668714
702.861834847741
703.45155284671
702.866826142006
702.869109161647
705.480185158346
702.878441784011
702.872976302416
702.877096307329
702.890158274259
702.871482128161
702.865885753762
702.891103112482
702.897014392179
702.879853831246
702.874426118217
702.997566149969
702.888382327108
702.880685386556
702.872923110263
702.869067669576
702.895318099985
702.890264686152
702.861037977339
702.883120507347
702.884746768095
702.872146424329
704.344169001804
702.893298970756
702.872341286891
703.34596576628
702.896177688369
702.863502339095
702.870133221205
703.419856822371
702.902472783761
702.888501573247
702.876045264648
702.870386124457
702.875034527719
702.878760919161
702.86832393763
702.892192811627
702.900409410708
702.890428953872
702.868792509948
702.903279031204
702.871555132978
703.32955380462
702.89428545243
702.865781023975
702.869638341025
702.88953711421
702.883181811875
702.862096913665
702.88705910999
702.879133594045
702.866257361085
702.882857839233
702.872321444674
702.891203784669
702.865900319178
702.869754545886
702.868794473812
702.872786234721
702.880077731058
702.882639668558
703.071381198525
702.866013355429
702.900953158292
702.873455049276
702.864298902205
702.906830109853
702.876268299835
702.889155173107
702.888785986552
702.900560453105
702.889224237522
702.862481129822
702.872772988168
702.865331641496
702.863174978349
702.872534312444
702.873980538239
702.86171641188
702.881919092915
703.049728257739
702.869385652136
702.876912479278
702.877404754802
702.888714979739
702.904304783357
702.873595031479
704.859553989245
702.872574505898
702.865986446684
702.874898973964
702.882385186127
702.888248425282
704.973948979115
702.864926126712
702.862564222522
702.89580956465
702.872756121196
702.878967610286
702.882352272923
702.898190906545
702.86281236867
702.874425175765
703.55698619533
704.778327519286
704.849926252398
702.875349835097
704.222540807048
702.892425079274
702.876933618407
702.880770625916
702.902878157745
702.864324187852
702.894933859282
702.877861449443
702.900116020866
702.891573737986
702.867366732401
702.861537281704
702.868006147588
702.865975220372
702.862496436934
702.874290402319
704.817224823704
702.868674527603
703.144147133583
702.862848723578
702.862674493627
703.124843719466
702.877545645033
702.885754139697
705.057289171912
703.41966681651
702.870987736012
702.869395999106
702.861791500492
702.900046825629
702.885604667073
702.86316421586
702.879357350061
702.877215014872
705.245976630951
702.875900752206
702.880753772447
703.340585543368
702.880788971383
703.134694187944
702.879642605102
702.87647036179
702.867690334972
702.88310384959
702.88534501973
702.891983699692
702.868773971952
706.052452214643
702.893792285705
702.869699302959
702.873117673959
702.88555099171
702.876111726465
702.869126245329
702.861855919322
702.885239028157
702.868646512103
704.327312016519
702.865771085254
702.896415125157
703.856981368027
702.883433620451
702.868712362801
704.795981658037
703.652425847909
702.881186571143
702.881877384122
702.886868164576
702.89042738192
702.873081404732
702.889760112129
702.89925591492
702.886645999815
702.863245693547
702.876680973961
702.885060409703
702.882839564249
702.881137506213
702.866863742986
702.8945979567
702.869653475464
702.879722164481
702.861068515226
702.878341609293
702.878710009824
702.880323134056
702.887298908721
702.887501537031
702.87906736436
702.865111875319
702.890086698373
702.879246183385
704.755992490085
702.862322725218
702.904859010234
702.87066647741
702.867436629779
702.883907839845
702.88749263694
702.861050231003
702.875615613133
703.347755318552
702.883999070978
702.889251622341
702.866077778139
702.866237907588
702.861414987481
702.895833514641
703.442960515423
702.878599100314
704.814543721869
702.883849559517
702.866437873913
702.877381089727
702.866269769512
705.075210174279
702.867741429431
702.86123111889
702.889391208838
702.903878833321
702.870638857157
703.410740204548
702.876223160517
702.881831884871
702.879151507357
704.636883018517
702.867463278263
702.882248035682
702.886797590293
702.874216764317
703.918202702386
702.878279277446
704.561189445025
702.899290408468
702.863180230999
702.871976508626
702.884347019034
702.881197830049
702.884579004917
702.868353617649
702.893341184659
702.87793498828
702.885082409919
703.954902970618
702.870325055385
702.869097878384
702.884055675614
702.898851818784
702.889486709138
702.867554690072
702.89951297305
702.897463616926
702.861642476477
703.805458203839
702.862715025112
702.874573713595
702.895620793434
702.892112610504
705.087143870829
702.895027917921
702.870294339366
703.249698552275
702.878078956606
704.092339895769
704.022601222363
702.877650455351
702.877916118521
702.87568884539
702.869075301353
702.876192200603
702.863025376546
702.882593923691
702.888546804446
702.873891570448
702.87030541372
702.885162114982
702.869736713192
702.862631473058
702.883020462688
704.302042347622
702.888361249715
702.873119340895
702.889824840287
703.717769498757
702.871749339006
705.016819401983
702.882489844295
703.990128100505
702.879491190092
702.870423790322
702.872374011796
702.883471601178
702.881006719807
703.549924086589
702.870224213012
702.876264255628
702.889606498078
702.862284796562
702.86591762369
702.875285608277
702.863454171526
702.866958042564
702.905034902568
703.224137955751
702.889091630163
702.902044974334
702.869509113727
702.86566114064
702.886280751606
702.88224137996
703.900052407478
702.865029655412
702.878864466532
702.866269858461
702.875859731151
702.861404495955
702.890588812377
702.86692525701
702.891899996593
705.73192121386
702.903963399301
702.89778624372
702.869081651178
702.894166358931
702.884012627174
702.864977372266
702.865744791228
702.877293683542
702.892701065597
702.908521578559
702.896236000929
702.88225955391
