596.047260099084
500.479704252928
497.87501497686
478.889903402754
468.611649188331
467.84251577608
454.584346163016
450.586188347909
441.5815288345
438.402105064439
437.125797477919
430.792274666336
428.75650620827
426.147682917579
413.762512042233
412.008632436357
410.786292951139
409.639069236627
409.220807506716
405.922544840508
402.646563697568
402.61794516179
399.142497313159
398.018140780364
396.461515552294
395.546554964839
394.886636035267
394.859639905267
394.647962612843
389.085341195905
388.739783185783
388.724677237748
387.669529370309
386.877911891064
386.805013828166
386.453242871847
385.818489549478
385.690717775325
385.569679046577
384.708829870999
384.439144784745
383.947142215031
383.552665191264
382.375378388202
382.336386538161
382.059912436459
381.767402789283
381.73435026885
381.668446984255
381.274947406711
381.13167234877
380.98721878296
380.968365710394
380.236598511233
379.812480587859
379.514314065228
379.460588734609
378.728610672205
378.632698707618
378.589299121127
378.551538636796
378.224075592322
378.085135607538
378.07577873849
377.832866179224
377.565445264664
377.30080663129
377.259868377269
377.095223799573
376.953984100128
376.798673349431
376.718536460198
376.550164475113
375.936762672336
375.881323361937
375.798393336138
375.710234082049
375.615767880892
375.53463708149
375.365304976227
375.305300347453
375.252487328001
375.243125669282
375.133250451856
375.114035410022
375.092457494146
375.088563631737
375.087070302633
375.024625841209
375.021013330817
374.969384012745
374.942126155984
374.900936683376
374.888803117943
374.877051343958
374.863159882009
374.795576296011
374.787268835675
374.740408888127
374.735243199556
374.728540728076
374.719998193794
374.700470427185
374.694456630078
374.693308518285
374.686659877387
374.685506334953
374.681753483503
374.680418340383
374.676100308991
374.674680542798
374.673263172689
374.672933091528
374.671000568331
374.66950986357
374.669232560122
374.668323960636
374.666895720081
374.66432980149
374.663387399418
374.662810668262
374.660775949264
374.660370349693
374.660210264359
374.658743982898
374.658531790377
374.658457726245
374.65739616113
374.656778422123
374.656772718578
374.656644274838
374.656112717889
374.655752103494
374.655251949773
374.654525694834
374.654374525369
374.653356676946
374.652501902188
374.651669799281
374.651441863021
374.650802492273
374.650465934104
374.650430524379
374.650282294381
374.65010017405
374.650011522195
374.649851528389
374.649623574597
374.64947198866
374.649421914223
374.649415341077
374.649264418601
374.649222480438
374.649202247832
374.649201531095
374.649172610533
374.649135122253
374.649114395941
374.649109650451
374.64908781339
374.649084262551
374.649075380531
374.649071727358
374.649064902648
374.649062327687
374.649062317927
374.649062312526
374.649062310211
374.649062309622
374.649062298972
374.649062260627
374.649062260619
374.649062254865
374.649062247631
374.649062231072
374.649062204802
374.649062182981
374.649062130539
374.649062124729
374.649062045008
374.649062034085
374.649062008521
374.649061999254
374.649061996703
374.649061996618
374.649061953016
374.649061895047
374.649061891174
374.64906184886
374.649061777815
374.649061731127
374.649061710363
374.649061550176
374.649061541692
374.649061425389
374.649061409556
374.649061394069
374.649061357898
374.649061342254
374.649061337702
374.649061310622
374.649061286757
374.649061276482
374.649061165091
374.649061157262
374.64906115722
374.649061103623
374.649061035366
374.649060960767
374.649060736487
374.649060528729
374.649060396044
374.649060216128
374.64906019455
374.649060186803
374.649060113089
374.649060078621
374.649059989312
374.649059984884
374.649059901069
374.649059782859
374.649059734521
374.649059687011
374.649059590984
374.649059433993
374.649059427428
374.649059420893
374.649059310923
374.649059223253
374.649059185937
374.649059140728
374.649059018788
374.649058872109
374.649058345691
374.649058286147
374.649058163734
374.649057859532
374.649057833346
374.649057281616
374.649057255694
374.649057231467
374.64905715516
374.649056696997
374.649056629686
374.649056580658
374.649056506202
374.649056472181
374.649056179459
374.64905581384
374.649055703354
374.64905564754
374.649055554049
374.649055364083
374.649055098408
374.649054953004
374.649054910863
374.649054690593
374.649054564584
374.649054427264
374.649054188864
374.649054142308
374.649053896079
374.649053296478
374.649053235847
374.649053032361
374.649052904118
374.649052770405
374.649052695535
374.649052257195
374.649052174386
374.64905196512
374.649051927011
374.649051903004
374.649051883223
374.649051674297
374.649051425183
374.649051294288
374.649051270594
374.64905126186
374.649050910182
374.649050835842
374.64905054091
374.64905049719
374.649050077412
374.649049709176
374.649049583741
374.64904918445
374.649048902149
374.649048762527
374.649048758801
374.649048698178
374.649048375206
374.649048080203
374.649047719347
374.649047633894
374.649047467629
374.649047021218
374.649046637492
374.649046607895
374.649046570775
374.649046366546
374.649045991271
374.64904587681
374.649045833039
374.649045636912
374.649045610499
374.649045518242
374.649045485436
374.649044794338
374.649044707702
374.649044604002
374.649044565325
374.649044530383
374.649044505487
374.649044472371
374.649044446705
374.649044227076
374.649042725253
374.649042606688
374.649041953111
374.649041843529
374.649041761312
374.649041628326
374.649041548555
374.649041059816
374.649040925557
374.649040689005
374.649040650241
374.649039206332
374.649039000938
374.649038788878
374.64903849435
374.649037070727
374.649036476453
374.64903640469
374.649035873653
374.64903564542
374.649035202278
374.649034251632
374.649033889235
374.649033876704
374.649033329059
374.649033161042
374.649032990431
374.649032912462
374.649032556917
374.649032408073
374.649032123747
374.649032032265
374.649031409595
374.649030986625
374.649030939878
374.649030799927
374.649030590465
374.649030476923
374.649030284498
374.649028614077
374.64902776584
374.649027262851
374.6490270631
374.649027027213
374.649026655382
374.649026473601
374.649025523188
374.64902543776
374.649024842873
374.649024755849
374.649024736673
374.649024615735
374.649024186262
374.649024119747
374.649022909212
374.649022409801
374.649022256495
374.649022125065
374.649021969321
374.649021744921
374.649021344893
374.649021062206
374.649019854601
374.649019509495
374.649019264963
374.649019205196
374.649018735156
374.649018699024
374.64901833444
374.649018317446
374.649017644919
374.649017605146
374.649016840999
374.649016781209
374.64901664794
374.64901628605
374.649016232897
374.649015129213
374.64901507747
374.649015052784
374.649014959151
374.649014617402
374.64901434998
374.649013585928
374.649013258072
374.649012457265
374.64901167807
374.649011520465
374.649010733103
374.649010713889
374.649010671654
374.649009565359
374.649007603831
374.649006775619
374.649005981305
374.649005080883
374.649004463463
374.649003730715
374.649003472329
374.649003349415
374.649002996726
374.649002929137
374.649002580676
374.649002400685
374.64900207028
374.64900171559
374.649000670276
374.649000320347
374.649000150989
374.649000018816
374.648999751527
374.648999561396
374.648999435587
374.648999297524
374.648998956969
374.6489986068
374.648998182567
374.648997826514
374.648997774648
374.648997240303
374.64899664724
374.648996309455
374.648996032608
374.648996032388
374.64899589599
374.648995852734
374.64899539248
374.648995039136
374.648994686203
374.648994339881
374.648994215603
374.648994060032
374.648992791724
374.648992322108
374.648992001601
374.648991490609
374.648991457864
374.648990120169
374.648989556966
374.648989480763
374.648988623554
374.648988300086
374.648988190219
374.648987869664
374.648987627972
374.648987151014
374.648986547379
374.648986080293
374.64898576717
374.648985391638
374.648985273136
374.648985018539
374.648984724795
374.648983879105
374.648983408102
374.648982686633
374.648982226933
374.64898213367
374.648982094092
374.648981829082
374.648981819899
374.648980884013
374.648980235341
374.648979852396
374.648979578248
374.648978837237
374.648978741646
374.648977951772
374.648977777491
374.648977626408
374.648977586496
374.64897729348
374.648977051492
374.648976538402
374.648976080501
374.64897589679
374.648975394892
374.648974851519
374.648974447683
374.648973813339
374.648973630303
374.64904485484
480.245821013214
374.694497095893
374.649049541502
374.649018442545
436.237323511521
374.649039869075
374.682411088016
374.649021326508
374.649061355592
374.649062307025
374.649039452783
374.649042893664
374.926672870435
374.702660831605
429.293128376045
374.649058360534
374.649068577688
374.649032027034
374.648995078253
380.635679553145
374.649043611522
374.649057310552
378.139306421265
402.700877030293
374.648981992575
374.64901894934
374.649057296872
379.910835426871
374.649029357089
374.649048456252
374.649037317996
374.649008458365
374.649005670702
374.649020137684
374.64906209261
374.649061810593
374.64906232852
374.649049063166
374.649052833642
374.649038035841
374.649059055155
374.95444167709
374.649874032039
374.649045213362
374.649010992646
374.649056755693
374.649040518273
374.649049168475
374.649032206163
374.649061169746
423.701043765693
374.649061847839
374.649050359541
374.649053649821
374.649037381916
409.888116129116
374.649012811916
374.649024877998
374.649057292523
374.649002602869
374.64904776998
374.6490883905
374.648996643865
374.649020623524
374.649061502359
374.650171964895
374.649051643333
374.649061034676
374.649022269212
374.649053719513
374.649040176544
374.64901582858
374.649044837593
374.648991509234
374.649062186415
374.649018450636
376.141284148476
374.649005980809
374.649044794252
374.649001240635
374.649015782028
395.784827570982
374.64904187057
374.64898747037
374.649046247735
379.034844806156
374.649062322657
374.64899098968
374.649040711367
374.649028697956
374.649042079377
374.649042558361
374.753610099723
380.396836000196
374.649061510466
374.649058645387
374.649062036478
374.649047372653
375.901995130599
374.649013055853
374.812081876684
374.668314750766
374.649042659258
374.649022742648
374.649050368218
374.649060368654
374.649058748219
374.650127523431
374.649017892436
374.654578027945
374.649059918148
374.64905261863
374.648978546676
374.649048220167
374.692886768513
374.649040613904
374.648986008944
374.649056971787
374.670858315877
403.523680204303
374.658639895759
374.649062283434
381.442667831023
374.648992184982
374.648973770117
374.648996435327
418.498126696244
423.927065516673
374.649020823248
374.649058592702
374.649040416321
385.157028349395
374.648993190467
374.649060455931
374.649058460731
374.649137536479
374.648998504853
374.649054569562
374.649028864246
374.649011363101
374.649051849473
374.649624370231
374.6489930928
374.649052713224
374.649062004883
374.649025183046
374.649049482475
374.649044559709
376.503419459985
374.649043574447
374.701782463916
374.649053285608
374.649061925056
374.649048200943
374.64906231828
374.649029076427
374.649042130767
382.203459366019
374.649022222363
374.649049174002
374.649053679001
374.649032321426
374.649058920651
374.649050752446
374.649003600962
436.428500221829
374.649021745399
374.649831919807
374.899998327444
374.649027832624
374.717048117174
374.649046031002
493.445381972705
374.649030187765
374.649021706036
374.656615927122
374.64902899331
374.649062245553
374.649602483115
374.64906071251
374.649055764469
404.396446818611
374.649012738092
374.649052644557
374.649062269241
374.649016961114
374.648988333881
374.649061605667
374.649008359218
374.649881774811
374.649057301238
374.649031116536
393.75111851089
374.649059014687
490.737757288288
443.758982154804
374.649038436469
374.649000082812
374.649059660136
405.285692122144
374.64906033394
374.649049549687
374.64905024512
374.649028394612
374.648998165846
374.649016179666
374.649061290419
374.649001071142
374.652151020945
374.648995531527
374.649029332673
374.649051216531
374.648996802788
374.649032494832
393.244846428493
374.64905814612
374.649059772739
374.649033010314
374.649062234971
374.649039142624
374.665208010404
374.649060864566
374.649061624965
374.649067593338
374.649014320801
374.649056028596
374.649026619225
374.649057014372
374.649046033869
434.073710529096
374.649044837656
374.649058553515
374.649054885151
445.45279241994
374.649042032791
374.649027224533
374.649058725684
374.649005340031
374.649043595386
428.056700282937
374.649047941781
374.649062329716
374.649009774066
374.649051551616
374.649002381431
374.64902512169
374.649060318005
374.648984340228
374.649061389507
374.649048733005
374.649019001592
374.649059818204
374.649055700951
374.651980991451
374.649058446713
374.649062135675
374.649062334111
375.000808919638
374.649055625534
374.64901387809
374.654893944362
374.649053980948
374.649043305742
491.422802349487
374.649059369097
374.649054005641
389.925358851334
374.649004884108
374.648990501985
374.6490526919
374.648974402716
374.649001027001
374.656693654504
374.649029069895
374.64906202814
374.6490582238
374.649057228735
374.649054989656
374.649060231994
374.677346092221
374.649058220208
374.649061265051
387.583259549809
374.649046514433
374.648987893391
374.648987140117
374.649038274136
374.648984796421
374.649045322579
374.649058049232
374.64899591993
374.649009691339
374.648978156545
375.504879347001
374.649062104385
374.649062272607
374.64906229317
374.656241691499
374.649041357494
374.683994643613
374.649034928198
374.649057940905
374.649049840489
405.984778703127
374.649035723277
376.940174731136
374.649037868266
374.649032005546
374.655634943447
404.311880876444
374.649011012615
374.649035001064
374.649061967577
374.649027893267
374.649029702372
374.649060137876
374.649041099688
374.649000956664
374.649014279569
374.64904942401
374.653252976699
398.328887990178
374.648986103625
374.649023520138
374.649061833622
374.649565821645
374.648986689598
374.649058585641
375.024611764286
374.649062266936
374.649061948168
374.649029172013
403.784807440754
374.649059362686
374.649020076739
374.649029647588
374.649008779979
374.649061363318
374.649023077314
374.649032560753
374.64901864515
374.649033443226
374.649061243069
381.178829307094
374.649039754219
374.64897475493
374.64905990455
374.64902754975
374.64904271789
374.649058886121
374.649026787406
374.649016286192
374.649057191686
374.649016956083
374.648987638364
374.649224945778
374.649016315817
374.649028318355
374.649042479985
374.649024611459
374.649016767807
374.648986226823
392.251546394607
374.649062246364
374.649059137071
374.649057998011
374.649044479055
374.64906136085
378.175345267756
374.649060301917
374.945221075655
374.649082133944
374.649056492244
374.649009837523
444.149202442498
460.78544653359
374.648983290712
374.649060360747
374.649059557429
374.649041845745
375.744257091352
374.649000409019
374.649048785811
377.944308603343
374.649007900599
374.649052317828
374.649059295398
426.930509702525
374.660973268335
374.649062315733
374.649056578005
375.059952729167
374.649023437776
374.649061941833
374.649018026563
374.648983857742
374.648977729556
374.649041922543
374.649037556992
374.660421768621
374.649016213767
374.649053670979
374.64904673982
374.649061758995
374.649054735914
375.796931407529
374.649132074398
374.649028042195
374.649053334706
377.260759665934
374.649047086969
374.693721350939
374.649055274237
374.649002599608
374.649037787428
374.649064167346
374.648997483174
374.649058267349
374.649001624107
374.649057723147
383.740677133337
374.662919721503
374.654298193395
374.649037773806
374.649121807622
374.649056000632
377.975885493039
374.649042967887
374.649037915398
374.649042699427
374.64903075845
374.649061758241
374.649008008678
374.649010087296
381.302243955469
374.649025432826
374.649044179343
374.649022764331
374.648988522997
374.649059072901
374.649059381733
374.649039915718
374.649446628487
374.649036037926
378.703074871656
374.64902530632
374.649494048309
374.649233887016
390.411216196652
374.649006349465
384.003674208997
374.648981462368
374.649037058747
374.649022247231
374.649043313586
411.30535365176
374.649045829524
374.6489879323
399.666960488406
374.648988149409
374.64906222387
384.070667169139
374.64902370567
374.698647177846
380.039375635524
374.649019035779
374.649272368086
374.649003000725
374.649056159156
374.649058296454
374.64906052488
374.649054776517
374.649019768145
374.64903276998
374.649052170498
374.648996404854
374.649062993807
374.649052672091
374.649039897186
374.649056563418
374.649014837344
377.301894368462
436.134860665367
374.64906370655
374.649016475043
409.888469247027
374.649041206223
374.649047318706
374.649036756803
374.64905532861
374.679355970029
374.664766699198
470.736088201914
374.649062192682
374.648992358424
374.649051996714
374.648986818637
374.649042519041
409.396753361501
403.268680585698
374.649041792253
