700.281441845978
701.711339927835
706.611821392922
702.555903129826
701.526254512617
700.275579109571
698.200513542558
701.650837409573
699.992663553083
701.995728228217
702.34547639961
702.174222374064
702.683634706276
699.067015219993
702.003764901576
702.792750824772
699.505551854559
699.081838043398
702.642812915472
702.537610603275
700.202398401203
702.401130123552
701.59786548836
700.790221367206
702.075202315627
701.609753611227
700.792369218049
701.740994746629
701.981871009185
702.682366348724
701.45905816943
702.428040377028
699.992663553083
701.871238187879
701.979670694657
702.04379113465
699.337022681581
702.722496284633
699.743325236755
698.680844836856
701.500418009598
699.756524034448
701.789377562654
701.950111541136
702.121334825579
702.683371370107
702.506930624311
702.433232245602
701.531428968848
701.938462838195
701.994449809317
701.317849331552
699.442920052583
702.291323592681
702.704231981836
702.011363446236
701.888575845999
702.356235788385
699.694520501662
702.196056761007
702.345615591663
701.575826979742
704.706018448608
702.793752388836
702.280542558811
702.347402474915
702.095993738317
702.255768923992
702.239950862794
701.897491675843
700.937825872713
702.523979126979
701.140734440989
702.023684571593
702.707074502431
695.503664684233
700.430751113817
702.2929856382
702.008699368761
700.600524713707
701.900773260552
702.423512659152
702.859351815941
702.442419069118
701.317849331552
702.841921528278
702.191445280934
702.308661647819
701.587438753409
699.84028186057
702.401626610224
702.309222980543
702.186151867476
701.798220548369
702.318751343769
702.313021857941
702.354236883383
698.659713582741
707.150871635808
702.309203877296
702.505536597628
702.161102147948
699.694520501662
701.879647922274
702.501088426123
702.564048448701
702.282426762856
702.086990210488
702.628856112289
702.336673232036
701.966449944057
702.828934170134
701.459689237631
702.25098077367
702.799676940982
700.409034554944
702.092942030228
700.458770122166
701.882763601601
702.442055424448
701.459689237631
708.617254490805
702.258196655814
702.768870823558
700.064300222327
702.498070689569
702.225822791414
702.240642980315
701.844783348889
702.370633346817
698.916953447275
701.650837409573
702.327691417564
701.489649167263
702.127020792094
701.944308647901
702.316989343754
702.281186452882
702.08523713173
700.509366687185
702.405933815848
699.337022681581
702.328517994306
702.668085633322
702.397540693844
700.93742913344
699.581339152895
702.176621582514
702.628031316254
700.835044704993
702.228952404322
702.266145524948
700.25716648317
705.842716351784
701.70732717336
702.700738205262
699.364842148047
701.422515734082
702.380267059977
701.722439677366
702.610469247885
702.410893875002
701.890434084521
699.914044621642
702.442308915867
701.923377538292
702.177293028577
701.477940895125
702.538647750299
702.345912699601
702.379941002897
699.766930746342
697.890774500491
701.88895384455
707.131090871171
700.897880350191
701.483071840547
702.04800438063
702.516456468039
702.363340238675
700.415193504878
698.057917224168
702.331965221939
700.70723228284
701.074072156277
701.90941343446
701.934336293294
702.454405653829
701.368059019269
699.705439724193
702.255795393243
702.270275555749
702.609581553308
702.309222980543
702.266145524948
701.940398161258
701.45905816943
702.305764747461
702.374651370649
702.012953142054
700.098703913138
702.589589229804
702.186151867476
696.725491125642
700.192543376819
702.403190684745
702.057517613054
700.550682890646
702.453396303947
702.273721063929
702.323864371926
701.389497884507
701.8497375945
701.977544473289
701.590096217928
702.492946462046
702.459973138855
700.878551492359
702.514821566582
700.520547644812
698.927080213759
701.51507895701
701.586275433826
700.836884370308
702.699272336942
702.314804066795
701.112870123175
699.08164534069
701.627537666006
700.792369218049
702.313674208053
700.222608496659
701.882763601601
702.170006445483
702.895772183325
701.890482494446
698.05462002128
702.39606066158
701.613430916285
698.208801066532
702.319665643009
701.676817914073
701.483071840547
702.332167663976
702.747360901048
702.328975021687
702.563686439561
701.511991684306
702.3624639613
702.096358861751
700.82268075353
701.691107502444
699.171983907646
702.675769839097
701.620888995809
702.230221518206
702.584188246468
701.417242016111
701.883817036458
701.840987467962
700.466654637523
702.2065413241
702.006417644717
699.647733839319
701.900853322136
701.89131180029
700.858744568312
702.752840437454
702.21059783194
700.914611570016
702.676431569416
701.758399988034
702.081843117087
701.956261943969
701.922843866746
700.775106029475
702.3624639613
700.857990233594
702.381452198056
701.838342675344
701.534351644178
702.466578234327
700.342297868862
701.97710071017
701.850332292907
701.704722351094
702.273459751674
702.323619716841
702.030369572474
702.699677145146
701.264261445334
701.620352795092
702.582211438998
702.0653182615
702.159044949358
702.050852668038
700.481563704205
698.463100242635
701.693012094637
698.83957908034
701.589263017353
701.912944158889
701.946674169735
702.580895201525
702.023684571593
705.999972115411
701.766705914972
702.005454349512
701.996198964724
700.485930833834
702.04800438063
701.940398161258
701.981871009185
701.127625210153
701.92616893509
701.529269001762
699.851209476965
699.408767980058
701.984889086372
701.850332292907
702.384300063512
701.979745830479
702.394144384778
698.832733034892
702.184273108264
702.001453931187
702.617325658741
701.444364066564
702.091020721131
701.418559267998
698.692624793298
702.543098348636
702.072648050044
701.648348236797
701.721636270101
701.657406018635
701.967248502949
702.445865129643
701.999245537916
702.824203293297
700.036043676789
701.85150603568
701.447634684815
702.498070689569
701.799626236922
702.689507044078
701.883817036458
702.753312273943
702.292721945691
702.249157306108
702.531264860865
707.594111454713
701.743162548891
702.634406306326
702.394144384778
701.064975512861
702.022190379905
699.408582374497
700.026986039403
700.064300222327
701.585840013844
701.277592250244
701.831484872842
700.857990233594
700.774266654013
702.170767620809
702.392588785332
702.412665965565
702.006820769398
702.133603654563
701.034165741314
702.279623336807
701.491758979419
701.953229533852
700.090007485576
699.56661189633
702.368336383697
701.956261943969
702.233078098161
702.669979368554
702.141874266338
702.593981003231
701.69760324586
701.656795148405
701.072996396823
702.331965221939
700.394648990176
697.869521728888
702.228559249163
702.555150113455
702.444685582841
702.498070689569
699.364842148047
702.591690332453
702.028183379125
700.319539598111
702.335224861166
700.658828141536
701.657003608297
701.262545790567
701.869379756631
701.690521007081
702.005207265366
702.329546865531
702.405566196891
701.411641871403
701.557757250458
701.611779804356
702.665893894619
702.334682348964
702.544651941225
705.131349426438
701.600611713791
699.293586780503
698.896245121974
702.057159081
701.899806973693
697.997203873344
699.925141399334
701.023857280732
705.293861961516
702.21743625206
709.860927696649
702.162843452923
698.368310190608
701.321652575102
702.569036967045
699.257006769602
702.314610520465
701.888189619766
702.642812915472
702.044858149743
701.236874470935
701.566877562887
702.108842026804
701.93971531412
701.526254512617
702.061623246347
702.166526088124
700.347491578633
702.071911764466
701.706726996845
701.566877562887
702.18631578177
706.420874923663
699.963362878314
702.194410208543
701.407321803375
700.785102902514
701.899806973693
702.238550571164
700.614529611511
701.378058595362
700.792098613275
700.647203808545
702.170723917884
702.032679477307
701.521474331911
702.363646713207
702.34862626677
699.694425275858
700.802960235124
707.212806533378
701.437590483805
702.675769839097
702.061623246347
701.03843850156
702.15891939965
702.701905288206
701.301108448962
698.715093901724
702.187594207731
700.315240043317
701.649593994659
701.487801575416
701.172028068698
699.497718283493
699.268955284724
699.292296484796
702.130449486785
701.912944158889
700.430751113817
701.944217251077
701.417242016111
702.530896145936
701.744873009641
702.318105189583
702.349134541805
701.162557373151
702.431163505649
701.473773725899
702.214417767235
701.26962363171
702.518053447756
702.662293989699
702.45203222955
701.563200128746
701.518154166859
702.521927887199
700.490836466082
701.709994493015
700.44059239078
701.491372868537
700.663769023428
702.320374942695
701.85691987468
700.868750902321
701.899566068664
702.028183379125
701.918111567424
701.463749152068
700.307996376458
702.303871665438
702.410629135334
701.368059019269
701.47487945608
699.671581221449
701.89641025058
702.757671498777
701.688007143304
700.484343351237
702.313021857941
702.296832620066
702.628856112289
702.632444440271
702.280532802735
698.614909312763
701.879386541537
701.898844429198
702.008699368761
701.148579110528
702.282381670116
702.137382236138
702.207304121299
699.591477033466
702.701807521178
700.853667304068
701.441490143893
701.498541098503
702.207304121299
701.074846454612
702.555794888989
701.758399988034
701.987020268147
700.021895910783
701.121773005303
702.450560565547
702.066316726049
700.414107672779
701.523577174643
701.944308647901
700.363328285166
702.546645534298
701.470712989145
702.153576624847
700.709698809089
702.294255895054
702.050852668038
700.628301854324
701.655553609656
702.445865129643
701.500418009598
702.39669386869
701.952681473706
702.2254972652
701.587438753409
702.302889537406
702.03617528609
702.683634706276
700.638898954646
701.569931389389
702.133603654563
700.072903856488
699.497718283493
706.610675398514
705.890039357113
702.005273740178
700.878336575955
702.412665965565
702.345359799393
701.977319297681
702.523905998838
701.471961204049
702.1533351517
700.943797224453
701.056124306851
702.041287770434
702.215222296076
698.692624793298
702.397573241221
702.124122498948
702.636882666326
706.597440029136
701.558035696798
702.455840799659
700.826609119984
702.320374942695
709.395540348766
702.19101488794
699.792241872254
701.514662804704
700.447094712972
702.227569509582
702.190498500029
701.511853618044
701.141068939591
706.465554038383
701.436748456795
700.509366687185
702.112276794942
702.417102223937
701.743487723043
702.334682348964
700.430751113817
701.812073601562
702.154451988722
702.184273108264
701.683421619228
701.783566729907
701.568667358256
702.224097564349
701.638571662107
701.98762368628
701.577287776953
702.453396303947
702.153744016835
702.497179898273
698.715093901724
701.254650998598
699.199630534653
702.107630074775
701.569931389389
702.735524150732
701.252674267614
701.488548383504
700.994207577173
700.931127758103
701.795502751196
702.329041693597
701.417049115301
702.810639517795
701.097737811876
701.915197923267
706.908750750026
702.614383820589
700.889911430681
699.803166634648
701.462500016437
702.742438257528
698.391036378817
700.93742913344
702.197997935341
701.310960171339
701.460286251381
702.248894967243
700.353246192406
702.300171085973
702.011363446236
701.037542020552
702.233479515122
701.088984661659
701.812606663936
700.888705548524
700.595111150757
699.299129176455
699.424642477381
699.978496953939
701.714345442791
701.909808658253
701.700369422807
702.156935493841
701.781826946429
698.824477986057
699.655272446897
702.264856429335
701.99204456474
700.875797064655
699.56661189633
699.943772262227
702.396418167176
702.526855927764
702.114864020342
701.779768088321
694.775833773464
699.162879405477
702.753040683363
701.513591726949
701.879386541537
699.201406841379
702.507471164885
701.435754739438
702.508020563424
706.553806508421
701.61205858719
702.415936291927
699.535332622056
701.549724482358
702.518756232687
702.542585128482
702.697304650067
702.744987550469
700.628785450724
701.508074188259
702.522370124215
702.826254298188
700.774266654013
701.961203730375
698.008706816226
701.425700950787
700.920943524843
701.46310856152
701.883817036458
702.229960150843
701.878393399443
706.558004981658
701.85961768885
700.453129575872
702.589333580258
700.581489838854
702.531264860865
702.246569955515
699.743325236755
701.346762050842
701.537080145638
701.966135247278
708.972118029357
702.21743625206
700.695070140882
702.15640140322
702.141874266338
701.634196959206
701.568667358256
700.715991589331
701.961203730375
701.942871181098
702.458206703267
701.55211253373
700.157024077888
702.231580648685
699.158118338665
702.488149665073
700.145728525058
702.736554576874
702.242678516176
707.68384406399
701.487801575416
702.229010600612
700.251052708073
702.263448613125
702.53203975108
702.431603757462
702.36712084562
701.198219868625
702.187594207731
702.30486327678
702.441373494859
702.339436411886
701.91957580172
702.433984821446
702.464339396265
701.484554408668
702.281186452882
702.265785052626
701.97710071017
700.932736154571
702.357591377405
700.525590502105
699.913347224371
701.577748600978
702.131327997125
702.712391646888
700.818003074428
700.850029666734
701.972221042313
702.266145524948
702.668881902056
702.890460146399
702.096358861751
700.237518331786
702.807877831165
702.03074444252
700.793655295159
702.395820450199
707.218598552121
702.354536714925
700.021895910783
699.244538728336
702.117515353328
700.835044704993
702.612674236445
701.729702297996
699.555464638891
699.747937970188
702.538647750299
702.304984579552
701.909136015742
701.889693695265
699.881355903521
701.444973668747
702.354968420663
702.231204691846
702.011363446236
702.431603757462
702.813002538104
700.990364658402
702.735138688188
699.533610190862
700.582279114359
700.932304089095
699.497718283493
702.265674457077
702.072648050044
701.919068683405
701.119242747858
702.20400445765
701.912665834941
700.775106029475
701.772575224645
701.45905816943
700.856706158375
699.546788553459
701.651218485849
701.692549352794
702.489518406218
702.412932955213
701.890482494446
702.303574613866
702.769633235794
702.324592842564
701.962110359831
700.984033420302
702.188173059531
701.90507002548
699.693095412356
699.640636008491
702.640845975032
700.0907129305
702.257798853988
702.389541903143
702.058157760918
701.586275433826
700.338296950022
700.092209412123
701.965972231254
701.500905215754
700.132498745803
702.555150113455
702.250866234232
702.318105189583
701.88487007036
702.08523713173
701.332791355903
701.432441862557
701.557779952009
702.4605675884
701.378058595362
702.215222296076
701.704722351094
702.367860934047
702.373959762027
702.584430159541
702.334890938388
698.350740034924
701.491758979419
702.215119437838
701.774060354035
702.70835792556
699.228853084142
702.129708598842
702.371352656162
702.127674270515
702.192342940437
702.071557661558
701.59120406179
697.988569593946
711.452011812881
702.393866301728
702.519535908317
702.282858538868
701.656949542594
702.541580370562
701.590551857092
700.652924835557
698.227762315453
702.02529211142
698.674489689212
701.140734440989
702.124967430831
702.293287191319
700.364111421751
702.717899004198
701.562395640962
699.515744349137
701.518154166859
702.333754789606
701.743247313662
701.657406018635
702.273459751674
702.171985911003
699.569135260468
700.037298668296
702.45062460781
702.127674270515
701.809493376208
707.144289262851
702.268458130537
702.345301018682
705.369369527239
702.221171535044
699.738984565543
701.95213479632
699.956990541263
701.931466993543
702.064321058147
702.15406489959
700.592550103051
702.544651941225
700.251052708073
701.897491675843
701.902599399461
699.581861740605
700.493694263527
702.251724888435
701.806477572439
702.268812476369
701.093110557076
698.029907262042
700.387337198103
701.851991033607
701.877339757029
700.678643248098
702.083222554466
701.493896851256
700.949321315696
701.074846454612
700.753433755086
698.652181840328
702.416357365538
702.862051439451
700.70723228284
701.447634684815
702.43132928509
702.412637529068
701.687462260025
701.511991684306
701.600611713791
700.70723228284
699.842030561034
702.473988737406
706.830515249967
701.850394986618
701.490702887452
702.347994572916
701.316640965036
702.166526088124
702.256840936929
702.814994481637
701.880400578074
702.259205022961
702.452212672215
702.51455866849
702.390148082894
700.925809700361
701.993946240019
702.17838161884
700.802158023996
707.288690981266
700.435082275433
700.713631914106
701.113206598152
701.915197923267
702.740011117492
701.915615104922
702.581431382938
700.698082661287
702.445865129643
702.810837866356
702.408088872343
700.857990233594
701.117035096136
696.940492852621
702.03617528609
698.874419276959
699.4653657702
702.264568746471
702.2254972652
701.947525263468
701.852002347201
702.369135706513
702.189635940533
702.265674457077
702.154742781217
702.876068358262
699.408767980058
700.64989257614
702.011236920202
702.427151582163
701.942449824325
702.530335385102
700.993746230949
