1058.72771746459
1058.71770516747
1058.29317614138
1057.82809628625
1057.43154758661
1056.37074404097
1055.54025680801
1054.81646044846
1054.72827300893
1054.30607023241
1054.28981735808
1054.06409492399
1054.05689418005
1053.93773818566
1053.93268117823
1053.89494118835
1053.85442697081
1053.81677772563
1053.80138781672
1053.70018311832
1053.49355686563
1053.43902257121
1053.36608310468
1053.28953537298
1053.26927599762
1053.10130064652
1052.9923221961
1052.99082224172
1052.9022071973
1052.88428140655
1052.84881964244
1052.81092091936
1052.70864787741
1052.6284197705
1052.55195372179
1052.54791134481
1052.53004445093
1052.47691412462
1052.39475552496
1052.27670269408
1052.23291338211
1052.18610823224
1052.18534678883
1052.12729742383
1052.10192553169
1052.09273355145
1052.08806051313
1052.05810389128
1052.04596401222
1051.8614946706
1051.84012160094
1051.76540013953
1051.75305186965
1051.74586546431
1051.7118345381
1051.66919815604
1051.61272426841
1051.55145964394
1051.52430202863
1051.44356693862
1051.4098718246
1051.40122634315
1051.3908490941
1051.38342222833
1051.31671012147
1051.29417696359
1051.27236800008
1051.27004378586
1051.25787531523
1051.2254483789
1051.20046053298
1051.1821961292
1051.18065624369
1051.13037883267
1051.12651711514
1051.12017566889
1051.0974979971
1050.92615342852
1050.90660165956
1050.90113891651
1050.86112477443
1050.85065168504
1050.8292781245
1050.82852776488
1050.737640652
1050.73654973978
1050.7164976019
1050.68437513135
1050.66052154481
1050.64897861467
1050.63985553788
1050.59980335491
1050.59719022416
1050.58906488164
1050.58018070964
1050.57933470156
1050.56928749528
1050.49505104837
1050.48123232924
1050.48079595202
1050.47075553673
1050.46864627639
1050.41190223935
1050.39811763141
1050.38775914431
1050.35215889188
1050.33161903006
1050.32746011945
1050.29837742274
1050.29769790343
1050.29347223412
1050.28913762551
1050.27763365018
1050.27421521778
1050.25644546999
1050.25314052942
1050.2501493099
1050.24395053145
1050.21498146703
1050.1758959311
1050.17473520089
1050.15848449286
1050.15355469997
1050.14326843514
1050.13625693514
1050.13549757636
1050.12566666571
1050.12397417234
1050.11552424712
1050.10498470176
1050.07869227216
1050.0649119787
1050.05832647188
1050.04958397355
1050.04058458098
1050.01248164311
1050.0076009048
1049.99608435644
1049.9765064069
1049.94893037846
1049.92723131187
1049.92634032522
1049.90997623706
1049.90177679961
1049.89983385432
1049.89567358703
1049.89301676489
1049.87320166241
1049.82744428082
1049.79036539083
1049.78011066958
1049.77209675721
1049.77186722828
1049.75207370099
1049.74201486077
1049.74199121095
1049.7305719972
1049.73025306393
1049.72845868952
1049.72261059896
1049.71760166537
1049.71229124661
1049.69610954786
1049.68917178594
1049.68208324833
1049.67891540751
1049.66907700791
1049.64082868908
1049.62202747318
1049.60987583872
1049.60156383872
1049.50940871862
1049.47825125978
1049.46866341681
1049.46319151509
1049.46135008707
1049.44627223384
1049.44260310138
1049.42209636692
1049.41502443412
1049.41377270286
1049.40056856263
1049.37336420614
1049.36754517569
1049.36268417937
1049.34296438845
1049.33525640675
1049.32743052947
1049.3273462467
1049.31730421409
1049.29972773847
1049.2922224471
1049.28488999685
1049.27102441675
1049.252167743
1049.24305509706
1049.23021146109
1049.21940789731
1049.21728936216
1049.20693381662
1049.20102765122
1049.18892038564
1049.18729145276
1049.18644125783
1049.17972733993
1049.15828134949
1049.14507646341
1049.14195026011
1049.13819302891
1049.11409377233
1049.11370051321
1049.10091797828
1049.09051898271
1049.06501472531
1049.05597933886
1049.04569997031
1049.039324705
1049.02384001511
1049.01340071955
1049.00151099208
1048.98267912827
1048.97599951673
1048.94850958829
1048.9480855083
1048.94307094205
1048.93682810256
1048.93133931129
1048.92595006192
1048.91601272265
1048.91429478104
1048.89981598329
1048.88551415931
1048.88196246746
1048.87527912008
1048.87322109704
1048.84045333539
1048.82983408164
1048.80381109489
1048.80322933644
1048.78889293591
1048.7888202375
1048.74845449919
1048.74399389784
1048.73888752328
1048.7376433057
1048.73469305804
1048.72655115297
1048.72274895626
1048.72114312568
1048.71847257115
1048.71062281632
1048.69312090218
1048.69255573456
1048.68728997433
1048.67287762832
1048.64714491538
1048.63924510959
1048.61385737809
1048.61139843644
1048.59647250712
1048.59500182063
1048.56067556601
1048.55261463461
1048.54832985096
1048.52901921295
1048.5245981412
1048.50560287164
1048.48552861003
1048.48075420244
1048.47740415498
1048.47601834109
1048.46041335601
1048.45354385775
1048.45269811772
1048.4496194641
1048.44418083117
1048.43629973679
1048.43338591697
1048.40851752383
1048.39801010205
1048.36556375789
1048.3653423916
1048.35865720216
1048.35338669977
1048.35323948596
1048.33365611487
1048.33335966345
1048.33266380134
1048.32974735654
1048.3266959697
1048.32322009895
1048.31923581609
1048.31548946083
1048.30891650153
1048.30353777205
1048.30076442661
1048.29305350811
1048.29225068564
1048.28980473394
1048.2823136213
1048.28077217497
1048.27859765829
1048.26669671545
1048.26204973491
1048.24426083106
1048.2407251468
1048.23340799846
1048.23307568429
1048.23171884762
1048.22564999821
1048.21613209141
1048.21546799353
1048.21159277405
1048.20023483216
1048.19198281794
1048.19112282348
1048.18566449837
1048.17825801441
1048.17693338911
1048.16913752192
1048.16277867151
1048.14847855052
1048.14415922338
1048.14372934365
1048.13867691935
1048.12937100785
1048.12925431568
1048.12600398505
1048.12566482499
1048.11452516908
1048.08166488039
1048.07837221938
1048.07264203841
1048.06819290309
1048.06415001215
1048.05134462859
1048.04918208397
1048.0335922928
1048.02332393331
1048.01483789165
1048.0130303208
1048.00553158546
1048.00241452619
1048.00161103884
1047.99709034848
1047.98140043818
1047.98113458808
1047.97656212223
1047.96656755863
1047.96625131199
1047.96114237142
1047.95387463817
1047.95292459913
1047.9394414381
1047.92956342452
1047.92186849255
1047.91222289275
1047.90024094467
1047.89260664001
1047.89214804754
1047.87866357664
1047.87591037827
1047.8754074769
1047.86257234768
1047.86099675489
1047.85285026125
1047.84230486484
1047.84199350558
1047.84159701509
1047.84058798883
1047.83883477446
1047.83810262437
1047.82038368598
1047.80512863258
1047.79260640846
1047.79041690518
1047.78031355787
1047.76767605996
1047.75632374739
1047.7546314843
1047.75209339554
1047.74611473314
1047.73865294311
1047.73571174074
1047.72992113363
1047.72063618961
1047.71540498127
1047.71403485262
1047.71284320197
1047.70166524463
1047.69598418898
1047.69575153126
1047.68308768098
1047.67669913432
1047.66183290934
1047.66105151145
1047.66013199842
1047.63298354998
1047.62181670207
1047.61833012919
1047.60742895411
1047.60119952915
1047.59997625415
1047.59476246771
1047.59470205596
1047.59220471276
1047.5892280111
1047.57568722397
1047.57526508541
1047.57006406033
1047.56494713221
1047.55102930028
1047.53336220234
1047.52534700019
1047.52146560725
1047.52016109795
1047.51631905096
1047.50668162915
1047.50356598215
1047.49301290491
1047.4797774044
1047.47779493344
1047.4764563015
1047.46180775428
1047.45680198653
1047.45644415713
1047.45462206939
1047.44605834553
1047.44591690656
1047.44576115009
1047.43238786767
1047.41651771701
1047.41389851749
1047.40766929409
1047.40249426095
1047.39360507999
1047.36355739555
1047.3522970062
1047.34917929867
1047.34426931616
1047.34228766065
1047.33815376489
1047.33469269859
1047.33029140796
1047.31694597916
1047.31468669689
1047.3091472557
1047.30758938165
1047.30479483519
1047.30056616558
1047.29092636959
1047.28824987142
1047.28054076524
1047.27729788068
1047.27498108209
1047.27287749557
1047.27256435316
1047.27185529537
1047.26100637651
1047.26009888868
1047.25896867366
1047.25869386993
1047.25337176784
1047.25002388855
1047.24545716545
1047.23978568687
1047.23666969443
1047.23407008777
1047.22437504034
1047.1932700391
1047.1877157546
1047.18754594993
1047.18515421625
1047.18291438586
1047.18089483193
1047.17878807834
1047.17789672557
1047.1765514277
1047.1718564783
1047.17135351937
1047.1700368529
1047.16912582258
1047.164034469
1047.16386558517
1047.1629523813
1047.15007727763
1047.14958000693
1047.14944421784
1047.14049283231
1047.13970479292
1047.13833129631
1047.13341764887
1047.12903919476
1047.12551621336
1047.12443475479
1047.12213639501
1047.1112284883
1047.10238632066
1047.25401426403
1051.02618781239
1050.56340868477
1050.09777789763
1049.62101222646
1048.11498372739
1047.26843571936
1051.48728256637
1049.02858034408
1047.28491578701
1047.72014316194
1050.25359422532
1050.58388422964
1048.29310750201
1047.82852235747
1050.6638162697
1050.28545599516
1048.47802681138
1049.98405590082
1048.15170729337
1050.3694143001
1047.25870606555
1048.92842520754
1052.8482907372
1047.94858444249
1047.56811912246
1047.70245785403
1048.40902994073
1047.90711735594
1051.73856569543
1048.3402061215
1050.77033191282
1047.87668650837
1054.72329369744
1052.24006489135
1050.75735419838
1052.85162461116
1048.55586536711
1053.67807580902
1047.88526863421
1051.4182139162
1050.8219826718
1049.91058415493
1047.56729795063
1048.01420546561
1048.39128728216
1049.51485050732
1050.2104341389
1048.02382301555
1048.23687587687
1049.22382130976
1047.44744688741
1047.7851511535
1047.80942561647
1048.8748726373
1047.71719074401
1052.5971637869
1052.05162551559
1051.30768939193
1049.55928790803
1048.57264842183
1047.14557293907
1048.92123985334
1049.52700799885
1049.09671532706
1047.49604300329
1049.73486930439
1047.36051307499
1048.80527375233
1052.58345900038
1051.16376673387
1050.35069464835
1048.98070829001
1047.74768671093
1051.73125353211
1048.14576438352
1048.21872725779
1048.48762402916
1053.53241448342
1051.18937773644
1052.72945064338
1050.85566710964
1049.87142790182
1052.23984486339
1054.25230162609
1050.39565462595
1050.14363750395
1048.67368586401
1049.75424118045
1051.9824972348
1057.13725768487
1047.53106362983
1048.3816161596
1047.76228429024
1048.9309352623
1051.35143744059
1051.1144017978
1053.05676163225
1050.47242646768
1048.46110123342
1051.17398978585
1047.60747506993
1048.2373284242
1049.53153189827
1050.70729323088
1047.79162244107
1048.18680078532
1051.4555250183
1048.12460316383
1047.55887455377
1053.48411506191
1047.86904013129
1048.78936764768
1047.32834586048
1047.21477254848
1048.86628906395
1050.63068167141
1050.83356412273
1051.28207476237
1047.37038145171
1047.93301040439
1049.53229710694
1047.64461455627
1047.39279651191
1052.91221038509
1051.14510451035
1048.70049762317
1049.28762678149
1050.87697997696
1048.35838049622
1047.25478117575
1047.55778773433
1050.94698359915
1052.37388262024
1048.88660872613
1056.72840832198
1049.25358318704
1050.1330015349
1049.25645041235
1047.75933676931
1049.0595865572
1049.69919539749
1052.29224991623
1051.72815138102
1047.16157118498
1048.09956500106
1047.45454029641
1047.36940282639
1047.65564830426
1049.67573079493
1050.82196910966
1047.58188326515
1049.65241870664
1050.22694630849
1049.07167656634
1051.16850302565
1049.48157497654
1055.00354656736
1048.5286868678
1047.66907720885
1058.17656990531
1049.73077901252
1048.76600620624
1049.30756663808
1049.6183113798
1049.4071346221
1047.7669626704
1050.62448114221
1050.24726143618
1052.73274406836
1048.34891613629
1047.90612733595
1050.27310664314
1049.07582867162
1052.92114894964
1055.23350856321
1051.19930659109
1049.54153389208
1047.58668845756
1047.29210610279
1047.1888133319
1047.92755399425
1050.65754997402
1052.18864698808
1050.615757473
1048.23735489041
1047.26855408463
1048.69771753749
1049.41666186011
1050.92953750789
1049.47111390434
1048.98287570632
1047.67702461757
1047.3400164112
1053.51805123073
1050.20637045295
1050.51941266221
1054.72831846112
1052.38092394425
1049.47781991812
1053.66171969446
1047.32054361174
1049.10955785863
1050.7309343179
1049.51494260343
1050.72127947624
1047.51792669321
1047.84822943443
1050.26052065874
1048.21022894507
1048.03937890645
1047.648169838
1048.37848009173
1047.50966117801
1047.71537357128
1055.15614226576
1049.15612520007
1048.78861234415
1051.68671094498
1047.11364348368
1048.73140211949
1047.91309378305
1047.44380424198
1048.21702606553
1051.06358765204
1054.64913742527
1047.93481821793
1048.18584730507
1047.5097349739
1053.64391124389
1047.46691059858
1047.79691016626
1048.13639615684
1053.85686064273
1052.2387096198
1047.76425932924
1048.11014990795
1047.4319892611
1051.77388361284
1047.15770179669
1048.19717280421
1050.28196773665
1049.66742379297
1049.49661954688
1047.93501030386
1052.86730541798
1051.12949468174
1047.40599100868
1047.75798258256
1049.7812475342
1047.98893455206
1048.57138571634
1048.4811724847
1047.27281862771
1053.44316937536
1048.95574637629
1049.5991357921
1048.7743824544
1047.9905223014
1049.2751026053
1050.57526502737
1049.34760784236
1047.22373977197
1047.76334781741
1049.47184763742
1050.47350531464
1048.34723419653
1047.45397799771
1053.54718690959
1047.65922269929
1049.91214941814
1047.5419527885
1048.06770883781
1049.21028076082
1047.20338622044
1050.11050334064
1047.74324264554
1047.94706540934
1050.01767488238
1049.64629535491
1050.5407947548
1048.12121683164
1049.20275400839
1049.15007671645
1047.90717641546
1054.04843523523
1049.11810705228
1048.97968633928
1051.43432785981
1047.13261219961
1049.14970136561
1049.56058591233
1050.00796983849
1048.8329746835
1048.03120206576
1047.63104300064
1048.06908437761
1048.39956249132
1051.13385117783
1049.85201217606
1051.94648994704
1052.50941143563
1048.72224962483
1047.77689559381
1050.83559328445
1051.66986958148
1047.86930798345
1052.40245244794
1050.68265278486
1047.80118460323
1048.29089887935
1047.10378256056
1047.98237102083
1050.12623916344
1048.7825426703
1050.02145344464
1048.50834467122
1047.73319606152
1055.10732433377
1048.72452925802
1049.37008914499
1051.71688918606
1051.090099051
1051.82100033746
1050.52873385632
1048.0333852609
1050.25568075021
1051.45502424844
1047.95031230404
1050.83890588749
1048.01328706373
1051.21618684889
1047.74136877765
1047.56689125941
1056.61398840999
1051.84545965775
1047.26164857852
1049.37740596267
1050.74022599591
1049.24926504052
1047.11018128792
1047.75533574833
1050.13954468325
1047.85672583007
1049.10530338875
1049.23242211292
1047.3324253963
1054.82237827935
1049.48818024972
1047.35580428858
1048.47184583277
1051.03921901126
1048.01072023301
1050.33801053675
1050.34647003519
1047.2161662962
1051.37554682987
1048.61236314565
1048.84620434188
1052.18510852322
1048.1109115031
1047.85786179597
1051.67375710065
1050.06154533118
1047.62413910245
1050.55219106631
1053.61993017593
1048.01370644395
1047.97601697505
1052.11307844015
1047.95688773457
1047.65586906663
1048.14267868497
1049.07329113223
1047.42308191308
1047.44829125764
1048.62470125219
1050.59924961568
1049.37797132783
1047.6172705762
1047.28422246888
1048.10662093825
1048.65443071936
1047.20816488956
1048.28334672474
1050.37012901925
1047.87763286147
1049.85344907904
1047.92809447783
1049.30285105526
1047.64235614512
1050.09966774412
1047.72285798712
1047.30179717559
1047.46878892229
1048.04270698899
1051.43294034828
1049.82923943867
1049.62341340312
1051.79638287217
1047.85319555434
1051.19758571839
1047.88671744028
1051.5174810113
1050.65973463569
1047.40324932017
1048.40596073122
1047.35459428243
1048.96699537956
1050.06055492059
1047.78669695919
1050.7636356359
1047.45048703909
1048.68386419632
1050.41603855123
1054.11526694954
1048.40020427139
1050.03147985316
1048.56659144005
1048.01326441437
1047.98638903923
1051.47025623231
1050.6495338139
1049.23570581672
1051.36568486833
1047.7832082638
1047.93297424616
1052.25108335988
1048.77541187175
1051.10657173275
1049.53944559371
1050.47924485675
1048.06220506737
1054.15618060698
1051.37706500871
1053.1866333718
1047.60503671187
1053.97100250976
1053.10898006056
1047.96130796025
1051.26786738503
1049.63167564294
1050.13023264292
1047.57964403024
1050.64533253693
1049.93369070131
1052.14138744577
1049.37670122553
1048.78949593753
1050.58676430762
1051.03783191784
1052.18342075294
1049.94357969197
1050.45899275759
1052.97879616878
1048.29311920377
1048.68426162624
1051.95186974066
1048.26081212158
1050.79974829851
1050.05582823867
1048.63337113348
1052.37881001715
1050.08395158473
1047.63986002048
1051.93876801246
1049.7620361179
1047.40034403453
1049.85155764173
1048.04598646004
1047.74531193682
1047.81996433568
1048.99609737707
1050.08018655288
1052.88257257093
1054.18542515185
1047.40545551643
1051.22644739339
1050.17060203156
1049.31431338137
1051.09202639195
1051.8814503185
1051.35380615421
1049.05369853895
1048.9046454566
1048.30572555076
1050.04891160525
1050.726799844
1051.010104809
1049.23532469238
1047.92716968968
1048.45779488791
1047.57392504992
1048.98215143266
1050.43477627861
1048.67844490758
1048.04494458286
1048.51143774169
1048.53796287009
1047.96710961059
1049.4597653148
1048.87573020141
