670.671842761793
668.000661570372
666.982026482403
666.594023910957
666.48096200197
666.105320296715
666.013890434253
665.594098981324
665.126604628388
664.897012507437
664.774060657989
664.55611661079
664.541826689858
664.519155089575
664.485662939088
664.458852687405
664.396776346407
664.383096907078
664.344776851258
664.018229314609
663.765107878889
663.752624197136
663.55895777333
663.448620069621
663.434239708065
663.309692579333
662.860309668119
662.79906116727
662.688877405866
662.582070970716
662.578189069243
662.422783657589
662.397974398145
662.236349191349
662.2229884259
662.146340463734
662.116640424071
661.57477028384
661.471665603706
661.340425839333
661.336082025152
661.334342664966
661.331105524991
661.208248422194
661.193114515424
661.145909832746
661.094927313605
661.055455926996
661.045651271971
661.043690250395
660.93412727084
660.925033793854
660.909277930351
660.816309278287
660.803294771645
660.750154801317
660.494471282854
660.447138281707
660.446663667707
660.442680822711
660.405252601559
660.293415469988
660.289567803938
660.284445500191
660.279989884777
660.227241597243
660.188693069694
660.186984007762
660.18174413213
660.166404923158
660.151687487572
660.142836729025
660.142419671595
660.126525100371
660.108408467058
660.029038241938
660.020636194048
660.013576485522
660.012861630683
659.954371336519
659.941170705539
659.869021628099
659.8364443982
659.821085983337
659.796070697536
659.788759998663
659.779066748872
659.772677043205
659.729341445078
659.700624815232
659.682924176466
659.659203774868
659.572200156962
659.501729805965
659.499751272053
659.461559106622
659.381780249928
659.334370386677
659.312949186045
659.238110639878
659.189200343704
659.171493176269
659.127237258443
659.092338083523
659.027827815086
659.023395931295
659.014932699926
659.004686213605
658.905845826459
658.867599955451
658.826708108748
658.806882985707
658.787252730205
658.755128315996
658.753907684005
658.730652721348
658.725331110019
658.716477304248
658.710235726047
658.673794815727
658.629325509264
658.60004399082
658.55802567124
658.545197272081
658.520765427523
658.502482669553
658.416016857348
658.410779416574
658.400801588999
658.376593938826
658.345076258008
658.339142682925
658.307744921226
658.29912573071
658.227616083843
658.151323421735
658.134174086479
658.100535257662
658.074616388136
658.053133406466
657.989414781271
657.958223728574
657.950520113496
657.906681574119
657.855907316853
657.853981756976
657.804462827439
657.761343669986
657.739843182653
657.704978152827
657.695311967414
657.690899674135
657.670303299641
657.640033895873
657.621186794025
657.612486907704
657.612420418789
657.599079938073
657.584151943769
657.554362983072
657.55361925923
657.531938527212
657.497573018957
657.489721353026
657.487922626606
657.473050872687
657.458563581053
657.442469364468
657.438793791875
657.430810835576
657.423640238465
657.417263306026
657.404798329632
657.400920794747
657.391396993003
657.386330229498
657.37214698026
657.371103590182
657.36989089582
657.364206325931
657.363160763851
657.343259408449
657.333831596242
657.296484315024
657.287099333655
657.261858798215
657.222650349677
657.215137867551
657.204271086734
657.1783441176
657.169589899368
657.149500418517
657.144250402113
657.129216427839
657.096868583973
657.08879440072
657.082863401442
657.079072741508
657.061113941302
657.058456346918
657.046700600587
657.038716831175
656.999343957449
656.980837664086
656.964535079325
656.927105527207
656.903722345309
656.898304818365
656.868452964611
656.858382530929
656.832799120238
656.809437589974
656.805288404311
656.796576630812
656.780394858318
656.772282588319
656.769944828316
656.765976156492
656.764750913846
656.732877168975
656.712432516274
656.667738238482
656.666866656273
656.666759754784
656.629935847752
656.620045368889
656.576798912538
656.569082565853
656.542239238389
656.540659372518
656.523361661934
656.509535535136
656.509451172184
656.49435131682
656.442511127614
656.410178958002
656.402165524402
656.394950098388
656.379406823975
656.371220325751
656.336116353584
656.33491516407
656.327634319469
656.319382069613
656.252314185512
656.237707299139
656.224444650712
656.189928982296
656.182660494173
656.162314759077
656.134783304589
656.131199386764
656.12101966326
656.104260153492
656.096578588399
656.096270529734
656.068282570098
656.043126400092
656.016282742037
655.999652972371
655.996788709285
655.992012320432
655.982245947432
655.976696702195
655.975880128891
655.974244853799
655.961918334893
655.956467691204
655.938380228675
655.917112639763
655.9011845107
655.88533904965
655.840802633093
655.834661211329
655.803030391451
655.788259731311
655.780887589255
655.75581775097
655.706800451174
655.676752731125
655.667802781144
655.665312528918
655.662066101968
655.659683590841
655.628772110491
655.627545695205
655.599420669234
655.594789856662
655.592799431616
655.581125056838
655.550146101193
655.535420322195
655.527709560824
655.521682565149
655.511783459603
655.506836451164
655.502285541363
655.487872343971
655.454402053962
655.424579279442
655.423767177445
655.404301865836
655.398543489093
655.378560887148
655.366593251998
655.365084372667
655.356438998229
655.272923642683
655.207524143732
655.171474523039
655.165871925188
655.148665290106
655.119981153559
655.106146780781
655.056548164334
655.053304554991
655.043232827538
655.035695784373
655.03207017389
655.010065630809
655.005896495334
655.005513724805
654.99348581478
654.976011645803
654.967859461732
654.953473177416
654.953418235187
654.939471420124
654.934547946812
654.900798548112
654.892488381985
654.880904129301
654.874462667313
654.846760386474
654.839691622897
654.833942284973
654.824291250933
654.814231013574
654.812759303772
654.798166631989
654.793347433354
654.786253522213
654.748233114656
654.747957107844
654.746902361215
654.746336265042
654.707314218944
654.690403748084
654.677809862319
654.67742404121
654.668487397417
654.644525080782
654.637326675916
654.633248338486
654.54666778332
654.534834430876
654.52679359148
654.511100137698
654.484265054085
654.453914754195
654.447849282037
654.445945316047
654.439251301503
654.42416990398
654.400907323733
654.379601970284
654.374585924796
654.363028943071
654.338251137878
654.332741731391
654.316667317547
654.315346970981
654.295922435384
654.291732258324
654.288644618775
654.263968256442
654.25616135588
654.235993470141
654.234963301706
654.231472364211
654.225292207641
654.218038196565
654.216059428362
654.212698688944
654.196342362711
654.182442833504
654.173297426263
654.148265382928
654.138911133315
654.121303534239
654.109245378732
654.102132688322
654.100168672271
654.077223172653
654.071147762204
654.048177773872
654.040541839778
654.038057949497
654.034116342955
654.005542347916
654.000130335015
653.994742275085
653.947931590478
653.947232339938
653.946846668301
653.939641371898
653.924990555796
653.922237908394
653.896271170517
653.871122920036
653.845356176262
653.842819459496
653.829176400602
653.81222600295
653.79592368084
653.721758145738
653.709917319361
653.708049360738
653.697985050003
653.676294926885
653.673844619379
653.668334207957
653.653127310684
653.650143650273
653.646453521421
653.636725177665
653.630134221898
653.624810146531
653.617734378915
653.608812119552
653.60536508528
653.601194589697
653.598802904769
653.593810017109
653.591464048429
653.591235822384
653.588865353197
653.585975326282
653.58515320704
653.581308236024
653.57680592589
653.573776055295
653.568823062511
653.563684083101
653.560869870006
653.552878030337
653.548160207931
653.545001467482
653.543715323336
653.538790357905
653.531713825945
653.517121930681
653.494320904999
653.484451889766
653.472311420312
653.453272624731
653.442520795896
653.43739033297
653.414748016394
653.408950808006
653.390932191532
653.389073457655
653.383710791958
653.365298184171
653.363283093046
653.345431960869
653.340612887231
653.330168020611
653.320546452229
653.304139026636
653.265024994465
653.253946322416
653.25264756537
653.23824545346
653.226618266506
653.226206569395
653.217153473231
653.196253134136
653.187950579957
653.187790461347
653.185961533286
653.185493538093
653.182648959991
653.182166170935
653.180608620437
653.178182800907
653.161537882775
653.157463933891
653.133895413289
653.124242748402
653.111148053474
653.106669386769
653.104284972472
653.06538729787
653.051015699668
653.038325212742
653.013311526451
653.000350901947
664.362155523483
664.487956596169
656.100896649059
655.503646398431
656.351144232893
658.452570755889
654.218952888266
656.721841858005
653.385192772284
657.379356112591
658.816286449872
657.030216082061
660.850894878929
656.268499995234
654.439489658687
654.121834827714
657.9341661947
657.337082690245
656.675224485379
663.01477297255
662.3095128325
655.666012607122
665.40865488114
660.99008550282
667.592722490345
659.029892713918
656.875310834878
657.477163220101
655.693841593689
657.42576975039
668.024271135523
654.648772311028
656.328393909871
654.539257874821
663.772503207231
654.009150648027
662.01236271019
659.160533231959
661.874192236737
660.729463846987
660.82422176208
664.773790349669
653.153369463402
668.238836943165
654.800285745328
662.341786282234
654.576076698916
653.305183719627
657.058355981529
661.515268914391
656.717961709517
653.140408635681
656.074193041747
663.635039951758
661.59034639696
664.942027087924
655.78037738859
659.487184169877
653.525318608444
664.828437434883
660.903174649693
659.127974944723
654.162356778753
659.280627565346
660.149012885791
658.361287119163
658.564701126619
658.433047697261
661.694704556079
655.571578419053
654.776619933431
653.807699726237
657.707726804589
660.263097459663
657.432273034496
663.549441870882
654.732599294036
659.554188778905
655.106660082371
654.357544798864
653.901889653725
660.811611340055
653.429937322992
656.815378318778
654.989516195951
657.047615538399
655.750614092994
653.740601363548
656.478685853921
665.871045094207
663.897400059446
661.309918118703
664.751464797458
653.126505376361
655.917248663147
658.699855064439
665.779283494288
654.640985066575
655.652869138972
662.580091435296
661.317685127564
654.377446655042
664.178752087579
659.773301938129
655.694217465429
653.764894049878
653.750241437424
658.918215219597
659.739305063559
654.072156128597
658.103662658485
664.101166248799
661.285527068008
663.301735448627
660.021907863827
656.436406102145
654.191188973521
655.824782450517
658.945923335311
658.285909252975
653.475959653205
655.427990695538
658.826088057332
661.610038963199
657.645332016652
656.575336907563
659.065604417181
656.055570654861
657.924549456983
658.507664708324
653.109008648361
660.681090134156
655.117970289777
652.989488495195
663.292577934839
663.488603313988
661.408396125866
654.891222422435
663.32788184842
662.179610774679
653.128268276812
655.993797617594
662.696413418369
653.696501478882
658.251457023538
653.365463571009
659.087691131324
660.315124732808
659.562480320326
662.600481525332
657.751890901568
657.839886436837
657.555336149638
653.786530884548
660.27292923448
662.272241489083
664.794170844837
659.500936734415
655.380691707677
655.27162117058
658.540220330956
668.037491895606
655.585677531591
655.920081288757
667.677227257611
657.184217624543
661.988320711603
654.962649254646
654.698263310775
658.580510974798
659.716634493589
659.329557973439
653.755599791924
653.38231677101
653.257851670936
660.09323522013
657.570643702813
653.090608206219
662.232295071158
659.514903335999
654.748096702921
657.303157844084
660.357864328956
662.720380157827
655.299875329968
654.619870828638
654.311422720674
656.050848766521
653.180180813558
660.082271226048
654.620060605829
663.996271699914
656.574373098282
658.371525299567
659.73086801727
654.380108094071
654.199545330731
657.429389978503
662.237667652377
657.437703150553
661.501811213168
652.982081324018
656.26859392026
655.405048691148
657.370599059925
662.367621715073
657.044811964136
658.950290313855
661.955928826098
656.213322083958
662.301901716246
654.535652058107
657.681766492065
658.303382307004
656.101550668995
656.27157272094
668.135788280728
654.53812336942
670.953433354108
653.201319259706
657.555951144741
654.902103784531
662.533783098773
660.456039285985
655.501667414415
655.258017214901
661.705635058237
661.990371724359
658.115957533648
656.33829949478
661.71080820323
657.385296528352
657.314723307516
656.749632155628
658.828674069398
655.861932696196
654.411409751119
663.75209063498
653.631301915758
665.575155746212
663.172862849665
658.683187590799
657.521747532908
657.243214135089
659.988526907499
654.248008961001
654.806255536027
653.620973415766
659.249415180763
653.037702421082
655.898251178624
657.685214356027
653.023559704109
653.917331268577
662.408198013674
661.089759413449
657.777441446549
664.601353360967
655.288743789065
665.78058268254
653.633582309456
657.761195137231
659.524352981853
657.169169071463
654.794619061777
653.351364102697
658.395031294613
656.887426137996
661.163708144501
655.292013545379
659.004061417082
659.122376748058
654.442635228329
655.652486484775
654.90144059992
655.623667819167
663.267249281843
655.258342546941
659.581623185034
662.326627996992
654.55979986799
653.851276522424
653.815333159396
656.230255423085
662.927293779489
658.461172749668
657.479544111815
655.579601391268
655.258046218426
654.668110373675
658.46160881489
659.621815240542
661.958476469794
653.885743287336
661.678383105136
664.640576918212
654.598522027991
661.96785599031
655.147895957675
653.391049463712
664.089605770146
654.868621075133
661.669300099483
653.562947348505
656.778879990489
657.26381305442
654.779567793022
658.263771487674
654.432068139094
664.679698985825
660.81131425874
661.890147521509
658.561727083316
659.264518125109
655.305890887231
653.839079424625
658.765297512183
655.422222248989
657.265953435218
657.13444543028
656.519646153634
660.202308411657
660.201512534093
654.928594435769
657.538775346986
656.849721662976
655.890582252064
663.352043693493
656.710035070616
653.842540845093
653.97100851477
658.099707740393
655.015336441135
658.327344945674
657.451430146001
656.002419940633
653.368799215194
653.900419057373
659.438566635777
654.218552543089
654.611345469019
656.657369988685
653.63372664205
653.583471312699
655.148608414603
662.708821465333
660.440794891668
654.93356075167
655.158808102309
654.899028396438
658.392695686774
671.146527820871
665.916129859974
658.068670124236
654.474108614386
661.733973336333
657.238062679557
655.531154920268
653.050865194683
655.96539211898
655.861457046515
659.237991851688
656.186904341192
660.558862286413
654.115868114997
657.305510282192
669.394942559612
664.123887282448
660.131063193983
661.220105462057
659.696042211585
657.60825391324
658.472084445719
655.220525268029
653.050355900749
655.902225855592
654.158944395216
664.591596294124
655.285235031744
657.916537052934
665.442350735003
656.535281057417
664.963656893086
659.162458072532
658.551526209868
654.233226347533
662.433225928861
653.463926844922
658.519268607916
659.199340132337
654.335567256709
653.964756527503
662.367234301517
663.404540834007
661.00757314447
653.385706451957
657.118865496282
656.57714753743
657.441374523861
660.259102854805
653.364996701003
657.547278897391
655.279715368286
657.845382502526
660.667451870967
654.273733364481
665.089363840974
656.197567198565
664.484607877376
653.408571492352
658.223483824089
661.388758321047
658.570555710791
656.492366345461
654.202361341733
656.355233231619
666.088100471974
654.318731289379
662.034533996502
668.135678110356
656.496869199653
661.113258361938
655.495895062812
658.181340441939
663.779218866388
654.630786784225
658.997589420936
662.109225919148
660.185188312001
660.035711476462
662.353210783431
665.950886935833
661.217722999495
663.680908240301
663.686167136017
655.321843186042
656.273453034126
653.060847163859
658.897075693602
659.825997107011
659.236319296322
658.619505484929
656.044376016346
655.019670630645
657.15026269145
665.63015959212
653.831300895141
655.943249141334
655.567997018228
655.179718420672
654.98574568876
661.09171823614
655.340417629719
656.624442338293
662.748940530552
656.670531554925
668.843112305534
656.474543634288
656.460705102399
653.343006220875
663.249800722633
660.677288362113
657.099079202568
661.758166573568
655.676831106344
658.109046063864
662.023076459419
663.607393869281
658.289328093094
653.309792520153
656.840533326279
654.583980980241
658.212143091182
660.651690094623
658.573657960078
653.534581570061
662.496647603016
653.163867545213
659.814597557755
656.295661548586
657.823394271749
654.557195177088
654.263111319905
659.630915434107
657.888104821065
657.729480189744
654.857112310179
654.190349149742
654.509731033399
667.153312531542
660.218125020735
661.459006320429
660.148790621458
661.499992010145
656.472571428398
657.565123771378
656.610696875561
661.040164828183
655.105822295469
654.763244961722
656.718530363184
657.825344724498
