715.788251439745
711.384185722613
709.063339541668
704.064315100526
703.872071288952
702.515040221778
702.443593886993
702.317244550347
702.266877183092
702.216065052823
702.208338161048
702.184692046974
702.158937589425
702.152332290809
702.15185228485
702.151735501858
702.149891657461
702.140515184517
702.113459987896
702.109693009126
702.102303048617
702.100639611411
702.100478789605
702.078445157015
702.075210378504
702.074500166371
702.072204557811
702.069434209609
702.055066685984
702.044197110551
702.042416963717
702.041207561128
702.030730748707
702.018821277581
702.015086352655
702.004130064224
702.003175322387
701.999352401618
701.986980245909
701.983131843846
701.982327222373
701.982273659255
701.979874233841
701.974013314962
701.968326818832
701.967002876029
701.965348539173
701.959575096729
701.958839623557
701.948973466451
701.948136345309
701.94289726956
701.941424932114
701.940687596315
701.938468043509
701.938056541656
701.933729022611
701.93168969609
701.931503790826
701.929745138406
701.928271231649
701.924617377596
701.920799728546
701.918249970904
701.915652150825
701.914854610681
701.912180205711
701.911550260593
701.910114297042
701.909884182211
701.90598019538
701.902460265581
701.898888011745
701.898101984008
701.895315786086
701.89296436769
701.892281543506
701.890737281069
701.888952706765
701.886507497198
701.883275617215
701.880245816354
701.876217021493
701.873976846774
701.872573182516
701.871493008164
701.870648152485
701.869070007724
701.866895770999
701.865004396649
701.864748858138
701.857984922723
701.852022156587
701.85023532784
701.847766080292
701.841794131509
701.83773937027
701.828221593946
701.827631433862
701.818165119336
701.818094016753
701.816395321337
701.814877603349
701.814872029154
701.813466548652
701.811971018995
701.810647586078
701.80251544132
701.802497627744
701.80163526313
701.795178596363
701.794657234326
701.79465504124
701.793650052557
701.793645513194
701.793261110299
701.792641290067
701.791918464169
701.788742430365
701.787918904056
701.786198475945
701.785128605114
701.784992438625
701.783550211341
701.782236014319
701.780535954376
701.779735883958
701.779038186123
701.775316996646
701.774966636009
701.773932397327
701.773042596158
701.772949541842
701.772205492004
701.771991180887
701.770910655372
701.769860990148
701.766781603142
701.765763466606
701.764821639855
701.764373762619
701.764329352199
701.764149859624
701.763152061995
701.759772163119
701.757274747572
701.756237827531
701.755046993891
701.753734819268
701.751697985304
701.751509803829
701.751248409166
701.74806713576
701.747486791499
701.742014646654
701.739475470564
701.738948026538
701.738943639662
701.738594031667
701.737608701643
701.733321389828
701.732499461513
701.728741466715
701.72770019893
701.726952917335
701.726637700912
701.726378646861
701.726297591089
701.725813528226
701.725798142431
701.72283312981
701.722820335098
701.722701758218
701.722312962148
701.721001335178
701.719803614951
701.719563413982
701.717513635883
701.712493866326
701.712017939476
701.711201535118
701.71077251316
701.70748210392
701.707265288902
701.706427295212
701.704992156931
701.70489035638
701.703386401999
701.702429008861
701.701720447754
701.699893171063
701.699711242855
701.695545071639
701.695162509741
701.692776875715
701.692709573952
701.692161135621
701.690024752656
701.68981209183
701.689743037735
701.688013986842
701.686059203528
701.684395719279
701.683715877766
701.680963787807
701.679683097371
701.677765129523
701.67773289802
701.673520086405
701.671723343703
701.670226343479
701.670167053132
701.669645357005
701.664977001018
701.660911138976
701.660620702902
701.660538461322
701.655899649936
701.655259211995
701.654153351719
701.653755890383
701.651740646908
701.650091584556
701.648235833516
701.647990208849
701.646884603694
701.643851047493
701.642862164688
701.640906116454
701.639979463579
701.639175389147
701.637420553654
701.635851491233
701.63384486604
701.632605230985
701.631895075004
701.631800226627
701.631657597944
701.630434687671
701.628440620549
701.627146667728
701.626399293606
701.624574369724
701.623375755379
701.621737070508
701.621431485804
701.621081428055
701.61989225355
701.617804454101
701.616917498818
701.616537861621
701.61613975565
701.614203299354
701.613480599372
701.613021158242
701.612872361099
701.611840474462
701.608334936796
701.607075650366
701.606777406269
701.605894872209
701.605502587971
701.605243679719
701.600378066728
701.598440880351
701.598410901452
701.596697731053
701.594513221602
701.591854602978
701.591251686751
701.590052938773
701.589176948993
701.589127034687
701.588443558785
701.587466163872
701.585432499814
701.584890641778
701.583828206041
701.583500305467
701.583469535104
701.583160890005
701.582656755101
701.581876402453
701.581720237923
701.580924520949
701.580814173424
701.580303788574
701.579244834578
701.57821700816
701.577751532297
701.577554106445
701.575408376724
701.575336319118
701.573297994269
701.57318468359
701.571545129015
701.570965511083
701.570738576626
701.570692301912
701.567551892991
701.564896396737
701.564692675474
701.563814158909
701.562025009847
701.561140307935
701.558410779979
701.558199544391
701.557851310112
701.554841804915
701.554770602241
701.554178260981
701.552370947685
701.552356581394
701.550798970264
701.550711406248
701.54942488975
701.548131373121
701.547366286067
701.545998991799
701.543150833266
701.540641173782
701.540480805959
701.540053807106
701.539853237003
701.539115161101
701.538943204898
701.538762616248
701.53679461052
701.535587409195
701.535583255533
701.535177386507
701.533942321036
701.533495851955
701.530781421645
701.530448224988
701.53009152174
701.529853073047
701.52800347804
701.527546712832
701.527038751897
701.525563148336
701.524979537327
701.524167804952
701.523874685726
701.523752825066
701.522334464862
701.521716266008
701.519940922384
701.519783488488
701.518512585094
701.517455214205
701.516161009279
701.513713235451
701.511759093723
701.511343285783
701.51039333655
701.510305421106
701.509902549692
701.509578905153
701.50672759355
701.506384332401
701.50622420842
701.505850810497
701.505533254966
701.505198713962
701.505176330295
701.505170737838
701.504760541264
701.503583640585
701.501157905906
701.500396012703
701.49995987845
701.498632410755
701.496894679339
701.495149404697
701.492853548901
701.492753125164
701.492693910133
701.490847781346
701.490567428991
701.487139755756
701.485804519814
701.485025161861
701.484827628067
701.484163618769
701.483840076284
701.483727264821
701.48259462384
701.482297951463
701.481950733789
701.48116309498
701.481012919656
701.47978696827
701.479695762135
701.478702536441
701.478652952475
701.478390174378
701.478305405419
701.476886588649
701.475792889437
701.475147271834
701.47370544172
701.473702320702
701.473079632523
701.473013106348
701.472928869394
701.472216485505
701.471789035623
701.470399057595
701.469848933065
701.469630156282
701.468930135038
701.468519951286
701.468470257435
701.464342546288
701.463318880652
701.462063734128
701.4618367369
701.459565120742
701.458856199238
701.456852389716
701.456535666432
701.455484702492
701.454371810514
701.4541236522
701.453540125214
701.453382137802
701.451872083825
701.451848332673
701.450504902507
701.450059967848
701.4498976863
701.449876450237
701.449667863221
701.44940154578
701.447505279879
701.447268022394
701.446746941985
701.44632218883
701.445480443201
701.444875354144
701.444333318782
701.443575285365
701.443506542802
701.442859752553
701.442586442088
701.44217673873
701.441584614331
701.441293785477
701.440925016913
701.440598670217
701.439148702449
701.438742101009
701.435630381322
701.435342695728
701.435068377243
701.435047224007
701.433081885509
701.431063374358
701.430842496374
701.430171621325
701.42963915966
701.429550587701
701.428830635057
701.42789066372
701.42569222794
701.423933951624
701.421984797894
701.421371125948
701.419409017472
701.419366181067
701.419243490356
701.418584274259
701.418510509931
701.418427043669
701.417860883944
701.417192707797
701.416455316857
701.413183138136
701.413125668192
701.412887079914
701.412782846756
701.411924012764
701.411910173338
701.41186132493
701.411831474507
701.410939664452
701.41020349041
701.41019193245
701.410000687238
701.409550503633
701.409071562521
701.408800392283
701.408482344248
701.408273684522
701.407703557901
701.407584592422
701.406670465863
702.023903711194
701.576276420112
701.704694121779
702.263472704407
701.49379092205
701.455553696675
701.618180075563
701.563450135789
701.595470221769
701.420960058227
701.686016954712
701.873161693155
701.600757156708
701.470320691284
702.313600956994
701.435202089346
701.881759036836
701.876845554237
701.532148930417
701.464007200718
701.835590457216
701.712482429074
701.779677598708
701.533657071422
701.471195425184
701.901116994555
701.792610094816
701.641436079636
701.490939529095
701.455465811878
701.653617483585
701.79204611212
701.542996559775
701.832878056665
702.145099178325
701.642141307282
701.848974823547
701.998528807715
701.695940629752
701.703728894001
701.790248233956
702.193325886101
701.666208507138
701.635201357577
701.520695911139
701.453223670285
701.725637210877
701.608246795771
702.018695208176
701.878145764704
701.501476638061
701.644718289932
701.964801897377
701.740787006
702.086324829173
701.677711700244
701.772748879263
702.168014947246
702.160639381008
701.590230227467
701.414980010883
701.758085325224
701.963389347336
701.607501125441
701.676612714802
701.518738043788
702.263627955185
701.686451850091
702.022333532218
701.542335876841
701.456504286665
701.674112511911
701.457008187918
701.405984466109
701.491172416304
701.580181715488
701.92882442971
701.490604000014
702.014372539947
702.119410679216
701.824310715263
701.758160096466
701.831903899307
701.68938522246
701.550929685401
701.417784133597
701.554273764879
701.898098979354
701.533821034033
701.867518465456
701.486303392177
701.855572090425
701.895708206316
701.745975111615
701.602426661007
701.9569253887
701.676249670606
701.568535318181
701.821974850214
701.651611400706
701.408864085222
701.891771159679
701.490117590789
702.233834086543
701.491686699627
701.859244447303
701.549882270464
701.997059292416
701.662521618706
701.466848039115
701.934545366279
701.816557215199
701.668630127016
710.912543018174
701.853359275924
701.476939472607
701.470477388616
701.525763277572
701.648794138419
701.776581469619
701.568603134846
701.564728767546
701.445797801253
701.465500190324
702.136275316702
701.658096014592
702.127275898385
701.628300711109
701.892394978157
701.766487660065
701.938642006716
701.454233257841
701.406404984097
701.887438551505
701.615801131833
701.669652407917
701.883767651912
701.555078279112
701.746993648864
701.409402797857
701.655817276071
701.436382002926
701.850607346326
701.553875538969
701.906307866792
701.667439083607
702.313567148225
701.745855337704
701.579414370318
701.695752148794
701.645438840451
701.550903180178
701.480818425296
701.969014259237
701.459637633035
701.691434647684
701.830111552842
701.487427266583
701.793140473838
701.642409524225
701.442012012676
701.852388756391
701.769418291904
701.536852561379
701.488774377933
701.960009136035
701.440532210275
701.426401990461
701.539118760908
701.850681055443
701.441403310617
701.699676636554
701.444236541298
701.411700292755
701.989986306548
701.627310518671
701.800862921612
701.646107494285
701.642000173375
701.662487144081
701.691655055574
702.085697070209
701.667010793726
701.637364471224
701.782605641684
701.763307141718
701.568489356974
701.666458166297
701.677695902522
702.128890240804
701.586275106754
701.553826413195
701.515113126303
702.125505869708
702.294349731455
701.883777331797
701.42126926346
701.57750171621
701.732472131859
701.577571752706
701.47624199109
701.933750641633
701.696738931474
701.681739686504
701.414667386409
701.757349716801
701.599888225823
701.701431254714
701.618125325219
701.607977415233
701.498586458716
702.033445884753
701.810776141935
701.795519023836
701.819500422254
701.563598226242
701.791285977554
701.594208329847
701.498583984052
701.726106460374
701.790952870901
701.756596121506
701.636773710324
702.244624210712
701.838083763792
701.894633161383
701.506760209868
701.57346419844
702.069523839413
701.488582261734
701.461694868209
701.911626155596
701.782549344916
701.411386614024
701.546092595372
701.919161724417
701.668297435357
701.934281238447
702.052378359651
701.972544664158
702.112636906524
701.703958341641
701.684529705031
701.506935917313
701.810758939615
701.571052113964
701.699306089472
701.595165510714
701.419520402523
702.971380092714
701.411023832634
701.583340227456
701.700427321457
701.721064528552
701.622588941332
701.761290434431
701.827129892195
701.54852419688
701.561037081546
701.549063938388
701.883817126755
701.906977233483
701.565804515021
702.009925276246
701.718062210257
701.898393656879
701.685872643299
701.620706102983
701.965092816806
701.676444545622
701.90531005288
701.821422849404
701.551392977838
701.687563135628
701.59907549892
701.890191961464
701.86926665603
701.596414281635
701.638054913952
702.201214450925
701.648611348826
701.570107234174
701.49971378624
701.773595985928
701.819463675509
701.46717081415
702.067820486839
702.004592544293
701.562573104843
701.430565133087
701.432987158114
701.799519413529
701.733197884619
701.437279898304
701.576285652541
701.531064559059
701.704483052361
701.47697896845
701.481394651454
701.736200763387
701.565646837197
702.358819083693
701.814899921302
701.48956107667
701.617065078955
701.570056155828
701.521671708537
701.546661437091
702.052803605238
701.71278371646
701.472376230172
701.731213847692
701.791837647064
702.006129234709
701.492442298242
702.08263624757
701.422997261886
701.833125529937
701.981914268365
701.420889137864
701.475235038247
701.693714873425
702.041411058428
702.00239588741
701.529058057829
701.919465278342
701.957346843249
701.650586811042
701.595024268133
701.503495944172
701.512259205315
701.802373416451
701.878308002923
701.493056196964
701.589519881118
701.611943143224
701.439846526376
701.778807928663
701.420685291598
701.652060527638
701.979837117585
701.428178827372
701.817474389732
701.828571013002
702.1348990714
701.726587693877
701.664630767718
702.056157891651
701.843724061917
701.817784596066
701.711283161954
701.523183167242
701.756649821079
701.671337718791
701.992573088296
701.677532589166
701.501360997149
701.682129605253
701.420499230064
701.869661021463
701.810400382391
701.588580670546
702.084464633294
702.183527461845
701.435099805096
701.84626086519
701.592536894151
701.730911337654
701.576956571491
701.958155889597
701.864952411046
701.605286425591
701.968698064167
701.644810886899
701.697513904982
701.541591735346
701.953863081704
701.49033835855
701.521780323676
701.806847088321
701.469244138361
701.671781243281
701.413395819528
701.710286238215
702.253788741576
701.740931852915
701.734934339158
702.142738038173
701.960694361958
702.082771163423
701.607295776285
701.985371537596
701.531438923039
701.584102872697
701.515185968587
701.92596102377
701.679673962618
701.687051286988
702.070522336777
701.5787353212
702.120031389534
701.417945095866
701.99692623944
702.109998821332
701.452641244854
701.814979502474
701.844428001919
702.036154409684
701.572617324555
701.693942387509
701.49066000444
702.14881855265
701.884643414957
701.452973487394
701.50278786339
701.809563180167
701.674788889529
701.911580201912
701.961030675633
701.545772824011
701.60247617445
702.082071920224
701.847779323862
701.757498747205
701.579043124576
701.78497541811
701.713243821168
701.587379052027
701.557508592526
701.457394169097
701.459743097354
701.734762777173
701.422444954307
701.4462087347
701.835022726381
701.423471215456
701.787901707764
701.513803573281
701.466582945598
701.753414444141
701.847014435972
702.118038047055
701.478608965987
702.028720157846
701.726043382675
701.843472219343
701.738214419568
701.904904432909
702.245188397242
701.489053509503
701.600125771335
701.57153378411
701.77541684331
701.989017779667
701.54362558664
702.117129889984
701.52464759254
701.410916723149
701.739364655126
701.412402430033
702.086006128531
701.674043383461
702.061783592147
701.668857677278
701.725596026518
701.686414777766
701.677078664357
702.032338493012
701.711077568552
701.654538337589
701.660939767758
701.8958260591
701.539142915517
701.772535099727
701.753301301653
701.65120828794
701.748529169747
701.480625095959
702.007606698168
701.451759711875
701.498813603558
701.647253587064
701.638226536831
702.284607145082
701.454582309323
702.028387734306
701.740644558498
701.710289521174
701.491715943032
701.493843253846
701.738413393791
701.42345753434
701.563428931826
701.573245535369
701.508848180805
701.836349977634
701.966572299551
701.822196654276
701.671894051853
701.583472980282
701.947645913025
701.581405387306
