842.688773802633
842.101073312162
836.918690228735
836.146120771901
834.898393833641
834.082326476768
831.784341273671
828.882053543855
828.778462052124
828.578828646895
825.328985456029
824.198312574627
823.517563812169
823.433309571301
823.169534829377
822.696263227129
822.17632058643
822.098195152085
822.070482766988
822.043979689036
821.804139417737
821.11071273116
820.660252419985
820.648272063403
820.230646168229
820.15343868557
819.999621946598
819.970441809452
819.832985115528
819.638814273295
819.428827800314
819.183564140882
819.044707950483
818.889291124217
818.087434436332
817.985305245395
817.658385692598
817.611681953583
817.245324453514
817.031359469731
816.95257011652
816.22200675494
816.092900959053
815.735597333624
815.390662284365
815.381109725374
815.124045600996
814.933084982335
814.769857075749
814.63485739674
814.329861140241
814.239420399954
813.989810277631
813.707258365297
813.554047950502
813.238922059394
813.154724302709
813.109695541486
812.896300545689
812.595960573044
812.591747231702
812.532750310726
812.490196012907
812.30130379207
812.17569534537
811.977364691021
811.806734076509
811.678474092752
811.559191834581
811.532065625658
811.370314812363
811.303233627781
811.011153667701
810.738228427693
810.546909258472
810.412690175068
810.40053676844
810.387468528825
810.307345795864
810.298308054774
810.278097866989
810.232548350889
810.187309479519
809.990386793238
809.82876587161
809.802311337845
809.778600014739
809.538483628953
809.495734451249
809.320962263502
809.194445134542
809.143132641174
809.1171766553
808.864298614737
808.856973999879
808.811397096527
808.402524371782
808.382590527606
808.363019728513
808.228008862982
808.002803422786
807.998511149655
807.850355504361
807.831360851013
807.792910169957
807.696522138089
807.681376993217
807.631499980748
807.568229699916
807.374871133774
807.234561260646
807.088175806175
807.07227775441
806.810510161947
806.632247843931
806.502149341984
806.494380624267
806.441361718058
806.373487585154
806.342714775022
806.336474984667
806.315874611052
806.265382409336
806.247651494887
806.188787498665
806.106725388832
806.00116979487
805.990456104329
805.96196798064
805.940973444835
805.801802487817
805.774827288898
805.716550872684
805.716417613385
805.60587964693
805.582415387931
805.517112276279
805.459360439777
805.413423990774
805.412332720394
805.406410404246
805.263890551295
805.144763731408
805.114251127538
805.088101082612
805.012317256647
804.95304773183
804.93015121938
804.913369683697
804.883148414801
804.851628596414
804.817239777408
804.810321740935
804.782065762416
804.745846220512
804.62822307046
804.368831390143
804.368129209121
804.363527310778
804.314322380086
804.252983472381
804.185952220658
804.153230002436
804.094771800004
803.91236553398
803.671841954211
803.67025443516
803.613883239642
803.596745015238
803.491327749036
803.485096363362
803.318076181966
803.139852502489
803.113038105295
803.109503774123
803.067952564154
803.027950910999
802.916450337387
802.894886578463
802.763203396004
802.570863003562
802.56977460057
802.568338440562
802.447498509058
802.421464639786
802.393784218402
802.319088177757
802.244326701832
802.237322006352
802.209658386921
802.16182835618
802.095449565119
802.041579083105
801.966014184739
801.878962698055
801.812855958827
801.794400827678
801.780872951353
801.766260232923
801.734423119469
801.707866674037
801.614478753577
801.600546704716
801.547197359565
801.499793050723
801.494050878755
801.452905460974
801.36191030445
801.342614442865
801.271237420904
801.260204878534
801.198401509619
801.171313993776
801.101163160259
801.088934629546
801.072681044554
801.045507393063
800.991513552654
800.955533068903
800.951201905512
800.933673421681
800.79801666065
800.546818305947
800.42354025355
800.419379765247
800.365486224298
800.349912476221
800.297671475413
800.240492957289
800.237835470989
800.208694689514
800.185654463649
800.145194494781
800.14489603797
800.142876392024
800.110960930358
800.052949091483
800.04419040265
800.028880329989
800.000466569949
799.993524709674
799.951792743948
799.91893542458
799.884788175384
799.83407983441
799.823358352969
799.788876683964
799.702143819652
799.635820467887
799.576274940724
799.571381271705
799.529087405218
799.494029709071
799.466988334586
799.411483652217
799.399474661915
799.344636288537
799.312644956286
799.278169835433
799.27090345956
799.270059909636
799.258972153029
799.239520322584
799.209268825447
799.127002999196
799.016692618082
798.9371413828
798.909005732988
798.903104405963
798.890080182339
798.740759273851
798.705752866086
798.643963950737
798.565855325479
798.548363403583
798.487884034705
798.480841401075
798.426466036727
798.423817928099
798.414117454144
798.301501293565
798.245672306225
798.232485806482
798.227255080416
798.202572645123
798.192181186865
798.181272699588
798.113728795378
798.102386333368
798.068450725396
797.96134704924
797.961204549134
797.866310953813
797.857659572064
797.846256392343
797.836902279574
797.793942842845
797.757667208066
797.751874237367
797.734113773793
797.6823511909
797.633759541348
797.587171955171
797.568260139922
797.482181996916
797.408383205479
797.334748831365
797.325459892211
797.306207939961
797.291526071346
797.277706683881
797.271103830066
797.243354103022
797.18245026626
797.154134144429
797.150060669842
797.090852662411
797.00361178527
796.995494141526
796.856839957289
796.802190673768
796.799858821832
796.749952746944
796.74883941062
796.721283038446
796.67252894442
796.644967268459
796.643513593668
796.609788106023
796.606516774536
796.537417788694
796.482640100185
796.458328595698
796.453234966775
796.441996520574
796.417924003085
796.41432720394
796.404374085368
796.362781966403
796.353839206698
796.320853875488
796.220530615921
796.216352894905
796.197661765316
796.170438389004
796.146282749161
796.110516850788
796.060919229051
796.049766552154
796.016063679603
795.855535206197
795.759319021163
795.736309206094
795.728770772476
795.709822539985
795.607887327986
795.5849535447
795.531810561765
795.527476093656
795.506341233365
795.478920461365
795.454079294645
795.436474250159
795.336016675105
795.26067705458
795.166704636424
795.16638931479
795.162693369801
795.096410111356
795.095812922402
795.078973379017
795.072604874312
795.068982734664
795.050485271447
795.044933331389
795.042948211861
795.037257917688
794.943180177088
794.92691589078
794.922700033347
794.908694275797
794.89050413107
794.861510240038
794.804485090934
794.700418343766
794.666825887091
794.665452678611
794.641393697139
794.61434589664
794.530911051099
794.490502080185
794.440280042257
794.410596283743
794.403840814116
794.376532554072
794.368696505409
794.350228857171
794.319125182208
794.309509194422
794.282997984362
794.259608345424
794.160620467156
794.122572515069
794.093622143954
794.090023931962
794.078708617121
794.045760960164
794.044115175855
794.017725540418
794.00140139847
793.952213291166
793.917845509054
793.89837277255
793.892412620932
793.879271923374
793.842738804944
793.837755156545
793.757431793018
793.740748040529
793.718300041126
793.644955923719
793.628164061093
793.567210027414
793.563609218132
793.532070493745
793.527896578809
793.511649438778
793.45072886739
793.429979671332
793.423340731458
793.404412897017
793.399718617921
793.382172943
793.378280780557
793.375803301452
793.321725098427
793.300952070925
793.289951239768
793.277212276499
793.233874308234
793.21053157807
793.186770099166
793.170311869068
793.167234210527
793.108769492857
793.032946407643
792.977246033775
792.962887069486
792.955884848547
792.923221404955
792.905932890073
792.899453165851
792.85931184895
792.833665334232
792.795650306218
792.792142661445
792.745138819911
792.626896297445
792.6125722583
792.601815267568
792.568384907013
792.435210664055
792.430880507431
792.423257562428
792.362073489211
792.354545473334
792.339872048228
792.318303308567
792.313637829478
792.275802076752
792.218374746434
792.214933470113
792.190325914243
792.174825847603
792.12287311227
792.102799688989
792.088953184308
792.08880331848
792.081517576494
792.08018995735
792.064229441196
792.008107998705
791.98906351839
791.98499766578
791.94404609172
791.905679996798
791.895876873135
791.877943363887
791.875439938517
791.867764877591
791.85606627276
791.821826859998
791.801626476582
791.773871828643
791.72725685362
791.705524626681
791.686632392131
791.654892381354
795.971485609336
794.057159600044
801.477921539411
798.564765157689
822.096524952667
811.980623371452
831.778703970016
809.98597265815
806.66760715443
805.615241797354
802.850031188335
796.734104899204
806.315179126709
796.472989422155
808.305392471526
811.777694240548
806.82735276609
811.686737637682
804.269766904724
803.213953667925
798.422365099175
805.930175791376
793.237300184453
791.701497997232
802.798774323487
804.81894909383
811.760826031788
809.537167775558
821.838232411986
801.210723530468
813.039505087067
802.482556902802
845.429220711312
801.496995546826
804.691814518164
798.54377610077
794.827536617087
797.144008304418
792.896229450969
793.600132551346
806.004108713443
792.000472955791
807.843019761297
813.257153203359
803.093851153542
817.765009585406
809.291941614441
823.678414428436
797.552402870025
803.304069984386
799.323588573776
796.466730948295
804.362855706897
811.771822146669
799.416230625949
805.060924454058
811.970766230226
802.560665895805
810.719385642805
813.000003386505
792.331905263208
795.861199280304
810.924192596917
796.781567724156
799.504175379889
795.046078537822
793.435787070848
802.243792162105
813.828387160989
803.491876313034
798.35802026704
791.638788146352
814.800928900337
803.479409101279
806.734571548723
802.022826580045
793.356893663274
817.958970708865
791.998321424226
807.587692995158
796.169979618592
797.616406039585
806.139658946227
817.215176350394
804.02528362334
803.337368080266
795.851480751284
793.335621325053
792.02893007418
801.842751957948
794.609643267272
807.660428221783
796.690789558116
814.164625068311
809.695203521542
802.259913440335
811.909008692202
824.150329553009
796.867535927238
793.3528746299
794.078340804982
816.801783820516
794.731136906591
795.797484555931
791.777318760567
794.33578576486
822.306826872522
805.310842160026
799.219104412681
797.223154919774
797.227112664792
792.779044217826
795.688595451794
791.717282603277
794.900820456209
800.459260739774
834.508202938838
797.927144632701
803.34863296885
801.173118891301
791.928102749386
807.861487405818
816.77781119884
793.019008717728
799.243190300269
811.116100145804
796.063076292922
803.982660455094
791.598610705944
848.491788493191
798.794386249765
810.125576933309
795.886141916333
800.353318977178
810.075223129798
797.907727000176
794.746610031698
806.785107225154
797.447866949687
791.880052401664
801.773477452587
803.98084346851
792.644491854855
796.617159235515
803.499230751979
793.902884093972
791.985836509665
805.497359909471
795.606434969706
799.049170817744
796.070222651856
798.282215239504
798.748274677406
802.30559879323
815.656437819289
812.705355801492
798.952583325602
793.039224512911
795.998678533256
821.292082971875
816.226791163765
796.406711598258
792.983798356873
801.760221017747
799.24023427191
821.778806528155
808.831579552491
791.903428625985
792.12161257778
802.361368898128
795.285795101278
792.186667688299
820.206837858249
793.730541249885
803.336902931123
802.269782325129
831.066113415454
799.306005494343
807.879428678779
793.10631274616
801.533359179547
795.08856716486
816.838074961993
806.130840985997
821.600956955216
805.246738494473
793.304501101653
798.618434294613
811.214996947467
794.36877172672
793.161855717941
831.748669043019
794.141688760779
798.108568186711
792.682844179642
793.915336503276
803.99015381872
794.588157087261
805.379418228558
794.948611190925
824.953208097895
804.669435821467
793.726394997113
796.326118289311
796.99086216889
794.564490593848
801.670964624202
797.773069753672
796.388110126827
805.740549986541
791.813217142666
798.282885898866
794.98980407909
805.842442747076
792.565797946286
794.978865222383
803.284445825008
801.961454252193
791.68019403999
812.03082789222
810.569273896835
794.680374774295
792.265631145289
813.091767717024
795.225213333199
792.288597577558
792.030333975821
799.82405624835
793.634159731112
814.343415620551
811.398529070834
795.481056454222
792.757240072832
795.003867420463
791.689941109157
803.354222812428
792.624500505789
813.128018792256
801.069267518778
796.315468895366
795.658100183102
809.825906934283
855.946437918757
792.458236851796
797.359144577157
793.28510385237
793.010109619962
792.782874730639
797.557788687667
802.403547658086
793.057681538263
801.589717926685
809.259721847219
796.142624899857
809.403707698629
791.612452326571
797.037556631763
795.507119497587
818.804573263728
806.66147243708
838.185947754434
805.896682870597
793.866551904966
825.301058507182
807.66417927655
794.108782967939
795.666574531525
800.762073825068
806.8011079862
795.655032709445
804.905932215245
800.01660131043
800.659447751275
809.939596568265
791.73218847239
792.365313516077
813.205172279054
815.834347489075
796.087963611197
793.677229553773
794.150012881992
793.998804930033
802.984899354157
817.383859749423
792.305001621131
795.938087321666
800.988580347676
800.506917101832
797.809747553069
797.137980347293
811.646029374824
801.488011098113
809.088399305529
812.436394423675
802.461983431202
792.354055509048
794.625195944073
815.599762968844
812.599712376492
804.9838982744
819.388522973821
799.869940991319
812.111352264415
810.090265329685
809.80703186137
792.772961559486
800.361798270492
800.031578555643
792.016621893888
802.221733672127
799.488772206842
792.345688647466
795.668991343185
794.336370371511
805.445316136745
795.720952499665
817.93769829056
805.877106437599
811.20056851246
794.56997600795
815.546028113956
804.895218920326
799.841306754441
818.941320559022
799.893334958743
815.154328077441
805.046025661248
796.712760452433
806.276497007159
796.979702777833
804.456507620307
801.64778649298
817.156109704428
799.7437305882
803.025553077385
807.828638830092
816.529244552876
799.614118166007
803.540684447731
805.963352788624
801.151361306116
818.39087101727
807.920260241014
793.492834333401
797.820869375781
818.912681485897
798.409957931313
792.282357423387
810.577756547558
805.120402286486
796.601032034267
795.909980139865
797.54339433095
806.342986062393
793.939682056928
810.328859710175
830.773316443946
811.785926781411
802.287661201145
792.52865615314
796.443939637733
793.434737671368
804.84343312832
807.581409839446
808.013438274921
791.900194414388
824.136530220735
802.933633781881
796.446093935535
792.679262702883
797.661190880767
792.981241578631
808.081699522723
822.585075492203
793.66858434535
800.163150209756
806.497347902521
798.849595274589
825.521492899652
805.181819036654
810.430871152322
806.344004815228
830.634800717765
809.767600352465
820.815999746174
800.653219291721
815.44350877149
831.370256083607
812.167954697635
791.818827087538
803.462977521103
810.392847843855
798.98095427089
797.02133064826
792.599067407754
815.79304912683
798.636554525242
792.493583769005
817.605608441976
815.921552447175
800.711647419629
801.111729419427
799.318010390943
793.916256567238
805.669763671351
799.592300668922
810.183379275756
796.060193092879
811.912866718643
807.710380652824
805.800796236689
808.458843043768
795.129701850933
814.671956858135
804.011866031736
821.409848460039
792.668293833539
795.725885099211
834.380649234239
798.753169858454
806.062590187114
800.483570698561
794.22401162376
796.163724766443
793.148338534897
814.699778183786
801.562312484866
803.449345440367
795.280438360361
807.185863351277
805.271875521805
811.876664212173
802.79294269908
804.139224982906
812.473222596571
800.215407482192
812.847816953934
796.411288552418
797.017202230344
793.886011439379
807.78936805596
792.836918837672
799.149418905966
796.762414313539
813.358536723155
801.626357810411
808.92750713411
801.323286341039
817.376836300883
792.464010896172
804.893697593075
803.838385398581
811.972998094767
801.134181200372
796.446465653216
810.383693524643
814.378164913368
812.139312750148
806.434762923283
808.212329593881
798.727174840156
793.188409537711
810.281825487481
798.114807199807
810.423602496346
794.911633844537
805.294986402984
812.005067112294
801.610128448315
792.28613712676
795.193884933175
800.291413505856
824.370262267887
817.726722976952
811.458044634091
808.347664254068
806.749804746008
795.725762374841
828.738755689091
801.91687900154
797.792639576697
830.292721457957
809.416503027943
792.402235231301
805.440452017872
812.757228322378
808.97186320482
805.293716512199
793.255077460477
796.748286625237
793.952089176031
793.40025888324
793.076364764807
802.204166325537
797.223173961144
803.172826349731
794.174605362302
805.74419209901
799.727684896447
809.795454121268
795.537436148583
812.285554677767
