1036.44744111603
1035.21527379084
1034.58496981334
1034.38022211035
1034.09832092852
1033.77934586956
1033.72182970879
1033.61090930409
1033.23104422154
1032.51546097599
1032.44934785468
1032.35639096683
1032.0350539974
1031.81467381436
1031.80438673156
1031.55952785317
1031.48260618504
1031.47506728903
1031.30750165484
1031.29977411274
1031.29218592714
1031.23611973672
1031.14361927645
1031.05163600074
1031.01943018353
1030.99886786328
1030.9754160853
1030.89498298862
1030.8833352166
1030.85252816864
1030.81796567445
1030.73586830559
1030.71687972423
1030.70491595585
1030.55661805749
1030.53958761388
1030.53329537955
1030.50937451896
1030.46813094941
1030.41991271115
1030.40807911557
1030.37651860707
1030.35417822761
1030.34375820146
1030.28811879051
1030.28093275466
1030.22292821443
1030.18647825176
1030.15466796754
1030.12745989124
1030.10897622597
1030.10600068851
1030.08857994349
1030.07439833978
1029.96198795506
1029.9508655664
1029.90945828103
1029.77368177896
1029.76017091817
1029.74952393975
1029.73351208027
1029.7091991229
1029.64495056715
1029.60822526155
1029.5960716217
1029.57786745613
1029.57669618105
1029.57105162135
1029.55245260972
1029.45441937945
1029.41820711313
1029.32246696315
1029.31756814551
1029.29523617141
1029.29180854394
1029.26343124301
1029.25193164202
1029.21479640048
1029.15751145758
1029.12665832432
1029.11848580148
1029.04303195664
1029.03557860987
1029.02787191584
1028.99169306276
1028.96340591402
1028.90139196823
1028.85992501204
1028.85107368332
1028.83528784116
1028.83107863597
1028.80908910535
1028.72994889677
1028.72761295655
1028.71436207862
1028.71337664613
1028.69736615171
1028.65908646819
1028.63700642371
1028.57872473392
1028.56674869528
1028.52944140454
1028.49253498006
1028.47082327985
1028.46535186282
1028.43184773135
1028.43039317247
1028.41002315009
1028.40776244487
1028.40295692623
1028.32473660926
1028.29822581566
1028.28505758198
1028.28005369024
1028.26342323914
1028.22855699846
1028.18528810784
1028.17438347591
1028.07854412681
1028.03459219063
1027.95107356582
1027.9425481425
1027.92270031295
1027.91233211646
1027.89984047046
1027.88431170148
1027.87353735064
1027.86739184651
1027.84980301289
1027.82641665312
1027.82122902835
1027.80700852835
1027.75740368741
1027.75552930748
1027.74203047227
1027.63837922585
1027.63171403805
1027.53244412314
1027.50987722938
1027.50542510697
1027.47323952673
1027.455977849
1027.42615259261
1027.37304503823
1027.37207542581
1027.33890893193
1027.32612950651
1027.32193085743
1027.31655349245
1027.30984211984
1027.27963885641
1027.13457193052
1027.13220895349
1027.07951422224
1027.05503293854
1027.0484401817
1027.04727479716
1027.04128643852
1027.02598729139
1026.99937989944
1026.9938197172
1026.97438953805
1026.97114822226
1026.92179279359
1026.91738697655
1026.89005919028
1026.88397638835
1026.87819684187
1026.87426931109
1026.85883196049
1026.85610832344
1026.79891275951
1026.78807191944
1026.76921065445
1026.76777154247
1026.75803448228
1026.74864426888
1026.74645771462
1026.74114636731
1026.71281034288
1026.70176306178
1026.70164773922
1026.70071379697
1026.69633436037
1026.6948072799
1026.66726682701
1026.6642287346
1026.6482170839
1026.64211561564
1026.58046965109
1026.57010354151
1026.56642324494
1026.53641747166
1026.53425899225
1026.51941049436
1026.51036160484
1026.50855131489
1026.50500653511
1026.48995773891
1026.48844410098
1026.48072686671
1026.46732237293
1026.46025568954
1026.45986872257
1026.44847635653
1026.43528440926
1026.42816285204
1026.41776566525
1026.41096305685
1026.40700998233
1026.37312921835
1026.33982951999
1026.33097469689
1026.32919574243
1026.31562438396
1026.30175443945
1026.28858524924
1026.28809893886
1026.28339201189
1026.27742698874
1026.27176913007
1026.27106459946
1026.255508615
1026.25248524723
1026.23687737597
1026.23671005009
1026.23120935261
1026.23009119268
1026.22199973238
1026.21411450124
1026.19767724752
1026.19063079809
1026.16793781264
1026.16559602081
1026.15768554518
1026.15682324657
1026.15364118839
1026.10747560008
1026.10403979856
1026.09650572592
1026.09428094943
1026.04385929901
1026.04279017751
1026.03606103944
1026.0115256668
1026.0012532061
1025.99012704801
1025.97867652393
1025.96435923054
1025.96234726496
1025.95305814636
1025.94890372745
1025.92387735034
1025.91606410318
1025.91086333802
1025.90669320252
1025.87109733582
1025.85508493757
1025.85465126888
1025.80870565749
1025.7951616441
1025.78404446897
1025.7542482764
1025.75129735782
1025.75041911921
1025.73685485005
1025.73661365975
1025.72732875956
1025.71069376858
1025.69801523525
1025.67729359588
1025.67401768227
1025.67187849601
1025.67101971433
1025.65797538078
1025.64991101823
1025.63946141609
1025.63377069245
1025.62432673802
1025.6190214266
1025.61417734581
1025.60439866845
1025.59366594514
1025.59097237381
1025.58625672595
1025.5742199602
1025.56824021789
1025.55425904761
1025.54660932058
1025.5382232334
1025.49448029903
1025.48854459648
1025.48021027525
1025.46670619709
1025.46165163313
1025.45050516756
1025.43785352976
1025.43479056571
1025.43352968978
1025.40621629051
1025.39780023048
1025.38699352414
1025.38502936393
1025.37632628132
1025.36447509101
1025.36315788893
1025.35060756882
1025.34583976684
1025.34201684302
1025.32883720292
1025.32609210918
1025.32001938776
1025.31965214094
1025.31691081824
1025.31381434646
1025.30265760484
1025.27369762123
1025.26772661241
1025.25920066782
1025.24446969228
1025.23696723997
1025.23630237194
1025.23489766469
1025.22621126525
1025.21752212706
1025.19787906532
1025.19784454717
1025.18427768231
1025.18413525347
1025.18289799151
1025.17576668368
1025.16830880833
1025.16068000256
1025.155857328
1025.15283351661
1025.15051458964
1025.14012347876
1025.12930021123
1025.12913191442
1025.11626635928
1025.0968396742
1025.09346702928
1025.04713811715
1025.03909662751
1025.03908176301
1025.02770951584
1025.02449927975
1025.02062695527
1025.01566216646
1024.99463401533
1024.97392728749
1024.96655912223
1024.96229763776
1024.95869975471
1024.95227455258
1024.9477745044
1024.94317702824
1024.91998845848
1024.91261387333
1024.8860314267
1024.87405470848
1024.86231488304
1024.85807785084
1024.83855085895
1024.83724850369
1024.83089282827
1024.82309124926
1024.81512180684
1024.81483191217
1024.80324491822
1024.79299466602
1024.79261434944
1024.77264363477
1024.77262172946
1024.77049050748
1024.74456333475
1024.74060557745
1024.729881867
1024.72694201944
1024.7225875808
1024.7221334592
1024.70649142507
1024.69278814727
1024.68933250112
1024.68829026747
1024.67744322748
1024.6761647597
1024.6720327741
1024.6706075258
1024.66667412217
1024.66627383118
1024.65579544484
1024.63036593577
1024.60681517862
1024.60192250533
1024.5897918023
1024.56376653396
1024.56351825393
1024.56198787134
1024.54950658517
1024.54675727319
1024.53793537499
1024.52401425161
1024.52361771404
1024.51441121621
1024.51045637721
1024.50549302033
1024.50347340849
1024.50319093468
1024.49527863056
1024.48162075191
1024.4809869734
1024.47964991113
1024.46416865266
1024.4623759068
1024.46211599079
1024.46079074849
1024.45605469812
1024.45187520178
1024.43590241464
1024.42969022886
1024.41533213596
1024.40826635414
1024.40752646799
1024.40030263531
1024.3942417064
1024.38168304405
1024.37992737415
1024.37252197875
1024.36341138324
1024.34773078095
1024.34131413855
1024.32350131294
1024.32316265493
1024.31513838123
1024.30209849862
1024.28274143545
1024.27481307742
1024.27357228335
1024.25293132083
1024.22992623909
1024.2180514011
1024.21288197383
1024.20831290633
1024.20654820208
1024.18675908713
1024.16580960654
1024.15747197523
1024.15155577403
1024.15073301101
1024.14804222106
1024.14473633593
1024.13784873432
1024.13645686127
1024.11571098838
1024.11570638781
1024.10774598315
1024.1047561718
1024.09445733811
1024.09195014001
1024.08228074025
1024.06011120376
1024.05898352654
1024.05345211109
1024.04330880978
1024.03530008687
1024.03506465936
1024.0334044237
1024.02317427932
1024.02042567134
1024.01728590118
1024.0141875437
1024.01098793906
1024.01049636663
1023.99878713183
1023.98946753396
1023.97990843759
1023.96386467194
1023.94370559441
1023.93466710567
1023.92648538136
1023.92345503305
1023.91673909211
1023.88412288243
1023.87849853737
1023.87435097337
1023.86707316137
1023.86684491834
1023.86309282454
1023.85463329537
1023.8441637271
1023.8439178561
1023.83092129958
1023.82503360641
1023.82463864855
1023.8145782756
1023.80903532719
1023.80768788032
1025.69733150095
1029.78968563966
1024.34893946425
1035.75321067795
1024.00059336872
1028.64369126999
1031.01985795453
1025.88645272792
1023.8179474531
1025.34843259604
1026.86074983999
1024.03830001124
1030.52592448648
1025.34841491093
1028.74239595726
1029.69303491133
1026.6824624164
1029.13785278574
1025.90481067382
1025.87594141629
1028.79056718762
1023.89531261933
1027.45203777817
1025.61857880154
1030.0208141619
1028.93404869952
1024.41171393211
1030.96043030611
1024.827979196
1027.54996413596
1024.8886926286
1028.20651550391
1024.94417504096
1027.11593091584
1026.07290741906
1030.76123337376
1025.08605017831
1024.05650309092
1028.4976731594
1025.06001964842
1024.40104887844
1026.55925164219
1024.5180087964
1026.02550862001
1024.64207681533
1023.88946715901
1025.89909066192
1024.40773755599
1025.46867497597
1024.22180156791
1025.8720900104
1025.08505290494
1027.02283024783
1028.86428512661
1025.27258330194
1025.0220396538
1023.84242401813
1030.57405292652
1024.55767856745
1024.3271395657
1024.02389757681
1030.54006880134
1034.18370075992
1025.65038845296
1026.58783292204
1024.11001379142
1025.95571148396
1033.69107202073
1028.83156878975
1024.90164717662
1025.31947414315
1040.52680262721
1030.2742106722
1028.48489465395
1025.43090669949
1025.69048808764
1024.53073007732
1026.11650805418
1029.39216050911
1024.02936964062
1025.68795895299
1025.52244203888
1023.88202448273
1037.82366627995
1025.97920832567
1025.16948177254
1027.48946406529
1028.01535800276
1024.66947535412
1032.52866388795
1024.90597783951
1028.87146757996
1032.82170032732
1028.1506097287
1024.83223961316
1025.55213553359
1026.99434327813
1037.40817855737
1031.85662662047
1027.88348309932
1025.78456149967
1024.7138619158
1035.14303614683
1026.83924160193
1028.70393859554
1024.98442186085
1027.15363399208
1032.70268411614
1029.37244872306
1028.21342042055
1026.48003351859
1031.40184912957
1027.73069237972
1023.80656109172
1026.31096953099
1025.8207086551
1023.89381075372
1029.66468900123
1025.6567746753
1025.50386999461
1024.67559077552
1024.0006072553
1029.90618885222
1032.96712701127
1027.32366927672
1027.43338931552
1024.52537228498
1031.16566478735
1028.44496382868
1032.75801801575
1026.88610636793
1026.15121490538
1028.72616622064
1024.25547355275
1026.74921723436
1036.13255869096
1024.97398724719
1026.20622515898
1023.97146663031
1025.16823526232
1026.38417940241
1029.75651790654
1024.54564328843
1033.25316125236
1025.17180711096
1032.81864612032
1029.47507883476
1025.67711206341
1024.31806207469
1025.06090008709
1028.47685071208
1031.93640326457
1026.79220059417
1023.97337970964
1024.14759505177
1026.78578337942
1023.90317163423
1024.83382250757
1025.36659279225
1029.61238171841
1028.10951155982
1027.04723787184
1024.37687367954
1026.68065963125
1024.41141001276
1025.69253770315
1024.70070530817
1028.7375809907
1034.16828673135
1025.95462114713
1028.37120762195
1026.90197651229
1026.11735973559
1030.23197615998
1027.89090832045
1028.99663882413
1024.48482481389
1030.70823978577
1024.33174189186
1029.1540372791
1024.60373360571
1030.29845421638
1028.26755058597
1023.91157998113
1028.31463487301
1027.89509867485
1030.89120352017
1025.99704753762
1023.87128212489
1024.05777562242
1026.04810318764
1029.83255239979
1026.51734516084
1027.703781604
1026.31553388517
1024.06683361111
1027.32211118027
1026.7567345636
1024.80285934464
1026.29536124222
1028.28167546225
1029.62470341717
1024.07345027424
1024.99754951961
1032.64755316983
1023.80087244224
1026.36314388608
1029.54878481139
1025.33616350816
1025.85785615005
1026.4545792359
1028.27402425289
1029.44274257107
1032.05002940391
1027.89670780552
1027.53706651862
1028.32516155709
1025.12161189819
1024.72502423085
1023.87114382139
1024.12428327958
1026.19705256155
1024.70574023158
1024.05275409939
1026.12787422823
1029.06221252933
1026.05923235617
1024.07186514881
1032.65640243217
1024.76958007278
1026.50805734715
1026.73845272067
1025.469314622
1023.94801787829
1025.78625245443
1024.96694797575
1024.56379181904
1024.10479222308
1026.92204400411
1025.40749256502
1026.47421201656
1028.50577348498
1027.28369099779
1024.36974032069
1029.29670080396
1025.76360454193
1030.04611334342
1029.17760453126
1024.51328033999
1027.52682054955
1024.15843030282
1027.30944635376
1027.01201299964
1024.47596262823
1025.63609953244
1025.1672045985
1025.17148867667
1023.90304653333
1032.74539098637
1031.8734143459
1027.71657914656
1023.84909591348
1024.8532001329
1028.04037715523
1024.17481474385
1027.2422195378
1030.37122184937
1026.42603880289
1024.97928719718
1026.15361864356
1024.98441763948
1027.60100668396
1026.3176763779
1036.02681661205
1025.50334294674
1026.84741803293
1027.01710929626
1026.24825580616
1024.33044642251
1024.38723276789
1025.68814402695
1026.62283514432
1024.2660049004
1025.79399297065
1026.96420973537
1024.73766485743
1025.98601983033
1026.86484776535
1025.14705059961
1024.61135050951
1027.96038661327
1025.34901600305
1027.63538788089
1032.27008927667
1026.05779396237
1025.65184410123
1027.36763662247
1027.65387643907
1034.56310735969
1023.91657347086
1026.7654014242
1025.34595375305
1027.67916226138
1026.07407075135
1026.4103064226
1030.90257226538
1027.79190755182
1026.44014727109
1024.24453258376
1024.51265173957
1024.94414157622
1025.32578707253
1026.02283274915
1028.31703679182
1024.33405463224
1026.28905694931
1024.81491152826
1025.05903850939
1025.72160290629
1028.32571116877
1024.03584834326
1024.92674510409
1023.91207190451
1027.622477002
1026.08747997969
1025.96255892296
1024.75308440474
1029.107515934
1024.56671531159
1029.28452441983
1029.91472033394
1026.66540205077
1024.09532364926
1027.62839479326
1030.2549971808
1036.17966927168
1024.07550131499
1028.14355436332
1028.0928749771
1029.0413838012
1028.60367560157
1026.72128678253
1024.55754010172
1026.67207770573
1025.37869026674
1033.89709284886
1025.80994407808
1024.17462721128
1024.99457358875
1024.59302853335
1025.71500331947
1024.79624363651
1026.48504695285
1024.37307373946
1024.98032286954
1026.91479451765
1025.47707060432
1024.85843300715
1029.59464440267
1024.14686370113
1028.40236894372
1028.00886440432
1030.18407061863
1024.87285633989
1024.53539655428
1028.2983300724
1025.09502071437
1024.01365473969
1027.84905514834
1030.63619155159
1025.02191535447
1024.5349244839
1033.13323440595
1029.82411123788
1025.74918282215
1025.75098016112
1024.67019340771
1028.81084084303
1027.91450482021
1027.99880961988
1025.187268793
1031.1566346074
1024.22051795028
1023.88597702531
1025.43728465144
1025.82687114524
1026.72168547283
1026.01485582258
1023.85414267169
1026.13332250669
1026.92916793386
1028.32545165441
1025.57941983731
1024.0177907679
1034.50352639638
1024.61210017817
1024.06648865121
1024.33217633242
1026.90956177694
1042.61411822975
1028.96666786889
1028.30186326417
1025.4973862721
1024.65042634829
1029.10581065317
1030.46922692686
1027.85537139125
1027.95782515243
1024.95582466885
1026.2369296755
1024.04476612001
1025.48258725855
1027.1521843686
1024.05403295901
1028.132236478
1026.79346520107
1028.07533523168
1025.67548606007
1024.55332823272
1025.00208783865
1024.54664280221
1027.45748424943
1024.67920100446
1026.66121551153
1025.90865300923
1026.85140192882
1029.15744286524
1026.28278675098
1031.45344664978
1027.58788669383
1034.96338418841
1025.70623255607
1026.85056480985
1033.49711977694
1027.6175438472
1025.01746060593
1028.31580793464
1026.6540204472
1024.89366211038
1029.40412085299
1029.28878716376
1036.45090263328
1028.11183345412
1028.12971403951
1028.92220715625
1026.76188299925
1024.66441247857
1026.20228211398
1024.56484873829
1024.72445051503
1028.5772830509
1025.01958834285
1024.46097775565
1025.03381044667
1024.44355923649
1027.08234650033
1027.82899262969
1025.51062696818
1027.4957686673
1029.39172364139
1025.69549954574
1024.22383196154
1029.86055960076
1023.93476158436
1023.96579783651
1029.87570484903
1025.60587856685
1026.42353561072
1027.67769882568
1027.40323507
1024.83120835285
1031.18151257636
1029.8352664301
1024.75666895039
1026.31046067944
1029.32576998002
1026.33523413756
1026.29690304026
1026.2728766426
1023.85702989349
1032.6947045889
1024.70882130878
1025.32641834035
1027.36389228199
1028.12116663639
1028.45585616306
1026.60200743129
1024.8029384458
1024.26867259196
1024.41389544154
1032.56046225446
1023.82393774533
1024.78596873838
1027.19961098864
1026.33559391427
1029.26055659787
1024.7474802333
1027.57473381368
1028.92715819556
1028.31094321779
1025.58053252801
1025.88369358423
