1043.8843557959
1043.30044011893
1042.61411822975
1041.45943002657
1040.83383820313
1040.83219533382
1040.63445165688
1040.59670065503
1040.57554316137
1040.52680262721
1040.50926740994
1040.31910827164
1040.25813883172
1040.12143661072
1040.10610827518
1039.98222903485
1039.86016519856
1039.83623025837
1039.78481080324
1039.6911434251
1039.62737162428
1039.46685114968
1039.40761410491
1039.3464698927
1039.16800983073
1039.09334623887
1039.06879686637
1038.94551443172
1038.92340532216
1038.859938277
1038.75809418025
1038.7423204917
1038.60258914961
1038.58843145461
1038.57256670651
1038.34774891299
1038.3375241751
1038.24300598236
1038.15260407155
1038.1432759487
1038.13542650897
1038.05485745062
1038.03239346752
1038.01563663096
1037.96078989493
1037.94123073368
1037.9352931224
1037.90857858051
1037.85635770777
1037.82366627995
1037.76806311844
1037.75321565751
1037.71628643743
1037.70573091961
1037.66265540748
1037.65854646268
1037.62130546552
1037.6116243233
1037.6016939775
1037.4921004643
1037.48222906664
1037.47312531025
1037.47042139745
1037.40817855737
1037.3962146367
1037.39074812496
1037.37467474213
1037.27904804828
1037.24539296332
1037.20662428086
1037.19851058951
1037.16858519394
1037.1643804495
1037.05596683471
1037.01504006038
1036.95443379102
1036.9460990516
1036.9198939027
1036.86762374884
1036.83029052583
1036.82955786316
1036.82931271666
1036.81374139795
1036.7611302557
1036.73307770873
1036.69802396497
1036.68490755711
1036.64748161218
1036.64238943506
1036.61728302959
1036.5793902268
1036.56015663525
1036.55341102709
1036.49706017214
1036.46056330154
1036.45829700146
1036.45090263328
1036.44744111603
1036.44319892537
1036.42760653472
1036.41337666518
1036.39623130785
1036.36815004259
1036.26992072477
1036.25860914116
1036.24967077055
1036.19170848012
1036.18941810238
1036.18721896081
1036.18704738214
1036.17966927168
1036.1755317304
1036.16508255612
1036.15753782327
1036.13255869096
1036.12776230979
1036.10406338097
1036.0844129032
1036.02681661205
1035.98386854194
1035.98314857758
1035.9779709794
1035.9540946349
1035.94388801948
1035.93491942181
1035.91071639859
1035.87345646301
1035.86984065304
1035.85274278494
1035.81348176958
1035.80210645019
1035.78964311468
1035.77626233879
1035.77556439513
1035.76886496791
1035.75321067795
1035.75052780836
1035.7407727622
1035.69370948453
1035.67885360168
1035.63211264832
1035.63104524225
1035.57882081887
1035.55956916544
1035.55269801107
1035.5371956328
1035.5122466856
1035.50726947678
1035.50415164106
1035.49254554731
1035.47483999262
1035.47364515424
1035.46477267791
1035.43794446435
1035.42868188132
1035.42647859475
1035.41875609223
1035.41463249499
1035.40603228818
1035.40567872318
1035.38637365945
1035.37700545805
1035.36216642502
1035.3619296974
1035.33971452155
1035.33693912881
1035.33597769864
1035.32701195581
1035.3003512809
1035.29600307673
1035.28804833764
1035.28087120051
1035.27650670323
1035.27622373424
1035.27213013371
1035.26804784028
1035.25561507098
1035.22006374791
1035.21527379084
1035.20857480764
1035.19633766112
1035.18616566142
1035.18215073855
1035.14879055477
1035.14303614683
1035.14218401452
1035.14073477354
1035.09764083628
1035.09731283081
1035.08984574528
1035.089379671
1035.06984171781
1035.05756479116
1035.0357501103
1035.00357461914
1034.99465472045
1034.98483059496
1034.96338418841
1034.95047440868
1034.94307227233
1034.94126718252
1034.8966981178
1034.88928391609
1034.87815989727
1034.86662060416
1034.85725717824
1034.85431641001
1034.84779822707
1034.82719086964
1034.82521043937
1034.81740636091
1034.81465172584
1034.80171597175
1034.7925985064
1034.77578203788
1034.76551825919
1034.75751777983
1034.73915973963
1034.71760803096
1034.69299712559
1034.68795509002
1034.65541880521
1034.6539921388
1034.64571688791
1034.6352837986
1034.61731937666
1034.58496981334
1034.57858999104
1034.57352627941
1034.56944863528
1034.56798788364
1034.56310735969
1034.52646735113
1034.52451168862
1034.50352639638
1034.47053766934
1034.45938305356
1034.45462710381
1034.45282613173
1034.4511923633
1034.44886244247
1034.43275587828
1034.42969299105
1034.42394332345
1034.40027930335
1034.39694557542
1034.38022211035
1034.33791305325
1034.3362223884
1034.31080414534
1034.28480630472
1034.25430670221
1034.24804242115
1034.24479410547
1034.22348769092
1034.21921395919
1034.199213839
1034.18871515241
1034.18861498825
1034.18370075992
1034.17775561955
1034.17334097753
1034.16828673135
1034.16493436474
1034.13406732937
1034.12544433691
1034.11953442208
1034.11795021193
1034.10279627796
1034.09832092852
1034.07796292817
1034.07423859532
1034.05740996759
1034.04501429503
1034.04446468002
1034.037162596
1033.97108256632
1033.96617740128
1033.96609577827
1033.93728847653
1033.9233120258
1033.9189109866
1033.89794351238
1033.89709284886
1033.89576695539
1033.84118846119
1033.83549025293
1033.80044761377
1033.77934586956
1033.76473095677
1033.7545930625
1033.74024721917
1033.73877168968
1033.72182970879
1033.70206799965
1033.6989947057
1033.69758852811
1033.69107202073
1033.68626829119
1033.68149320363
1033.67780751895
1033.67327483525
1033.66534589554
1033.65113455792
1033.6421813963
1033.62014791759
1033.61090930409
1033.58771058906
1033.58608691513
1033.58578805479
1033.58415751002
1033.5805619503
1033.57944030874
1033.57752258895
1033.5745987968
1033.57452779134
1033.57221233516
1033.57208763319
1033.57072446276
1033.56681094171
1033.53931192436
1033.52644459153
1033.52287352379
1033.52277387761
1033.52041450712
1033.50366021972
1033.50303662468
1033.49711977694
1033.4745874779
1033.4739759575
1033.47075171726
1033.45848701186
1033.45679025846
1033.4497236556
1033.41977209835
1033.41578489263
1033.4021803368
1033.40200038692
1033.39409735483
1033.39404263655
1033.39164262278
1033.38030169293
1033.37942334171
1033.37662291594
1033.37314479536
1033.36283611844
1033.36112371992
1033.35991770141
1033.35333468572
1033.35304549975
1033.3494487972
1033.34718167236
1033.34351001919
1033.34091353785
1033.33434789596
1033.32904784052
1033.30231895083
1033.29864864587
1033.28822002318
1033.27776119405
1033.26477441249
1033.26228446955
1033.25651335483
1033.25316125236
1033.23104422154
1033.22724287439
1033.22659128248
1033.21592290115
1033.18504653354
1033.17509463501
1033.16570758056
1033.16511714042
1033.1470903825
1033.13323440595
1033.13314859274
1033.12888496227
1033.12081247533
1033.10891674706
1033.09996809723
1033.08050120007
1033.07695160246
1033.07566545544
1033.07403839308
1033.06975530507
1033.06820593305
1033.05870086884
1033.04548608293
1033.03419197606
1033.0096505735
1032.9840739118
1032.98039117553
1032.97952205366
1032.97001438328
1032.96940383511
1032.96712701127
1032.96410952505
1032.9619138711
1032.96171638972
1032.96046719822
1032.95979344381
1032.95839992147
1032.9562118359
1032.93991944441
1032.92149540402
1032.90481770519
1032.89115385575
1032.85382381476
1032.8456162131
1032.83840133293
1032.83573579112
1032.83551948362
1032.82170032732
1032.81864612032
1032.81801333127
1032.81286511424
1032.80511195739
1032.79716654477
1032.79579141259
1032.79575712506
1032.78576820418
1032.78145042303
1032.77624261359
1032.77589477146
1032.7699829459
1032.7681613186
1032.76469420159
1032.76149720276
1032.75801801575
1032.75478237548
1032.74539098637
1032.72693502586
1032.72581125057
1032.71587629957
1032.70268411614
1032.69694228128
1032.69532588897
1032.6947045889
1032.68060566842
1032.68044277568
1032.67022649796
1032.66748535758
1032.66274197867
1032.66022963307
1032.65933105266
1032.65640243217
1032.64755316983
1032.63337989104
1032.63169616216
1032.62593192396
1032.62534043775
1032.62485483839
1032.61167409907
1032.59092162018
1032.56864345693
1032.56236712359
1032.56046225446
1032.5566711456
1032.55511078438
1032.5491768618
1032.54714333905
1032.54641552933
1032.53950098077
1032.52866388795
1032.51754531326
1032.51720154032
1032.51546097599
1032.50921607132
1032.50290752033
1032.49610229248
1032.4949798432
1032.48501899826
1032.4846841512
1032.48449198253
1032.48444813547
1032.47482490725
1032.47270455154
1032.4712531303
1032.45446177415
1032.45147341404
1032.45063354292
1032.44934785468
1032.4421173112
1032.44117073398
1032.42686187514
1032.42623677915
1032.42421006277
1032.41325613375
1032.40756550332
1032.40364748177
1032.4034149555
1032.40327410456
1032.40235677456
1032.40126128843
1032.40008508691
1032.38926675458
1032.38193846228
1032.38018775165
1032.37271428609
1034.6189900002
1033.76874093016
1032.72287951876
1040.58911312531
1033.82689323836
1033.57567676508
1038.79799798496
1034.84644237637
1035.97726930657
1034.22944247315
1042.33827031948
1035.70199351907
1035.58808300115
1039.12557912799
1034.54460678631
1032.75149644041
1036.12974993246
1036.51302945256
1038.1221065307
1042.89506943821
1034.95209062838
1033.65941554079
1036.51423683451
1036.40773173646
1032.54619921473
1038.04563702092
1036.37952512899
1033.94937327917
1034.83163464808
1033.28302163307
1033.09362422294
1032.36865433202
1032.60996431677
1033.44437849619
1032.81354461482
1033.4889446387
1039.05751176115
1038.57323473347
1033.31538879064
1033.47656937491
1037.86653465151
1034.27780472848
1035.22708233674
1033.0725011434
1033.74612710099
1033.77634168072
1035.31048947423
1034.29736531612
1039.16807341857
1036.57001393007
1034.11768368631
1032.50278968563
1034.45051282114
1034.32024395915
1033.05643767629
1036.43943939099
1032.75676588249
1032.53461254993
1033.94604627531
1035.50273460939
1032.37696997483
1038.96653099779
1032.9465188206
1033.58953603848
1032.6964599369
1038.12576541711
1033.58527387678
1037.10711974094
1033.49240731902
1033.56549130446
1038.68799100733
1037.05336415896
1032.56839959247
1035.47056051752
1036.57019985035
1036.40186005895
1034.22469050098
1033.35833472111
1032.65244764787
1036.7608656026
1038.58418045164
1033.44800202094
1036.28223218608
1033.9595353868
1035.54479414045
1033.66063631227
1034.56014519706
1032.73421169491
1036.56373247471
1032.63834891277
1035.21491905706
1034.55929752242
1034.3871693949
1035.41595345681
1033.86190522283
1040.70407104903
1032.50551738854
1033.05854818836
1032.53038400014
1033.57124421721
1033.66827951024
1032.8613384409
1033.25266444092
1032.55719852853
1033.55815972879
1034.32984356127
1032.60803167304
1035.51972317792
1039.50408301853
1032.38921617681
1034.40300498375
1037.67722346695
1036.74715073245
1039.25721655753
1033.51296563823
1033.56026311799
1034.28099426791
1032.66850150216
1036.5568767686
1035.84569357239
1040.4126934876
1033.75521682213
1035.4858817291
1035.70194634371
1034.45020584766
1034.20736067467
1032.38404737634
1033.78970922921
1039.75381702579
1033.17003136599
1032.96931261379
1034.39964706904
1034.85616345538
1034.84049833182
1039.01781358629
1033.28515824434
1033.24785044334
1036.83158651148
1033.55440913272
1036.78643813668
1039.18937820197
1032.59151730443
1032.53240129434
1039.10612234629
1040.39462943509
1038.9062916959
1033.78225926161
1040.39328554551
1032.56772012035
1045.79563601304
1037.09020741068
1032.84344955319
1032.71482282227
1035.84500076889
1034.15104727229
1047.66183290934
1033.77931016917
1037.14590497354
1039.49345900474
1033.89027677564
1039.35276108416
1036.91716301017
1035.4138987841
1033.9151537668
1039.33821579186
1033.15143791449
1032.97054243115
1033.64554653114
1034.39344909212
1033.8083704993
1032.78861884583
1039.08555074527
1034.01142631591
1038.73579587484
1045.73766694214
1032.53377552159
1034.599280683
1034.21286850363
1035.20282141349
1036.43413235327
1033.53570218559
1035.63603396334
1043.16341749753
1035.44113951832
1034.24352583536
1032.8449013158
1035.26928995166
1036.08770806952
1038.95974798772
1036.42006428909
1041.47428137329
1041.68860952119
1036.9909329404
1033.76949293481
1033.94321472762
1035.53588994233
1036.621448408
1033.90820893264
1034.42174722706
1033.71334792534
1033.62411656986
1034.60991825112
1036.04370877902
1034.16373972678
1036.40820754553
1034.82134279767
1033.17214255885
1034.0260761659
1036.15052402561
1036.52569631021
1035.957301134
1035.97658518648
1037.49290579738
1034.90104413229
1034.64487324554
1034.12411530076
1033.84924273195
1032.81533543685
1032.3707804881
1037.04607723062
1036.32734777748
1040.54719381631
1033.46185230596
1036.23878083568
1033.6872496802
1032.95922884216
1036.501990449
1037.22835348001
1034.5691424326
1032.40175682272
1035.25111610474
1042.13004521947
1038.43655238189
1035.83823071503
1035.81144881565
1035.45304455026
1035.47997976642
1033.5759010149
1032.76000505381
1032.40797627972
1037.45150294617
1039.52036867679
1036.89068347186
1033.29319769617
1034.35202924044
1033.66086264885
1035.16275782975
1034.07963960269
1034.20265795008
1035.23199951625
1037.8670541955
1039.03626826869
1035.64663173357
1037.192925092
1035.59242205703
1038.46229492532
1032.51848195028
1035.16286955367
1033.47264483281
1033.4389850763
1034.88414413837
1033.83474726699
1035.4249666183
1032.42601365924
1038.0777923683
1032.80930071746
1032.63645681023
1033.91027944006
1032.93332801948
1034.07566315081
1036.13182842253
1036.08520064078
1033.45027337433
1033.12918647863
1036.98691862126
1041.97454448992
1033.20288838
1036.28783712772
1034.37925868542
1035.28227999176
1033.71560778879
1037.13793776922
1044.20046880045
1033.21874305159
1036.88166364031
1033.67866338082
1033.00483492007
1039.01988819745
1034.46716423457
1037.61373428423
1033.12382218378
1033.04474882935
1034.32805295808
1035.77092584574
1034.41532913269
1035.57167081644
1042.2978479285
1032.35826113491
1036.64831970053
1040.67648498245
1032.94969504
1032.79806384832
1034.10522857917
1034.14081040476
1033.47352867882
1035.65991364205
1036.16196887636
1033.63012093059
1033.59256049396
1032.59940387477
1034.22782960609
1034.73371429823
1034.72228302388
1037.75657840351
1037.92589534847
1036.06360923041
1033.02327001845
1035.68133664778
1032.49722794276
1035.29776565494
1033.34751948832
1033.33085233239
1037.242221282
1034.36038971361
1037.57248746221
1032.57644954156
1037.42511915554
1038.83701608704
1033.91895396227
1038.17043499069
1038.41884450166
1034.86681376559
1032.77948978352
1033.07095112442
1033.29110347067
1040.84532193376
1046.18089513693
1034.01204857658
1038.73306646242
1037.08171619052
1035.36483021211
1032.83138175428
1033.77911335773
1038.75931681406
1039.93344963873
1032.59943386409
1033.55959858567
1034.49778385494
1034.59798034111
1033.40373660784
1033.95897931851
1032.53189033707
1033.34142613684
1035.33514522558
1034.5900577379
1032.5014041757
1035.82886332481
1037.32514407788
1037.454827848
1037.37533458392
1035.45474748866
1032.36124338769
1032.3913339537
1034.49960785316
1037.09908093462
1034.51373371574
1037.68927688982
1034.13873045971
1034.4694557417
1034.5647969004
1037.22215189437
1035.94377470359
1035.53147287024
1039.51851158739
1036.27765644637
1034.08340473313
1036.85370532454
1034.23801601226
1033.53910921628
1036.30902274438
1035.84469112029
1036.01211393494
1033.31285777587
1033.23509510989
1033.66615690349
1035.95255198234
1036.73672720112
1033.63818696022
1033.95121622039
1032.36850752631
1032.66845661721
1041.27409510019
1046.032305671
1034.87299621253
1034.22120681304
1036.5430001193
1032.60163006055
1032.36911241699
1036.70589423739
1037.16533664494
1036.90282632884
1040.64961009407
1033.14417434028
1032.86338822531
1032.39896403083
1037.2629558819
1036.17764869972
1034.64039164578
1038.02776646805
1043.73820780115
1032.92985201811
1032.41431079722
1033.86533991019
1035.48763258855
1037.63728687933
1037.16490937972
1033.73442510837
1035.0864270202
1033.44386781396
1037.56710828791
1032.84392285931
1035.95534831912
1032.78536818816
1034.64355185804
1032.77515097831
1033.71521743373
1033.27983279762
1042.38313991568
1032.73091495925
1034.26254274031
1033.57661506796
1033.69387757497
1037.5014693622
1035.0644990508
1032.35437868093
1040.1275262046
1040.02530268702
1038.06043903082
1034.21305244048
1034.95451492249
1033.7930966541
1036.76643776773
1036.73917502252
1038.56176093359
1035.44291375268
1035.06582586765
1037.38624165235
1035.44408511015
1038.76354927091
1035.98597596236
1039.70678611541
1039.2905155228
1033.79160536735
1033.67341404943
1033.66690707518
1032.34852906302
1035.65333310502
1035.49362263752
1034.46447728099
1038.47233705527
1034.0609612057
1033.39048527738
1034.270988441
1037.29315570167
1033.63265387827
1035.72920591306
1034.91626018123
1034.60648740799
1033.86966115176
1032.57707947619
1032.97651309532
1033.10827825725
1037.63675319278
1033.83563126718
1038.41324743696
1035.79567759435
1037.97404280789
1034.71336494613
1032.73083192935
1033.4455630294
1032.89600224082
1035.67997417267
1034.74868670832
1033.73741117085
1038.10553231005
1035.37621967466
1032.49811062292
1038.05377751123
1034.00109369894
1034.3233473928
1033.40909258685
1033.63113293836
1033.35635688663
1037.67615404607
1034.44510417751
1034.61922256065
1032.49689661072
1036.07116673423
1042.02656467182
1040.1242960564
1033.12253509643
1039.13654154298
