1080.67574032057
1080.67598933393
1080.67632648531
1080.67645849456
1080.67807233339
1080.67932811962
1080.68137863707
1080.68146370842
1080.68162489179
1080.68190351769
1080.68283860193
1080.68285404454
1080.68291817993
1080.6829697064
1080.68560550761
1080.68608860944
1080.68670649629
1080.68712404778
1080.68713777239
1080.68724025472
1080.68731480252
1080.68812190048
1080.68874665481
1080.68940415559
1080.68945116525
1080.69045070939
1080.69080552197
1080.69099646924
1080.69239963135
1080.69479761141
1080.69530007986
1080.6955439904
1080.69608843805
1080.69613748225
1080.69639726759
1080.69674227416
1080.69716790617
1080.69834590039
1080.70078298943
1080.70412841474
1080.70456720962
1080.7049455478
1080.70608344647
1080.70683489468
1080.70734109862
1080.7075124713
1080.70771987905
1080.70777035997
1080.71106351326
1080.71123827658
1080.7131899117
1080.7135553686
1080.71391540823
1080.71497681454
1080.71795143994
1080.71959338988
1080.71993007916
1080.72253623585
1080.72254143375
1080.72362775295
1080.72427996673
1080.72552682773
1080.72707762101
1080.72728153005
1080.72753085955
1080.73100443463
1080.73148441011
1080.7315107972
1080.7324033215
1080.73268428385
1080.73377368827
1080.73393877723
1080.73756994277
1080.73859104758
1080.73929274839
1080.74096132832
1080.74146282006
1080.74264208272
1080.74424326714
1080.7447313172
1080.74509296217
1080.74610935735
1080.7463395274
1080.74668160699
1080.74867989487
1080.74900312713
1080.74949247488
1080.75106584822
1080.75128719379
1080.7546272718
1080.75533319139
1080.75703418242
1080.75726084591
1080.76154006798
1080.76171844523
1080.76278314868
1080.76307608553
1080.7631549704
1080.76439851342
1080.76575701348
1080.76586806963
1080.7666551162
1080.7706315807
1080.77161761062
1080.77193043547
1080.77309053022
1080.77318151664
1080.77345975472
1080.77437557963
1080.77455371089
1080.77552667462
1080.7762748147
1080.77636924082
1080.77659309681
1080.77841536409
1080.77941765896
1080.77993070761
1080.78033036348
1080.78034452914
1080.78374158074
1080.78405365681
1080.78537796624
1080.78580985261
1080.78612088662
1080.78632316318
1080.78648669603
1080.7895709486
1080.78980277192
1080.79072894514
1080.7923151031
1080.79440061776
1080.79482334815
1080.79496524383
1080.79553994085
1080.79576115617
1080.79643368836
1080.79670185604
1080.79856706927
1080.79888242604
1080.79942762207
1080.80023059673
1080.80097788304
1080.80378274055
1080.80431769951
1080.80587379691
1080.80636805341
1080.80920687006
1080.81062073015
1080.81083087123
1080.81089998501
1080.81121587133
1080.81193470175
1080.81379907765
1080.8138139418
1080.81385830218
1080.81747115203
1080.82059723013
1080.8213160183
1080.82157284643
1080.82200581075
1080.82330723827
1080.82402084785
1080.82714875815
1080.82763545282
1080.82815428787
1080.82824689506
1080.82831971649
1080.8292560625
1080.82980535863
1080.83068569187
1080.83096888923
1080.83275831698
1080.83399800152
1080.83603355978
1080.83752119875
1080.83816119681
1080.83999853087
1080.84144564951
1080.84360404577
1080.84682014932
1080.8472975399
1080.85129211128
1080.85192665014
1080.85267669906
1080.85309066624
1080.85329653062
1080.85331001252
1080.85388651227
1080.85447541497
1080.85504566614
1080.85593591611
1080.85817272181
1080.85886179971
1080.8592708898
1080.86074117858
1080.86127324392
1080.86157007781
1080.86305101557
1080.86447076488
1080.86583476084
1080.86642684951
1080.86820955879
1080.87049772945
1080.87076351204
1080.87625944839
1080.87949431365
1080.87970984253
1080.87999554446
1080.88003506841
1080.88039335841
1080.88415586446
1080.88871796235
1080.8887748188
1080.89128256324
1080.8926866109
1080.8938942574
1080.89395077965
1080.89898819364
1080.90066238214
1080.90069630605
1080.90123652653
1080.90317772342
1080.90625453546
1080.9062570274
1080.90975262097
1080.91035683262
1080.9116503337
1080.91169468723
1080.91185856015
1080.91410389679
1080.91863023388
1080.91870791348
1080.92002439898
1080.92297066675
1080.9252235173
1080.92639511101
1080.92645512069
1080.92689897188
1080.92699451614
1080.92888841959
1080.93171567559
1080.93282601187
1080.93697929774
1080.93802082632
1080.94716161182
1080.94850481393
1080.9491399974
1080.94948843741
1080.9524215164
1080.95686231928
1080.95776158879
1080.95871211303
1080.96007169851
1080.9627640737
1080.96297931054
1080.96713504094
1080.96816291281
1080.96858739195
1080.96928892095
1080.97029576455
1080.97131994907
1080.97164364691
1080.97374626853
1080.97568391273
1080.97636064898
1080.97884808247
1080.98222943327
1080.98293590166
1080.9843162031
1080.98486750764
1080.98665273869
1080.98931509629
1080.99026070139
1080.99109449289
1080.99253905475
1080.99345276928
1080.99379547626
1080.99411550934
1080.99579773364
1080.99641176715
1080.99712604854
1080.99961293369
1081.0033745759
1081.00578736852
1081.00641339287
1081.00701868059
1081.00775270977
1081.00863836974
1081.00901529195
1081.00992600935
1081.01031257758
1081.01154695307
1081.01329291774
1081.01499856715
1081.01517544402
1081.01801537497
1081.02011255911
1081.02027204595
1081.02066880525
1081.02094157465
1081.02208523533
1081.02454158615
1081.03037867184
1081.03176471625
1081.03436460797
1081.03461740541
1081.03474449164
1081.03487404587
1081.03502539818
1081.03667563539
1081.03741729969
1081.03916846303
1081.04070230806
1081.04084298476
1081.04158734138
1081.04332500328
1081.04477002937
1081.04721564074
1081.04858987426
1081.04982608018
1081.05040699868
1081.05126033662
1081.05418813095
1081.0542413628
1081.056089333
1081.06015539919
1081.06038232381
1081.06091147471
1081.06098407982
1081.06195583672
1081.06290536955
1081.06308060631
1081.06313344817
1081.06375644522
1081.06566160507
1081.07379912909
1081.07812926108
1081.08045420777
1081.08204219746
1081.0828117574
1081.08374926264
1081.08813197726
1081.08843357272
1081.09119999194
1081.09259508262
1081.09337817494
1081.09344332205
1081.09410382267
1081.09608555767
1081.09625340967
1081.10358051831
1081.10608899813
1081.10657984325
1081.10874281858
1081.10954240083
1081.11193266595
1081.11416913891
1081.11443502454
1081.11489681948
1081.1183918581
1081.12264855385
1081.12528619282
1081.12707646424
1081.12713984676
1081.13808176998
1081.14510491868
1081.14662629284
1081.14776491128
1081.14807456457
1081.14834785487
1081.15036310012
1081.15201436963
1081.15215517008
1081.15793901245
1081.15984585175
1081.1673716344
1081.16928050331
1081.17027991328
1081.177165948
1081.18962772614
1081.1908827945
1081.20150410613
1081.2029770831
1081.21161292369
1081.21558986282
1081.2220817971
1081.22633171329
1081.23036791183
1081.23353990063
1081.2370435323
1081.23822959841
1081.23933735027
1081.24175412485
1081.24203529013
1081.24326880816
1081.24389371916
1081.25147446213
1081.25274090158
1081.25578949971
1081.25908161181
1081.26020597911
1081.26172751787
1081.26732200153
1081.27272976947
1081.27551344333
1081.27679941286
1081.28290199263
1081.28714509738
1081.2933157664
1081.29720856544
1081.30517954748
1081.30934634683
1081.31008634866
1081.31369558064
1081.32054888114
1081.32240744591
1081.32280815915
1081.32501395229
1081.32565572785
1081.32701414489
1081.33279117713
1081.33406687649
1081.33814038512
1081.3478330555
1081.35053596429
1081.35493933327
1081.35862609972
1081.36015601715
1081.37610343031
1081.37867420457
1081.37966151414
1081.3845085978
1081.38786780275
1081.4024738415
1081.40277259446
1081.40472031649
1081.40525479007
1081.40800502377
1081.41438777407
1081.41533381898
1081.41832756938
1081.42025343719
1081.42096479231
1081.42383262756
1081.43437796701
1081.43847681447
1081.44603121727
1081.46093355986
1081.47534525261
1081.47673698829
1081.47753440945
1081.48041583006
1081.48187952057
1081.48885354489
1081.49859036022
1081.50134922478
1081.50452799313
1081.51336475451
1081.51697602007
1081.51722929406
1081.51738785862
1081.53679465372
1081.54210423241
1081.56280962118
1081.60503171955
1081.60774331467
1081.61773886548
1081.62046799084
1081.62476339695
1081.62796985154
1081.63183987682
1081.65006872633
1081.65396184387
1081.65785625632
1081.67181514106
1081.68410247843
1081.68988092669
1081.70049881149
1081.73313685855
1081.73436390083
1081.73719249303
1081.74976927962
1081.75245679393
1081.78888842002
1081.79723746092
1081.80657628659
1081.91322724262
1081.95697064964
1081.98225592375
1081.99077773514
1082.01472842441
1082.0600670805
1082.10922040275
1082.19297258989
1082.20237188179
1082.29408155206
1082.35554114573
1082.56638771629
1082.57151835945
1082.80414521263
1081.09243714458
1081.87561620566
1080.90534547657
1080.87172698433
1081.97714863998
1080.89576814711
1080.6781249348
1081.09890600219
1081.39717770187
1080.91277772541
1080.97763451249
1081.25725657444
1081.13460761663
1081.71196175859
1080.92987663372
1080.89644628673
1080.73645154116
1081.40310322146
1081.55700260551
1080.88931150356
1080.69242449241
1081.40478067626
1080.90501989978
1081.3653499287
1081.82145589358
1080.69302941094
1081.01735714886
1081.3008134057
1081.35623680295
1080.82853181925
1080.84868438865
1080.82188083554
1080.73070152807
1081.12057198469
1080.78792022657
1080.81327230361
1080.70573589431
1080.77385729591
1082.02037883419
1081.27233513477
1080.85675401435
1080.67928601607
1081.33866466617
1081.07004255063
1081.28714607003
1082.15197080525
1080.80596531724
1080.84646906858
1080.87805206775
1080.85842085691
1080.84074991104
1080.95756837794
1080.71522962219
1080.9279281801
1080.72666199591
1080.6910763998
1081.37677962548
1080.88732483035
1081.15041119388
1081.11226514943
1080.88482052359
1081.08058350023
1080.70475532817
1080.90712188479
1080.697956752
1080.7882311695
1081.04163405937
1081.28842350593
1080.77443922027
1080.96760818391
1080.73018318861
1081.12493526289
1080.81535530059
1081.13043393006
1081.48550646521
1081.11587922191
1081.17005633585
1081.18081132427
1081.49783618311
1081.10127183223
1081.31735756569
1081.70343815473
1080.91274229361
1080.92571331319
1081.44411543649
1081.12737176663
1081.02598892654
1080.68794952473
1080.79736978108
1080.73353503094
1080.71261419652
1080.96283830632
1081.66174642156
1080.97400571718
1080.73076963143
1081.12113075567
1080.80616655283
1080.86493348022
1081.16287010469
1080.95987806829
1081.66485307347
1080.78583068143
1080.89046854536
1081.17170558419
1081.12437753921
1081.04923459597
1081.19632626421
1080.76967772809
1081.15598123347
1080.71351961119
1080.8595157435
1081.26866873729
1080.99910946098
1080.76711710064
1080.72392422493
1080.9403594383
1080.98876134233
1080.78873797411
1080.90057588977
1080.87285662907
1081.83325826914
1080.70584809175
1080.70347685129
1080.71690018787
1081.16318993968
1081.15915360193
1081.4698707469
1080.99239746127
1081.1259928855
1081.92897940704
1080.81953101909
1081.21368650742
1080.90985431805
1080.94399646984
1082.07827323853
1080.96062354304
1080.81503361158
1080.91131377424
1080.77108961474
1081.44069662297
1080.67505403685
1081.08381914652
1080.80318401134
1080.78519100919
1080.93332291114
1081.00732501799
1080.79670249005
1080.70441184744
1081.1682051983
1080.83651382417
1080.93022344074
1080.69834116878
1080.77115996537
1080.93864569075
1080.86200689648
1082.12171149662
1080.77672248082
1080.72151340679
1081.14357239364
1080.94341714162
1081.56880274845
1081.16667134721
1081.14868103317
1081.54339392617
1081.23900211623
1081.59827165942
1081.60107930715
1080.76547943829
1081.99722902283
1080.84724615966
1081.50596800426
1081.10722242795
1080.78919265921
1081.84266668061
1081.99293216232
1081.70545711174
1081.54200377666
1081.54018199342
1081.33152530035
1080.738236999
1080.75368865609
1081.1836547585
1081.244043404
1081.09597498216
1080.71454256625
1081.05722867981
1081.44239520763
1081.14959322663
1081.29303875802
1080.88809391668
1080.86469537418
1081.68438523846
1080.94911695442
1081.65930293039
1081.12546149177
1080.79063933407
1081.12229209326
1081.64346082186
1081.65544200534
1080.89003947741
1081.01052905384
1081.27535447382
1081.05362920864
1082.24490504412
1081.24673083516
1080.71829090941
1081.13019592523
1080.73647705595
1081.25657537512
1080.92095225811
1080.67874548792
1081.09629120441
1081.22209765286
1080.82248080819
1080.72154046325
1081.25239788066
1080.91276531509
1081.13960671973
1080.72102400829
1081.25551581025
1081.61490810714
1080.8438607695
1080.94967919661
1080.78108278775
1080.72703424476
1080.8526604619
1081.18271287066
1080.85624733817
1081.27356638998
1081.12397711109
1080.70596563881
1081.22109625632
1080.72621380855
1080.8971282109
1080.7059368288
1081.03598744367
1081.5618801875
1080.9555635224
1081.13319369767
1080.72906580111
1081.62384472042
1081.60740833712
1080.75519415052
1080.75917039538
1081.2163908673
1081.82465104285
1080.76298949313
1080.76362115325
1080.74211115195
1081.29182335784
1080.67639981734
1080.70533380892
1080.89640752035
1080.80602641761
1080.87012595342
1081.33353934722
1080.69731317677
1081.07981961198
1080.75478350919
1081.24239760814
1081.3997001969
1081.18792464804
1080.7834507221
1080.84704003341
1080.70684568085
1080.71470496242
1080.80714015779
1081.04410560037
1080.80827780905
1080.95277058183
1081.00623119895
1080.93564732485
1081.29131033997
1080.91650266033
1081.10152196949
1080.69341589774
1080.83728470731
1080.8937981222
1081.42285329492
1080.7193164185
1080.79983359625
1080.68652598484
1080.71005354438
1081.18439355098
1081.01894485093
1081.40260675353
1080.74486746716
1081.00011306152
1080.95148723168
1080.73422098017
1080.9113677218
1081.86190571277
1080.72551362324
1080.67988862614
1081.02221666986
1080.81788935491
1080.91375087303
1081.62279832655
1081.23746583846
1080.93426242056
1080.68941200387
1080.95996311576
1081.4802255058
1081.62536365082
1080.96263633652
1080.78919683728
1080.95371021013
1081.41071412406
1080.69094930507
1080.71779128826
1080.85268155473
1081.15178082915
1080.86448251749
1080.8081979802
1081.2763630404
1081.00293913588
1081.30669903569
1080.71236857851
1080.90648852271
1080.86440254429
1081.37762654492
1080.70498313033
1081.82941188913
1080.91718251275
1081.70966912898
1081.76869451434
1081.43775722119
1081.00112777326
1081.34256454245
1080.93419209384
1080.75829077927
1081.27196469658
1080.7753179234
1080.91307176479
1081.12106479351
1080.98331873631
1081.15403016276
1081.08802262455
1081.02882251579
1081.06367016157
1081.30775678199
1081.4031652807
1080.69638451696
1080.88310493834
1081.99390387201
1081.29416600469
1081.08927700975
1080.77936626382
1080.78111529314
1081.06076514687
1080.69035844217
1080.67878449543
1081.84256394928
1080.99611952287
1081.08390740862
1081.40559445626
1080.97334227059
1081.31722914911
1082.76119882886
1082.34628643854
1081.61796709711
1081.23831851238
1080.71399368402
1080.76056438018
1080.75413712146
1080.70897241144
1080.79121473076
1080.73750194162
1081.2732936726
1080.72176036174
1081.06750531833
1081.41226280561
1080.87468557814
1081.20866093197
1081.15256211777
1080.77563864974
1080.73795958571
1080.79788986057
1080.87060337931
1081.08039955235
1081.03296575279
1080.96969414655
1081.04863859011
1081.39783983906
1080.85799326048
1081.51823433752
1081.00555657141
1081.04516911072
1080.88849375893
1080.76183703899
1081.01902753647
1081.18382745337
1080.70128823203
1080.68140606683
1081.00366133974
1081.37543746463
1081.11149752997
1080.93867743881
1080.96236848592
1081.24610407285
1081.05353620351
1080.69406015955
1080.73616401554
1081.09995864858
1080.8389685134
1081.11308680929
1081.1402191249
1080.73305623293
1080.94911081984
1080.80646276896
1080.82368195654
1081.34500711834
1080.6946614104
1080.79236566636
1080.80510120101
1081.37625784403
1081.17999660622
1080.78442498801
1080.94410255917
1080.8835612293
1080.92163775195
1081.54917686789
1080.8709684789
1080.94410742083
1081.13601393268
1081.40783264663
1080.83605107267
1080.84091411336
1081.0840531762
1082.00412566174
1081.23788258571
1080.79610380597
1080.84005292596
1080.77591998121
1081.4032380154
1081.76392917324
1080.68445219902
1081.07265211902
1081.79746938392
1081.00969101803
1080.68615960016
1080.76972996073
1080.73825089721
1080.96491082995
1080.7972579551
1080.77345075124
1081.50597780498
1081.16744415516
1080.944524343
1080.83405675353
1081.16617237758
1081.18724796326
1081.06649884363
1081.03244237219
1081.0111068594
1080.75718793837
1080.67627138271
1081.07481824571
1080.83412334558
1080.81696270003
1081.23990484184
1081.44229822056
1081.56226124976
1082.06070225712
1080.71492339716
1080.84934824347
1080.84588977531
1081.63213817571
1081.17517694948
1081.37904576306
1081.05719116184
1081.14533098226
1080.69083754406
1081.02834488835
1080.9913675441
1081.28643663954
1081.82677309738
1080.84242906723
1081.34210098214
1080.75473530565
1081.84587049881
1080.71458015015
1081.20354132467
1081.86440518748
1080.99469574623
1080.77758856181
1080.76594295107
1081.33725773118
1080.96400231681
1080.97998559829
1080.99117403995
1081.02569911688
1080.9778598313
1081.04180225896
1080.81598996802
1081.02332603511
1081.30355011261
1080.7948630002
1080.82567055523
1081.07206948763
