1081.51034313048
1081.51336475451
1081.51395439613
1081.51422007473
1081.51439038408
1081.51574461847
1081.51697602007
1081.51722929406
1081.51738785862
1081.51771279017
1081.51797839819
1081.51823433752
1081.51864320767
1081.51869316756
1081.51942574322
1081.52072122815
1081.52111394284
1081.52139834415
1081.52231824751
1081.52578504058
1081.52674522353
1081.52701009244
1081.52745374757
1081.52970632645
1081.53129101545
1081.5316309506
1081.53298624529
1081.53320423879
1081.5334388796
1081.53369059656
1081.53370540833
1081.53470750052
1081.53526364508
1081.53679465372
1081.53973751322
1081.54010858101
1081.54018199342
1081.54020116043
1081.54072316837
1081.54200377666
1081.54208568155
1081.54210423241
1081.54300055552
1081.54324152641
1081.54339392617
1081.54399319378
1081.54412691761
1081.54475875491
1081.54834506284
1081.54850914884
1081.54917686789
1081.54988071607
1081.5505415904
1081.55054274893
1081.55106347957
1081.55180132794
1081.55309907209
1081.55497684514
1081.55601379309
1081.55603863093
1081.55634781094
1081.55700260551
1081.55787639533
1081.56026427842
1081.56044665295
1081.56125833325
1081.56126052577
1081.5618801875
1081.56210509491
1081.56226124976
1081.5624636128
1081.56280962118
1081.56880274845
1081.56898321897
1081.5704722494
1081.57149913903
1081.57542386848
1081.57658404213
1081.57772132598
1081.57853022946
1081.57928153504
1081.58080298709
1081.58148385383
1081.58263589916
1081.58356816818
1081.58389643769
1081.58569267131
1081.58591565922
1081.58606771837
1081.58637645978
1081.58726254364
1081.58805833418
1081.58827694714
1081.58831720333
1081.58972471118
1081.59016086064
1081.59085003378
1081.59252027284
1081.59271297245
1081.59461261646
1081.59658616759
1081.5967567291
1081.59827165942
1081.59834446598
1081.59892323462
1081.60097091559
1081.60107930715
1081.60144264787
1081.60221765619
1081.60275552533
1081.60303670084
1081.60503171955
1081.60737869612
1081.60740833712
1081.60774331467
1081.60803506698
1081.60815915451
1081.61218228942
1081.61292538998
1081.61490810714
1081.61726140351
1081.61773886548
1081.61779772053
1081.61796709711
1081.62046799084
1081.62151273879
1081.62266288615
1081.62279832655
1081.62384472042
1081.62476339695
1081.62536365082
1081.62787192742
1081.62796985154
1081.63120269671
1081.63183987682
1081.63213817571
1081.63472971354
1081.63538610491
1081.63831003547
1081.63849198911
1081.63873804696
1081.63918788476
1081.63947211151
1081.64171242229
1081.64346082186
1081.64428620315
1081.64978678589
1081.65006872633
1081.65334462227
1081.65396184387
1081.65473026177
1081.65475522825
1081.65518047059
1081.65544200534
1081.65660086601
1081.65709261658
1081.65748701229
1081.65785625632
1081.65799395408
1081.65930293039
1081.66050983529
1081.66082409075
1081.66174642156
1081.66313266496
1081.66349962971
1081.66373173862
1081.66485307347
1081.66809399023
1081.66942469675
1081.67117556837
1081.67181514106
1081.6725474024
1081.67278604004
1081.67292416739
1081.67485678763
1081.68217877734
1081.68373983904
1081.68410247843
1081.68438523846
1081.68505843916
1081.68694261545
1081.68811197241
1081.68822701983
1081.68988092669
1081.69021159298
1081.69096672498
1081.69341779117
1081.69467167298
1081.69773487381
1081.69927206146
1081.69972187303
1081.70049881149
1081.70285943618
1081.70343815473
1081.7037494279
1081.70545711174
1081.70594526651
1081.70758050721
1081.70966912898
1081.70968241013
1081.70982372101
1081.71064389411
1081.71104664579
1081.71175597113
1081.71188236483
1081.71196175859
1081.71440490454
1081.71596206824
1081.71793733175
1081.71910988378
1081.71940813848
1081.72067545447
1081.72182581673
1081.72193488076
1081.72547433919
1081.72649483416
1081.72656392778
1081.72730166667
1081.73021160291
1081.73313685855
1081.73406089223
1081.73436390083
1081.73718724712
1081.73719249303
1081.73935331745
1081.74078315031
1081.74088133507
1081.74174415365
1081.74193418612
1081.74499500727
1081.74539452461
1081.74650781697
1081.74802656728
1081.74816241191
1081.74976927962
1081.75195799094
1081.75245679393
1081.75256287051
1081.75261770986
1081.75423264104
1081.76390212503
1081.76392917324
1081.76470745167
1081.76546486421
1081.76869451434
1081.77134833632
1081.77495422157
1081.77583962689
1081.77838715507
1081.77908150202
1081.77911521876
1081.78058758607
1081.78493284958
1081.78601215353
1081.78888842002
1081.79060312442
1081.79251708663
1081.79315234721
1081.79378987802
1081.79515850805
1081.79532585435
1081.79648343498
1081.79699792252
1081.79723746092
1081.79746938392
1081.80349165545
1081.80364511345
1081.80385787384
1081.80657628659
1081.81104377788
1081.81280570532
1081.81545058415
1081.8169779124
1081.81752827858
1081.81799553116
1081.81842001926
1081.82145589358
1081.82272641171
1081.82453946916
1081.82465104285
1081.82494607909
1081.8267299175
1081.82677309738
1081.82734685928
1081.82791626978
1081.82941188913
1081.82965177207
1081.82993240094
1081.83073680976
1081.83077757255
1081.83281326408
1081.83325826914
1081.83465307498
1081.84256394928
1081.84266668061
1081.84467029382
1081.84469020069
1081.84538527617
1081.84539797845
1081.84587049881
1081.84652871219
1081.85057971145
1081.85144198888
1081.85305261367
1081.85627844516
1081.86028607494
1081.86049909984
1081.86099084687
1081.86122502294
1081.86190571277
1081.86197316446
1081.86427743976
1081.86440518748
1081.86618624306
1081.87044199851
1081.87148819849
1081.87453126164
1081.87561620566
1081.87986197537
1081.88193186224
1081.88296412231
1081.88334965211
1081.88502442445
1081.88503868434
1081.88929892714
1081.89070331075
1081.89190679189
1081.89648499957
1081.89702880127
1081.9002263918
1081.9033328583
1081.90489211517
1081.90551027925
1081.90724178598
1081.90978462928
1081.91244393506
1081.91322724262
1081.91329782879
1081.91576488381
1081.91604705638
1081.9178659557
1081.91835905808
1081.91923930117
1081.92306076021
1081.92613226757
1081.92628003569
1081.92897940704
1081.93046079818
1081.93235734229
1081.94158796515
1081.94689739138
1081.94859053027
1081.95282019885
1081.95580291912
1081.95697064964
1081.95820198394
1081.96256638474
1081.96358938358
1081.96571634372
1081.96932573745
1081.97221889071
1081.97239740842
1081.97422635589
1081.97553924793
1081.97568239036
1081.97714863998
1081.97847710291
1081.97896157356
1081.97906056856
1081.98154795874
1081.98206167039
1081.98225592375
1081.98246471727
1081.98700236822
1081.98717806416
1081.99077773514
1081.99258831811
1081.99293216232
1081.99390387201
1081.99722902283
1081.99980112275
1082.00412566174
1082.00716870517
1082.0071726408
1082.0079360417
1082.01472842441
1082.01841593076
1082.01867481222
1082.02037883419
1082.02710443484
1082.02720680394
1082.02774495018
1082.02918602741
1082.03069220595
1082.03395543359
1082.03411917847
1082.03595306251
1082.04150308384
1082.04156658672
1082.04230329128
1082.04250544058
1082.04374030434
1082.04483133679
1082.0459522709
1082.05036148954
1082.05151634512
1082.05193527703
1082.0600670805
1082.06013873608
1082.06070225712
1082.06253718096
1082.06613473154
1082.07704813482
1082.07827323853
1082.08002538795
1082.08096048884
1082.08464219959
1082.09094173935
1082.09535710168
1082.09620216654
1082.09899558991
1082.10099503713
1082.10131223773
1082.10229878128
1082.10237188465
1082.10251403807
1082.10397767142
1082.10922040275
1082.11373047256
1082.11624840619
1082.12171149662
1082.12232130621
1082.12449135626
1082.12501684483
1082.12735843549
1082.13072915969
1082.13085046664
1082.13363443653
1082.15197080525
1082.15742661614
1082.15765153861
1082.1637393908
1082.16687245038
1082.16911235043
1082.18566532737
1082.19297258989
1082.19648066557
1082.19794103732
1082.19888117319
1082.20237188179
1082.20777259275
1082.20886250208
1082.21537586252
1082.22761775954
1082.24490504412
1082.25506962025
1082.26237830198
1082.26457027424
1082.27035245797
1082.28128783147
1082.28786356492
1082.29408155206
1082.29473271056
1082.29592809803
1082.29634517033
1082.30896146826
1082.3341091775
1082.334841674
1082.34628643854
1082.34794637869
1082.35554114573
1082.42531866071
1082.45004624296
1082.46814722408
1082.48870263594
1082.49321878712
1082.49672293184
1082.50761126696
1082.53658039429
1082.53836839315
1082.54646680191
1082.55617422694
1082.55832715823
1082.56638771629
1082.57151835945
1082.60235153562
1082.60644282552
1082.64048167065
1082.64455047902
1082.70739594216
1082.71417918697
1082.72324801097
1082.76119882886
1082.77889963639
1082.80373689208
1082.80414521263
1082.94884596301
1082.96393475393
1083.24321318297
1083.4555344552
1081.61808551764
1081.60780375635
1081.84878663707
1081.88010249993
1082.14342776924
1082.10793637696
1082.52788914932
1082.40517236088
1082.34482680996
1081.63053315101
1081.50920670011
1081.55606688769
1081.98559602119
1082.35168916356
1081.92511534528
1081.57291986257
1081.53151176268
1082.00878677841
1082.01105542084
1082.11866238057
1082.88995156021
1081.92570503703
1082.00179826998
1082.00653520499
1082.42013856287
1081.84294891263
1081.70119782382
1081.81312389026
1083.00790845125
1081.81698030753
1081.71338961402
1081.58222685905
1081.55159357188
1081.79913330547
1081.78187647884
1081.9764826845
1081.809262828
1081.91338637265
1081.83696458432
1081.54434508741
1081.68697457019
1081.76174314375
1081.5585355805
1081.85982233947
1081.64017105214
1082.03417388943
1081.70897466402
1082.12347806957
1081.66348742792
1081.61481966809
1082.29946562667
1081.75348578594
1081.7853037122
1082.09647975768
1081.60607766573
1081.8099388579
1081.89035729479
1081.79648508753
1081.66378969197
1082.98924879734
1081.86283882298
1081.54860514888
1081.58900906345
1081.76050410522
1081.85145593019
1081.71777694067
1081.66561815103
1081.57184084983
1081.66281781461
1081.51692477237
1082.53256762522
1081.56170797734
1082.04815555989
1082.07373520968
1081.79671343287
1082.30957877152
1082.70888577942
1081.92871717756
1081.68155394537
1081.6698763236
1081.90333841819
1082.19743021459
1081.77845358901
1081.58467628239
1082.04434289845
1081.89152310588
1081.66792859254
1081.55208210282
1082.42198327568
1082.07848908984
1081.56839348212
1082.09539400079
1081.59768780074
1081.60966961374
1081.96875514852
1081.91354009969
1081.61117475885
1081.54751123255
1081.55162692405
1081.8494447732
1081.63113602427
1081.6197034714
1081.5563504616
1081.8792551294
1081.98153919254
1081.89324375046
1081.58524389585
1081.57223576895
1081.64350471309
1081.51336525951
1081.56588194624
1081.55063866722
1082.22234680852
1082.75537921699
1082.12219825394
1081.7493785576
1081.74745832272
1081.93213310468
1081.55819336697
1082.09554317309
1081.76401222797
1081.52605095749
1081.8432432137
1081.74244111414
1081.71032770412
1081.69784822654
1081.53596559723
1082.02006423326
1081.6294202826
1081.70639776073
1082.02031618556
1081.87238059701
1081.90767443598
1081.81996158832
1082.24358508788
1081.98080415293
1081.59871718297
1081.60502638546
1082.89303025529
1081.67131472183
1081.83529470966
1081.93038517176
1082.41168979184
1082.59645367274
1081.70950403069
1081.57682673079
1081.6636086815
1082.01044883301
1082.11287901211
1081.74179037083
1081.73680218265
1082.00542746505
1081.74791415199
1082.10325910189
1082.06288009614
1081.51878416188
1082.26285595807
1082.62680814152
1081.76014334726
1081.56385395116
1082.06628714934
1081.67575531585
1081.71948293313
1082.03388183196
1082.1703746265
1082.20172273773
1081.64873632771
1081.70132318868
1082.42712331164
1081.72390593258
1081.61244294221
1081.51629373605
1081.63476795241
1082.05853574239
1082.01161812808
1082.24880409946
1082.25130553137
1082.29134867416
1082.17402373788
1081.76876336647
1081.78275958206
1081.93788500355
1081.60536342379
1081.54387536887
1081.80503777826
1081.76827230577
1081.62729814621
1081.65041802573
1081.94885238594
1081.55303845705
1081.60487328943
1081.55950502367
1081.60201848782
1081.66990360905
1081.58778991981
1081.97947728474
1082.28585655346
1081.55363462546
1081.75906655938
1081.51568476814
1081.58596453584
1081.57482654502
1081.76755250828
1081.81967000049
1081.64095336756
1081.8097513801
1081.70725365381
1081.7973438146
1081.7892822499
1081.90341137988
1081.67144639407
1081.54559858152
1081.54402592052
1081.8354880736
1081.55698074993
1081.97631715899
1081.57247562174
1081.71880941917
1082.23804993506
1081.8887487071
1081.79017852587
1081.7781438805
1081.76527773974
1081.83042671501
1081.82712637868
1081.79134542553
1081.57181702898
1081.55191413874
1081.51048245446
1081.90165468714
1081.75736286396
1082.12086867657
1081.83193098174
1081.75542888537
1081.83422085511
1082.3512242303
1081.80144432877
1082.093038173
1081.57052203065
1081.72250097964
1081.65072574837
1081.57800434019
1081.57114367214
1081.57682017906
1081.89562300847
1081.99200013997
1081.58876696612
1081.83150553158
1081.92073698597
1081.73017061783
1082.29976003351
1081.79666779848
1081.93010337261
1082.0775427015
1082.12875058428
1081.83700111983
1082.2501930171
1081.51878491236
1081.59617136798
1081.53265697058
1081.56192322738
1081.80566416993
1082.40696088228
1081.55573826187
1081.62966868811
1082.41045567409
1081.60855862157
1082.35465911755
1081.97289195513
1081.56051741265
1081.99045183986
1081.58083376218
1082.39489568442
1081.89173905784
1081.56433560324
1081.53114871878
1081.79735859479
1082.05942172751
1081.95617711601
1081.73509088092
1081.77666651942
1081.51342840146
1081.56861323143
1081.68930604931
1081.68668671613
1082.16809274109
1082.37129519525
1081.54583151187
1081.995108184
1081.6018143671
1081.91800720747
1081.63620981082
1081.66303251121
1081.61692547034
1081.65327524767
1081.97824979045
1081.56897196495
1082.25016488384
1082.34281224216
1081.76649128299
1081.87833808581
1081.71652941883
1082.6895230624
1081.66643218352
1081.78135472448
1081.79149261753
1082.11164744995
1083.35020231594
1081.83640441192
1082.06196328018
1081.55941050811
1081.90248946257
1081.83491356441
1081.97332848809
1081.99191101193
1081.81423989004
1081.86983262844
1081.56078529271
1081.87165102494
1081.85000937834
1081.6991987211
1081.94332137181
1082.27205869653
1081.92364209344
1081.83325747398
1082.6203185143
1081.6955244994
1082.1907532686
1081.82474886026
1081.5867484369
1081.82895376
1081.77468465174
1081.79638767615
1081.81358363317
1082.29042017207
1081.53014884369
1081.5331813563
1081.52604626788
1081.84191639557
1081.71988915394
1081.86451535266
1081.72454116336
1082.17435218217
1081.96890716735
1082.1841210093
1082.5289967268
1081.63145523376
1081.52611709197
1081.6717839984
1081.92546906682
1082.40895531783
1081.84093583656
1081.60082947924
1082.16018831993
1082.10845373255
1081.73119692464
1082.10398200494
1081.97576079614
1081.65593206257
1081.84277947304
1081.95710249949
1081.58011159578
1082.13581877237
1082.34394953846
1081.8042679372
1082.40609717105
1081.61986174773
1081.88483559895
1081.63454671529
1082.32992369964
1081.69949012789
1081.88100350653
1082.70255923182
1081.53408035561
1081.69807942419
1081.74773033434
1082.10308678185
1081.8442843019
1081.82710930743
1082.94373166533
1081.65433799279
1081.89644318552
1081.83047461697
1082.05881660041
1081.82415050712
1082.37251621837
1082.90311902483
1081.88533929209
1081.67431957643
1081.88816781722
1082.40297193461
1081.68175782116
1081.74689446186
1081.69700261649
1081.52470039727
1081.79793690699
1081.73519488261
1081.5294164124
1081.60174587427
1082.20700902402
1082.02848501929
1081.5468145271
1082.03730298801
1081.6127858899
1081.9634496277
1082.04782684446
1082.04877280272
1081.61254337779
1082.0946883921
1081.52342550769
1082.10691065328
1081.81253960079
1082.47235217253
1081.73767511434
1082.3093250822
1081.97058336596
1081.64202501405
1081.59123408947
1081.88340847432
1082.10411365201
1081.51776667674
1082.46328209925
1082.35516505145
1081.50991069778
1081.71747018324
1081.63273671825
1081.71136404047
1081.87078519824
1082.4104323269
1081.52975006908
1081.95895162848
1081.52029517959
1081.64614929004
1081.90928134439
1081.75474340181
1081.8098236902
1081.90959603557
1082.11016730371
1081.70776801773
1081.69965463775
1081.92577312279
1081.74609410724
1081.63845233401
1082.15507303659
1081.85599102821
1081.70378742798
1081.74027973122
1081.75528764739
1082.01329284579
1081.573492113
1081.72857436291
1081.8347018198
1081.80152762239
1081.53503894982
1082.77678519235
1081.83190118914
1081.94534682688
1081.67987406554
1081.92038038604
1082.34450179088
1081.63639232741
1081.53843892717
1081.53853385929
1081.55298950796
1082.76764638962
1081.7832333019
1082.14966181548
1081.70907572937
1081.94908669848
1081.58826254725
1082.01385143084
1081.56082581873
1081.57861943806
1081.69376216919
1081.56603704189
1081.5676182132
1083.09610456702
1081.78982855528
1082.06173594997
1081.58048165595
1081.73102742585
1081.82158279257
1082.1032701366
1081.79912596803
1081.53602399917
1081.64598323181
1081.71116188743
1082.13797927443
1081.5198272813
1081.63831143604
1081.75941356903
1081.84283062518
1081.84821697233
1081.78747515559
1081.51008717652
1081.87345857476
1081.80247592978
1081.5116896323
1081.59810083163
1081.91550867765
