1014.11881871343
1011.20016165823
1009.8192721773
1009.37198336864
1008.92481214224
1007.77013462294
1007.42627870972
1007.38227393561
1007.34743721231
1007.02944960926
1006.96995191098
1006.87536110336
1006.84985513893
1006.69663546613
1006.57768684428
1006.56860442008
1006.50702900508
1006.44307873272
1006.37877952551
1006.24721605674
1006.1565112315
1006.1328880923
1006.08367511411
1006.04022169749
1005.909905773
1005.90050790397
1005.80314253056
1005.63721173514
1005.48479462896
1005.48175378714
1005.36035893291
1005.31173003996
1005.21930178601
1005.19036877529
1005.18780718156
1005.04144769441
1004.9649700029
1004.89297458696
1004.86389608859
1004.83078875781
1004.64608092263
1004.60210104246
1004.58668730684
1004.56705362231
1004.54057621833
1004.5273349525
1004.51872673579
1004.45378637946
1004.38237652117
1004.31457414449
1004.16932771452
1004.16392146076
1004.13446575714
1004.1304743432
1004.11220329195
1004.09450345309
1004.01528765674
1003.97008835926
1003.94279200178
1003.86949405774
1003.67887901352
1003.60433618223
1003.53518050588
1003.47090292087
1003.44468428928
1003.41310759439
1003.40779844381
1003.34342735994
1003.32636169211
1003.23123748887
1003.21502972759
1003.12489491054
1003.06821869297
1003.04504993067
1002.95718425945
1002.95658315125
1002.95373128844
1002.95268745152
1002.88406091485
1002.87333531172
1002.8646527904
1002.78845470022
1002.76777176003
1002.74469115544
1002.70798302604
1002.66729211507
1002.6402316723
1002.62036028966
1002.59909295808
1002.59529546396
1002.57166260604
1002.53607931453
1002.50925648232
1002.50451896398
1002.49783851986
1002.46768810116
1002.43103553437
1002.4100587192
1002.39137783687
1002.3889671597
1002.38070749976
1002.3529868527
1002.35188669631
1002.34343816298
1002.33433323415
1002.23425823644
1002.20984803767
1002.18970121192
1002.18466568281
1002.15343287291
1002.13751348954
1002.12960700637
1002.11813791458
1002.09714361648
1002.08277181206
1002.07313462311
1002.05506790099
1002.04367979527
1002.03088187943
1001.99072060797
1001.98625113456
1001.94401290261
1001.94227431077
1001.93519653571
1001.87271700457
1001.85345288675
1001.8253440467
1001.70577330342
1001.62791429059
1001.59438298974
1001.58387150419
1001.57874368461
1001.55613615332
1001.52790978303
1001.50697380674
1001.49400363979
1001.48810935892
1001.46552374132
1001.42780833471
1001.40698575474
1001.40650212648
1001.40355403063
1001.39884063919
1001.39132339738
1001.38022906289
1001.35067189017
1001.3483083972
1001.34549066079
1001.27339249628
1001.23722903741
1001.22041735614
1001.20535719554
1001.20173538651
1001.20025012591
1001.17639008267
1001.15669415397
1001.14928531988
1001.12719580649
1001.12205542579
1001.1122798894
1001.07875253324
1001.0064907476
1000.99265839861
1000.96647411291
1000.93548696489
1000.84244447266
1000.8405338148
1000.82342921144
1000.82027357642
1000.78979266361
1000.78080028148
1000.76053991611
1000.75064339544
1000.74941098343
1000.74295638057
1000.73731305568
1000.71592468823
1000.70497512059
1000.65530442845
1000.63531667629
1000.62420663568
1000.61193481814
1000.59457373748
1000.58841718522
1000.57437494049
1000.57419590935
1000.54467130068
1000.5418277131
1000.53741362577
1000.53449378494
1000.51033685704
1000.50416931061
1000.50341955227
1000.49785900834
1000.49625342604
1000.49055203779
1000.46570161832
1000.45387911245
1000.4475735847
1000.43313517404
1000.43290628247
1000.41686515595
1000.40224530789
1000.39991517361
1000.35174385359
1000.34586846655
1000.34104891941
1000.3390127311
1000.33345693608
1000.33151403833
1000.3221443068
1000.30586411418
1000.30526853367
1000.27128350663
1000.25380353563
1000.2409293255
1000.23745139399
1000.21203831698
1000.20620310182
1000.20505603313
1000.19792790245
1000.19489475726
1000.16769000346
1000.13766651098
1000.12064125683
1000.09923640547
1000.09426103646
1000.08106515885
1000.05048216673
1000.0201638077
1000.01572730454
1000.00889612804
1000.00662403279
999.977971681923
999.961114422762
999.957487715178
999.947583292742
999.939664648359
999.932506156161
999.930249063069
999.907332036458
999.87349858174
999.855229252778
999.854967367126
999.850117061249
999.840788051057
999.840575489591
999.83723680988
999.826742011418
999.818124110819
999.816635020185
999.811446497864
999.797371299798
999.782656842749
999.774202429371
999.770552571215
999.757948715219
999.727453436816
999.725228292103
999.721866230757
999.715480728141
999.691349900012
999.672555897257
999.654299147547
999.641407517764
999.636360028622
999.632382967904
999.627168198812
999.625794408859
999.624253494806
999.616846296418
999.600801299425
999.598103399733
999.596043109382
999.588128451161
999.569745613319
999.557692484749
999.555936765933
999.53711134733
999.518484220724
999.50941081181
999.498554717876
999.483552039082
999.468794558425
999.467153764263
999.459696450056
999.445188979968
999.437374915807
999.4304737079
999.4255839109
999.419522823303
999.417174917039
999.406153206497
999.398895915025
999.382561043308
999.382449756224
999.374851405277
999.370988307207
999.349674766937
999.338668763591
999.336345144514
999.329383944296
999.322101509811
999.315736801862
999.315264031439
999.310949723045
999.29362842164
999.289606329009
999.289255904556
999.274505143831
999.268682887605
999.256675648465
999.235266546962
999.229429075071
999.22417978238
999.220361262076
999.213271025205
999.206971827472
999.204975457745
999.196750822424
999.185239480241
999.173420704469
999.147410330403
999.142523948016
999.134737465175
999.132866272987
999.131388852767
999.11452153701
999.101831347592
999.095924062612
999.095193865045
999.084800177065
999.058686935071
999.037665809436
999.025235275443
999.020828475569
999.002870410568
998.971929478339
998.952550470387
998.95108339734
998.942873098189
998.942454582617
998.92805878617
998.923020553778
998.898247214043
998.873344963903
998.870907389625
998.867898187119
998.866134317108
998.86420970937
998.85997512333
998.85949559584
998.847321566514
998.834699817089
998.811362807331
998.793867531191
998.789863975648
998.772493245171
998.768305759629
998.754260564048
998.729880008515
998.720789137507
998.709127711441
998.698409511591
998.685277573572
998.682817127104
998.668490103104
998.663326809366
998.647663809319
998.644332359606
998.625224369484
998.62248994586
998.598701603004
998.598230663352
998.589093972409
998.557012280516
998.550129723006
998.54396088228
998.543894813047
998.537288333704
998.526095896248
998.50632846601
998.490956890007
998.483768242873
998.482173098923
998.469781417399
998.450248157448
998.447602659376
998.436652915989
998.426638626302
998.420222132907
998.411882861132
998.409824761558
998.407481770931
998.401012205524
998.380193393652
998.375418978534
998.364774943612
998.290420106742
998.287070959219
998.284012580868
998.278969754722
998.267427143115
998.251378188247
998.21098418221
998.208714375313
998.186888044429
998.186488984227
998.184190496839
998.172360290239
998.151179397634
998.149731789338
998.146845653289
998.137511229471
998.114494641645
998.093960677454
998.066088930556
998.052276106413
998.046453223101
998.034078522928
998.02429824367
998.023060519178
998.012334892167
998.005186146434
997.997614045014
997.996288868658
997.994291406093
997.984118835474
997.9764719673
997.975754593138
997.969667074346
997.957521766532
997.946999949304
997.944273091998
997.930173097435
997.929766743555
997.927930208699
997.926746598386
997.924938514051
997.91250456341
997.896927976964
997.885471883259
997.878848828191
997.874911319211
997.868742820726
997.858219947457
997.853513529551
997.837358138862
997.830655251402
997.825139763667
997.823417928876
997.819910804066
997.814272559098
997.788582572581
997.771514176708
997.766655269637
997.759267872694
997.753404912834
997.749796070207
997.735854992914
997.73246964761
997.730013040854
997.729009090305
997.721322734744
997.705058733481
997.704045267237
997.696043951992
997.693918792198
997.692421100187
997.689002972725
997.686260099855
997.682579503056
997.671245924831
997.670087524017
997.667568909889
997.665699461916
997.663805652984
997.654982183789
997.634889756162
997.633893212002
997.6269031838
997.609924850729
997.585215349922
997.584311951737
997.581763056677
997.574797085644
997.574199755138
997.571281304479
997.566745066749
997.5618841267
997.552147953117
997.549971333066
997.543494675939
997.535526390553
997.534982781946
997.509572771768
997.506360621636
997.503774954568
1001.57196994628
997.771913628644
1010.81364256496
998.15636316414
998.698323435377
997.885294013932
997.968842000176
998.875888836371
1004.63858790206
1005.39636344742
998.365757314732
999.80522037894
1000.64754709885
998.282844779786
998.145703569278
1006.19363370295
1000.5696033355
997.892254254322
998.134066921578
999.939515698685
998.9114376435
1004.01586840003
1000.0884216156
999.673459837942
1002.62296627636
1004.27254891791
998.138886780594
999.947845651482
999.737141120797
1000.00159472981
1002.22174534406
1007.27365319203
1002.15394663055
1004.72068679834
998.714175585234
1006.92496247966
1002.26582402225
998.335944027274
997.742337493237
1000.860144265
998.186164333431
999.644263595876
1000.21656311425
1000.97657229117
998.72204702575
997.583984537996
1003.2268830168
997.666155138663
1000.58404551167
998.212698709836
1001.8867892236
1006.30210599742
1007.4242239558
1001.65677421409
1001.35533469013
1000.70714372695
1000.13035744123
1002.94406590732
999.182696530491
997.554649803696
998.067916762142
998.891181601752
999.146614606852
1000.76155542527
997.538851700658
1004.20493559584
1002.23928722726
1000.3231847922
1000.84239758842
999.466445521168
1006.98068151269
998.258115436127
1000.91719444423
998.846839120911
998.319809767265
1004.28629894068
999.08769976394
1002.24726053229
1003.07184229655
1007.42473958176
998.675040746718
999.85262989679
1008.7778673228
997.817418598586
1003.08320187472
1003.05034255644
999.475769081305
998.548485591354
1002.71402440976
1004.00109210003
999.082983114499
1001.51148670694
1000.23929795089
998.302414140619
1000.91978917716
997.864582114131
1003.53966288478
998.667735327714
997.799126129596
1000.03177792533
1001.95589882086
999.124404971253
998.834187968378
998.264061554906
998.234181466323
998.498015223442
1009.14513892501
1001.1572347632
1000.47968680517
1000.93411661887
1002.10439108959
1003.18515924601
998.478327254306
998.898475645944
1001.05074575479
999.607911636557
997.758558417383
1001.84764044742
999.573727861083
1000.16002295249
1000.00606100959
998.088556813737
1001.82883141926
1003.1811567735
999.331787673884
1007.39837435438
1002.24064731816
999.853587356125
1006.38252712056
1002.23491564782
997.78577646554
999.6513546748
999.744147500071
1002.6582209322
998.300372871215
1002.81052280047
1007.6178336271
998.710387307285
998.440868336496
1003.38054010197
999.100230989068
998.346757865974
997.891135354813
1000.30809090339
999.486554698474
1000.10770627665
999.56831433717
998.244937508009
1001.78875477131
1003.31271256785
1000.20258970704
1000.3085628184
1002.75512342331
1000.77415471769
999.848508306769
998.96960255212
1007.31915363932
1000.0989468225
998.118195048197
1001.97921090032
997.722377197207
1006.97129988523
1000.44554009301
1000.25710155884
999.75379629803
998.900332674495
1001.88594440796
1002.96550464448
999.526260870672
997.845807782787
1005.18825737106
999.6930123277
998.263539688051
1001.07029145317
999.497720908692
1002.51997695982
997.605653652382
1006.31222404984
999.943818744384
1000.66269659202
997.873111808812
999.147982781585
1006.94557129917
1007.42262330847
1003.56561539613
1004.00633693804
998.512159816052
1000.77581237328
1002.44417132081
1004.24836959725
1005.40314435613
1002.56518118293
1001.80423572726
998.529921700793
1004.49754374307
999.774808112753
999.736797538811
1004.28136808164
1001.16212257817
1004.17094143059
1010.62976813863
998.670542076547
1004.68810907858
1006.50636220112
1001.91500785272
997.957347525142
1001.05844053023
998.262094800585
1000.87376108406
1000.23742755552
1003.42887655532
997.567268098924
1008.76561817508
997.964979695256
1002.25421861562
1001.67741900424
1001.80582380398
999.888689452333
1006.25845982873
999.446838367979
999.067400898513
1001.55469695725
999.556141526655
1001.92463244113
997.513371355511
1002.00297224992
997.688507415682
1002.93461914104
1002.85707062853
1000.00144592015
1000.96050528839
1002.36900316932
998.04816287615
999.076667379445
1000.36396520674
1002.02079954111
999.570331051737
1000.85715074044
1000.06136873222
997.688545097217
1002.29889512369
1004.40714827734
1002.31632781755
1000.9168954963
997.85457113
1003.89507107747
1001.79480565181
1002.74433428432
998.059396968828
998.028532481374
997.841696931286
1002.54506063501
1002.48801876375
998.303058650539
1000.38998987722
1000.10528143224
1003.26738170124
1004.17380051914
998.208822298793
1004.95825472993
1006.18957108393
999.168538220175
998.476251011941
1006.4289655025
1001.03949822858
998.852968228035
1004.30401096691
999.287655880098
1005.15937479399
999.058523764415
999.699441403453
999.48154009652
997.638281321432
997.547001194412
999.544086660605
1002.59379931746
1001.21617304868
998.812503286925
1001.90729210453
999.606526696639
1000.25025453489
1000.56931684941
998.771939404297
998.890667820243
998.624207201752
1016.70185113856
998.165528628357
1004.95871040026
999.786424540297
1000.04596445792
1001.26838535412
998.870621912437
998.810321741524
1000.21841048721
1000.36488077573
998.646308168104
1003.83635121521
1002.11002395445
1000.11908161939
999.123903693788
1007.75622623056
997.53199733417
1001.0926684675
999.836069258122
1000.37031270089
1005.95235306425
1006.3355401955
1000.75468445164
999.438415778352
1007.03963082526
998.503839177856
1001.17149857279
997.753191249085
998.348128476308
1003.50988546073
1008.91273927371
1001.14875748601
998.553838998617
999.436771566046
1005.20097614167
998.470589700543
998.647470742466
999.919044184883
1007.39645787418
998.409814567042
1005.22142865982
1000.69003699693
1012.01685621848
999.234495636875
999.464969256881
999.297700225306
1006.00328431555
998.258499947605
999.088725693418
999.657421994361
998.014684681659
1002.17362188444
997.617835724639
1002.22809118757
997.996544634458
999.599635718884
999.688137178731
999.455785726901
999.147494226543
997.994480816984
998.37490259981
1005.03996431559
1000.61485885989
1002.43849574332
999.225048075793
1001.93567193815
999.351174456908
1001.71618187241
1001.96527492526
1001.98173108182
1000.73408807462
999.983339238769
998.532351768795
1000.87354199544
997.820367603692
999.081246182334
997.641937662658
1002.23072222695
1012.91157883883
1007.90361517782
1001.15518899471
997.710758069138
997.703709800945
999.731380726956
1004.84038957096
999.552774539658
1004.75533979833
1002.39977220537
998.156149188363
1000.3227144715
999.537823779543
1004.90285502949
997.846951633875
998.655388715837
1001.90496772788
1003.73407006689
999.722266124084
997.94661842919
1003.15774785019
1001.67470817548
999.893620558645
1002.82536863439
998.643741517772
1000.41762624314
1002.52174286792
999.519558307358
1005.08645610559
998.100523080137
1001.0536274951
1003.76733428454
998.447700717307
998.884497673755
1000.01487617937
1001.88385261734
998.678457839422
1000.06128050947
1002.996809315
998.046274057262
998.492574764638
1000.6796278699
998.628734162654
1001.150050025
1002.89647223576
1000.76912954156
1004.84515646992
1002.01416360148
999.091860987797
997.579716866634
998.442518032685
1008.70214218813
1003.45564939642
1004.00996324216
1003.4720423951
1003.69761077481
997.653140744424
997.912853905036
998.522843873713
998.204790267341
999.349099089227
1006.47698101568
1002.10545577405
998.534231320721
1000.90062305129
998.768135222799
1004.6148801889
1007.98959171243
1002.93251428854
999.39255291122
998.261424481188
1000.02503173619
1002.208221673
1005.62047309545
1007.42804487696
999.848753078056
999.563276558855
1000.544540149
1005.1151677013
1009.10897877894
999.599892155592
1003.04955208348
1000.37622472732
999.452605752563
998.073074260667
997.645208715575
1000.97464659893
999.191552723161
998.506232811086
998.810744141766
1000.1041767
1002.35337897261
1002.09458027865
997.739508184455
998.050059397457
1001.89791782438
1004.66620532322
998.286095190099
1013.33944611413
999.089014345273
1000.25829376984
1002.93512855147
997.560539856962
999.491357932248
1000.88952368772
999.299047041568
1005.07576216958
997.95485168714
998.648457085402
998.837373415347
999.88951027643
998.651591134696
1001.7901352838
1000.28333002722
998.397145107006
998.274296220888
1002.51654201596
997.708358211334
997.671038132835
999.983622275435
1001.80766141055
998.287251094752
1000.76123448774
999.80238388551
1002.25402667955
1008.11368059899
1003.51867804063
1008.55651882929
1000.54335352538
997.992669950571
997.602041177534
1001.35548426298
999.046790678492
998.520840453967
1001.91126722565
1000.58043607034
999.372535641532
1004.82568687544
998.021793313999
