699.420954403131
698.581625997623
698.500329830784
698.299869729053
698.214269686878
698.150484487009
698.088516436578
698.082479418889
698.081995893435
698.046886027798
697.98165430697
697.979132757758
697.960208437008
697.94578570734
697.926198227251
697.902778272519
697.892482966839
697.891307828014
697.880113914041
697.876887988999
697.869186634828
697.832438375229
697.831175370593
697.826156329045
697.803920755634
697.798719719784
697.792997245005
697.791385852404
697.7701746102
697.76830761926
697.765433249171
697.742823215551
697.724418379914
697.711485310389
697.700716920177
697.693787210205
697.689930623676
697.664851698555
697.637706586471
697.634910575787
697.633686766419
697.63170215594
697.623505438143
697.623089561926
697.616265172609
697.611675187524
697.608425686656
697.596858201345
697.593956321163
697.572697124719
697.562005291352
697.548792998034
697.548557959126
697.544172110847
697.537671059981
697.533892287489
697.525556496531
697.525304602592
697.499819402243
697.476350542417
697.473463173215
697.45595845253
697.451562212956
697.443324470584
697.441246403825
697.441152786751
697.432340849867
697.431130590727
697.424445770009
697.422308660877
697.408130242126
697.407746870777
697.402727839596
697.399571681322
697.392986037066
697.386842839528
697.385953877357
697.383340056636
697.382676169362
697.381453203671
697.377059294562
697.373708653822
697.369065386233
697.368637367935
697.363341123556
697.359971738063
697.357598776267
697.350794315258
697.348427032537
697.34530978499
697.332303713306
697.327551627592
697.327192258879
697.32637666781
697.324999867656
697.32411676123
697.32349311506
697.3232958666
697.321452789035
697.315878142963
697.31434102153
697.313724742965
697.309282996276
697.305048316802
697.300915455388
697.300528439029
697.29502529565
697.291358063686
697.290667708362
697.290169359355
697.285827895051
697.281022576934
697.266792928873
697.261695891711
697.258326321985
697.258289571139
697.250662393264
697.24823936076
697.24708948453
697.243397104029
697.242884188932
697.240051050989
697.2370058885
697.236423392458
697.234936697793
697.234381878421
697.230992257977
697.226992644912
697.223333743065
697.222987067493
697.219390564604
697.218450063735
697.213180321354
697.210529514729
697.205720203201
697.191013528159
697.190939076936
697.183959331732
697.183055943039
697.17991050707
697.176646936942
697.173444035526
697.172978674746
697.171179263265
697.168924771382
697.168673837351
697.168269655216
697.167718496338
697.158806544434
697.158212047744
697.157856167252
697.152462309037
697.150214736532
697.148014951136
697.147327454018
697.146543624423
697.146155269302
697.145214928402
697.141265120914
697.136487983624
697.13458212807
697.134374068042
697.131551236044
697.127363218184
697.127022268997
697.125589378324
697.123752978472
697.123685584463
697.123673177652
697.11978855317
697.109606521762
697.109023075293
697.107541459922
697.107310021247
697.105615437697
697.102075898544
697.096948015976
697.095728112547
697.094691489701
697.089562958592
697.088990547719
697.087040947351
697.072093226879
697.070784480575
697.069597805971
697.066962195771
697.066068042659
697.065024578397
697.064521385122
697.059298015724
697.055629623144
697.055622315516
697.055345979971
697.053257712368
697.052557572831
697.0513122799
697.051104477672
697.050067974314
697.049312801754
697.048300199852
697.042208755263
697.038667843475
697.038114018394
697.035148280843
697.032180393419
697.029516552655
697.025252043463
697.023937199131
697.021563526387
697.017345081564
697.008445304069
697.006897921318
697.005857111302
696.99963194726
696.999174273165
696.991672862421
696.988983526531
696.988868485041
696.988455067642
696.98423026315
696.982981376728
696.982856628273
696.980389267864
696.980328977548
696.977818941848
696.976250389671
696.975010691504
696.972229671828
696.965120629071
696.957853758464
696.954448713576
696.953346033597
696.952983604688
696.952460326876
696.951520756097
696.95151021464
696.951185562012
696.950482815752
696.94799291506
696.947600486584
696.94610576536
696.945474678513
696.944661484428
696.944331864969
696.939084397599
696.937823624581
696.937510019186
696.9369331394
696.931686201897
696.930233215324
696.92893321428
696.924507649101
696.922240216063
696.915892293649
696.914970045099
696.912527095185
696.912349772005
696.908691621031
696.903183763603
696.897130060712
696.895698721026
696.894068741092
696.891469200198
696.890948783308
696.890418008179
696.88979075541
696.889531475346
696.889346035028
696.883800113124
696.881905376476
696.880389509761
696.878202603908
696.876167418886
696.872725303245
696.870900282188
696.870546318785
696.869144455564
696.863957291528
696.863126222815
696.861330502109
696.858637747584
696.856941593327
696.856563916749
696.855851013906
696.854774940458
696.854465636619
696.851641425139
696.850484807461
696.849873906928
696.848858562167
696.847932420794
696.84791918493
696.845557384684
696.845407011047
696.845007260718
696.843321860078
696.841972156337
696.841324217829
696.83832972755
696.836913074676
696.835706205219
696.835578050754
696.833676808974
696.832868868751
696.832691880595
696.832294026113
696.832116898569
696.821340518199
696.8198161525
696.819651704247
696.818998131329
696.817378989252
696.814264736185
696.811078699327
696.809718071022
696.808328405064
696.806970342518
696.806667379006
696.806552138534
696.805352203127
696.80517805047
696.804396642953
696.801417938779
696.800622138733
696.799718164052
696.799705190164
696.797537558528
696.794697474672
696.79286945823
696.791867761196
696.790840541822
696.786743401089
696.784769283264
696.784013734726
696.782289069183
696.781510322676
696.780356643905
696.777599288282
696.776776044976
696.775425228145
696.772954651198
696.772015933956
696.77154618855
696.770582076209
696.769742380425
696.769402604512
696.767519867635
696.767396324183
696.764594357006
696.764288125914
696.762409317674
696.760562037578
696.760554777344
696.758566227489
696.758044885954
696.757235461402
696.756726882514
696.756057061167
696.755875434535
696.753340709017
696.751207140696
696.750253941882
696.749412807898
696.747894612484
696.74607277509
696.745258766663
696.742234825554
696.741194894428
696.74028255259
696.739535126019
696.737749745017
696.733480878856
696.730457618212
696.729891678851
696.726866423221
696.726488683472
696.724650036325
696.724083792339
696.722905798199
696.718813895279
696.718402554719
696.716042942603
696.714221390051
696.71243519776
696.71067390419
696.710143005372
696.705705819392
696.701863042747
696.700670164999
696.699410219769
696.696604419634
696.695195166395
696.692419923289
696.68741129106
696.685775978779
696.681874170888
696.681452215435
696.680131257276
696.679282058881
696.678992900977
696.677961139596
696.676512458342
696.676188586364
696.675971700717
696.674662991807
696.674078308529
696.673678413395
696.673003747483
696.671521936193
696.671334581694
696.670540639198
696.669996758516
696.668192268299
696.667170275306
696.666903333308
696.66377802794
696.66341603668
696.662746104193
696.661979207726
696.661871606592
696.661617734558
696.661297130186
696.655601409636
696.654765090461
696.654500326285
696.654019893585
696.651112255732
696.651112177963
696.647528251131
696.647185625348
696.645205885938
696.644638717754
696.644535559258
696.644174985838
696.643800285418
696.642702012566
696.642152089683
696.639520410507
696.639275116823
696.638769098278
696.637291023753
696.636200988863
696.635604956442
696.631310867799
696.630669142923
696.626659827423
696.625750598184
696.624771895774
696.624669953233
696.623721956945
696.623709083281
696.62345846144
696.623207631383
696.622964902222
696.622907278508
696.620575175934
696.617526135742
696.617194863225
696.616129570716
696.614447501327
696.614080260455
696.613940471254
696.613882913781
696.613698467364
696.611904018236
696.611857503321
696.610744876852
696.607947873562
696.606958189539
696.606551286775
696.606076001602
696.605072513033
696.60350062848
696.602215414062
696.599730717486
696.598718980335
696.597249691352
696.59485512708
696.59259169505
696.592523200504
696.591933965403
696.588863981797
696.588442683433
696.586667896082
696.583985354378
696.583054019525
696.579479137352
696.579351591275
696.573991013709
696.573513055423
696.573295040946
696.573250981194
696.57082438885
696.570574102053
696.562507483501
696.561786178567
696.561760660008
696.561174905283
697.391055778308
697.095234061652
696.886698660775
697.466257029262
696.783749696229
696.592601145629
697.592474906158
697.862875311537
697.045807935538
697.668203258816
696.975639189984
696.638581758742
696.687547555606
697.892540994306
696.649371446354
698.586395080787
696.993403968744
696.953725957698
696.915464064427
698.015351838689
697.20134101104
697.97484986569
696.610413426819
696.614875468507
698.393338287942
697.770346402542
697.685835563645
698.526231629318
697.329318417899
697.518285104229
698.890727516878
697.557968399538
697.597546987019
696.781334975912
697.535311473848
696.87423937378
697.511012416993
698.008568354049
697.161542134038
697.020343174073
697.022050116134
697.017249024445
696.607930055687
696.77824037313
697.193778044259
697.035942183021
698.78673983255
696.705594645598
697.886009171448
697.020913310678
697.663791681935
697.385941597794
696.631641661996
697.267509751362
697.111829009977
696.891847073131
697.190025864822
696.742658005271
696.599766416272
696.648649979183
697.029612465169
697.96636169255
697.637992515273
697.064666299435
696.749708146029
697.736144703606
697.098388507936
697.395244765093
696.607142244337
696.749507266679
696.799373142921
697.359303134273
697.349692286368
696.760164585716
696.796999599827
696.729506024775
697.805237979009
698.352036653832
698.007349839505
696.880161852177
697.007172816519
697.67031261943
697.595771513379
696.635820067756
697.87946132985
696.573391864126
696.662125786245
696.832428417156
697.658745975306
696.842525212252
696.58447863111
697.624422161231
697.783989593597
697.070021687859
697.255446245723
697.647796578247
697.038761183193
696.602748635832
697.471924927901
697.09766358447
697.152883950269
696.577287499436
696.741491472995
697.450816981321
698.732830455719
697.771532285469
696.673350139674
696.986893127509
698.204930840193
696.985162821448
697.433211364672
697.892287202092
696.868410349897
696.944288402132
697.699761047193
697.403773769972
697.037147792354
696.705721054061
697.074552527872
696.802586793582
697.125046098025
697.180058618901
697.730825890467
697.573327061057
697.126497190503
696.818972567744
697.084054796574
697.115681797345
696.850890551218
697.675321805657
697.20405405292
697.707525040662
696.945658001304
698.114171697324
696.65696782607
696.825833657117
696.745338541995
698.020257625063
697.155408763458
698.094159345959
697.082752449607
697.632659023246
696.900759779814
696.985178492053
697.066644457645
697.22062336518
697.449535909232
698.01404668061
697.366684459281
697.637284585299
696.781305510871
697.156642840305
696.709897285343
696.969625474984
697.022101343076
697.180718673993
698.653939762836
696.612292943124
696.830416005159
697.609566215133
697.395281985142
696.735415065622
696.65013754384
698.097429746159
696.702586897824
697.224710350901
696.629341966602
696.834392231871
697.91735389786
696.729830482167
697.293835193568
696.939024056316
696.659916491036
697.994396029439
697.506149296388
697.019039623665
696.647726069901
696.808005555585
697.442774289958
697.18994364
697.239683934754
697.843581938752
697.515791251205
696.889075961289
696.662829439791
697.254096902016
696.596366765673
696.582893374202
697.930912572637
697.704884127244
696.842687411879
698.103705630897
697.442076505609
696.619602673722
697.827890121583
696.733295739291
696.825925830379
696.606875824262
697.651641837241
697.381797122593
696.641736712374
696.73111187549
697.245385614151
697.721678706076
698.289095494887
697.718736426373
697.052351290899
697.968914958096
698.01119211283
696.874572021867
696.820428084435
696.738630897253
696.572795877816
697.052348794908
696.590080772775
697.36793499332
697.085880721822
697.24220059735
696.936608002799
696.792676440777
696.576567988157
696.634403835138
697.134284238492
697.787037460317
696.996411588269
696.756626975845
697.291135970317
697.89813320495
697.923164230773
696.645628895022
696.895066775863
697.233315586966
696.668799692941
696.930322772101
696.599570573925
698.14716854471
696.894580943153
697.425972999379
696.678711159018
697.919705304172
697.846636378591
696.810319368305
697.088035769429
696.908938931513
696.812893800888
697.21574456673
697.605998851118
697.056134656943
697.499184896888
696.691925853637
697.320470738459
696.862297711462
697.696722703292
697.183643072476
697.202774402098
697.069452442279
697.379996499914
697.00303016919
698.0608523843
696.560646009115
696.956199152434
696.632399458676
696.631858553804
696.981593822315
696.690369338984
696.568281740854
696.670800035341
696.561035724368
697.525684957426
696.955278277965
697.180670375874
697.056432357287
697.24846710656
698.798311611466
696.87403079085
696.69054576378
697.595438972117
697.09002022986
698.280248176402
696.691012907291
697.325921445835
696.764504080994
696.727769387793
696.610512555087
697.057445216615
696.615372708777
697.340696105339
696.777312400692
696.572169366415
697.669838577954
697.661161440645
696.671751201671
697.093959431729
697.082074211505
697.480425278411
697.270962191071
697.624487260364
696.855461267152
697.078326438461
698.060985101538
696.859452260655
697.503379020429
697.247061186937
697.320811255393
698.052153050418
697.356542908249
698.081938004789
696.664252182878
697.141480851308
696.611844998139
697.05355884522
697.696327555202
696.627618242018
696.66262742909
696.985525952869
697.022870956747
697.692277810353
697.432061809611
697.360008046274
697.198451264733
697.226642035741
697.15343080949
698.073110495698
697.341416292736
696.709421671606
696.603643574781
696.756700441729
697.593136308867
697.843534767013
697.34111711764
697.305782900691
697.119699684233
697.702668316596
697.106416074594
697.92888822801
696.756866084342
696.768633861848
696.989077242553
696.764964990642
696.954475854176
697.269797648029
696.76378143835
697.622123902229
698.015144245414
696.722573727341
697.166401608969
697.182868141546
698.086202494228
698.054212528031
696.561073423759
696.606875303143
698.454083217746
697.040013815871
698.338376016328
698.232630003291
696.756272031776
697.05263490785
697.993488555996
697.398547766987
696.976400952525
697.489136108945
698.170811343111
696.946151863163
696.782180909142
697.214950665819
697.560659007346
697.409510056386
697.622345026823
697.124617625525
697.937961028568
697.984999595654
698.574882892824
696.770107510516
696.806649558961
696.690793102973
696.667920139119
696.597404252153
698.483784445219
696.676938086138
697.725871918932
696.975653036429
696.616182266279
697.782332084937
697.197591527192
697.473603822731
697.871589397073
697.175248299137
697.727742401607
696.808826517572
697.041471187805
696.815271299244
696.816130807028
696.952643401399
696.722514109809
696.864735839868
697.432963917915
696.684747889847
697.025070957068
696.916980045104
696.670504600846
697.304801761125
696.682273085575
696.66776937944
696.785740988379
697.031129590029
696.957183614961
697.028510436429
697.415935817671
697.329110797758
697.746944190295
696.69445945737
696.714360689337
698.09610157971
696.918156595276
698.448698069712
696.711198283485
696.997716780246
696.870088599727
696.836339118869
696.849894208468
698.541404329975
697.076677058236
697.469745019545
697.342279153886
697.667392544806
696.726182933287
696.945104471455
698.474161538476
698.243122413603
696.715555364069
697.389761019121
698.416351303077
696.641477902338
697.482910925788
696.597480485366
696.572598197942
696.754337976511
696.858498434686
697.452814374947
697.621429051116
697.118012299348
697.870788405657
697.475196409229
696.893853427022
697.43449539394
696.762480070458
696.61775291108
697.154487604105
696.928376643951
696.735150483251
698.015836253256
696.890324569
698.162128181572
696.858775610481
697.224045558422
697.281124796563
696.856881189743
696.646462837137
697.644980798746
696.879747156269
698.044941242368
697.95259162284
697.585301368212
697.018928444674
696.64511712762
696.749212087633
697.378030530854
696.793059611654
697.226967510144
696.946478778256
697.619110949742
696.959489319014
698.19182482816
696.93191602211
698.781988264979
697.562718192944
696.942084855149
697.951276835009
697.39586966321
696.959347578086
697.35923280322
697.160746999727
697.017981713148
697.404828843646
696.609258892075
697.215967600142
697.244785487208
697.265337064067
696.988029642136
698.158170093982
697.14525997908
697.413868825969
697.425239593472
697.245415278338
696.836732446414
697.017622176268
696.725814048067
696.80733520858
697.761501427785
697.563585248561
697.387976270105
697.708338960839
