1082.28561329344
1082.28585655346
1082.28647767157
1082.28714399127
1082.28786356492
1082.28863075597
1082.28865858181
1082.29042017207
1082.29043117756
1082.2911934811
1082.29134867416
1082.29196773944
1082.29243658512
1082.29366593547
1082.29397284026
1082.29408155206
1082.29473271056
1082.29498679439
1082.29549869524
1082.29592809803
1082.29634517033
1082.29661315719
1082.2975354498
1082.29827853265
1082.29946562667
1082.29976003351
1082.30020618003
1082.30203495275
1082.30220541433
1082.30479258581
1082.30564102098
1082.30673122318
1082.30890069754
1082.30892772421
1082.30896146826
1082.30916071405
1082.3093250822
1082.30957877152
1082.30964536334
1082.3101011655
1082.3114644825
1082.31327966389
1082.31402498343
1082.31583530173
1082.31712506339
1082.31772604403
1082.31905388255
1082.31959322558
1082.31993608718
1082.32129251103
1082.32141685365
1082.32175150439
1082.32232473562
1082.32253763368
1082.3231846808
1082.32526280721
1082.3277414049
1082.32838357775
1082.3286892879
1082.32992369964
1082.33103864995
1082.3341091775
1082.33430174944
1082.33471142849
1082.334841674
1082.3353773752
1082.33608583434
1082.33666566402
1082.33690911781
1082.33728953968
1082.33856726086
1082.3408169647
1082.34281224216
1082.34298887477
1082.34345938124
1082.34394953846
1082.34450179088
1082.34482680996
1082.3454223094
1082.34575345917
1082.34587436819
1082.34622144419
1082.34628643854
1082.34655094654
1082.34794637869
1082.34860639174
1082.35006589536
1082.35120042389
1082.3512242303
1082.35168916356
1082.35263937984
1082.35465911755
1082.35507273769
1082.35511990643
1082.35516505145
1082.35554114573
1082.35842315722
1082.35844307953
1082.36143024705
1082.36362160567
1082.36486183879
1082.36622690108
1082.3662365776
1082.3677919561
1082.368336636
1082.37105209531
1082.37129519525
1082.37153837037
1082.37167631904
1082.3721574851
1082.37251621837
1082.37309917993
1082.37330848542
1082.37417476938
1082.37522991184
1082.3773290567
1082.3774146737
1082.37761513617
1082.37970677806
1082.38332631556
1082.38339736795
1082.38416762614
1082.38421088217
1082.38466855003
1082.385271996
1082.38566854957
1082.38574224631
1082.385932133
1082.38687445872
1082.38693873525
1082.38756530897
1082.38821396924
1082.38870639487
1082.38972727736
1082.39274564671
1082.39342632232
1082.39445849538
1082.39489568442
1082.39615246825
1082.39621246177
1082.39659849103
1082.3988431724
1082.39905272305
1082.40004507913
1082.40102807793
1082.40170494229
1082.40185947786
1082.40297193461
1082.40320835007
1082.40369272161
1082.40502400131
1082.40517236088
1082.40583551046
1082.40609717105
1082.40696088228
1082.4074848683
1082.40852210158
1082.40893490391
1082.40895531783
1082.40960994461
1082.4104323269
1082.41045567409
1082.41156082135
1082.41168979184
1082.4118743607
1082.41367249463
1082.41631956107
1082.41895026524
1082.41970514596
1082.41999731967
1082.42013856287
1082.42106752384
1082.42198327568
1082.42215642359
1082.42221241176
1082.42229961352
1082.42364857675
1082.42471669436
1082.42482648394
1082.42531866071
1082.4263771831
1082.42712331164
1082.42955472805
1082.42988545058
1082.43092432469
1082.43167639962
1082.43300986523
1082.43331313351
1082.43394286997
1082.43761692774
1082.4382246237
1082.43898098568
1082.43907380854
1082.44144590056
1082.44213300997
1082.44515116198
1082.44641105034
1082.44708884672
1082.44800651378
1082.44920660553
1082.44938060232
1082.45004624296
1082.45027528824
1082.45031383273
1082.45219572532
1082.45364917151
1082.45545937105
1082.45598284571
1082.45599462099
1082.45766496729
1082.45786515164
1082.45847737421
1082.46075398779
1082.46129463425
1082.46163176632
1082.46189374068
1082.46221871351
1082.46328209925
1082.46414998577
1082.46814722408
1082.47020045557
1082.47167023432
1082.47235217253
1082.47236193044
1082.47428838568
1082.47826060986
1082.47955554219
1082.4811953889
1082.4830071886
1082.48438852243
1082.4844917822
1082.48523897884
1082.48708844824
1082.48870263594
1082.48933212563
1082.49101481975
1082.49105130334
1082.49321878712
1082.49369377623
1082.49381925625
1082.49431111169
1082.49672293184
1082.49837615058
1082.50015831755
1082.5049904285
1082.50761126696
1082.50830596146
1082.50876826242
1082.51192829005
1082.51478173943
1082.51557933691
1082.51558394783
1082.51635022611
1082.51694272264
1082.51714573912
1082.51769131412
1082.51967827173
1082.5220264211
1082.52489058833
1082.52617132041
1082.52788914932
1082.52863405929
1082.5289967268
1082.53221391363
1082.53256762522
1082.53403589254
1082.53511178015
1082.53658039429
1082.53693641787
1082.53781065112
1082.53836839315
1082.54119040095
1082.54149551043
1082.54308512906
1082.54595536692
1082.54646680191
1082.5534882758
1082.55512997405
1082.55617422694
1082.55697687926
1082.55832715823
1082.55921072965
1082.55967560825
1082.56252606742
1082.56290516578
1082.5651952756
1082.56542187202
1082.56579008473
1082.56638771629
1082.56713428788
1082.56739049527
1082.57064116567
1082.57151835945
1082.57484040802
1082.57586884905
1082.57612337473
1082.57892908566
1082.57961280417
1082.58139431669
1082.58295174833
1082.58322497085
1082.58524127499
1082.58668601055
1082.58824839409
1082.58886211133
1082.5934722236
1082.59368275059
1082.59645367274
1082.59910120834
1082.59972180913
1082.60135430083
1082.60192257277
1082.60235153562
1082.60349743314
1082.60360214174
1082.60506502101
1082.60512579336
1082.60644282552
1082.61469542783
1082.61479233369
1082.61637149798
1082.61742092723
1082.61771624729
1082.6203185143
1082.62338625383
1082.62438575936
1082.62468643812
1082.62680814152
1082.6325910992
1082.63339601935
1082.6344252756
1082.63519951586
1082.63540691589
1082.63597316442
1082.63603455647
1082.63611284373
1082.6384943432
1082.63924340728
1082.6397671448
1082.64048167065
1082.64455047902
1082.64625411653
1082.64654247158
1082.65283264704
1082.65929424322
1082.66219946066
1082.66395502487
1082.66737165884
1082.66754994539
1082.67363936868
1082.67434418238
1082.67440073979
1082.67548484269
1082.67602342166
1082.67613413371
1082.6791576308
1082.68295750715
1082.68493131084
1082.68632665882
1082.68645126221
1082.68706103766
1082.68836917222
1082.68897114229
1082.6895230624
1082.69436643212
1082.69704906446
1082.69792462842
1082.69844900942
1082.70024603252
1082.70255923182
1082.70281753655
1082.70369556338
1082.70739594216
1082.70805790072
1082.70888577942
1082.70920332368
1082.71279293023
1082.71417918697
1082.71421480424
1082.71441889516
1082.71471357401
1082.716882856
1082.71921963266
1082.72127681666
1082.72209651034
1082.72324801097
1082.72446743649
1082.72595413976
1082.72775088363
1082.72959665754
1082.73714449923
1082.73829988555
1082.74060114798
1082.7408379938
1082.74486588603
1082.7466236314
1082.75537921699
1082.75708024325
1082.76119882886
1082.76230908114
1082.76505912843
1082.76764638962
1082.77021657387
1082.77678519235
1082.7784009145
1082.77889963639
1082.78229073453
1082.78496032074
1082.78679018583
1082.7976886037
1082.79953481473
1082.80049354798
1082.80373689208
1082.80414521263
1082.80908273149
1082.81131588709
1082.81656091667
1082.83565402302
1082.83882720623
1082.84393368031
1082.84485896173
1082.85286766885
1082.85581711749
1082.8572602782
1082.87020883966
1082.8716167998
1082.87774616623
1082.87780849693
1082.87858222487
1082.87861240069
1082.88237948124
1082.88590350718
1082.88995156021
1082.89252971528
1082.89303025529
1082.90311902483
1082.90322584412
1082.90702699762
1082.92041437195
1082.92323170544
1082.92930789735
1082.93087330765
1082.93432420535
1082.94373166533
1082.94634241625
1082.94884596301
1082.95507844502
1082.96393475393
1082.97181029838
1082.97571634762
1082.97740642686
1082.98399588
1082.98618132264
1082.98924879734
1082.99025458883
1082.99147400042
1082.99441680301
1083.00038929756
1083.00790845125
1083.00969657229
1083.02865375395
1083.0426281434
1083.04819350186
1083.05824207523
1083.06577832756
1083.08934218509
1083.09352236854
1083.09610456702
1083.09791724751
1083.10799844473
1083.10816290529
1083.10937714511
1083.12037571215
1083.12115887621
1083.13346961991
1083.15159220586
1083.16156070306
1083.19683297734
1083.19790981978
1083.20821757867
1083.23152726141
1083.24091661423
1083.24321318297
1083.25216994098
1083.2709633597
1083.27705436764
1083.28251772108
1083.29672195888
1083.31848499243
1083.33010799481
1083.33242126127
1083.35020231594
1083.37751376383
1083.41701915066
1083.42316743347
1083.42482408722
1083.4457745992
1083.4555344552
1083.47980377055
1083.52573378159
1082.57442568491
1082.68913612869
1082.61518298449
1082.4162913352
1082.93869284352
1082.60371665898
1083.44248012208
1083.13591882187
1082.75231694551
1082.51248091819
1082.37176128389
1082.31822619832
1082.59273289843
1083.07051936511
1082.98759750589
1082.56061239171
1082.31101291367
1082.3654322817
1082.51275702432
1083.4531886668
1082.93237706682
1083.13108573142
1082.53362053542
1082.29200851538
1082.37457596084
1082.54991841338
1082.8033528494
1083.05210342797
1082.38979484491
1082.42064476726
1082.31063633285
1082.8346661505
1082.58650639694
1082.89223889355
1082.33914822652
1082.52313731598
1082.38129907517
1082.90259683594
1082.52651678931
1082.42217416184
1082.3078441284
1083.78384065262
1082.30124487171
1083.0125557758
1082.75770107
1082.46101010082
1082.48447025049
1082.28685907207
1082.62298609045
1082.79929729926
1082.34506504473
1082.38413925393
1082.67045805981
1082.36812339813
1082.63068206744
1083.28086668326
1082.36332425271
1082.48763481758
1082.66820303741
1082.74975847875
1082.38076479385
1082.72014450574
1082.42385037039
1082.31148770499
1082.57980541352
1082.79321814189
1082.32045274889
1082.40487216748
1082.42519997697
1082.38222282642
1082.92997420929
1082.60528958798
1082.8481355831
1082.60332040639
1082.57875473284
1082.6842900316
1082.36637304833
1082.87020249688
1082.55278540343
1082.80113884796
1082.74727333743
1082.46525167803
1082.47143502437
1082.39813767795
1082.29401191507
1083.13245229682
1082.56746751425
1082.55829116556
1082.64242564987
1082.74378222427
1082.42385058543
1082.48523699082
1082.75512434247
1082.57550458058
1083.82375163132
1082.37399955118
1082.41164643033
1082.47867373894
1082.43678884093
1082.62538742921
1082.99953842996
1082.67528702152
1082.5759585266
1082.52770516648
1082.70121728592
1082.483398233
1082.32843768695
1082.73817983425
1082.6268573562
1082.47482572359
1082.72332407373
1083.52333768102
1082.67043968466
1083.06766502411
1082.29650678324
1082.36610335728
1082.61372636505
1082.42586562216
1082.46400127321
1082.86862558818
1082.43380402278
1082.66002975826
1082.32956849899
1083.11270519692
1083.05657777952
1083.22386517418
1082.84616205448
1082.91831915135
1082.39823984593
1083.37209311369
1082.30674958621
1082.73390339558
1082.62056486066
1083.06924831987
1082.48626441819
1082.41447797251
1082.97703101187
1082.37865229651
1083.10436457753
1082.92273185654
1082.8613239408
1082.50575712803
1082.76940591696
1082.38158138144
1082.76606665637
1082.49160981319
1082.54840997228
1082.6114975991
1082.64268906943
1082.37007826284
1082.54294314221
1082.81070190058
1082.30669893707
1082.96102430855
1083.40642287398
1082.81744072182
1082.43909658061
1082.36754712802
1082.79720188148
1083.04612974162
1082.58950995607
1082.33730669431
1082.33048184117
1083.0041096126
1083.18930946478
1082.61095455256
1082.53327888994
1082.40723055684
1082.5407418406
1082.6550489393
1083.08010414014
1082.47616812141
1082.69942417594
1082.78717796358
1082.61534703804
1082.99406279957
1083.40869459504
1083.11722877738
1082.55233661956
1083.23147378834
1083.52583857252
1083.11314273169
1082.47184004268
1082.65950549536
1082.53198521785
1082.42158979841
1082.3711591172
1082.43385713381
1082.4928130137
1082.47770208559
1082.40291618932
1082.3213964605
1083.80321753713
1082.50866265168
1082.8537076148
1082.69248359221
1082.53134514775
1082.39162666751
1082.82828749123
1082.53901527255
1082.3909919214
1082.53643744474
1082.86542253823
1083.05721143848
1082.5838944109
1082.36426507482
1082.64684120991
1082.33185235252
1082.30979013401
1082.43659900671
1082.30154044664
1083.19717979974
1082.80007273679
1082.9057767427
1082.89010509424
1082.75597119688
1082.34036788434
1083.00131667892
1082.33126734119
1082.29469330369
1082.31204233084
1082.75230240283
1082.68430123657
1082.51424948242
1082.44074675163
1083.05826359998
1082.54368278982
1082.6601562509
1082.39108294805
1082.67033873939
1082.446902402
1082.47887318335
1083.01422126153
1082.8488525166
1082.4580954182
1083.08147383483
1082.54248595491
1082.31365495266
1082.81747321258
1082.41844167496
1083.06845008876
1083.50164671345
1082.52927099897
1082.69648695935
1082.37851898222
1083.03305059629
1082.43816297799
1082.30732727036
1082.40780171166
1082.46863578956
1082.45270359635
1082.60118385824
1082.31379925444
1082.32318736225
1082.47615869896
1082.34854108976
1082.47571134953
1082.54613509182
1082.31997309613
1082.60737154092
1083.00413205776
1082.72101040777
1082.29240332112
1082.42420227313
1082.74860825976
1082.41172060679
1083.00266841376
1082.74239246617
1082.41486633605
1083.13619686156
1082.71239797963
1082.3741246879
1083.00426498295
1082.66620862415
1082.36702487276
1082.54199253336
1082.81021268637
1082.81964462654
1083.09272371544
1082.58825174899
1082.34248935062
1082.34752986481
1082.33945257072
1082.78979114996
1083.11071057154
1082.96640815142
1082.49584282569
1082.89900209967
1082.28858409608
1082.38157551828
1082.34256333676
1082.45184188236
1082.37476089365
1082.5310156922
1082.3013238956
1082.62427728024
1082.60891139529
1083.07614820423
1082.45902756685
1082.54191292291
1083.35072939753
1082.53944261028
1082.61791050441
1082.35586511703
1082.30504932052
1082.90979154026
1082.3261612429
1082.34795564701
1082.73251022028
1082.37767009781
1082.47080381043
1082.38650979509
1082.48076071372
1083.17247549927
1083.34036046314
1082.47090579813
1082.36119632267
1082.32556394118
1082.53140687513
1083.42540484515
1082.39062947232
1082.86550506107
1082.52215786105
1082.676974583
1082.48823508575
1082.50341469103
1082.52541413178
1082.63250714584
1082.60859762917
1082.52748495311
1082.34651748953
1082.34699942679
1083.31552682887
1082.3031666089
1082.57794603559
1082.36994523056
1082.51136537478
1082.46784863114
1082.52270059308
1082.84679580828
1082.32256109619
1082.47520926492
1082.39108410684
1082.83248947871
1082.53475723945
1082.43964552919
1083.15005656132
1082.81286181713
1082.63002739384
1082.765740486
1082.51313252054
1082.54104677357
1082.66698445047
1082.28780489963
1082.75726675355
1082.54087204366
1082.55936466951
1082.601899826
1082.39508925338
1082.94500020751
1082.4040708866
1082.51663509829
1082.73800248521
1082.41869949847
1082.95238000569
1082.75803242538
1082.53961019564
1082.9161528952
1082.39240309524
1082.49302668487
1082.37236439962
1082.41908391367
1083.12294313735
1082.90451415358
1082.49904073194
1082.64003860336
1082.5727973359
1082.6322231193
1082.97866964014
1082.39213604973
1082.73613266129
1082.59081362767
1082.49317972185
1082.42232228079
1082.42775987142
1082.33604497742
1082.33671440708
1082.61390611939
1083.20291013166
1082.40162526799
1082.56891082351
1082.8542801705
1082.97377736433
1083.00883543147
1082.76178374494
1083.5865129517
1082.34240212441
1082.59602379279
1083.57072982361
1082.66398945964
1082.33215027271
1082.39541395101
1082.49131821277
1082.36381711847
1082.46325401401
1082.81975207211
1082.94422333651
1082.5161848522
1082.661410366
1082.60498389818
1083.01697814902
1082.58912424255
1083.13054709851
1082.95694877565
1082.56820327533
1083.34419891434
1083.7849982636
1082.78508449031
1083.4504736206
1082.99980002419
1082.40718481177
1082.65028997567
1083.1092104136
1082.42566596706
1083.05661552888
1082.40326781901
1082.86340147993
1082.45276878082
1082.40497081169
1082.34433747861
1082.43365060228
1082.50493919263
1082.50689886706
1082.62897055417
1082.7546434472
1083.29667631462
1082.29135624449
1082.31272026731
1082.31015523173
1082.63417214664
1082.34274709982
1082.62777485344
1082.88664629892
1082.46763543753
1082.59794859114
1083.04567426551
1082.75072776971
1082.37595672642
1083.60660940271
1082.66924832643
1082.52659045061
1082.91876263673
1082.31384413659
1082.36185604815
1082.43768367863
1082.49471313893
1082.40566041843
1082.4467579872
1082.62437444349
1082.39340430864
1082.95263068726
1082.45756813863
1082.29828447378
1082.94221977052
1083.38563506836
1082.40729672368
1083.86992272915
1082.32040080827
1082.32138257599
1082.29218687248
1082.69733832822
1083.51190020204
1082.39235285386
1082.61960225845
1082.62732325664
1082.52948039371
1082.56350097911
1082.49037994688
1082.75422923369
1082.54423062654
1082.40502827196
1082.41992538541
1082.44943904664
1082.76580960777
1082.31244626973
1083.06490359736
1082.54017468246
1082.87592839496
1082.40517490042
1082.34017644115
1082.3840847574
1082.34628404776
1083.20538214427
1082.95057538105
1082.32845607974
1083.16124599983
1082.52214401277
1082.59337803834
1082.49577670327
1082.30280875909
