1067.05682748989
1066.92801030828
1064.87604528632
1064.72550843327
1064.54690982058
1064.5376362146
1064.50898475827
1064.29711294788
1064.26263954622
1064.22465485952
1064.14744301179
1064.1201130605
1064.06769551616
1063.90738883907
1063.81417780362
1063.80895902527
1063.8021698228
1063.78905164584
1063.68855673207
1063.65103367115
1063.59710104926
1063.47304997501
1063.34363483522
1063.31106593744
1063.19104340086
1063.05199573656
1063.04748529706
1063.04302136214
1062.95774069111
1062.91230295278
1062.71526689411
1062.70666709792
1062.61887313768
1062.60631739076
1062.59896875391
1062.59839691397
1062.58942415398
1062.52593946783
1062.51847242056
1062.51243254425
1062.50422850477
1062.49394906171
1062.40838977352
1062.36265583553
1062.34435959803
1062.24775018195
1062.24773195242
1062.19890888895
1062.17378898986
1062.13037228369
1062.10852759088
1062.10013496422
1062.06865677572
1062.05282279424
1062.04606578966
1062.03035713704
1062.02471605549
1062.02272892126
1062.02023442683
1062.01964295415
1062.00887875567
1061.98412063836
1061.94692675565
1061.93625145429
1061.93165402976
1061.86419232809
1061.86273252307
1061.80325897827
1061.79049066625
1061.78548486407
1061.76968051743
1061.73712654936
1061.72040579767
1061.71329794653
1061.70608042066
1061.70189563193
1061.69485937149
1061.67109689274
1061.64588665236
1061.6280123952
1061.62439086785
1061.52058842192
1061.51068143976
1061.5094469357
1061.47902996981
1061.47051605909
1061.46732842484
1061.43995838241
1061.41305942904
1061.39611616614
1061.39458491521
1061.38770537572
1061.38221931393
1061.37814824357
1061.35925464622
1061.33042693532
1061.31899992987
1061.31231026402
1061.28028982892
1061.27848561545
1061.27718210418
1061.25989850595
1061.25579668143
1061.24075775703
1061.2391765228
1061.22079243738
1061.21772241821
1061.20407822741
1061.16803746671
1061.16452552847
1061.15161318145
1061.13322965969
1061.06747360857
1061.06226778017
1061.05681277959
1061.04699047706
1061.03761408718
1061.03428449826
1061.01235448787
1061.00097439308
1060.9994453599
1060.99767135813
1060.97082313052
1060.966377843
1060.96490820969
1060.95085317113
1060.93153145742
1060.91908026418
1060.91697771703
1060.9012386069
1060.88312836845
1060.87841258804
1060.86866220971
1060.86516957597
1060.84655120424
1060.83743517055
1060.83116031466
1060.82703954491
1060.82246988062
1060.81315595097
1060.81265804466
1060.81226507188
1060.81052161684
1060.80486730476
1060.80230558712
1060.78849724524
1060.77517860181
1060.77509397112
1060.77286842594
1060.75409457032
1060.74086390615
1060.74019984578
1060.73312844501
1060.72600814079
1060.7121696722
1060.71140627771
1060.70951540245
1060.70206036405
1060.69074655592
1060.68873428478
1060.68709563567
1060.68308974264
1060.66872899681
1060.6641036224
1060.65860639553
1060.65661155402
1060.65013150489
1060.64514954575
1060.63417537769
1060.62536344802
1060.5916566384
1060.5834839259
1060.58326026577
1060.56729223249
1060.56459489082
1060.56015246442
1060.56005434509
1060.54838131756
1060.5372481766
1060.53230160041
1060.53013986648
1060.52864437056
1060.52603238238
1060.51517117837
1060.47933427991
1060.47931641203
1060.45259663493
1060.44936911275
1060.44163260361
1060.431799174
1060.42634059651
1060.40278896507
1060.4023496735
1060.39825762117
1060.3967442051
1060.38644519762
1060.38583197524
1060.38576297141
1060.38066847221
1060.36622724242
1060.36052893296
1060.3589832431
1060.3579439251
1060.35705349901
1060.35390033719
1060.35243765995
1060.34859772181
1060.34092525451
1060.33483978307
1060.30074897058
1060.29824626263
1060.29529505767
1060.2950444444
1060.26175779445
1060.25946903532
1060.25676234482
1060.25062763357
1060.22970581681
1060.22970187421
1060.22652023018
1060.22529171918
1060.21219626249
1060.20364474235
1060.20114634192
1060.19739177179
1060.19219285301
1060.18374437918
1060.16433401805
1060.14813988103
1060.14404110966
1060.14177434602
1060.14169321278
1060.13969723923
1060.12560568838
1060.12515674551
1060.11643880469
1060.11585537305
1060.10315003781
1060.0949578374
1060.08884973793
1060.08664694786
1060.0760731056
1060.06723476169
1060.0646162222
1060.06030172717
1060.05897064343
1060.04718794736
1060.04712319052
1060.04670113998
1060.04595010985
1060.04073508995
1060.03537289957
1060.03252691948
1060.02930156427
1060.0267819789
1060.02593366265
1060.01477276946
1059.98957936624
1059.97880048582
1059.97567790195
1059.96776107499
1059.95851299537
1059.95120834746
1059.94964475272
1059.94350342113
1059.94101849217
1059.94100062464
1059.93757171026
1059.92481154906
1059.92286465607
1059.89226137883
1059.88677762607
1059.88284238313
1059.88063018929
1059.87102305562
1059.86878967329
1059.86676465059
1059.85673808068
1059.84945639192
1059.84575168763
1059.84168978231
1059.84013819485
1059.8351254465
1059.83310685229
1059.82979798823
1059.82485889988
1059.81914367214
1059.81387788435
1059.8133920075
1059.81142493767
1059.81031575551
1059.80240682904
1059.79580703416
1059.79550153932
1059.7908913168
1059.79087949179
1059.77934749529
1059.77854986613
1059.76966559496
1059.76754932235
1059.76550947409
1059.76062160543
1059.76055620654
1059.76014437015
1059.75331339378
1059.74959828498
1059.74703499694
1059.74425330319
1059.73896988844
1059.73527258965
1059.7338791275
1059.73308330128
1059.73166217993
1059.73141826487
1059.73016833447
1059.72938923568
1059.72721569503
1059.72080662316
1059.71891168981
1059.70477546764
1059.70260126334
1059.69267343889
1059.69213148695
1059.67776255835
1059.67626249787
1059.67614296327
1059.67093162379
1059.67038587882
1059.66999167216
1059.66611665405
1059.66144511402
1059.66117235552
1059.64993290524
1059.64990642151
1059.64942944264
1059.63401773619
1059.63255950363
1059.6323097719
1059.63143068741
1059.62445080844
1059.60960668607
1059.60798250686
1059.60280862448
1059.60056809382
1059.58733014091
1059.57513539181
1059.57121853548
1059.56160702772
1059.55881529466
1059.5575377184
1059.55676803452
1059.5547443963
1059.54657461403
1059.53184632325
1059.52572683692
1059.52517242067
1059.52378276911
1059.51959372208
1059.51217096104
1059.49659510707
1059.49259434163
1059.49103929177
1059.48153231414
1059.48015411287
1059.47654719936
1059.474943431
1059.47417643537
1059.47407171964
1059.46429983574
1059.4630344879
1059.46181546595
1059.46013906344
1059.45518134643
1059.45263596987
1059.4510375994
1059.44955509001
1059.43885488231
1059.43759463069
1059.43445966282
1059.4274106814
1059.42556655118
1059.42537523806
1059.42443038901
1059.41510614788
1059.41400009567
1059.41135633589
1059.40478759305
1059.39490786456
1059.39158362772
1059.38863572194
1059.38779443311
1059.38204240626
1059.38054077507
1059.37944371037
1059.37729729103
1059.37711819006
1059.37581241556
1059.37226196827
1059.35907095097
1059.35747418464
1059.34776457927
1059.34657910388
1059.34620521738
1059.34359312846
1059.34259631283
1059.33845480099
1059.33545774318
1059.33444267268
1059.33192107597
1059.3318321133
1059.32808495993
1059.32792780264
1059.32673113229
1059.3209951793
1059.31724011691
1059.3164991817
1059.31513861175
1059.31461653433
1059.31428724973
1059.30949633386
1059.30837676418
1059.30808693306
1059.30644319327
1059.30438875717
1059.30382977861
1059.30074189684
1059.29969715606
1059.29723584015
1059.29607812761
1059.29481838979
1059.29477017643
1059.29251533112
1059.29248567297
1059.288831193
1059.28837841187
1059.28724992172
1059.28585979277
1059.28439871174
1059.28332101664
1059.2807727461
1059.27892315817
1059.27831541185
1059.26830246035
1059.26253429473
1059.26130002047
1059.25734446856
1059.25329574188
1059.2511460991
1059.24135091894
1059.2357040646
1059.23225143442
1059.22219585291
1059.22053429747
1059.2143800087
1059.20652367015
1059.20316367576
1059.19735238139
1059.18769041462
1059.18529017227
1059.18461275937
1059.17800236096
1059.17203713759
1059.17185021277
1059.17171834753
1059.17010453008
1059.16898633776
1059.16406761782
1059.16033449671
1059.14897542203
1059.1467446541
1059.14558914616
1059.14507785418
1059.14294647348
1059.14289957283
1059.13717714365
1059.13442056424
1059.12667026012
1059.12646948297
1059.12166524713
1059.11834099722
1059.11553588372
1059.11548475883
1059.11302796184
1059.10739436282
1059.10715460067
1059.10212703474
1059.10146794356
1059.10132729541
1059.10088424095
1059.09901834156
1059.09500259463
1059.09132061062
1059.08712232855
1059.08131444926
1059.072294607
1059.06960219184
1059.06780879864
1059.06490886204
1060.82191586273
1059.36753796521
1059.66950596746
1059.4867753068
1059.24568824794
1059.30788504964
1059.29598944281
1059.49586581143
1059.58560580429
1059.96452269644
1059.26246613518
1059.5334076529
1059.50559278457
1060.09361545505
1063.30323897967
1061.47672853685
1060.43246482912
1059.69365675696
1061.08703440886
1059.11460473762
1059.80854582096
1060.57155129897
1059.98911579777
1059.32351351504
1059.56658335681
1060.36713129602
1060.40067542007
1059.64133047939
1059.6996656133
1059.42696913278
1059.90174549234
1061.81700421239
1059.38420073255
1059.23558324075
1059.24425754835
1061.23880807899
1059.22643771873
1059.34403193515
1061.42776847439
1062.36965041286
1060.69763824198
1059.43949438218
1060.44694592686
1063.05093455254
1059.06754736678
1060.57645314072
1059.17080794402
1060.18237175453
1061.68986167504
1060.2681234336
1060.25006456619
1059.68118500123
1060.09781564169
1061.40887390042
1062.39920140433
1059.41907512157
1060.3255026542
1059.41116045287
1060.83201573816
1060.45829822252
1059.5493857139
1059.34015089041
1059.73703707086
1060.37734069672
1059.50628352674
1059.22424816557
1059.55617126051
1059.50945546865
1059.7600574671
1060.93434604176
1060.56148133758
1061.98051206451
1060.10546303344
1059.18856872079
1059.69840524715
1062.50251859329
1061.90562087479
1059.72487928054
1059.64780121695
1060.50838404311
1062.47916280023
1062.19320388414
1060.42978656228
1059.92095359538
1059.49378114901
1059.65690056198
1059.62325390002
1059.30230291035
1059.16438527514
1059.65858273346
1061.24318583077
1059.97767253583
1059.60599864174
1060.55456836887
1059.20440104758
1059.60161878894
1063.07799398963
1061.12778443846
1062.20457863292
1062.39268351774
1061.21153481671
1059.46322806545
1067.54816915817
1059.41665658672
1060.55806631171
1059.13880127124
1061.63251614054
1059.81324761237
1059.23573508452
1065.61302728062
1061.54009508244
1061.41329734563
1060.62216415424
1059.88540732677
1059.11559491617
1060.57907286365
1059.19863766252
1062.42677104174
1060.10314442636
1059.29199365803
1059.70767931428
1059.87438160308
1060.71120813138
1059.70502830161
1059.38239967861
1060.13085375786
1060.6544946018
1062.43730323558
1061.78358471872
1059.14241740447
1059.46494424534
1062.80293607868
1059.73272526307
1059.37469757837
1059.95645212408
1059.74031006532
1059.11934716781
1061.4624567975
1061.10203382811
1060.09207165734
1060.10112940604
1060.43777677873
1059.97410312013
1061.72944996521
1062.62792979524
1059.62405512363
1061.22388896608
1063.07866523237
1059.63704242888
1059.52625250186
1060.38899387103
1059.75497379121
1059.16715786903
1059.20490382329
1061.48479902505
1059.224844281
1062.40387365344
1061.61830236452
1059.92212538198
1061.05227475514
1060.5197032387
1059.41875811819
1060.41238020774
1059.75088089279
1061.07372177553
1061.76133558833
1062.26690417876
1059.13438228655
1059.07408538877
1059.88032752411
1060.45813929624
1059.23054639534
1059.43626936648
1059.56184422883
1060.44979830679
1061.13777872953
1059.53842250635
1059.79253292802
1065.91737950606
1059.10624737555
1061.0448055342
1060.44401683284
1059.97245074366
1060.1675578549
1059.0663775088
1059.39862616884
1059.07361684771
1064.68820232022
1059.74824955915
1059.2185454424
1059.73548283473
1059.18227597488
1059.47106286967
1059.45352690664
1060.28494285541
1059.37466895881
1062.08333091024
1063.83484942998
1059.2280877649
1059.16017126335
1059.6214418803
1060.12271170381
1060.58807000899
1060.26536957648
1059.48282927354
1060.22521445716
1062.52058943928
1060.06434486644
1063.35240830576
1063.35153297637
1061.44947268838
1060.07463357282
1059.78312099772
1062.19691919355
1059.09710145339
1059.5735104933
1059.45032325482
1062.71686098339
1059.27489584966
1062.41172155953
1060.49070735205
1063.2387654583
1060.29084875552
1059.19843686418
1059.1685812717
1060.39900965628
1060.74523494445
1061.39979501792
1059.76629742613
1061.51120384783
1059.07045530093
1061.43826894579
1059.62051018803
1060.31451116744
1061.23269070368
1060.9493733862
1060.6131092606
1060.19953582755
1060.19630912431
1059.51835278584
1059.36403163593
1059.08802248682
1061.76981711862
1060.86341584946
1060.99642520985
1059.57224231546
1060.49891401801
1060.61574604817
1064.49948048068
1059.60592536592
1061.73474794478
1059.34559133603
1060.85896565044
1061.73592733247
1060.43322839321
1062.10919036687
1061.12523268398
1060.33549889781
1059.35683761776
1061.36100850312
1059.18026771757
1061.39197716338
1065.27765705536
1060.03591860358
1063.96929930091
1060.79708296579
1062.16728745789
1059.09110756751
1059.54789266368
1064.70138047721
1059.53370826635
1060.30207874966
1059.74873270779
1059.35593134012
1060.79298222857
1059.16389981684
1059.33768280563
1059.49275114904
1061.56574710077
1059.72004682491
1062.16809448791
1060.11394603627
1061.14072881861
1059.45471859962
1059.44455373342
1060.68545088359
1059.87600189165
1059.14961735776
1060.66509406522
1059.70042224381
1061.83901170571
1059.55981167032
1061.62548529042
1060.15875979433
1059.09103644125
1059.12834917113
1059.66818744896
1062.28961995104
1059.69394325894
1059.2709914844
1061.00573193228
1059.78237687868
1059.83949014308
1061.1913123982
1063.3787468148
1061.51120307291
1061.52766888936
1059.77367960022
1059.51347801695
1059.43007931607
1059.73110021963
1062.00012186277
1059.35790190314
1059.98778655238
1059.9204844978
1059.90233681541
1061.19637827936
1060.81417096307
1061.05533524038
1060.61709057664
1060.4461402886
1061.94834394543
1061.69652276471
1060.01087774391
1059.99442462731
1060.73952412529
1061.02415707192
1061.32251892558
1060.67603730672
1059.81433838393
1063.31727697222
1059.39619642629
1059.23316752757
1059.9150175795
1061.17825441012
1059.11860864342
1064.5190440601
1062.26241655983
1060.20597489283
1062.57820826645
1063.68804290632
1060.77412015358
1059.86492910856
1059.28632313988
1060.0195491833
1061.97662815683
1059.22884785453
1061.448652092
1060.30545652254
1059.39428768565
1059.7516219407
1059.22712901188
1061.04005766993
1060.31860296233
1059.79490928037
1059.88007295201
1059.6870066599
1062.97077958665
1060.09126651748
1060.9969729988
1059.28944132632
1060.47139532552
1059.64725597706
1059.78778041495
1061.74605222117
1063.08924642731
1059.22432522185
1059.12095707392
1061.30932662171
1061.8382689826
1059.51026744341
1061.63430560224
1059.8954519719
1063.79191152419
1061.55196561523
1059.72953059152
1062.44966226318
1059.88922293613
1062.60529709802
1061.10830956786
1060.23716953379
1060.70662886879
1060.31842611968
1061.348680109
1060.38969135068
1061.29546451432
1061.22173304272
1059.67576844248
1059.3271859928
1059.68287690513
1061.29199599104
1059.10721096657
1060.31433778686
1062.18920212021
1061.59794098058
1061.36483586294
1061.09304568289
1060.15331687674
1060.64492831353
1059.52478801242
1060.26293199035
1062.92405737489
1059.80363011418
1059.68755312748
1060.66624976534
1059.234805495
1060.21158364863
1059.28584912335
1061.08418855527
1060.62643299051
1068.23420346228
1059.34441222696
1060.95539417011
1059.13417925553
1059.16698408938
1061.45822491125
1059.07106102362
1059.16014537795
1059.55171084674
1059.99240326885
1060.9421911045
1060.52843742323
1060.09849799632
1063.39768303738
1062.88320744734
1063.64724669711
1060.22444380944
1059.53249479213
1060.81131617972
1059.37589460022
1060.8603419241
1061.88756286094
1059.17207822931
1060.32251167579
1060.91932193909
1059.51903096437
1059.82595475884
1062.85327628204
1060.96805725913
1060.32332350735
1059.95961546247
1059.76803800167
1061.96503303321
1059.85052336202
1060.20126776787
1060.09309960502
1059.58920704156
1059.66241743249
1061.1868385504
1059.62174354122
1062.40977889858
1059.84497044255
1060.44485383441
1059.88126566915
1059.60220775006
1060.96256757766
1059.38822033387
1059.51887444736
1060.84920753067
1060.96573671252
1059.40751264931
1059.21450418864
1064.32129112012
1059.14464422405
1059.9183725734
1060.16534409868
1062.2803952688
1059.83051648315
1059.55000120041
1060.19464226626
1062.7660704059
1062.89367652806
1060.19966018598
1062.21145380874
1059.25793614637
1059.14344533782
1063.30569132675
1063.13363069393
1059.63954912043
1059.64422583577
1060.77841374285
1059.10356413478
1060.61107563097
1062.83775665633
1064.33204405325
1059.70812676133
1060.04945050235
1059.15184226478
1059.21773166337
1060.55390709697
1060.02103896955
1061.10819544164
1060.14327194765
1060.89195167907
1060.45041364472
1062.29124592495
1059.44868126691
1062.09627365687
1060.87617017533
1061.35646235518
1059.49382451316
1059.83203080877
