1082.7784009145
1082.77889963639
1082.77970832118
1082.78005309323
1082.7805677959
1082.78158238879
1082.78229073453
1082.78263317703
1082.78291617975
1082.78466182917
1082.78496032074
1082.78508449031
1082.78672066838
1082.78679018583
1082.78717796358
1082.78782924755
1082.7893457146
1082.78979114996
1082.79321814189
1082.79609044037
1082.79720188148
1082.7976886037
1082.799060697
1082.79907735409
1082.79929729926
1082.79953481473
1082.80007273679
1082.80049354798
1082.80113884796
1082.8033528494
1082.80373689208
1082.80414521263
1082.80479361881
1082.80565097476
1082.80630246856
1082.8070082635
1082.80908273149
1082.81018089264
1082.81021268637
1082.81070190058
1082.81127265519
1082.81131588709
1082.81219442087
1082.81286181713
1082.81360488496
1082.81377330642
1082.81487182349
1082.81547373677
1082.81569714588
1082.81656091667
1082.81744072182
1082.81747321258
1082.81785086262
1082.81855609308
1082.81964462654
1082.81975207211
1082.82082506511
1082.82112486828
1082.82153660751
1082.82405645006
1082.8240970399
1082.82561805063
1082.82719361697
1082.82828749123
1082.8284472977
1082.83148189985
1082.83248947871
1082.83328039584
1082.8346661505
1082.83535991806
1082.83565402302
1082.8360072715
1082.83631657003
1082.83656157351
1082.83830777759
1082.83840530345
1082.83882720623
1082.83906965629
1082.83936337718
1082.84030869497
1082.84150762363
1082.84393368031
1082.84485896173
1082.84557092822
1082.84563295302
1082.84616205448
1082.84679580828
1082.84695624327
1082.84742932273
1082.8481355831
1082.84826829204
1082.8488525166
1082.8502990498
1082.85119079517
1082.85165986965
1082.85286766885
1082.8537076148
1082.8542801705
1082.85428938403
1082.85565939776
1082.85581711749
1082.85596399853
1082.85634281838
1082.8570230645
1082.8572602782
1082.85980104825
1082.86020502121
1082.86039728645
1082.8606887155
1082.8613239408
1082.86195920414
1082.86340147993
1082.86542253823
1082.86550506107
1082.86569286647
1082.86634965251
1082.86639456325
1082.86677742896
1082.86827902927
1082.86847840421
1082.86862558818
1082.87012291227
1082.87020249688
1082.87020883966
1082.8716167998
1082.8731613492
1082.87578588259
1082.87592839496
1082.87622197703
1082.87654296598
1082.87676545528
1082.87774616623
1082.87780849693
1082.87858222487
1082.87861240069
1082.87977851231
1082.88002077068
1082.88237948124
1082.88255342353
1082.88428142075
1082.88590350718
1082.88648262808
1082.88664629892
1082.88854970413
1082.88885127314
1082.88995156021
1082.89010509424
1082.89014031837
1082.89223889355
1082.89252971528
1082.89303025529
1082.89450943738
1082.89544910552
1082.89900209967
1082.90042360537
1082.90226913931
1082.90259683594
1082.90311902483
1082.90322584412
1082.90451415358
1082.90490875669
1082.9057767427
1082.90702699762
1082.908337569
1082.90979154026
1082.91334152843
1082.9161528952
1082.91720193035
1082.91831915135
1082.91871732142
1082.91876263673
1082.9194312547
1082.91959503489
1082.92004291422
1082.92041437195
1082.92273185654
1082.92323170544
1082.9272763317
1082.92930789735
1082.92997420929
1082.93040554836
1082.93055289962
1082.93087330765
1082.93202855035
1082.93237706682
1082.93304881091
1082.93432420535
1082.93468932079
1082.93869284352
1082.94152822302
1082.94180691882
1082.94221977052
1082.94252151502
1082.94270057066
1082.94373166533
1082.94422333651
1082.94500020751
1082.94634241625
1082.94884596301
1082.94980156962
1082.95057538105
1082.95102982593
1082.95176649545
1082.95199158446
1082.95238000569
1082.95263068726
1082.95507844502
1082.95601245038
1082.9561291131
1082.95674501837
1082.95694877565
1082.95756863694
1082.95913421907
1082.96102430855
1082.9623964684
1082.96282863521
1082.96305619139
1082.9633356484
1082.96393475393
1082.96640815142
1082.97028272041
1082.97057445589
1082.97181029838
1082.97280908619
1082.97377736433
1082.97571634762
1082.97648633054
1082.97673699803
1082.97703101187
1082.97740642686
1082.97834619312
1082.97866964014
1082.97980963359
1082.98003813508
1082.98399588
1082.98441040978
1082.98513325245
1082.98575791408
1082.98581918548
1082.98618132264
1082.98759750589
1082.98861645187
1082.98924879734
1082.99025458883
1082.99147400042
1082.99406279957
1082.99441680301
1082.99775855791
1082.99953842996
1082.99980002419
1083.00038929756
1083.00131667892
1083.00266841376
1083.00296590373
1083.00327271605
1083.00342699447
1083.0041096126
1083.00413205776
1083.00426498295
1083.00737435976
1083.00790845125
1083.00883543147
1083.00913209385
1083.00969657229
1083.00978518224
1083.0125557758
1083.01422126153
1083.01697814902
1083.02278127181
1083.02865375395
1083.03305059629
1083.0333259876
1083.03455349314
1083.03668419083
1083.03692034978
1083.03966756687
1083.0426281434
1083.04457828272
1083.04487994519
1083.04493889715
1083.04567426551
1083.04612974162
1083.04819350186
1083.04855173845
1083.0491766246
1083.05210342797
1083.05301052971
1083.05657777952
1083.05661552888
1083.05721143848
1083.05803144126
1083.05824207523
1083.05826359998
1083.06256887801
1083.06490359736
1083.06536842267
1083.06552291835
1083.06577832756
1083.06766502411
1083.06845008876
1083.06879399858
1083.06924831987
1083.06933183484
1083.07051936511
1083.07206019311
1083.0729009283
1083.07527958333
1083.07614820423
1083.07626541525
1083.07759786996
1083.07898383867
1083.08010414014
1083.08147383483
1083.08208575652
1083.08864009791
1083.08934218509
1083.09272371544
1083.09352236854
1083.09610456702
1083.09782686641
1083.09791724751
1083.09851653869
1083.0985556411
1083.09957959196
1083.10143287669
1083.10296238804
1083.10436457753
1083.10799844473
1083.10816290529
1083.1092104136
1083.10937714511
1083.11071057154
1083.11270519692
1083.11314273169
1083.11502641336
1083.11707766579
1083.11722877738
1083.12037571215
1083.12115887621
1083.12257488722
1083.12269120834
1083.12294313735
1083.12586349815
1083.12827816875
1083.12863755577
1083.13054709851
1083.13108573142
1083.13245229682
1083.13346961991
1083.13525114312
1083.13591882187
1083.13619686156
1083.13620272472
1083.13625075878
1083.13756916148
1083.13757921475
1083.14192860129
1083.14210487195
1083.1465465627
1083.14752726434
1083.14847606644
1083.14906461926
1083.15005656132
1083.15048979535
1083.15159220586
1083.16124599983
1083.16156070306
1083.16985220107
1083.17133848188
1083.17247549927
1083.17378956423
1083.1739263414
1083.17614086319
1083.18930946478
1083.18959951405
1083.19001939695
1083.19683297734
1083.19717979974
1083.1973718409
1083.19790981978
1083.20155469522
1083.20193922544
1083.20253398131
1083.20291013166
1083.20538214427
1083.20821757867
1083.21143405961
1083.21333723323
1083.21352968717
1083.21444675358
1083.21462753208
1083.21850348477
1083.22386517418
1083.22412676184
1083.22706632879
1083.23147378834
1083.23152726141
1083.23364725396
1083.23516984794
1083.24091661423
1083.24258251868
1083.24321318297
1083.25175389874
1083.25208419713
1083.25216994098
1083.25424218692
1083.26662223879
1083.2709633597
1083.27634792071
1083.27705436764
1083.28086668326
1083.28251772108
1083.28666259528
1083.28787570646
1083.29537523078
1083.29667631462
1083.29672195888
1083.29768400507
1083.30331523714
1083.31440781599
1083.31552682887
1083.31848499243
1083.32947349752
1083.33010799481
1083.33140977391
1083.33242126127
1083.33653700262
1083.33781788739
1083.34036046314
1083.34419891434
1083.35020231594
1083.35072939753
1083.35974714909
1083.36407307311
1083.36980959792
1083.37209311369
1083.3766076657
1083.37751376383
1083.38563506836
1083.39018838542
1083.39338139533
1083.40642287398
1083.40714558989
1083.40781684932
1083.40869459504
1083.41701915066
1083.41976509629
1083.42316743347
1083.42482408722
1083.42540484515
1083.43150680379
1083.43293470015
1083.43524422587
1083.43902023541
1083.44248012208
1083.4431076493
1083.4457745992
1083.4504736206
1083.4531886668
1083.4555344552
1083.45814056548
1083.46260875586
1083.47534287551
1083.47980377055
1083.49279801612
1083.50164671345
1083.50334240804
1083.50531490767
1083.51190020204
1083.52333768102
1083.52498078852
1083.52573378159
1083.52583857252
1083.52644041703
1083.55730382353
1083.55799984341
1083.57066042731
1083.57072982361
1083.58310357019
1083.58526615355
1083.5865129517
1083.60660940271
1083.61468596254
1083.66367553514
1083.67185215749
1083.67897749519
1083.69793639507
1083.7247727575
1083.72971918196
1083.73301619545
1083.78384065262
1083.7849982636
1083.80321753713
1083.82375163132
1083.86992272915
1083.95670273627
1083.97488676374
1084.01311609412
1084.09666221555
1084.31904871856
1083.04810011343
1082.96451684659
1083.21614959028
1083.06887040208
1084.08286128349
1083.51312625243
1082.98959331812
1082.90616053482
1083.17693971128
1082.79341337889
1083.45596128951
1083.32994236563
1084.06250937323
1083.32337893622
1082.84700250457
1083.80927225706
1083.19415821479
1083.16915048058
1082.92450309419
1083.04741670326
1083.09302640878
1082.88740724211
1083.28643605732
1083.03304737501
1083.42569454998
1082.95624105121
1082.86847066806
1082.80631712566
1083.31870869372
1082.99721968154
1083.08818700806
1083.71582264375
1083.47027472899
1082.88094051701
1083.05792515232
1083.22575619162
1082.91684315282
1082.81587218415
1083.58958200391
1083.16326318251
1082.79628629613
1083.39386999285
1082.77683255895
1082.93849987673
1083.32394030807
1083.21933487482
1082.93222873553
1083.27984324524
1082.88036943855
1083.0951569602
1082.86280793734
1083.30511425433
1083.16712070185
1083.01290093019
1083.6432499659
1083.27563176155
1083.65144297531
1082.99384984214
1084.02173275098
1082.82544482947
1083.32524771782
1083.00711264998
1083.33709294897
1082.97326855441
1082.86055633654
1083.03319187223
1083.90445377567
1082.82506861742
1083.16356519301
1083.13968888077
1082.94019510905
1083.70971081957
1083.00720030872
1083.17467837037
1083.19775748509
1082.86454564061
1083.53562647161
1083.08495157401
1082.93313535832
1082.86847545152
1083.95859706798
1083.00914133672
1083.09205527872
1082.92717560153
1082.82706290468
1083.16729320553
1082.89551258923
1083.80169474835
1082.84513386196
1083.21451628117
1082.88611383061
1083.01561572141
1082.79054253809
1083.35545357792
1082.98963463368
1082.83043026029
1083.02808875113
1082.92675814249
1083.00002446191
1082.81253541548
1082.89417781185
1082.84254302453
1083.10403134607
1083.65415715425
1083.01608857578
1083.73671918366
1082.87169214376
1082.817550819
1083.1669392495
1083.18197509766
1083.23409449688
1083.34951536612
1082.82832983873
1082.81544473026
1082.79500908886
1082.80644728376
1083.24322652584
1082.84997861514
1083.31067637654
1083.03444073114
1082.89257500045
1082.961612766
1082.87980439614
1082.84198869744
1082.80500775991
1083.39339441128
1083.71886873103
1083.16162501516
1082.7995756518
1082.79461490709
1082.78294998054
1083.42249090744
1083.51612282929
1085.06995175921
1082.98224437151
1083.28492927214
1082.85416962522
1083.44925909166
1083.01551567581
1083.14619368103
1083.5869646457
1083.04622164109
1083.12180746422
1082.78839951755
1082.85296843113
1083.22848652291
1083.04693091861
1083.59483793635
1082.91603829439
1083.01070618961
1082.90505554457
1083.26361642698
1084.21786516885
1082.79350785429
1082.85765214232
1082.97231922024
1082.85867022969
1082.86655770387
1082.89166918406
1083.04516237492
1083.03062019679
1082.88103679304
1083.56652610046
1083.09360293932
1082.82602601079
1083.2122452861
1083.57586908568
1083.38603496375
1083.13236434492
1082.85500796212
1082.95751807
1083.34553418562
1082.96261247761
1082.87949041894
1083.07158889405
1082.87190143734
1082.92766417454
1083.20651421602
1082.87809902114
1083.10002307609
1082.87313237641
1083.44556637299
1082.78210294466
1083.05971041976
1083.36291250703
1083.43805300656
1082.83871576531
1083.18635698419
1083.06293064559
1082.92612644802
1082.81549818156
1082.91094840371
1083.03292791889
1082.7797049715
1082.81448669906
1083.72509149631
1082.9434652073
1082.83066247579
1082.97523870659
1082.97441445922
1082.99293756104
1082.87221518108
1082.9504141405
1083.07612087285
1082.96456687228
1082.84193005485
1083.59796467821
1082.78763268652
1082.89436931997
1082.7902962006
1082.95225958096
1082.94984001995
1083.02259510785
1083.09662197892
1082.80676209326
1082.81774311887
1082.85887926102
1083.0087593729
1083.08960375148
1083.23723263112
1083.21326200488
1082.81049662754
1083.01906998752
1083.54671219127
1082.83831704254
1083.01074909125
1083.27562704839
1083.36434187934
1083.5667019013
1083.07890020435
1082.78106691559
1083.09801971667
1082.90117351517
1082.91101266169
1083.14304962541
1083.00865375666
1082.95780257983
1083.70642360246
1083.04549787062
1083.23734191007
1083.29035674183
1082.84803401488
1082.78998090776
1082.80482261842
1083.33231956684
1083.47177780711
1082.83869087757
1083.07081815911
1083.1579419037
1082.78245076194
1082.8505425728
1082.97781851246
1083.14076482115
1083.02548384775
1083.14749212671
1083.00655927674
1082.99633170858
1082.92292862502
1082.94510364024
1082.96203951683
1083.02700458244
1083.20777019875
1083.21089030886
1082.78065237534
1082.81366351932
1082.97924148704
1083.24845626287
1082.9826851304
1083.38300613426
1083.09499912972
1083.23187458658
1083.18909542165
1082.86865397603
1082.990558226
1083.79326076026
1083.69761269039
1083.37508368826
1083.06960933029
1083.77747134389
1083.0186077919
1082.78150864841
1082.80215989744
1082.80104469446
1083.19327385696
1083.17216653136
1083.25846094322
1083.33332900666
1082.9189801109
1083.24346314831
1082.97184712768
1083.07810516539
1083.16313528799
1082.8391990399
1082.8155756682
1083.39844204966
1083.67903090432
1083.07566769209
1082.82044278354
1083.20986703099
1082.85199917326
1083.25809169215
1082.88962068911
1082.86622054049
1082.8615128006
1083.15127818644
1082.84561075904
1083.37324466583
1083.09443798092
1083.20651200968
1082.79179320626
1083.00885794804
1082.90924424301
1083.80225404992
1083.09861644161
1082.8635229572
1082.88209411326
1082.98587256425
1083.18721515464
1083.20219460506
1082.8237566791
1083.26595484269
1083.11562118979
1083.8910229442
1083.12161917373
1083.2735209923
1082.90495902794
1082.88540045876
1083.05453388755
1082.78524715658
1083.27560246886
1083.02123254681
1083.75886411423
1082.89844341328
1082.90248848434
1082.9256137316
1082.83314113724
1083.05029325881
1083.21229134851
1083.14850499792
1082.88123448867
1082.91819429329
1082.79887686837
1082.91629951804
1082.85825351948
1082.83457191163
1082.84649466637
1082.81021965585
1082.81705762272
1083.40656404941
1083.19080729711
1082.8198641937
1082.94715284897
1082.98636784153
1083.15710289442
1083.01373892618
1082.81887500555
1083.28066004054
1083.10235903673
1082.82215219836
1082.90444903201
1082.78516050542
1083.2257184171
1083.23628519176
1083.17071084816
1083.16459049013
1083.11154819489
1083.10069929439
1082.85799645957
1082.82919344566
1082.94993951276
1083.03562783109
1083.48732179218
1083.01164192502
1083.0004747718
1083.04060177201
1083.05135660899
1083.17040040022
1082.91789961628
1082.80144192976
1083.08372810342
1083.02136143928
1083.10730843915
1083.0213088385
1082.97019082443
1082.98473060422
1083.01572611764
1083.21740586583
1083.12297204544
1083.12247478538
1083.05798696086
1082.96945357972
1082.86330384815
1083.83063962068
1083.11655284986
1083.10931256734
1082.80578088859
1083.83350980699
1083.21624440923
1083.09684703021
1083.50584099646
1083.15538757634
1082.87249381384
1082.78448923431
1083.46532060254
1083.02349916375
1083.45470964636
1082.9161399428
1082.82130834448
1083.07012541734
1082.79140584502
1082.79183908167
1082.90262280211
1082.94291587565
1082.84512993069
1083.3675182807
1082.95111093307
1082.78647168125
1082.77815200652
1083.68155670101
1083.05236213949
1083.11007265667
1083.24590519291
1082.96888086721
1083.06774740584
1083.05306949063
1083.16207022954
1082.96541214764
1082.80420467731
1082.89292265409
1082.91419445001
1082.7805400899
1082.95561454169
1083.27200115473
1083.48545863734
1082.78383284441
1083.21006775875
1082.84193454043
1083.44532318484
1082.82043317117
1082.86843586521
1083.24909202514
1082.95418637549
1082.80276724991
1082.93918325888
1083.14607732121
1083.32100617109
1083.02380445423
1082.77682012392
1082.79532179635
1082.92878303425
1082.83530076942
1082.91051479734
1083.17736341675
1083.41231041177
1083.1489164456
1083.00115117791
1083.05277461793
1083.00573484756
1082.91846395353
1082.86546198767
1082.87766387288
1083.09827013045
1083.0616474557
1083.09564115017
1082.87038922202
1083.15717405533
1083.27431751448
1083.00079038915
1082.81697177192
1082.93299176894
1082.89877641003
1082.84940276812
1083.25558689194
1082.90562415776
1082.99102013723
1083.07332298315
1083.03482628806
1082.93981787301
1083.18514081769
1082.79471247297
1083.02060545602
1083.39246879595
1083.23013514032
1082.79691692024
1083.2461839202
1082.81863606044
1083.67488674415
1083.16992716898
1083.20576669244
1082.82332309312
1083.83569865973
1083.17658587932
1082.9638553259
1083.7709997021
1083.13195800841
1082.89951138878
1082.81831398131
1083.5978657983
1083.42692209114
1082.89253644344
