1078.40959232761
1078.20985631844
1078.05837660213
1077.79570852789
1077.65979051005
1077.64139325399
1077.57901720547
1077.57442575525
1077.55802113003
1077.55010341305
1077.54793966033
1077.41105973756
1077.41096780516
1077.26721552945
1077.24263741882
1077.20491084525
1077.15163948964
1077.14480084267
1077.12236758489
1077.12226264176
1077.11891778677
1077.10899890449
1077.0824831813
1077.07213295217
1077.07089502437
1077.07026611108
1077.01577787164
1076.96320893856
1076.94520760809
1076.92074726739
1076.91554045612
1076.91249349156
1076.91159218775
1076.90824943254
1076.90757918292
1076.88393653593
1076.88021412452
1076.86326762728
1076.85964824524
1076.85543124708
1076.83360817992
1076.83117349605
1076.81844693432
1076.78549884167
1076.75541838249
1076.74308395554
1076.73558338143
1076.73512707607
1076.71357847568
1076.68494543905
1076.67699750101
1076.6715051095
1076.6644746218
1076.66085461671
1076.65731187057
1076.65693420897
1076.64967284158
1076.63591209322
1076.6327095597
1076.62001484142
1076.60568513279
1076.60227065411
1076.59640574268
1076.5838792641
1076.56929115725
1076.56347432388
1076.53028400201
1076.52860786487
1076.52122077327
1076.51814841177
1076.51067522066
1076.504581204
1076.48070556927
1076.47711161763
1076.45350694705
1076.44599904142
1076.44459653736
1076.44189359107
1076.43365339125
1076.4244461266
1076.40139063325
1076.39779773569
1076.3918408682
1076.38319972365
1076.37528300629
1076.36175864777
1076.35685977377
1076.32782305106
1076.32605847741
1076.32139424976
1076.3199367989
1076.31925146166
1076.31358935129
1076.31151334563
1076.29940421544
1076.29901131778
1076.29286000466
1076.29096530141
1076.28843324034
1076.27791319431
1076.2626846525
1076.26256080358
1076.26183125013
1076.25947696735
1076.25933170522
1076.25685020043
1076.25431429951
1076.24692079354
1076.24036503608
1076.24009361282
1076.23752330067
1076.23497177493
1076.23491527086
1076.23269192689
1076.23116389148
1076.23075805878
1076.22656412198
1076.22553354973
1076.22492234866
1076.22032580967
1076.2201685623
1076.21653807402
1076.21370380568
1076.20807786884
1076.19654819846
1076.19445554721
1076.18416965729
1076.18396665046
1076.18137990162
1076.16788360356
1076.16273870665
1076.16229002048
1076.16156636885
1076.15679588989
1076.15361411078
1076.15354100912
1076.15177406079
1076.14943771015
1076.14208591627
1076.14170604352
1076.14044094976
1076.13489733198
1076.12796733735
1076.12267665756
1076.11530681129
1076.11458156705
1076.1092692037
1076.10905360852
1076.1012191699
1076.09263075631
1076.08973635396
1076.08676733298
1076.08648006069
1076.07900576947
1076.07754898577
1076.07579731262
1076.06776060732
1076.06369633718
1076.06229822649
1076.06047210285
1076.05991321849
1076.0595066992
1076.05433548176
1076.05180590608
1076.05095570989
1076.05018113109
1076.04811770147
1076.04153873151
1076.03078545852
1076.02429688726
1076.02249825873
1076.02211656011
1076.02093412061
1076.01516517145
1076.01447453914
1076.01310698482
1076.00577629946
1076.00419592394
1076.00259600687
1075.99890753221
1075.9878091215
1075.98593454957
1075.9858890376
1075.98449102653
1075.98431896445
1075.98078260261
1075.98018321327
1075.9799259692
1075.97935039018
1075.97907428511
1075.97720700948
1075.97080667028
1075.96427854991
1075.96239906696
1075.96122614649
1075.959417875
1075.94888279019
1075.94711429144
1075.94671312606
1075.94498841362
1075.94359447569
1075.93715997217
1075.93388515387
1075.93058082309
1075.92933815327
1075.92193388136
1075.92190995516
1075.92107915263
1075.91470522266
1075.91269209393
1075.90920697694
1075.907465175
1075.90219392028
1075.89797923957
1075.89727223678
1075.89704065828
1075.89042794445
1075.88786447829
1075.88610007763
1075.87977400457
1075.87954936885
1075.87519793477
1075.87396984701
1075.87259479136
1075.87003416829
1075.8695829635
1075.86541378316
1075.8633954238
1075.86297616122
1075.86174253218
1075.85925630713
1075.85507634653
1075.85425386669
1075.8508954685
1075.84811191953
1075.84808294129
1075.84537045336
1075.83940584487
1075.83776630484
1075.83758752866
1075.8367467925
1075.83381167393
1075.83335244946
1075.83011048975
1075.8300409381
1075.82779910562
1075.82732221321
1075.8272590131
1075.82715420222
1075.82385846245
1075.82369361464
1075.82368536213
1075.82029276852
1075.81489302719
1075.81417994452
1075.81110504201
1075.81088121658
1075.80768921506
1075.80141044393
1075.80081077143
1075.79518381346
1075.79366462729
1075.78753568435
1075.78558997206
1075.7836561577
1075.78361152259
1075.77635866734
1075.77021933348
1075.77001247194
1075.76379641687
1075.76248634969
1075.76207900816
1075.75759830281
1075.75666585934
1075.75661731163
1075.75634439709
1075.75526954158
1075.75487215273
1075.75118644343
1075.75116716792
1075.75096927184
1075.74356795964
1075.7427577192
1075.74163961839
1075.74092901024
1075.73140902887
1075.73116068374
1075.72956253208
1075.72810902591
1075.71523061139
1075.71433005398
1075.71305030016
1075.71145009549
1075.70641288909
1075.70544999853
1075.70110185683
1075.70099355887
1075.70029941617
1075.69965559136
1075.69842544159
1075.69216044405
1075.68007345803
1075.67906703749
1075.67580311272
1075.674346708
1075.67405200911
1075.67346792683
1075.67283335195
1075.67279450102
1075.66714645066
1075.66530805075
1075.66241801604
1075.66144670013
1075.66025358916
1075.66016138346
1075.65985374554
1075.65930256985
1075.65858000719
1075.65738963784
1075.65446098325
1075.65056646946
1075.64848606929
1075.64768393507
1075.64087049742
1075.63700833722
1075.63225440357
1075.63177828722
1075.6312800967
1075.62948013605
1075.62041514651
1075.61777451112
1075.61310482029
1075.61247063747
1075.61046674136
1075.60863902923
1075.60687815411
1075.60445265142
1075.6034109053
1075.60114727204
1075.59895247059
1075.59571562514
1075.59104159474
1075.59085847782
1075.59053650563
1075.58970545659
1075.58940975979
1075.58868312347
1075.58719144582
1075.58669284047
1075.58551679306
1075.58423385235
1075.5837566823
1075.58319974825
1075.5821180311
1075.57971875537
1075.57868778514
1075.5783393882
1075.57554796735
1075.56764107386
1075.56612187687
1075.5657316368
1075.5639630366
1075.55712342527
1075.55300863763
1075.55128666002
1075.54945296903
1075.54942770454
1075.54820540785
1075.5471371114
1075.54161130119
1075.54137841968
1075.54119647119
1075.53491980136
1075.53000296607
1075.52744769862
1075.52260184084
1075.52145426489
1075.51803244964
1075.51560416338
1075.51379547879
1075.51155007842
1075.50895073774
1075.50516106831
1075.50507043042
1075.50371947891
1075.50322565836
1075.50189633642
1075.49980439993
1075.49879156418
1075.49828948799
1075.49627874163
1075.48558648244
1075.4829133147
1075.48035017581
1075.4802505741
1075.4796493738
1075.47789713926
1075.47684483383
1075.47604578804
1075.47150526836
1075.46964153737
1075.46819687249
1075.46691209542
1075.46512893338
1075.46028986903
1075.45595294134
1075.45418265695
1075.45320350286
1075.45265624368
1075.45058295948
1075.44986227017
1075.44973167658
1075.44847542101
1075.44557449014
1075.44390018
1075.4433287354
1075.44134637018
1075.43979043724
1075.4397543981
1075.43520097292
1075.43430155902
1075.43207974702
1075.4271378613
1075.42710098139
1075.4257175786
1075.42479674364
1075.42475103913
1075.42430923314
1075.42401373265
1075.42296426939
1075.42124356705
1075.41772647557
1075.41769689979
1075.41235711714
1075.41232647329
1075.41044474894
1075.41021733514
1075.40711281305
1075.40609231779
1075.40596371077
1075.40544495418
1075.40459321928
1075.40385665357
1075.40065965283
1075.39929032293
1075.39662337548
1075.3950883598
1075.39311358102
1075.39310108344
1075.38971806512
1075.38677533966
1075.38639046329
1075.38580233586
1075.38573209669
1075.38292696988
1075.37989827341
1075.3784125776
1075.37736551544
1075.37713209187
1075.37664963016
1075.37623796212
1075.37536050188
1075.37386829217
1075.37318677658
1075.37066613157
1075.37039947744
1075.36870924807
1075.36468626914
1075.3646429259
1075.36007941248
1075.36002361646
1075.35943313039
1075.35536080435
1075.35452914577
1075.35171282317
1075.35140478198
1075.35114742941
1075.34991465374
1075.34757185784
1075.34715539743
1075.34586026309
1075.3437892056
1075.34068503569
1075.34050814483
1075.34002333739
1075.33354539812
1075.33331930239
1075.33217889577
1075.33045266134
1075.32899730019
1075.32872709817
1075.32740477471
1075.32731822579
1075.32641484514
1075.32465153192
1075.32404978843
1075.32354620732
1075.32243807775
1075.48291821188
1077.42740175985
1075.65366742498
1076.21149221941
1075.61137540707
1075.70450703605
1075.41401360295
1075.6838598366
1075.57604174006
1077.90330336082
1075.40572526657
1076.12493057093
1075.96049681602
1076.15228260793
1076.05054557637
1075.43730767213
1075.90384693697
1076.79118364033
1077.53959197675
1076.99806117969
1075.73200792675
1075.84821379813
1075.42065257486
1075.55954719207
1075.59944307133
1076.52616840655
1076.49949690906
1076.02671732094
1075.3549392648
1076.01455339145
1076.14250870972
1075.7354272173
1075.48458469014
1075.59961005645
1076.2486476152
1075.45883742526
1075.38991545197
1075.34505817857
1075.72797622256
1075.59504935474
1076.82116744772
1076.76328234323
1076.04837886295
1075.481427074
1075.79788626183
1075.72963000001
1076.36602869164
1075.65366024381
1075.45504759207
1075.82365413999
1075.44935802434
1076.70401230723
1075.33813424151
1076.83035938602
1075.85506277624
1076.91856039276
1076.72230996639
1075.83183425364
1075.79601583467
1075.51263781954
1075.60525855507
1075.88557038296
1075.67473091352
1076.23690129909
1075.33505889049
1076.28925619651
1075.46392861055
1075.57053480935
1076.0151018441
1075.87769627294
1077.63650750539
1075.86755249821
1075.66670238745
1075.55298611835
1075.79034506526
1076.40235580445
1076.36084920675
1075.71801412937
1075.91046079296
1075.53888964424
1075.40053238998
1076.72227168931
1076.63322518224
1076.32317626208
1076.62778926035
1075.64094702247
1076.22097257535
1075.55515382381
1075.72459571351
1076.14723491231
1075.77552653792
1076.11720997625
1076.1865414584
1075.86967409134
1076.10022470527
1075.94654418202
1075.35133585234
1075.99160209528
1075.76712156767
1075.79884636291
1075.52053011943
1075.88003887792
1076.95572523909
1075.37622540031
1075.67861729583
1075.72019298418
1077.09590034164
1076.19522875478
1075.94004971481
1075.80055907056
1075.47350991721
1076.13570563805
1075.72050456266
1075.57218654371
1075.6887903175
1076.09521164594
1075.94645281437
1075.57432423399
1075.33435586533
1075.63012121131
1076.20667412415
1076.18105756531
1075.62383167972
1076.16067425806
1076.10474358938
1075.37999177048
1075.96818274248
1076.34849545842
1075.36271440765
1076.57482741159
1075.33314336824
1075.73799431236
1076.0444647473
1077.05846217646
1075.83411133659
1075.70399171917
1075.62333961172
1076.81800020484
1075.82764275511
1075.78197306611
1076.43253853002
1076.77198071336
1075.50588192619
1075.89482459711
1075.53100530242
1075.57147220593
1075.59998711498
1076.05033725712
1076.54377492511
1076.0015193729
1076.41797569885
1075.34537427227
1077.415987451
1075.46829666109
1076.03448001282
1075.62373757733
1075.97797741208
1075.60394493076
1075.59279870628
1076.16701733736
1076.57281752034
1076.35026262831
1076.14742710233
1076.05659992017
1075.54434637433
1075.78739993346
1076.42749812873
1076.36856802589
1075.35341631406
1075.64515526918
1076.53333009994
1075.59537370823
1077.29191801803
1075.97436348225
1075.58240796738
1076.45888479233
1075.55462898442
1076.4966886164
1075.7863378685
1075.47154174966
1076.6821467026
1076.07057977502
1075.78684143759
1075.41752072373
1076.81820095875
1075.92073588738
1076.8799312441
1075.65113849468
1075.64483687234
1077.71823639515
1076.30064179645
1076.39794965807
1075.66702973183
1076.05014288532
1075.34546649584
1076.941805786
1076.07090783837
1077.12715126737
1075.87920561133
1077.38968381592
1075.32143284977
1075.33710929573
1075.84390566006
1075.4475289162
1076.9672561677
1075.86594298186
1076.35906417173
1075.3572486141
1075.44386406824
1075.60133554329
1075.32661498714
1076.19116259472
1076.00676224392
1076.76658726935
1077.48676440349
1075.62984922951
1075.62296028714
1076.11737247975
1075.70103588767
1076.41598950381
1076.14789029643
1075.50469640402
1076.18147432521
1075.59652052413
1076.50712303636
1075.43597278581
1075.69685698971
1075.33107424269
1075.8345772916
1075.67801978857
1076.20895133291
1075.75001658073
1075.3992368228
1075.86850424666
1076.1870887764
1075.60658657834
1075.36002208436
1075.60041393991
1075.85555836367
1075.51661922519
1075.40957017261
1075.52877982709
1077.4116526643
1077.79488740095
1076.03540104421
1075.83425408313
1075.78550086933
1075.83119255617
1077.77013909883
1076.33574473803
1075.85812711295
1075.52175769438
1075.84541028925
1076.26618042017
1075.62147624438
1075.5246622224
1076.19707732011
1077.67232645286
1077.04027713071
1075.70913813646
1076.06014684847
1075.40431983469
1075.56551275588
1076.32480770017
1075.90007867219
1075.53440386075
1075.53459837581
1075.61001680032
1075.5261239734
1075.76193687591
1076.6160782263
1077.30490550107
1077.70212332378
1077.5754597622
1075.85905662847
1075.37889178063
1075.33355580251
1075.48403874728
1075.54648318874
1076.74257101325
1075.33282485907
1077.69051201373
1076.25863152728
1075.47678990157
1076.25932338856
1076.09041529552
1076.42285947865
1076.22114004043
1076.70851244419
1077.30717972202
1075.57703376721
1075.39914328955
1075.80046452144
1076.23122565154
1076.69718755036
1075.59160158546
1076.8310349517
1075.79268865828
1075.77235588261
1075.59196409824
1075.7865255186
1076.56393643557
1075.40978180397
1075.42420759371
1076.20664530418
1075.38311240198
1076.75561111431
1075.72417429618
1075.38402907638
1076.32949187075
1075.54934696214
1075.81242872731
1075.46825683322
1075.59056100125
1076.71309409706
1075.43530669802
1075.51143445487
1075.58550835865
1075.94777016385
1077.16871617635
1076.00911594574
1076.27517906259
1076.47299665516
1076.30234197054
1076.36269184437
1075.90101668336
1076.01208268238
1076.00782360241
1075.64340290617
1075.55134986655
1076.1530240834
1076.15250281898
1076.28641915213
1076.10775293499
1075.91242624131
1075.61814123901
1075.54211615384
1075.50488766786
1076.07544692477
1075.66395835758
1075.41804583792
1077.02625665952
1075.73586892585
1075.65306427038
1075.55337883216
1075.8402160718
1075.87142741455
1075.60394897651
1075.76323986045
1075.33235613555
1076.27288082017
1075.35159302368
1075.67412704579
1075.64922638736
1075.84465433079
1075.41037705498
1075.95555124012
1075.95758878881
1075.40638185204
1075.33743727196
1076.58960790388
1075.85468642323
1075.5078537249
1075.45460449717
1075.391826765
1075.62917290006
1075.44009349288
1076.52735697394
1077.78533605353
1075.99453785527
1076.61095254596
1076.5148342769
1075.57921532083
1075.9264580154
1076.6090966434
1075.97560229414
1076.04499230505
1076.07673693933
1076.15422490291
1075.84379562202
1075.44153547745
1075.50414302828
1076.38978332005
1075.73480756249
1076.32374215807
1076.44201222306
1075.33383917358
1075.86177588522
1075.61099411165
1075.78505062727
1076.7989722947
1076.73961900818
1075.78137793742
1075.6144535054
1075.47968687612
1076.53854839151
1075.56132346529
1075.79475577333
1076.35790498235
1077.02927153833
1076.11913775288
1076.17181969469
1075.40338817652
1075.64296663558
1076.83076310746
1075.56947976506
1075.66270715462
1076.06880091642
1076.01686194242
1076.07580760038
1075.9127617008
1076.38785955421
1076.50319931998
1076.01599125207
1075.98898487142
1075.88167182976
1076.07714852032
1075.90330739229
1075.7887168911
1076.16838343229
1075.79065463474
1076.25772379537
1075.94092770265
1075.61594063226
1075.93352990794
1076.21774814636
1075.42600322446
1076.16467891024
1075.86289282191
1077.08812238997
1075.83836253578
1075.72501164575
1076.13953120009
1075.60254643372
1077.19999783101
1075.96868004146
1076.46006026089
1075.5646121996
1076.59785876075
1075.71170341296
1075.89875224548
1075.61711189126
1075.6158192771
1075.38408009066
1075.35282659389
1075.78558479868
1075.66156490173
1076.00360639499
1075.56960657141
1075.4235127534
1075.75567907017
1076.3529598363
1076.1327867429
1076.03802941387
1075.59157603678
1076.10668847235
1078.2811188154
1075.90742556963
1075.65632661871
1075.54616677363
1076.12798600317
1075.37364531531
1076.90217208978
1076.08359284793
1075.84598858293
1075.32199142557
1075.36527357445
1075.37255426779
1075.81060683198
1075.41437084286
1075.65281565006
1078.2948295426
1075.56031765394
1077.13282820354
1076.1659426173
1075.41050407755
1075.57257182841
1075.3283361329
1075.51135415225
1075.60317690038
1075.77979449644
1076.19604381624
1076.12302607655
1075.52346962507
1075.88896638402
1076.09012439417
1075.93937443881
1076.19872387318
1077.33628961443
1075.57221329302
1075.82981502751
1076.32758099403
1075.36287305586
1075.51743472158
1076.54396156903
1075.69303508721
1076.3291517381
1076.44818648677
1075.645371907
1075.35346281333
1075.54503205188
1075.74500953327
