784.600227445034
775.32917388004
769.214397377724
765.30001797937
764.959640156753
764.411306117655
763.033098874915
762.879683462792
761.917590399087
761.011834186642
759.178486159465
758.629794709752
758.38334099399
755.516384256788
755.463297992033
754.807474352675
754.723586744491
754.569587844215
754.417939586156
754.065260946104
753.070892013416
752.830600186094
751.370387863984
751.226515774771
750.6843998048
749.343167801911
748.903149919581
748.469821113159
748.432393269522
748.410893732576
747.172264428847
747.017498207972
746.807187181148
746.735791158627
745.194277892211
745.190240236648
745.083765316899
744.874868793425
744.382586475598
743.671924556064
743.488710532819
742.858396644141
741.997550123581
741.603590042029
740.943313671886
740.933962936787
740.833951932084
740.7517464085
740.748153197169
740.706510943451
740.679889117852
740.193328265085
740.154227164959
739.610146331939
739.341331705087
738.991768986135
738.753265997807
738.656462886615
738.491457543812
738.488700910343
738.445645468435
738.366926906956
738.126721671652
737.744739476049
737.716666692853
737.703519465703
737.53463620907
737.184612904478
737.077295363002
737.046783533174
736.895484122543
736.810821688809
736.791810865888
736.761799437604
736.743444298758
736.683289222038
736.397000039257
736.039158366295
735.650528666534
735.35906074773
735.316492539359
734.678195353841
734.603673767906
734.602453952596
734.546239983285
734.480698470244
734.332389370873
734.301723097422
734.2705213229
734.205100793608
733.968694412198
733.773094969957
733.630912055397
733.51502545646
733.273235079889
733.148695118484
733.078984784756
733.04525463983
733.016972099681
732.801482324884
732.72925939342
732.69905266384
732.659352561664
732.638983888251
732.490147761266
732.429299596357
732.103097897153
732.100349022017
732.027128977971
732.011247641718
731.924747030563
731.784679763982
731.765684221011
731.702889407595
731.641793942463
731.592847357287
731.484274687456
731.141571473795
731.12926667789
731.038213858179
730.984357197233
730.91158222069
730.856587226605
730.848201949427
730.717829162967
730.611165864928
730.419530952753
730.284799411405
730.205723498055
730.202497410963
730.109901303491
730.096173873716
730.012774440422
729.756662369984
729.751581936796
729.478423187371
729.358187655955
729.230510147762
729.175455162423
729.115371691869
729.082166218155
728.796096764734
728.778813082481
728.670000596552
728.655402944229
728.600953378947
728.582753349775
728.54208561055
728.442916335679
728.421013022298
728.41946344834
728.330128548386
728.28030848385
728.279189151113
728.223574762637
728.182669564322
728.029891526213
728.000824518146
727.996883824486
727.985970640919
727.975947448426
727.956912666717
727.915943820947
727.880335597462
727.87769716112
727.834377411604
727.808992452333
727.794974429161
727.725757885813
727.679183056247
727.673396527091
727.665301754081
727.588196980236
727.490645323735
727.43958445729
727.423479768765
727.415804547939
727.398990158358
727.316194578292
727.286325557424
727.2496319223
727.220864887121
727.210088379802
727.045549045187
727.034221171471
726.927497268546
726.872755753063
726.847588651989
726.80368477507
726.782215798449
726.754048722554
726.753363429493
726.745418792412
726.685896331436
726.664304700965
726.64811288261
726.453840697045
726.298643096004
726.243319757768
726.240583108262
726.111583144386
726.096623061994
726.051309814632
725.968039597197
725.932375062194
725.771348068496
725.687994630933
725.676449812425
725.648013848176
725.605086947836
725.586227292619
725.582119489909
725.577922583198
725.515907601556
725.488278983526
725.392823712298
725.381627202483
725.301104742225
725.279778661155
725.279249279641
725.19723818104
725.19067999747
725.123412071323
725.083634603858
725.044967293188
725.031873966137
724.878101194082
724.743485247948
724.738018250045
724.683281938883
724.636620948974
724.576140404345
724.570109462105
724.558095919348
724.533435101343
724.529260118107
724.504410398088
724.345027705078
724.323315736385
724.216583865786
724.200002237302
724.121944401772
724.03438158807
724.026416239847
723.983704941197
723.819202371047
723.812903787474
723.735050538808
723.711448168043
723.674305062793
723.649736144644
723.591680976211
723.585328510804
723.538276826844
723.536722252514
723.502125944851
723.431166443354
723.369126731951
723.36161987017
723.360075468139
723.333489104566
723.235148779007
723.230218073494
723.187128118855
723.185539761615
723.17531563936
723.028146003068
722.892078504261
722.883630301276
722.871176153724
722.868811333432
722.771291323843
722.732596019595
722.698092112656
722.665821791691
722.522413925151
722.419560678831
722.417356019359
722.402457972189
722.39782082984
722.355442019971
722.333015458497
722.263955020645
722.259024506433
722.224198103457
722.203010500917
722.19952396018
722.189772487228
722.111918041097
722.084579758074
722.018520166378
722.016504949268
722.011650995634
721.965067492325
721.955798387945
721.896909296413
721.879466813043
721.788260329045
721.773753303051
721.757445430238
721.750183066671
721.735218244061
721.677793844877
721.6556569947
721.622639124481
721.61762834941
721.609575832913
721.521093704225
721.37096676176
721.368753996983
721.355857537
721.348065602077
721.334767588809
721.298132850886
721.292561507373
721.231318805019
721.228281140003
721.135963497168
721.080718229937
721.076453081046
721.038085277945
721.013460579198
720.998624038132
720.976338537943
720.962341809722
720.938188767555
720.929106526916
720.917005254715
720.903577988769
720.89924759053
720.892219497073
720.828823293205
720.800500356632
720.770566289914
720.736084350364
720.721184660537
720.712659556758
720.686463755908
720.681550736452
720.668157574732
720.633486343259
720.629239592447
720.523583152415
720.484167339882
720.454374410244
720.41564302694
720.362404852455
720.362343612936
720.350516465201
720.346443991145
720.259297719039
720.238679703534
720.208800860246
720.194951048559
720.154412011836
720.036974810619
719.987148884403
719.895242046098
719.851824462388
719.8441269736
719.795600695463
719.788627568475
719.782210947964
719.729078387535
719.688902786036
719.625129057951
719.619415263904
719.616123082828
719.564182169366
719.527997375512
719.476849945582
719.386629807455
719.34067582322
719.31296649535
719.306345333943
719.305209865762
719.290676013039
719.275564651334
719.272715896356
719.264725553229
719.22965440415
719.222120961673
719.208640499521
719.186552949111
719.184573053951
719.138183556196
719.103685848986
719.095758473852
719.089239952059
719.086851033517
719.086693229605
719.069424397085
719.065901753591
719.05681277644
719.049757721373
719.022790109746
718.932875076382
718.921320651001
718.89113218247
718.887686297658
718.834760621376
718.788924689115
718.745175041761
718.741540616077
718.72771130169
718.679721065326
718.657172931154
718.65290189985
718.569773179807
718.5564807688
718.478347926044
718.403210963708
718.37789248726
718.361765965501
718.340284301833
718.312558840634
718.309503427289
718.301660173328
718.277442385685
718.20389341498
718.199705540876
718.184055504044
718.129767822705
718.122049077626
718.044662834907
718.030200313694
718.011140456913
717.983887489001
717.947623347512
717.941642263305
717.873243164289
717.870383830245
717.818142820026
717.76139502803
717.741980087651
717.729077131725
717.721931847835
717.698983571116
717.682165826632
717.676140428203
717.659470928945
717.6465108062
717.619093826548
717.605805073223
717.602677933894
717.597588591439
717.556172435166
717.541381802739
717.529435733595
717.490607684699
717.489514735898
717.436841220057
717.430947315251
717.416473035398
717.396185163902
717.349186571134
717.342101029658
717.304938902948
717.296732918529
717.285379456675
717.269851189591
717.264721640936
717.173367935627
717.151244927612
717.149410500846
717.144334552141
717.123855628962
717.10470658834
717.083268439874
717.071899515694
717.066360701336
717.034275455776
716.975060455665
716.966272204839
716.933053447896
716.881963035907
716.852832451515
716.842280464619
716.834078808144
716.811020653363
716.772687834372
716.772677543596
716.761275791848
716.754511914922
716.749807994123
716.73466968515
716.716569332631
716.705106630338
716.695749566809
716.693140127659
716.692115473389
716.689096356424
716.682822326752
716.652657467389
716.642153960061
716.63579718478
716.617802356545
716.604883027472
721.504162292971
723.993048574233
722.648466173941
723.834208189438
724.431106397489
723.265685559636
719.084891113376
727.836762507401
769.2616949572
748.891737053374
736.84111958566
719.689257205334
717.22543145113
719.652955660615
733.255543542413
722.605072426811
746.697509508347
727.017969542892
717.534150568934
740.165476850762
723.362093692809
731.836403857852
724.396514207668
722.372282004576
719.126750300771
726.495613106066
724.489796891958
722.836583536188
717.425896216515
718.830042710114
718.630971795649
731.709164596092
717.292945109193
718.17150857696
718.663450673781
718.631991352026
720.774638782921
732.596450159941
718.003902263269
716.652551707108
779.839646297016
738.7469382846
723.585463925315
717.519088958555
720.010669295137
724.408920110447
719.807936087366
721.997002615579
721.990944069044
752.198639467166
729.623013054512
720.882142415975
719.468682758596
725.439067196267
723.426368837944
722.322775422479
726.045842589275
729.212997316489
716.729153029101
725.825043045139
748.183248719206
727.972941053975
733.454832967333
727.79193120681
735.79548317922
720.108703253309
726.125411093123
737.432737127873
737.399557724676
722.835379998598
730.495596026049
721.012022856837
716.931671269236
727.630781348741
718.12623722775
740.984942135517
720.255342824716
721.114886523928
724.775976600512
723.94049171954
733.217325240779
730.98927659083
731.795834028625
763.798620199937
720.33269480399
727.37553105809
718.491321754281
752.761893191778
724.90314334486
734.003329760174
721.131111509281
716.650493883865
744.32820435528
762.404466725101
731.702801035133
730.554432903427
721.017832860891
719.439962242996
719.456039728061
722.32487506896
730.027844774128
729.0097888509
717.348091552527
720.35627507103
733.349905672078
718.52187088601
738.902579821177
728.167309542165
726.919021074796
716.739093425488
726.410696483432
717.230818429128
736.904588213436
749.686281729084
755.313577356134
718.352867455395
747.279814752368
720.594277390363
722.339185140547
726.639105726398
729.673005337566
724.600310484991
718.892293417105
746.550711922459
735.795678142823
725.644511458894
727.326699478595
780.006071585085
730.576421508588
735.607569421175
723.994704182897
719.62503622749
721.895319672814
761.370438094066
721.897786960641
739.351169590355
750.757404649559
722.274996212877
723.246682013661
793.233874308234
717.282216767608
725.374658771185
718.905594501019
723.54824559829
716.999252671802
722.406136690116
734.064025371552
726.670606650006
741.60898225751
719.721697157972
728.594536834284
718.000964981325
725.122384440068
728.006441553693
725.515490370241
731.068592118948
717.480249938139
718.409968262211
723.202560815469
726.82995351238
719.114390001443
737.755745636935
719.697729156876
723.867903166455
726.926652274397
732.780992693388
717.909503005871
728.943842892605
731.19925754165
737.265240321544
720.199478820394
721.353135695237
728.284010825721
745.09044343886
718.096434000391
726.922260248284
718.046435022707
732.92198564796
752.08716782048
727.849411859083
737.561534398517
718.785707151992
717.536795035728
732.827846533958
747.884246445931
729.171014810645
721.433528305001
719.46974882829
732.248058444693
737.01255746508
724.428485209663
718.479812949447
718.548225316676
720.747081766458
724.102326737994
743.998326393504
736.36592137178
739.975355304507
738.077879184499
730.282719099421
718.289838356931
776.075022737435
717.181301271187
759.172221555373
716.709081906693
716.944203423774
733.62197456641
717.228033365614
718.20530870168
726.700761979092
765.98558041505
726.347929573524
720.109749429687
731.641614603216
745.409432082504
734.558495705495
763.73912413929
720.228756223424
723.607905670693
729.692469927062
723.129772830743
732.288286970583
724.979229765089
718.638175234544
736.117083986767
724.407525046693
717.685478971966
725.167282120135
718.358740967507
719.396630665919
717.275099679333
717.597935747132
765.308456294893
716.915599695003
719.951878912254
723.441496220577
746.127533209739
747.072810191942
721.173939560512
723.318291105714
724.288011145713
744.771122781146
728.838358620615
727.007577163294
740.367049937718
728.168452850593
716.927968608811
720.787363914094
717.128953381172
724.538522126836
717.554565656563
717.689824957644
722.511497494242
728.655056066294
725.2731774507
741.701715544605
724.834077796536
720.247734530592
722.917058041518
726.066566004714
722.707299532168
720.696125249378
720.670789639906
717.325271571599
780.523257244663
761.8643659371
722.025106385233
741.580871091515
717.575053892618
737.949818499263
742.679581185117
723.344917472035
751.427297982746
749.347995443786
756.264389262551
725.647492122088
767.771125788439
725.561498466343
719.654409176333
719.336143326923
731.222156856109
725.774566541261
721.287762514255
725.418043106647
738.700052887148
718.23349444651
733.073431907622
730.171554761062
723.227238910629
720.254015850521
725.803060615331
723.72416338866
719.504153679108
719.705405762496
719.340005217525
735.936940216032
727.781719068892
726.404995548816
717.016518002885
722.219107417897
742.747479405439
721.941610385207
721.532283888712
733.564086549257
718.534025814097
754.158262608409
719.522386817135
724.561305582398
720.650419761198
732.944250132592
718.818934226631
720.247285610952
742.922553360269
720.114394772969
719.394236281185
722.309552601052
727.803334279827
720.584139347682
731.716010967466
718.265086481395
735.023974201704
720.103874459104
721.876980719922
727.56090943665
728.00315625389
721.546217437724
731.499127675673
723.201227801347
718.937550814095
721.796898691199
752.319647601342
722.626578089835
746.864372054199
729.452680850937
717.945478869299
719.639438361238
717.005480452523
718.853422932607
733.000823848686
719.281563956151
726.258696140335
738.092112746118
726.624710015379
770.968070649679
717.935572129831
718.053646019488
731.634913372709
717.035159188589
722.293919245993
717.546583945239
721.463107655969
736.272584288469
736.527506066141
727.323434104504
720.100951169146
735.746662438952
738.174198610613
722.953875072992
717.769559460279
717.607779435632
739.233458689608
738.334492815592
723.615861463199
717.057836024499
723.634032867648
732.574661974339
724.372851595539
722.0967021702
719.941329391539
736.407579093132
721.822742736044
725.666015710092
726.683049650439
727.154909312397
717.318224630171
726.105415138522
725.322937962211
718.598259872079
733.178938565297
717.162681977282
726.582884447619
716.95116706756
719.357460422717
720.737529483879
721.09634117626
719.738735620488
726.738391396344
726.386093967769
742.422389046602
721.822113551246
719.818824147314
720.54708391829
734.367562266841
722.373484114868
716.903741027804
716.696594390841
717.241183975056
720.846916296426
724.960771659558
716.822357271099
723.496192306893
719.60521985617
736.827874366736
736.82735580388
729.072587455794
721.032066098746
721.563665270028
728.399661765238
718.983866674886
726.056637289497
719.45186135675
719.867530320058
736.635526675894
727.865915177531
723.533879129558
748.378226996335
722.65675989395
771.307480195254
717.023328598705
717.658331000385
722.388775491501
725.87702907858
746.769778774183
722.035171090746
735.527042037917
753.387587074047
716.866886465275
719.155049826363
734.108842367302
721.82466792879
743.757574161558
726.799817429303
740.784775988188
716.947658857648
716.84645490589
720.223155692175
754.636840474909
735.250716058506
723.988617767318
718.434063915165
728.011864472266
723.919087855602
733.457424396299
736.366984336916
717.651680588511
716.649565210898
718.339940248097
724.437601304724
717.625455660971
718.192905444747
752.101413558366
751.502087719671
721.96123687309
721.309494822883
730.899591144971
721.78136347727
722.323925626073
730.323049565467
723.87257136002
751.348866727726
718.49280988442
727.815320764501
724.52804531548
742.760036591893
755.302115180111
723.392692091168
730.927890619839
719.866083425036
724.636899281877
748.19054105197
728.038900160188
721.752349658314
723.793920690426
717.120967797002
720.846155628397
728.267335323244
718.644050473164
720.640054469324
740.479751362139
724.570115093734
725.525963090584
717.74865889291
741.250784641417
720.018317971933
723.237598872321
726.802801509506
723.409795256888
726.565312737566
751.356178258739
725.311171175529
742.334681449358
722.088881064727
717.848435302506
724.754935837803
720.228069529498
724.264369847429
734.690831557633
751.188645500256
720.244411419569
739.354161955749
749.253606791755
718.765047172521
