1080.96400231681
1080.96491082995
1080.96713504094
1080.96760818391
1080.96816291281
1080.96858739195
1080.96928892095
1080.96969414655
1080.97029576455
1080.97131994907
1080.97164364691
1080.97334227059
1080.97374626853
1080.97400571718
1080.97568391273
1080.97636064898
1080.97763451249
1080.9778598313
1080.97884808247
1080.97998559829
1080.98222943327
1080.98293590166
1080.98331873631
1080.9843162031
1080.98486750764
1080.98665273869
1080.98876134233
1080.98931509629
1080.99026070139
1080.99109449289
1080.99117403995
1080.9913675441
1080.99239746127
1080.99253905475
1080.99345276928
1080.99379547626
1080.99411550934
1080.99469574623
1080.99579773364
1080.99611952287
1080.99641176715
1080.99712604854
1080.99910946098
1080.99961293369
1081.00011306152
1081.00112777326
1081.00293913588
1081.0033745759
1081.00366133974
1081.00555657141
1081.00578736852
1081.00623119895
1081.00641339287
1081.00701868059
1081.00732501799
1081.00775270977
1081.00863836974
1081.00901529195
1081.00969101803
1081.00992600935
1081.01031257758
1081.01052905384
1081.0111068594
1081.01154695307
1081.01329291774
1081.01499856715
1081.01517544402
1081.01735714886
1081.01801537497
1081.01894485093
1081.01902753647
1081.02011255911
1081.02027204595
1081.02066880525
1081.02094157465
1081.02208523533
1081.02221666986
1081.02332603511
1081.02454158615
1081.02569911688
1081.02598892654
1081.02834488835
1081.02882251579
1081.03037867184
1081.03176471625
1081.03244237219
1081.03296575279
1081.03436460797
1081.03461740541
1081.03474449164
1081.03487404587
1081.03502539818
1081.03598744367
1081.03667563539
1081.03741729969
1081.03916846303
1081.04070230806
1081.04084298476
1081.04158734138
1081.04163405937
1081.04180225896
1081.04332500328
1081.04410560037
1081.04477002937
1081.04516911072
1081.04721564074
1081.04858987426
1081.04863859011
1081.04923459597
1081.04982608018
1081.05040699868
1081.05126033662
1081.05353620351
1081.05362920864
1081.05418813095
1081.0542413628
1081.056089333
1081.05719116184
1081.05722867981
1081.06015539919
1081.06038232381
1081.06076514687
1081.06091147471
1081.06098407982
1081.06195583672
1081.06290536955
1081.06308060631
1081.06313344817
1081.06367016157
1081.06375644522
1081.06566160507
1081.06649884363
1081.06750531833
1081.07004255063
1081.07206948763
1081.07265211902
1081.07379912909
1081.07481824571
1081.07812926108
1081.07981961198
1081.08039955235
1081.08045420777
1081.08058350023
1081.08204219746
1081.0828117574
1081.08374926264
1081.08381914652
1081.08390740862
1081.0840531762
1081.08802262455
1081.08813197726
1081.08843357272
1081.08927700975
1081.09119999194
1081.09243714458
1081.09259508262
1081.09337817494
1081.09344332205
1081.09410382267
1081.09597498216
1081.09608555767
1081.09625340967
1081.09629120441
1081.09890600219
1081.09995864858
1081.10127183223
1081.10152196949
1081.10358051831
1081.10608899813
1081.10657984325
1081.10722242795
1081.10874281858
1081.10954240083
1081.11149752997
1081.11193266595
1081.11226514943
1081.11308680929
1081.11416913891
1081.11443502454
1081.11489681948
1081.11587922191
1081.1183918581
1081.12057198469
1081.12106479351
1081.12113075567
1081.12229209326
1081.12264855385
1081.12397711109
1081.12437753921
1081.12493526289
1081.12528619282
1081.12546149177
1081.1259928855
1081.12707646424
1081.12713984676
1081.12737176663
1081.13019592523
1081.13043393006
1081.13319369767
1081.13460761663
1081.13601393268
1081.13808176998
1081.13960671973
1081.1402191249
1081.14357239364
1081.14510491868
1081.14533098226
1081.14662629284
1081.14776491128
1081.14807456457
1081.14834785487
1081.14868103317
1081.14959322663
1081.15036310012
1081.15041119388
1081.15178082915
1081.15201436963
1081.15215517008
1081.15256211777
1081.15403016276
1081.15598123347
1081.15793901245
1081.15915360193
1081.15984585175
1081.16287010469
1081.16318993968
1081.16617237758
1081.16667134721
1081.1673716344
1081.16744415516
1081.1682051983
1081.16928050331
1081.17005633585
1081.17027991328
1081.17170558419
1081.17517694948
1081.177165948
1081.17999660622
1081.18081132427
1081.18271287066
1081.1836547585
1081.18382745337
1081.18439355098
1081.18724796326
1081.18792464804
1081.18962772614
1081.1908827945
1081.19632626421
1081.20150410613
1081.2029770831
1081.20354132467
1081.20866093197
1081.21161292369
1081.21368650742
1081.21558986282
1081.2163908673
1081.22109625632
1081.2220817971
1081.22209765286
1081.22633171329
1081.23036791183
1081.23353990063
1081.2370435323
1081.23746583846
1081.23788258571
1081.23822959841
1081.23831851238
1081.23900211623
1081.23933735027
1081.23990484184
1081.24175412485
1081.24203529013
1081.24239760814
1081.24326880816
1081.24389371916
1081.244043404
1081.24610407285
1081.24673083516
1081.25147446213
1081.25239788066
1081.25274090158
1081.25551581025
1081.25578949971
1081.25657537512
1081.25725657444
1081.25908161181
1081.26020597911
1081.26172751787
1081.26732200153
1081.26866873729
1081.27196469658
1081.27233513477
1081.27272976947
1081.2732936726
1081.27356638998
1081.27535447382
1081.27551344333
1081.2763630404
1081.27679941286
1081.28290199263
1081.28643663954
1081.28714509738
1081.28714607003
1081.28842350593
1081.29131033997
1081.29182335784
1081.29303875802
1081.2933157664
1081.29416600469
1081.29720856544
1081.3008134057
1081.30355011261
1081.30517954748
1081.30669903569
1081.30775678199
1081.30934634683
1081.31008634866
1081.31369558064
1081.31722914911
1081.31735756569
1081.32054888114
1081.32240744591
1081.32280815915
1081.32501395229
1081.32565572785
1081.32701414489
1081.33152530035
1081.33279117713
1081.33353934722
1081.33406687649
1081.33725773118
1081.33814038512
1081.33866466617
1081.34210098214
1081.34256454245
1081.34500711834
1081.3478330555
1081.35053596429
1081.35493933327
1081.35623680295
1081.35862609972
1081.36015601715
1081.3653499287
1081.37543746463
1081.37610343031
1081.37625784403
1081.37677962548
1081.37762654492
1081.37867420457
1081.37904576306
1081.37966151414
1081.3845085978
1081.38786780275
1081.39717770187
1081.39783983906
1081.3997001969
1081.4024738415
1081.40260675353
1081.40277259446
1081.40310322146
1081.4031652807
1081.4032380154
1081.40472031649
1081.40478067626
1081.40525479007
1081.40559445626
1081.40783264663
1081.40800502377
1081.41071412406
1081.41226280561
1081.41438777407
1081.41533381898
1081.41832756938
1081.42025343719
1081.42096479231
1081.42285329492
1081.42383262756
1081.43437796701
1081.43775722119
1081.43847681447
1081.44069662297
1081.44229822056
1081.44239520763
1081.44411543649
1081.44603121727
1081.46093355986
1081.4698707469
1081.47534525261
1081.47673698829
1081.47753440945
1081.4802255058
1081.48041583006
1081.48187952057
1081.48550646521
1081.48885354489
1081.49783618311
1081.49859036022
1081.50134922478
1081.50452799313
1081.50596800426
1081.50597780498
1081.51336475451
1081.51697602007
1081.51722929406
1081.51738785862
1081.51823433752
1081.53679465372
1081.54018199342
1081.54200377666
1081.54210423241
1081.54339392617
1081.54917686789
1081.55700260551
1081.5618801875
1081.56226124976
1081.56280962118
1081.56880274845
1081.59827165942
1081.60107930715
1081.60503171955
1081.60740833712
1081.60774331467
1081.61490810714
1081.61773886548
1081.61796709711
1081.62046799084
1081.62279832655
1081.62384472042
1081.62476339695
1081.62536365082
1081.62796985154
1081.63183987682
1081.63213817571
1081.64346082186
1081.65006872633
1081.65396184387
1081.65544200534
1081.65785625632
1081.65930293039
1081.66174642156
1081.66485307347
1081.67181514106
1081.68410247843
1081.68438523846
1081.68988092669
1081.70049881149
1081.70343815473
1081.70545711174
1081.70966912898
1081.71196175859
1081.73313685855
1081.73436390083
1081.73719249303
1081.74976927962
1081.75245679393
1081.76392917324
1081.76869451434
1081.78888842002
1081.79723746092
1081.79746938392
1081.80657628659
1081.82145589358
1081.82465104285
1081.82677309738
1081.82941188913
1081.83325826914
1081.84256394928
1081.84266668061
1081.84587049881
1081.86190571277
1081.86440518748
1081.87561620566
1081.91322724262
1081.92897940704
1081.95697064964
1081.97714863998
1081.98225592375
1081.99077773514
1081.99293216232
1081.99390387201
1081.99722902283
1082.00412566174
1082.01472842441
1082.02037883419
1082.0600670805
1082.06070225712
1082.07827323853
1082.10922040275
1082.12171149662
1082.15197080525
1082.19297258989
1082.20237188179
1082.24490504412
1082.29408155206
1082.34628643854
1082.35554114573
1082.56638771629
1082.57151835945
1082.76119882886
1082.80414521263
1080.96767768485
1081.67278604004
1081.43414913393
1081.48002445974
1081.34025584662
1081.2043760462
1081.3215124183
1081.66313266496
1081.04271599523
1081.4956436351
1081.14756862134
1081.00780995075
1081.72547433919
1081.3523148762
1081.14754215305
1081.0447962882
1081.35486604773
1080.98267559957
1081.00343936852
1080.98023777845
1082.21537586252
1081.97239740842
1081.92306076021
1081.54399319378
1081.24330326365
1081.45591604549
1081.55634781094
1081.03518877325
1081.0870889592
1081.15236838358
1081.15583527726
1081.17263823237
1081.53370540833
1081.25095418321
1081.31368741605
1081.16417216395
1081.43699110363
1081.24746999376
1081.90489211517
1082.34794637869
1080.97881023752
1081.39402207266
1081.48790863133
1080.98395889451
1081.09512260607
1081.98700236822
1081.01652971469
1081.49377141482
1081.19625614054
1081.40180659564
1081.85057971145
1081.13365770696
1082.03411917847
1081.51864320767
1081.26866342833
1081.15099084888
1081.06307255678
1080.99305219859
1081.56044665295
1081.28281568446
1081.39692175804
1081.58827694714
1081.19516193453
1081.2882319813
1081.10975305271
1081.23067166636
1081.26593644848
1081.01206206652
1082.02774495018
1081.10193472469
1080.99310765797
1081.3641591402
1081.14606442783
1081.78058758607
1081.42513662794
1081.68811197241
1081.23800153405
1081.54300055552
1081.05925034702
1081.68217877734
1081.4367915438
1081.03342127337
1081.16989189703
1081.63947211151
1081.26657144295
1081.79699792252
1081.01662142829
1081.50042302153
1081.26623339589
1081.86099084687
1081.58356816818
1081.48818643147
1081.09988671783
1081.00996923391
1081.71596206824
1081.30694668278
1080.99565523858
1081.12252103825
1081.11579991004
1080.99002126279
1082.03069220595
1081.00224802848
1081.08793615299
1081.31736368789
1081.61218228942
1080.96548831395
1081.09466565311
1081.07021459934
1081.21282445463
1081.14040159061
1081.41373276838
1081.47940212884
1081.62151273879
1081.49201463776
1081.00848106944
1081.07309309185
1081.23871108533
1081.17903123622
1081.44577335961
1081.16970241976
1081.41549538871
1081.01877788566
1081.32353060542
1081.22650495748
1081.41320904869
1081.18717744542
1081.29792808062
1081.15254531578
1082.16911235043
1081.01029001404
1081.07412439317
1081.19808048467
1081.30987809539
1081.45319267796
1081.38733441178
1081.19990214546
1081.17994284583
1081.81545058415
1081.53320423879
1080.97916256599
1081.38427296276
1080.9858962923
1081.02820560727
1081.01935789857
1081.16081311418
1081.7037494279
1081.40271777636
1081.33100563939
1082.12735843549
1081.15536301942
1081.22873527827
1081.77495422157
1081.25525631095
1081.51034313048
1081.82272641171
1082.64048167065
1081.48766844516
1081.17946542905
1081.0356947141
1081.21161217242
1081.24531957803
1082.15742661614
1081.57928153504
1081.1740773022
1080.97084401983
1081.00331346127
1081.1247030432
1081.03097957075
1081.37912559685
1081.60275552533
1081.08764248841
1081.17427273321
1081.06575071538
1081.89648499957
1081.76390212503
1080.98934070486
1081.1034886059
1081.13925316822
1081.48750805995
1081.1052696083
1081.46379594888
1081.22946169483
1081.16798180449
1081.33204939077
1080.97164950566
1081.23860771364
1081.47741657629
1081.39645746579
1081.33151543153
1081.25428012529
1081.45028338951
1080.97612084875
1081.04066498491
1081.13742488681
1081.27212387042
1081.42148312654
1081.41687817622
1080.99547797979
1081.17761745367
1081.4718085387
1081.12382153445
1081.25421309583
1081.04175332893
1081.18151373539
1081.54850914884
1080.98418500942
1081.40945458913
1081.09102687521
1081.49429486911
1081.40509566855
1081.38254080425
1081.50788089623
1081.31264467025
1081.01860542697
1081.90551027925
1081.06025155437
1081.42691704038
1081.28221762326
1081.25930188563
1081.04764636694
1081.04927390286
1081.04460609656
1081.3638715453
1081.57853022946
1081.02268474493
1081.1821944931
1081.82791626978
1082.0079360417
1081.38970176787
1081.70982372101
1082.72324801097
1081.24343639987
1081.23626644633
1081.96932573745
1081.72067545447
1081.23912383945
1081.80385787384
1083.4555344552
1081.54475875491
1080.96907325913
1081.36355743503
1081.29685205766
1081.17915519568
1080.9919630087
1081.18131285786
1081.36923229718
1081.10139210557
1081.63873804696
1080.96557566493
1082.28128783147
1081.01601102754
1081.34371437048
1081.71104664579
1080.98430434318
1081.03969913776
1081.74078315031
1080.97503707335
1082.11373047256
1081.02598261417
1080.98146769508
1081.43174193854
1081.59834446598
1081.97896157356
1082.1637393908
1081.04582436616
1081.36293422046
1081.66349962971
1081.01325804887
1081.46763217617
1080.97654213021
1081.75256287051
1081.12683135871
1081.25610967738
1080.96735939254
1081.16217993785
1081.41732419505
1081.83281326408
1081.67292416739
1081.51797839819
1081.12174841784
1080.97884739924
1082.12449135626
1081.55180132794
1081.48301352279
1081.97847710291
1081.10031266586
1081.03145697828
1081.05290081219
1081.8169779124
1081.44529571734
1081.54072316837
1081.0106289453
1081.01383023201
1081.2345102716
1080.99484099107
1081.395983278
1080.98678811199
1081.37921884621
1082.3341091775
1081.23590198434
1081.48109471727
1081.00948558556
1081.59271297245
1081.96571634372
1081.90724178598
1081.32973748563
1081.29508219322
1081.23373583055
1081.06218343193
1081.05759573914
1081.27430311401
1081.07105190227
1082.04483133679
1081.02448654589
1081.11345707168
1081.85144198888
1081.06966409914
1081.22533075643
1081.35763564717
1081.3802386488
1081.71175597113
1081.48869105704
1081.09790741384
1081.08757411353
1081.44208528336
1082.13363443653
1081.78493284958
1081.57658404213
1081.32096424425
1081.15066331002
1081.05122970475
1080.99656015685
1081.37776522168
1081.45486975593
1081.06240762584
1081.54010858101
1081.18057422529
1081.94859053027
1081.11347530469
1081.26010183325
1081.5624636128
1081.44544043582
1081.39793100677
1080.98806149788
1081.17857904478
1081.53298624529
1081.86618624306
1081.10988475191
1081.39504674571
1081.40398378416
1081.11824306593
1081.49389866396
1081.05170539166
1081.20222895771
1081.47104958382
1081.60303670084
1081.07503488143
1082.22761775954
1081.18529684342
1081.08377406509
1081.10241982065
1082.10099503713
1080.96687517601
1081.5505415904
1082.03395543359
1081.01497672279
1081.00512580007
1081.20478417173
1081.04120930139
1081.56898321897
1080.98535723513
1081.24049320559
1081.84469020069
1081.20523913905
1081.84467029382
1081.99980112275
1081.2880085336
1081.93235734229
1081.33845320359
1081.37089931824
1081.81752827858
1081.15684693386
1081.20013166453
1081.00770080117
1081.31238816751
1081.0897431306
1081.0695325312
1081.87986197537
1081.98154795874
1081.53129101545
1081.5334388796
1081.09685334393
1081.25538520335
1081.02523284511
1080.96553652172
1081.44688932623
1081.10548269066
1081.4723708341
1081.40375036589
1081.52745374757
1081.05699175644
1081.65475522825
1081.17066457845
1081.27788003203
1081.16281616967
1081.32595327446
1081.07499326991
1080.99236259289
1081.30671935169
1081.25731820146
1081.72182581673
1081.17750968549
1081.08379512024
1081.47829653576
1081.19523577089
1081.04794683865
1081.22106000995
1081.0526260747
1082.60235153562
1081.16479877377
1081.17509458648
1081.23372600668
1081.47691096373
1081.14698924961
1081.11307082894
1081.28758383223
1081.33961330355
1081.19794349194
1081.10182252085
1081.14145474708
1081.85305261367
1081.35098314672
1081.58831720333
1081.00169093327
1081.35045901996
1081.01880899272
1081.06290480112
1081.16644576909
1082.06013873608
1081.22382066029
1081.05525758976
1081.24244519961
1081.53526364508
1081.76470745167
1081.16469621819
1081.43177619913
1081.32243668344
1081.55309907209
1081.92628003569
1081.30215324405
1081.17118236787
1081.40772868821
1080.98373605043
1081.12738068935
1081.34290082611
1081.55106347957
1081.01012408342
1081.28880549314
1080.99350002095
1082.04156658672
1081.07972981506
1080.98018898043
1081.92613226757
1081.58263589916
1081.1408325268
1081.03790561482
1081.01973796659
1081.52674522353
1081.71940813848
1081.27155898992
1081.19274619374
1081.03026499227
1081.14560157571
1080.98910485216
1081.47716081711
1081.23386250088
1081.09442083134
1081.48822280073
1081.31630185309
1081.07899882307
1081.16850665055
1081.06522710248
1081.72193488076
1081.32507048038
1081.1349274656
1081.34146895392
1081.02068415121
1081.18413457256
1081.07574546432
1080.96789245254
1080.97154642127
1081.97906056856
1081.42348193759
1081.23051536202
1081.79648343498
1081.63120269671
1080.97366366555
1082.70739594216
1081.55601379309
1081.04227868079
