1058.72771746459
1057.43154758661
1056.37074404097
1054.72827300893
1054.28981735808
1054.06409492399
1052.54791134481
1052.39475552496
1051.52430202863
1050.57933470156
1049.74201486077
1049.71760166537
1049.60987583872
1049.50940871862
1049.46135008707
1049.06501472531
1048.87322109704
1048.78889293591
1048.74845449919
1048.59500182063
1048.3653423916
1048.21546799353
1048.14415922338
1048.14372934365
1048.12925431568
1048.02332393331
1047.92956342452
1047.90024094467
1047.89214804754
1047.71540498127
1047.69598418898
1047.66183290934
1047.66105151145
1047.60119952915
1047.44576115009
1047.3522970062
1047.27729788068
1047.17789672557
1047.16386558517
1047.12551621336
1047.08648722813
1047.03024442926
1046.99574389595
1046.96731444812
1046.94013952599
1046.92227649851
1046.82484138082
1046.7627772271
1046.75494833671
1046.73857926232
1046.69799090159
1046.6642938859
1046.64210089041
1046.63371114178
1046.62028460463
1046.58813448544
1046.56534239142
1046.55164964915
1046.53044205443
1046.49777956614
1046.49758039062
1046.46337022884
1046.4608877164
1046.4577720309
1046.4295472197
1046.42491039336
1046.38999643804
1046.3641528883
1046.36140182045
1046.29800493118
1046.29731641703
1046.23124959719
1046.20863345321
1046.18089513693
1046.1801986886
1046.15782651751
1046.14195016514
1046.10331120896
1046.032305671
1046.01864889294
1045.99416748691
1045.98725021927
1045.96148078105
1045.90302540305
1045.8063093345
1045.79563601304
1045.78052270891
1045.77976023334
1045.77140424929
1045.74383169771
1045.74059953421
1045.73766694214
1045.71602052834
1045.70336151848
1045.70226129837
1045.68493693695
1045.66590276821
1045.65030789268
1045.64139617145
1045.63447695834
1045.59642364857
1045.58701557756
1045.55430068545
1045.52807955086
1045.50366246573
1045.49523502609
1045.47409732674
1045.44461673441
1045.44258527659
1045.43169854825
1045.42640137597
1045.38865026575
1045.37662543581
1045.36970337099
1045.33763772851
1045.32558835389
1045.30632008808
1045.30445746801
1045.2835577713
1045.27085880437
1045.24690405645
1045.19521248012
1045.16545901828
1045.15555098596
1045.14802118684
1045.12936115759
1045.12233054104
1045.09587541509
1045.0930314729
1045.08807332811
1045.08531253925
1045.04605226234
1045.02615955467
1045.02586908403
1045.02581278197
1045.00552501956
1044.97075957365
1044.96627222625
1044.94152972263
1044.93208334443
1044.91463975389
1044.9058694979
1044.87216713785
1044.85484229639
1044.84611090807
1044.84085612721
1044.81626077659
1044.81135107401
1044.80186569347
1044.776441198
1044.77194099608
1044.69234642164
1044.65069271984
1044.64505813252
1044.62870431184
1044.59312926589
1044.59021833277
1044.58098984599
1044.58072066382
1044.57343334513
1044.56820389661
1044.53358645716
1044.51906203936
1044.5108735902
1044.49688154455
1044.47031593745
1044.46900582959
1044.45544260642
1044.4539587502
1044.44611252851
1044.39368975515
1044.38326338616
1044.38237237631
1044.37285688114
1044.36558961799
1044.36351439514
1044.34467523247
1044.31973869745
1044.31276739747
1044.29483316841
1044.26017547358
1044.24582068848
1044.23693689938
1044.23100349997
1044.20046880045
1044.19677884377
1044.18480290324
1044.17309831292
1044.17142994579
1044.1660334767
1044.16316579117
1044.13615297044
1044.11304337505
1044.09540154264
1044.0880295603
1044.08415983406
1044.08154325312
1044.06392417444
1044.06019149488
1044.05772930702
1044.05091719691
1044.04097981537
1044.02225926253
1044.01444115863
1044.01159743564
1044.00954311207
1044.00657665343
1043.99909844516
1043.98817302639
1043.98643544973
1043.98593232392
1043.97371169604
1043.94177176353
1043.93427724902
1043.93002095726
1043.92973574223
1043.92756261645
1043.91281547997
1043.90435851809
1043.88911665941
1043.8843557959
1043.86089255987
1043.85770344143
1043.84779921425
1043.83280658666
1043.83246619717
1043.83125456564
1043.81995913781
1043.8017795526
1043.78172517762
1043.78115343397
1043.76334841404
1043.76014098129
1043.7531052429
1043.73820780115
1043.73065266088
1043.72155496557
1043.70882992038
1043.70276418428
1043.69350496715
1043.66519505
1043.66290635626
1043.66196447175
1043.65363757249
1043.61599385216
1043.61069849217
1043.59142614654
1043.58254365766
1043.57353577313
1043.55922937552
1043.55800089788
1043.54881226695
1043.53820810484
1043.5134455517
1043.50707462504
1043.50184619387
1043.49278515692
1043.48895638582
1043.4847873028
1043.48222972279
1043.47286221462
1043.46525477457
1043.46476576051
1043.45845163259
1043.45556101356
1043.44893830909
1043.43733744475
1043.43016497683
1043.4249349159
1043.42293201029
1043.41239236579
1043.40904413055
1043.38941438016
1043.38643114722
1043.38539172615
1043.3731295088
1043.36723152385
1043.35417631637
1043.35042186593
1043.34181598653
1043.33638695927
1043.33502477844
1043.33243924987
1043.32889604243
1043.31374452114
1043.30240261907
1043.30044011893
1043.29303974095
1043.28404389485
1043.26688874239
1043.26257532752
1043.25102130486
1043.24536681006
1043.24012597215
1043.23938564399
1043.2322780625
1043.22476815656
1043.2230254374
1043.21322167441
1043.18674509993
1043.17741749703
1043.17603453026
1043.16564077138
1043.16341749753
1043.16137020275
1043.15247764816
1043.15127764827
1043.1494027509
1043.14689481697
1043.14423294887
1043.1423245592
1043.134776613
1043.13076936604
1043.1293782073
1043.12539576703
1043.12362168602
1043.11931905303
1043.11027291211
1043.09779869726
1043.09639304376
1043.09326519794
1043.08659112723
1043.06469591645
1043.05043406937
1043.04960414276
1043.04707308655
1043.04180251144
1043.02785286942
1043.02208135377
1043.01853894655
1043.01808561364
1043.01765047799
1043.01064578178
1043.01061206946
1043.00659181711
1043.00172814256
1043.00049354009
1042.9982103538
1042.98027032295
1042.96076315349
1042.9589204705
1042.95779891731
1042.93704411499
1042.93287154939
1042.93114298088
1042.92825826829
1042.92095061103
1042.92040352914
1042.91815559243
1042.89769766975
1042.89602096224
1042.89506943821
1042.8943181308
1042.88992318249
1042.8844244844
1042.88259514111
1042.8687419249
1042.86245723988
1042.85255518266
1042.84986097579
1042.84356950972
1042.8403534692
1042.83520569705
1042.82774975623
1042.82642899937
1042.8238304871
1042.8186636869
1042.8178904984
1042.81239166637
1042.80570135072
1042.80308717303
1042.78723040986
1042.77007878718
1042.76823824423
1042.76779311528
1042.76542905608
1042.7615809211
1042.76143366503
1042.75279157664
1042.74609088163
1042.74601170434
1042.72960214743
1042.72899189946
1042.72611788755
1042.72298077911
1042.71974605839
1042.71713464852
1042.71005261734
1042.70926206797
1042.70443074287
1042.69953627196
1042.69514338749
1042.6932070006
1042.67436919571
1042.65534303067
1042.64276250265
1042.64018163066
1042.63863180848
1042.63183321018
1042.62947530913
1042.62687634457
1042.61411822975
1042.60712215639
1042.60006807192
1042.59717678874
1042.59627421899
1042.5884362547
1042.58498234368
1042.5755765339
1042.56956442701
1042.56436435561
1042.54946187048
1042.54286706744
1042.54184368877
1042.53945529729
1042.53889881822
1042.5325890168
1042.5244108354
1042.51902699715
1042.51530332007
1042.49999081735
1042.49593222546
1042.49086290171
1042.48974574771
1042.48439453717
1042.48098158184
1042.46870090179
1042.45830445678
1042.44716746272
1042.4411164037
1042.44021568753
1042.43993799652
1042.42956651697
1042.42250785328
1042.41937466858
1042.41652413746
1042.4018547996
1042.40136297093
1042.39820958511
1042.39803327259
1042.39554118552
1042.39256372047
1042.38313991568
1042.37108325132
1042.36716809845
1042.36016227494
1042.35039106968
1042.33827031948
1042.32937335294
1042.32687339136
1042.32570907586
1042.31465895028
1042.31355084396
1042.3110438552
1042.31044053238
1042.3048044688
1042.2978479285
1042.29563147357
1042.29390089301
1042.29338832524
1042.29299193599
1042.29280054285
1042.28953983033
1042.28289503291
1042.27734845374
1042.26341897085
1042.26328854852
1042.24834175439
1042.24799793511
1042.23335595188
1042.22299301828
1042.22122531158
1042.21699279268
1042.2167563265
1042.20824523493
1042.19914757726
1042.19365722551
1042.18395271847
1042.18390318975
1042.18085671105
1042.17603405306
1042.16780533067
1042.16584988403
1042.15571834366
1042.15339394919
1042.1482057184
1042.1355850599
1042.13477976754
1042.13004521947
1042.12124704653
1042.11021200647
1042.10778920034
1042.09608603835
1042.0905268703
1042.08813423259
1042.0681316684
1042.06400105904
1042.06305223959
1043.00456921063
1044.7215435657
1042.89324543854
1044.30253622095
1045.02273677408
1043.13613359506
1047.67669913432
1046.34751786856
1042.67876993701
1042.31311546827
1042.66377543088
1043.76900596875
1042.2784287622
1042.64432434417
1042.11474452837
1043.62473692058
1042.08337762354
1044.63323571726
1042.54260666228
1044.03222646122
1043.00672568861
1044.1907233741
1043.93486887273
1043.02991876906
1044.95942332776
1042.59898070672
1045.85042358585
1043.27333388404
1042.96791143371
1044.26034034614
1042.36507959672
1042.05839320168
1051.20046053298
1044.11630986886
1043.20560898357
1042.1049374882
1043.00441387205
1046.02416719652
1044.27410717793
1043.38355934793
1042.12728100398
1046.05384366252
1044.14056770041
1044.8990152795
1043.64903963435
1042.22688583542
1045.98372966317
1048.43338591697
1047.09470838154
1043.58917303828
1044.55204111671
1042.23905369904
1048.23307568429
1042.41652186895
1046.00525844793
1042.47592034862
1044.88899812231
1042.09487172098
1043.69402092479
1043.60713036678
1042.24146843997
1042.45799081225
1045.64946573211
1047.68308768098
1047.45462206939
1044.71309118193
1047.1765514277
1043.38283437417
1043.6879707522
1047.31694597916
1049.46866341681
1043.85771668073
1043.90588209886
1047.79041690518
1043.58612363914
1046.57799936504
1048.29225068564
1042.50092693522
1050.35215889188
1047.43238786767
1044.3159810893
1042.95565179118
1043.70237701827
1042.61356958912
1051.44356693862
1043.71002009174
1043.22879595947
1044.76567008748
1042.56397683094
1042.9054854565
1043.096614318
1042.21660263818
1043.5173003865
1044.2982922094
1043.18043734822
1042.93573927011
1042.59159218897
1043.98850069081
1042.50219328396
1043.42723159338
1042.56660308518
1045.35757909499
1042.76479140558
1045.49359313493
1042.39136321297
1042.74670553013
1044.10970972502
1044.73942829963
1042.3922691527
1044.10561284594
1043.19010507399
1042.71308287644
1044.35535226439
1043.12911457127
1043.56143012734
1046.53590524449
1045.68673016453
1043.08416008967
1044.95803377146
1047.10030191105
1042.10954044414
1046.16977507057
1042.23517100496
1044.88840578031
1043.73959837351
1043.19056764785
1046.21779960398
1044.80069554038
1044.6319784123
1042.1243704126
1045.7073293061
1042.5637066392
1046.69396908149
1043.82457394128
1046.12179528238
1043.72663935153
1042.66146993984
1047.76767605996
1042.16856336215
1042.30250498911
1042.56682077655
1042.50574978345
1043.74877650534
1042.87421517971
1042.14985714249
1044.91692700504
1042.5614004101
1045.08424870448
1042.80869217274
1042.28850521636
1043.16867519731
1045.14436889461
1050.29837742274
1043.92075882151
1043.21963807254
1045.85675084793
1043.3607918047
1043.56565322451
1042.67025661797
1044.58602129957
1043.87239224293
1045.97524423928
1045.6480813891
1044.89041713075
1045.87575480754
1042.66382811435
1042.44680523341
1044.11727799575
1046.94599040369
1042.2295758492
1045.89713692622
1045.11446904151
1042.24292059498
1043.9481316484
1043.86819696831
1044.59788211317
1042.62438173
1043.35350905172
1043.58280914173
1043.60819548553
1045.1493762387
1044.68941631611
1042.79935466005
1043.64012241946
1042.53057506415
1042.31296813948
1043.63736514342
1043.30106327958
1045.15582190499
1045.50480002648
1051.29417696359
1042.55538188592
1044.44569070041
1044.20466960037
1042.21895775425
1044.56619801502
1043.46753930593
1042.97834183314
1045.7699359125
1045.56354948651
1043.4034336503
1042.52674953165
1044.72091776858
1042.1622227302
1043.05006647913
1043.09959321033
1047.57568722397
1043.60220729142
1044.49289327583
1043.71688017505
1045.16245006758
1047.30056616558
1042.78448228492
1046.42275590285
1047.0452698972
1047.0024632961
1042.09167930147
1047.14944421784
1044.28372483429
1046.85336623654
1048.16277867151
1042.95076122334
1043.75353184418
1046.72308766739
1046.7858920371
1044.20823104067
1044.4522369675
1045.26920394387
1047.40766929409
1044.79325255446
1042.74385999577
1043.09950754358
1042.28468038276
1043.03244086236
1043.00217604218
1042.42313215906
1042.77526451103
1043.5140843707
1042.61509061826
1047.72992113363
1047.30479483519
1042.14902190918
1050.33161903006
1044.68252220149
1043.90354130869
1045.4219249461
1045.60695973568
1045.0639585843
1046.03846922934
1045.69070090563
1042.868552918
1042.88431827635
1042.57085239868
1050.39811763141
1042.2053179071
1045.56248175283
1042.91949923858
1045.78842144125
1043.02833971031
1048.48075420244
1043.88610964485
1043.93172438504
1047.34917929867
1045.06951802561
1043.24127513343
1043.69714319025
1042.70854378785
1046.08891740508
1049.74199121095
1048.17693338911
1045.30017335931
1044.34658516457
1045.67772976039
1042.05793304592
1042.47427706697
1045.14528633141
1042.24097685632
1043.59698596322
1049.68208324833
1043.76231581105
1044.4540801965
1046.38710391339
1043.59393007545
1043.76307390377
1042.49771210161
1044.79145907174
1042.55352594716
1043.41414804848
1042.47610017776
1046.55139567876
1048.98267912827
1043.22575594276
1043.66488189157
1043.02339163428
1043.02273961816
1042.87226848029
1042.25399097818
1045.88345318663
1042.7828495327
1048.35865720216
1046.54618471028
1044.6872028027
1047.71284320197
1043.20012124807
1044.65214042015
1043.59751502634
1043.92642957871
1042.65293896096
1043.85081291222
1043.84642870106
1044.59618858922
1049.62202747318
1044.38025889714
1043.73528528605
1047.00126062351
1047.84230486484
1046.69069765247
1043.11215327828
1044.71038970289
1042.42629294644
1044.90946012917
1043.43499856499
1049.11409377233
1045.51137972427
1044.12823681474
1042.88507991599
1043.52915513396
1043.85162085222
1042.44896475012
1047.47779493344
1045.82468895228
1047.1629523813
1046.27454550062
1043.77868745629
1042.21881429366
1043.43396232854
1044.90785759835
1046.20952192713
1042.99718421138
1043.33438458084
1044.22663236161
1044.08127497247
1044.20522773531
1048.01483789165
1043.57887585956
1044.50816887186
1044.62383327705
1043.67606273106
1045.04053886768
1042.50125328177
1042.13071501231
1042.39218402749
1043.56678470668
1042.80858860535
1043.41509812137
1044.32361153246
1044.5619633038
1047.99709034848
1053.26927599762
1047.25869386993
1042.29803408976
1049.20693381662
1042.24897720544
1044.46552440532
1046.70547868939
1043.15615967762
1043.10345597256
1044.05007741481
1046.70460429729
1042.18254586948
1043.93908918142
1042.60432036367
1043.93597096152
1044.4350911855
1044.05969222398
1043.72519035656
1045.45133289369
1043.40719501988
1042.38740542783
1043.41264120908
1049.69610954786
1042.73902776121
1043.0944030153
1044.29554870816
1045.72359979935
1043.72217344285
1044.45805947728
1048.87527912008
1044.71828164816
1048.17825801441
1042.72053138014
1048.48552861003
1045.61024415225
1045.14527165796
1043.91849417605
1045.26091630714
1044.09398340092
1042.21029816804
1044.65694258838
1045.45145440138
1042.89724327356
1042.42455927759
1042.08490712314
1042.41042075237
1044.4953684842
1043.50971767305
1042.16248181036
1042.74062980236
1044.56930340528
1043.04411898287
1042.09914276533
1043.37352477712
1044.14707898809
1042.33584699851
1042.94061830724
1043.4801031756
1042.83679950173
1044.04151492513
1042.87494924669
1045.71405922129
1043.79765097367
1043.27448739292
1042.80998080469
1043.12711114979
1042.16120345548
1042.17928876483
1044.06982778969
1046.31638786774
1046.75216937856
1042.60344672669
1044.60641475658
1044.5439516796
1044.78510378067
1044.62321031817
1043.68871049539
1043.7365691861
1044.3312685242
1045.85986600555
1045.81115356562
1046.6279199248
1043.8772358885
1043.59416957152
1042.54706115464
1046.25972012758
1043.17925713739
1048.08166488039
1045.13772334471
1044.16671586002
1045.02730664458
1043.7644902473
1045.7845173443
1044.66901806756
1051.7118345381
1042.9488095905
1043.87653435928
1045.34331595302
1042.95894060529
1043.72083898384
1042.92642618352
1043.40235173282
1042.45894442079
1043.13130755469
1044.90951277053
1043.46185147645
1042.65049973457
1046.99272525491
1046.64898349695
1046.39088328554
1044.88038329373
1046.01777929138
1047.27185529537
1046.06484979847
1046.66375383968
1042.4688392407
1042.61240134869
1045.63042379137
1042.80185584392
1044.6714190634
1042.07494840994
1047.3091472557
1046.54552989286
1045.14844673837
1042.3171977201
1045.28108077034
1042.22372232793
1049.10091797828
1042.30364534459
1044.35388001613
1044.04972975463
1043.89753432165
1045.92952810744
1044.27654835288
1044.64777621219
1045.53713456804
1043.8515075804
1048.68728997433
1045.43167806537
1042.21701057567
1045.01894322855
1046.73706354396
1043.0007712876
1045.72254635514
