747.017498207972
728.421013022298
720.998624038132
719.306345333943
719.275564651334
717.947623347512
715.788251439745
711.384185722613
711.365857857158
710.912543018174
710.912267855561
710.658405211797
709.425386859696
709.063339541668
708.987928385576
706.671242816591
706.663733578301
704.622575922442
704.064315100526
703.872071288952
703.809633733474
703.586455482225
703.28536383418
703.255960224161
703.188331451973
702.971380092714
702.918163586235
702.874917914957
702.812102934297
702.808135632396
702.807564110637
702.782402805586
702.757778005042
702.738589982897
702.736551631865
702.728735527739
702.723401708682
702.722508621157
702.7221521813
702.72044294445
702.718549454372
702.716059823243
702.710444240227
702.710007586475
702.701057437376
702.701056146912
702.697244629806
702.695959616768
702.695383435705
702.690116026383
702.68628290686
702.684265000704
702.683149921469
702.681133217622
702.679764283949
702.678182758824
702.678015531068
702.677478368595
702.673698195452
702.661250020266
702.661113369869
702.660519490095
702.654658636745
702.652472510051
702.652024562887
702.651954584751
702.650791325646
702.649085734079
702.649016149413
702.648835819348
702.647879444406
702.644747814648
702.64133194765
702.6383460886
702.636668687378
702.636196735618
702.635171572361
702.632340831487
702.630750963441
702.630586006174
702.629668103652
702.628830610025
702.627958663476
702.627325206194
702.625296386915
702.618871479365
702.618266743839
702.6177766145
702.61661038733
702.616534786801
702.614749182672
702.612387171852
702.609907604213
702.609467245092
702.605122493252
702.603285488338
702.602442842108
702.601546351935
702.601295550593
702.599773787303
702.596797957831
702.594514247254
702.591550956173
702.591404156758
702.590970815775
702.589852685408
702.589700069561
702.587922645516
702.584347467981
702.584043416317
702.582615587124
702.580044318342
702.57907145155
702.578129237531
702.57776899544
702.577536232008
702.577488990019
702.5774568653
702.576138702989
702.575937851757
702.573840943683
702.573025780075
702.572708097208
702.572536124902
702.57125741697
702.571191656295
702.570607052478
702.569787530152
702.569681166806
702.569344396353
702.568691632414
702.568678081981
702.568666063456
702.567832700647
702.567474417853
702.566842630258
702.56324389132
702.562950046804
702.562815589252
702.562615967347
702.562214391606
702.561401712471
702.560422609941
702.558415134668
702.557701586385
702.557578821273
702.557546312828
702.557147850175
702.556790441283
702.555082641633
702.554556193946
702.552496768163
702.552242559504
702.55210218691
702.549828562446
702.549325013352
702.548829451872
702.548494297505
702.546633098132
702.545151971901
702.545044702981
702.544591985577
702.544122138191
702.543774587517
702.543251046038
702.543205341676
702.543059632657
702.542984406766
702.542896470318
702.542291285502
702.542051002251
702.540504345872
702.539895940224
702.539213271644
702.539054649107
702.537524986065
702.53623626816
702.534901283805
702.534878082259
702.534299014262
702.533620193727
702.533472937811
702.532657337073
702.531469171843
702.531434889866
702.530788345122
702.530687069104
702.530409965297
702.530003539924
702.529244099777
702.529131408852
702.527599278443
702.527070971812
702.527062307405
702.526962336846
702.526674658057
702.525438796951
702.52507202927
702.524191824009
702.524111079507
702.522996499348
702.522885616193
702.522375731486
702.521530072131
702.521109191979
702.521073647563
702.520703849708
702.520092073924
702.51983248948
702.519030916628
702.517927876683
702.517008341575
702.516558226868
702.516256695297
702.515562144841
702.515040221778
702.51417646276
702.513847456147
702.512393626627
702.512186023004
702.510227164603
702.510085906291
702.50995637794
702.509402857693
702.508931196678
702.508582083726
702.508533505936
702.508217308159
702.506831585515
702.505320576708
702.50316200931
702.502846224707
702.502299155454
702.502018651543
702.501951840048
702.501534908399
702.499817974741
702.499319528391
702.49852395695
702.497459855985
702.496910139854
702.496805827917
702.494900975035
702.494644734396
702.494003175001
702.493866070002
702.492098050251
702.49206130537
702.491351569791
702.490768332683
702.4896834653
702.489005691157
702.488962475119
702.48813030696
702.486928206485
702.486524573491
702.485640855824
702.485470000421
702.485467121538
702.485438173089
702.485091568337
702.484470705049
702.484283136576
702.484026108738
702.483620619829
702.483472669001
702.483180219046
702.482991845515
702.482897205204
702.482318175553
702.482260078744
702.481683686692
702.481069669121
702.480573111576
702.48037096868
702.47922440129
702.478894898434
702.478497899152
702.477756161605
702.477357331269
702.477187458015
702.476709341857
702.476446630768
702.475733697257
702.475384105042
702.475217298709
702.474555153872
702.474547201532
702.474375730216
702.473117730847
702.472953514711
702.47241583447
702.472414002154
702.472237388473
702.472215326618
702.472134713313
702.470875819429
702.46983239509
702.469366704374
702.469147236767
702.467847517025
702.467686959552
702.467071903281
702.467028912308
702.466829540379
702.466358029681
702.46626227813
702.465856731559
702.465847153902
702.465476621698
702.465128327724
702.46503231159
702.464050926795
702.464027847141
702.463920039739
702.463804343815
702.463676537478
702.463460322339
702.462655150401
702.462480805548
702.462296248361
702.462194393893
702.462189807981
702.461940523889
702.461704264186
702.461146382257
702.460885143015
702.460400183562
702.460161776954
702.459833425453
702.45966219817
702.45958877506
702.459585505099
702.458958468512
702.458894760502
702.458025942423
702.45747431888
702.456244576716
702.455950782949
702.45558193674
702.455420633467
702.455415673814
702.455205335571
702.454910311219
702.45390249632
702.453154346277
702.453098470612
702.452968146188
702.452776071086
702.452076298301
702.451693700744
702.451672022045
702.450632261594
702.450515348256
702.450509183862
702.45045555024
702.450454095411
702.449661109676
702.449578489981
702.449548059996
702.449360640246
702.449336611714
702.449323014948
702.448932333388
702.4488071392
702.447795534891
702.44777810849
702.447310164548
702.446808017623
702.446744318779
702.446682895016
702.446519097265
702.446261691669
702.446100874397
702.446058496653
702.446006602823
702.445870508717
702.445211504779
702.444625687321
702.444183899031
702.443721434565
702.443593886993
702.44351245039
702.443404539167
702.44326756738
702.442691665765
702.442398139696
702.442128646423
702.441955043242
702.441603601645
702.441337991581
702.441272579881
702.440832713628
702.440661841465
702.439900052869
702.439855103446
702.439701316396
702.439417736339
702.439120887297
702.439022959043
702.43881862745
702.438299539515
702.437939682397
702.437765956321
702.436982296364
702.436422472579
702.435730473861
702.435445244257
702.435138186637
702.434804442203
702.434758387844
702.434569070632
702.433615793635
702.433187149247
702.43296505242
702.432663316671
702.431897316477
702.431897220466
702.431732566299
702.431016583255
702.430828398353
702.430686670749
702.430570136462
702.43046076156
702.430410921608
702.430402397252
702.429959521163
702.429816478108
702.429460830495
702.429157441112
702.428672449094
702.428623893075
702.428066263038
702.427952465986
702.427503451769
702.426563297385
702.426485253439
702.426439926204
702.426356368958
702.426265202971
702.425919812957
702.425822002797
702.425440597116
702.425085143755
702.424929155858
702.424546744201
702.42414928529
702.423839226411
702.423677410261
702.423536257476
702.423514158082
702.42335057669
702.423007878087
702.422033836705
702.421445273786
702.421325631128
702.421155812066
702.420816356342
702.420674721949
702.420666134805
702.420644419807
702.420099076482
702.41943171326
702.419003271998
702.418996925605
702.418969843727
702.418632870089
702.418419310246
702.418017171349
702.417990833769
702.417723117637
702.41746823643
702.417436190238
702.417101170194
702.417037865806
702.416999087188
702.416491937313
702.416455583732
702.416139325236
702.415875556469
702.41584288833
702.415644437617
702.415201909895
702.415048778758
702.41470227722
702.414228848753
702.413264006011
702.41321329788
702.412780384182
702.412232889053
702.411588021176
702.410644435031
702.410518344643
702.410030208737
702.40969999935
702.409683888719
702.409216150754
702.409173707286
702.537201533909
702.522888629713
702.69143147099
702.54089030308
702.445042896525
702.518634561079
702.462617754808
702.426685643375
702.508849190873
702.65878608278
702.612381306884
702.416085695365
702.594513499151
705.329232088027
702.54614362584
702.504726938704
702.502989616919
702.641535927356
702.433201407576
702.550197333803
702.431328007958
702.484762377431
702.542621609689
702.44545506053
702.627124995042
702.735352286477
702.611125959648
702.412568458889
702.431719616571
702.464680707839
702.415297059569
702.630519767527
702.55445300114
702.450708163585
702.413226190536
702.529677264039
702.638911887071
704.046332497159
702.540950527033
702.454294871409
702.455957562899
702.828905701777
702.565986072546
702.766392173941
702.816844593667
702.533440502597
702.44101850659
702.49385448019
702.718992270717
702.683400844188
702.458740392754
702.698927301618
702.457333193573
702.663327674244
702.609555362324
702.777087808639
702.634348694095
702.516256616306
702.681489281795
702.618956334398
702.42879313101
702.596037469756
702.440914305438
702.466990435271
702.497622060921
702.409822911648
702.517483529539
702.459360357137
702.455417512187
702.735157388756
702.422357998327
702.554827226769
702.763157968158
702.44813135179
702.708625067945
702.448240575752
702.538899666113
702.525511056341
702.578853223046
702.50813677894
702.441246374604
702.550843648734
702.499035099295
702.500387963368
702.480086189671
702.579688933146
702.434816499929
702.661071629936
702.504870421708
702.518458216159
702.512205560619
702.683715124928
702.449314307476
702.454124376259
702.409787062868
702.676674438066
702.413083538645
702.433332478048
702.611278793193
702.576480100978
702.529147202543
702.511479000526
702.600513406005
702.546350526544
702.410681725276
702.605255147937
702.456120652671
702.523318958798
702.486479636397
702.771843918644
702.444082745113
702.551204159641
702.425327542896
702.69573716762
702.489488639957
702.599054815554
702.54231161465
702.527991065966
702.752821769831
702.411920537689
702.422847130438
702.497819383301
702.423959443757
702.529400639789
702.503842379977
702.419798413465
702.887681347288
702.49024609932
702.753402300115
702.591265898289
702.431913708719
702.50899652919
702.41709687589
702.444328164048
702.540983923133
702.446660980193
702.490304963561
702.625032413979
702.524794512892
702.736974300129
702.574970636295
702.701059196574
702.409453942159
702.781482714508
702.747229029329
702.46548386361
702.448389526139
702.527175940252
702.632981456868
702.545605273362
702.69719940919
702.517553303498
702.544321638381
702.417549991271
702.432649590932
702.450487110425
702.587852047421
702.444138456552
702.457276940507
702.561445395465
702.535259296469
702.472634415903
702.661502278406
702.480880907855
702.645107548298
702.660607162759
702.580340688206
702.682097812821
702.488183209889
702.422551099498
702.600419522264
702.490612844151
702.558199645368
702.414695561606
702.547999920461
702.468664365243
702.567128218799
702.736173039324
702.536008070714
702.486714031252
702.450866203542
702.528933797726
702.47174104315
702.4358051797
702.434077204626
702.488756943843
702.471442674116
702.592077726654
702.592023756179
702.536310337382
702.551229220455
702.454786335529
702.536209056649
702.680746299139
702.449179647951
702.585102104326
702.42437293763
702.504137778516
702.451278162509
702.434343607149
702.47973464501
702.500197174086
702.69295755086
702.48754903764
702.411455695208
702.507770279425
702.677662851901
702.586339766174
702.473629543643
702.508643245839
702.542840848322
702.496998097274
702.610323771956
702.626488541074
702.557903220694
702.486194633372
702.512351764539
702.664352062997
702.498228353827
702.679057397314
702.43141096392
702.483733572027
702.492574741364
702.522903091521
702.57510674619
702.499773755663
702.556442637946
702.539686187416
702.547198546273
702.552712680673
702.468661903505
702.613147868122
702.554614612724
702.798652612071
702.558365910074
702.544567826795
702.441884888184
702.438365792
702.557837112033
702.937030646926
702.565987900306
702.611613551103
702.466734141003
702.688852219315
702.455966569063
702.410265744384
702.564534009613
702.509500329796
702.506623140402
702.412001046353
702.499136292256
702.599615182862
702.728089063108
702.488888495341
702.422066548242
702.620426125354
702.771825306227
702.443777295855
702.598021060353
702.488436691897
702.474583807545
702.690410566769
702.597745536363
702.560800733474
702.467141696544
702.435718666442
702.526765022097
702.459858500084
702.554372663003
702.571237701472
702.646447211632
702.657328646428
702.609876622166
702.521168418589
702.501224739033
702.502487778479
702.494017397942
702.636513501296
702.562508462017
702.530799401506
702.498144051278
702.507277476416
702.49768150356
702.632352641998
702.507598408867
702.437657784224
702.648164511821
702.637505002662
702.781946121922
702.592853601929
702.571613923477
702.67322604175
702.537432652041
702.492029691076
702.586920407442
702.56506575054
702.522871639358
702.417743107036
702.613446117525
702.485969723773
705.241252569572
702.604216838048
702.628278298077
702.524203614927
702.693140355824
702.669128440227
702.567880474449
702.550430083676
702.614099294083
702.532188964129
702.790615011711
702.750044282539
702.449167633293
702.526179864948
702.636531590869
702.53365251758
702.700250899001
702.454145657547
702.49941762661
702.453646689741
702.507081209886
702.458554276843
702.650979824552
702.484764303411
702.434577120407
702.650388820592
702.507974308874
702.414435410229
702.579183107834
702.431067999118
702.495401305249
702.504426352725
702.677747474056
702.491644153089
702.590077366198
702.518335633318
702.420520579341
702.417455044838
702.487337203597
702.501874572207
702.701429353848
702.445168827595
702.431807592248
740.933962936787
702.449492868168
702.492652222577
702.759279901511
702.701316677761
702.514711813054
702.431000888534
702.614211472319
702.598140197406
702.491861242171
702.436350449912
702.472156123903
702.417456549065
702.506051440502
702.421606080864
702.450833833744
702.547032608759
702.476842174683
702.545361067922
702.527129835355
702.429368178418
702.525689827714
702.42663010211
702.448220993488
702.625448112634
702.582766012319
702.637955400169
702.478647453318
702.589773269278
702.661110929757
702.41298913735
702.47378887909
702.575782978032
702.438545217168
702.619428213757
702.430930654558
702.561169058446
702.511894058419
702.426679156201
702.519200020255
702.515266001577
702.445997545197
702.415902986075
702.731717585915
702.503937231855
702.508893960005
702.580875476498
702.425706975355
709.529650199887
714.571797175776
702.521689607177
702.513311724242
702.568164177688
702.63633359197
702.550689136527
702.456283656785
702.623580116012
702.416442590718
702.433998333741
702.593248481221
702.610425642839
702.423820335605
702.483529248174
702.621139757296
702.544250705426
702.49919724454
702.419742803827
702.5527190311
702.450914312773
702.507576444974
702.713478583377
702.4829831403
702.522271905702
702.464926152405
702.68830686779
704.026395857002
702.479186785629
702.49029465088
702.413392753732
702.516386527753
702.448534541999
702.501760811844
702.553992034625
702.698173115101
702.595423859263
702.469995692742
702.479772576055
702.634111293753
702.525432111448
702.414233065486
702.445944836564
702.45881210674
702.606808628143
702.552594589899
702.841125461225
702.479794070091
702.422256735416
702.536557902067
703.088203792391
709.589079523942
704.465923488206
702.543404800638
702.4729216504
702.484495957249
702.663175468029
702.425607864565
707.058490765623
704.069843964365
702.715076422458
702.453995839246
702.487746643235
702.440006988327
702.580501352324
702.511800540201
702.522122158165
702.597661746297
702.426222288891
702.770269404422
702.65633304313
702.411880018139
702.67896710588
702.458498368091
702.428596263515
702.531676688985
702.617280909257
702.665841966966
702.542435784605
702.545610936821
702.415237172583
702.541833629296
702.558727436889
702.530714189081
702.584072658383
702.643876857074
702.44188180314
702.57316970839
702.634155770631
702.539544914099
702.416460891979
702.63012704926
702.476764036597
702.473703050238
702.437742618992
702.504628446784
702.696582897656
702.720623203122
702.476721252987
702.436353908705
702.437459432438
702.513639039014
702.481764494892
702.796222734713
702.557146946116
702.565246636434
702.472472859
702.434946921879
702.753079756418
702.537390198319
702.419656553611
