536.479772937344
535.802786872913
533.754112912212
530.144597519245
524.737463265225
523.436991570941
522.47342985991
521.507843287079
520.638091547591
520.463833848196
515.583343922137
515.286564672669
514.295837133371
513.422859819287
512.434335498271
512.205471596006
511.66191473672
510.952788331559
510.72112701983
508.423136661841
508.260829840016
508.224094269226
508.001864765268
507.706573052157
507.152478587108
506.467906463911
506.219853535556
505.152384026548
505.090805665482
504.989308486153
504.908813655772
504.716939373991
504.309418505718
504.132190226354
504.099681523736
504.062292476849
504.01038995956
503.689128923824
503.677562297619
503.264126743007
502.277857136239
502.052510050869
501.943443326532
501.898900795241
501.807545352252
501.644749687288
501.555115922716
501.49713152546
501.3576996464
501.335070564868
501.251677024803
501.221463040696
501.101038594652
501.071052649922
501.031847083514
500.90306285606
500.442576090748
500.132208520005
500.010853228294
499.712324046843
499.705226068227
499.56936040165
499.529723992077
499.417570433519
499.17852823763
498.917845649933
498.700640361326
498.659251670756
498.566153807129
498.342030303274
498.271575130567
498.231519778879
497.639528852579
497.533247647566
497.343996707867
497.297604253268
497.203441839996
496.849139866029
496.809819070243
496.569187047157
496.497808235081
496.365184257011
496.137252812519
496.077737747221
495.526262642922
495.452161655139
495.288649485242
495.038519685822
494.825470601526
494.803933489061
494.6622905895
494.59920727708
494.559719387498
494.392382145091
494.332812797277
494.316432406627
494.249791432645
493.892103108731
493.462519873062
493.180704366977
493.120269992716
492.856325368046
492.836288504666
492.808870843917
492.799857938274
492.602821096676
491.983953120772
491.656469622008
491.625577787078
491.281803856919
491.23756655381
491.236978913516
491.215379081875
491.2143240562
491.156992830667
491.156793806842
490.781908121002
490.753804666887
490.687387066923
490.594944228236
490.45254898247
490.421058862762
490.378517139847
490.360544196899
490.278012229751
490.257491015588
490.253408861848
490.247307932179
490.246011815825
490.116890129936
489.874555725272
489.836431897396
489.724237773893
489.60905718677
489.556934887209
489.475916451858
489.194762958249
489.188964150114
489.020069520672
488.941954697292
488.933701391822
488.61668942964
488.60039749499
488.53088960307
488.498153306978
488.261270595987
488.095812555204
488.021238133551
487.977191844196
487.664266141412
487.546922852054
487.483133429326
487.481431217647
487.454175827227
487.416866277584
487.328970127474
487.131156016394
486.990221912928
486.756288937527
486.686277359348
486.684230106879
486.507667177671
486.488540781613
486.009815966018
485.973272293704
485.845048653951
485.795253409348
485.776765519319
485.491560058141
485.476263205758
485.384025845218
485.298617553835
485.176141521732
485.160793262822
485.049235082891
485.048650734249
484.958317707575
484.875615701045
484.706503842577
484.608329630003
484.206801695495
484.14750902651
484.139462264313
484.117848201372
483.975545347297
483.928107108861
483.6058899393
483.320060188738
483.243772051598
483.19879358032
483.187076468529
482.95186993093
482.928757594046
482.773985040451
482.713872326848
482.665213789094
482.477668111914
482.46723549955
482.421624305832
482.296960107043
482.27563299401
481.977065400327
481.852206624648
481.790645617175
481.707401160511
481.663979945638
481.451431857845
481.354977756461
481.295495157702
481.275152603538
481.193293556483
481.121888205339
481.070911506502
481.041098502991
481.01997527267
481.001967607627
480.985878248797
480.97552400117
480.868258161236
480.808948587992
480.799144850231
480.775361132683
480.717762508825
480.644418158019
480.618359738871
480.584852576127
480.536923203684
480.515733332855
480.312143850116
480.310738474947
480.200247104299
480.077755633077
479.998346072221
479.918126003302
479.891490162148
479.57635184873
479.532090869963
479.309799075531
479.294492638245
479.224920845884
479.205113852662
478.856574442162
478.845521515617
478.706821955214
478.693450746065
478.465487428477
478.352852554438
478.294272050459
478.285348460935
478.239067264273
478.207668723737
478.141975429479
478.050706313591
478.023853413831
478.000079540251
477.992435798997
477.907606739531
477.883921012927
477.762648793161
477.704529547047
477.546756015058
477.333606338058
477.275132402128
477.183926152987
477.088901139886
476.933683053015
476.847470117235
476.696762851807
476.659824024983
476.579543363279
476.462360066179
476.396124120471
476.386146765459
476.29243305421
476.098293378995
476.037931829508
476.037325278707
476.012649756902
475.966404087763
475.945930852729
475.837898433044
475.79810589783
475.780373499002
475.767632727875
475.76372197116
475.638373486327
475.594589587396
475.504160052003
475.415613874023
475.28944597521
475.278641926861
475.257745976402
475.234937140029
475.163692613238
475.108076157342
475.026008049566
474.959466828358
474.825330744899
474.743454752883
474.728409959487
474.507037771039
474.497736316128
474.386147319997
474.251022178871
474.188084073563
474.116743843546
473.984395753505
473.946346129641
473.938152591721
473.918218573716
473.916225415197
473.886561446594
473.866125316398
473.857688563196
473.801286470587
473.654988189718
473.470274926218
473.434660555306
473.341907039761
473.318918729316
473.311512441102
473.287970019279
473.157743065809
473.136592693974
473.028937010306
472.844817710551
472.791474317486
472.770060794395
472.724663063822
472.712803413327
472.18492498974
472.155539912668
472.131949300542
472.128757548434
472.119500798543
472.066694801749
471.976332771491
471.789660949253
471.787541749352
471.706785226431
471.646376592943
471.636774329589
471.635205726895
471.345354696436
471.262905077044
471.240994978554
471.2080219135
471.174729370448
471.08372636911
471.03552424088
470.962095717896
470.957888556431
470.937620096968
470.77659232407
470.742657302421
470.742142241839
470.645280015975
470.519519577862
470.482166028212
470.413197595164
470.404421806264
470.400138490058
470.391130408836
470.381830493822
470.365632718274
470.329620487114
470.23906949863
470.203782081704
470.109881188214
470.108132514637
470.075279544339
470.072157955064
469.882580733639
469.841588916825
469.836517312851
469.685435174155
469.62428663677
469.570792738723
469.54969969735
469.396761473741
469.370440045023
469.34844644351
469.340523021524
469.249780616652
469.224963302287
469.162284538967
469.146394694055
469.091327432738
469.054258436562
469.037883399993
468.992036444466
468.924645977636
468.906321664781
468.901515597021
468.867394187994
468.842019854423
468.597532604042
468.580638051006
468.543018651502
468.540760388199
468.501713570382
468.492106487614
468.46464801935
468.344459029981
468.299877998121
468.274594982228
468.223458950644
468.21242299495
468.129187593384
468.128934233899
468.098385156523
468.053899809743
468.01103654504
467.972572049499
467.813027816087
467.481699700107
467.425133666888
467.423613887897
467.413705665893
467.278417123486
467.227374051021
467.202261609136
467.108350605335
467.061997281056
466.968743119676
466.902712665291
466.848409830132
466.825330238722
466.800041233926
466.737038331509
466.72617084582
466.69723866387
466.606905157807
466.566608513897
466.563498530737
466.487934826913
466.37327155088
466.360210267588
466.304419562494
466.296100673163
466.211773249221
466.209706808794
466.156051164691
466.154296297148
466.13436446097
466.118603771404
466.034219322786
465.952069717739
465.917218847997
465.722027138547
465.690183079524
465.555397811204
465.432642875585
465.406601946679
465.386801607393
465.353296376358
465.331924842487
465.32908749795
465.22511213347
465.223556820182
465.072254011869
465.058804342259
464.960185341549
464.936913417775
464.858049895447
464.832586587462
464.811837889281
464.757426921282
464.756973892886
464.756369826561
464.617080325934
464.580236565815
464.526540048068
464.468149046494
464.381433499089
464.365021318799
464.30243429047
464.20730551354
464.1786034743
464.13616521696
464.123545229452
464.005180284331
463.998759408532
463.995194904496
463.991747268925
463.970642836685
463.955671821171
463.925274061602
463.850664057802
463.850483589466
463.841354927494
463.812938401897
463.811958903973
463.794454148219
463.769517746848
463.700038745447
463.625361423407
463.544667315139
505.026857326111
525.67535083477
468.039984695664
512.344785162786
472.753122606639
483.595204040572
494.013304053901
499.308296205115
465.338269895902
529.829648570354
464.168862275064
471.610436279434
470.118824540935
505.888860714222
479.405118108555
502.892922163819
468.905532072853
478.005539837735
472.404876062275
488.293416337919
466.535408939657
465.14921609361
500.530950366791
490.515873947339
476.478135296308
502.219457749879
465.31928764931
472.686399323096
475.604441355227
467.845788661155
498.819103151223
493.736268794241
466.601001717097
485.013529550972
488.653705589373
467.019294113213
474.901032646268
491.537601605061
498.78510251229
473.228357934573
476.8807912797
484.494103127521
486.353079546906
470.718212470483
473.982258825069
528.955468657186
470.351190524679
482.146706432136
492.543203522524
473.603239562124
528.122164635419
500.135051109745
488.025022194586
469.999785637136
488.786409165123
472.632771530307
480.59591887338
478.649334180383
475.070646309572
468.851400954904
487.779938381765
471.313368304996
477.679290375553
478.275463614761
504.972563799073
470.76811377607
477.641661506274
484.438152368501
493.324764194712
472.907425868752
473.300925271425
480.625499776007
476.884868174247
469.243886924842
539.12771917318
469.806440686273
483.750055012469
475.125600365467
498.460276860544
471.261745307716
499.297060193372
496.596200424542
507.068446642834
494.514569134436
463.524087823168
484.19409168132
485.254503585666
479.09945658903
467.918304828355
491.747241967499
484.077821124402
494.165770353154
479.844163432564
481.48781992759
485.952427918356
472.142209701926
483.653116590495
499.075139416009
490.640520408766
480.820941398246
470.008812428413
481.911838407956
522.881837849854
492.498807873839
523.526173057281
482.232612258531
492.984258522599
477.116585888822
511.280748368571
516.657337394675
495.843420865637
488.012084135575
467.486360804788
479.320873143086
494.87533397985
468.359910741885
512.208390039102
513.357614981848
481.990800659505
469.640622735918
503.908692453204
464.711245757562
506.678415918483
496.864398076122
482.248726672254
471.870500002265
465.57113203077
471.873299150938
502.276303848101
468.447199998748
490.536684103544
480.618864119195
485.95805817512
476.905195220476
475.147898223905
467.5384146365
484.955723726017
477.135028596431
464.149843026001
471.891581568679
486.536850757115
472.106497184644
512.770244012341
476.92004443492
491.084905764669
510.425559395486
475.857841399532
472.681384214894
488.132413280953
466.976839329937
464.668656137722
466.063107387648
502.856646843067
486.222028511433
499.098880040797
484.23677013956
466.973372592941
509.532772375853
482.144922075724
485.074052391426
490.387883204734
481.687400420385
469.824277291725
485.295963059492
468.778700380659
505.613629869971
493.780237280555
492.174482649439
503.568246492003
475.046428471199
511.864748653678
492.581446008948
476.105351466968
485.50737189465
482.424942484814
466.645102227497
469.376447817775
487.52122391687
471.422458219062
473.121807549183
478.757215035954
475.650297668613
464.571040284203
490.958428244894
470.980963486249
469.652905852645
485.583243345391
504.396642691021
465.575195911904
470.70268128828
479.045951451725
494.216626180922
498.143019320376
465.3316514231
506.757167083915
479.259704450756
479.556101204889
492.163947647362
467.641934261941
478.374617876964
488.396352955409
478.749082602532
466.210598171951
500.291555219339
471.759371755487
495.999876039386
483.642966071193
495.641152052625
479.533071606535
473.6470593002
482.868219175985
464.445202899238
476.35796270616
472.064350193031
496.946680893499
486.210837053655
488.695021791793
469.791173870389
489.233754628005
495.657261295516
468.952119459344
484.258750238282
517.594981041897
515.872567105605
522.91346136443
497.690777850517
476.075957235304
512.556484570811
510.437572810863
463.653834573239
494.721594799763
471.404046500295
471.320338286598
483.476003269306
498.884425004609
469.853429202362
484.902588446536
466.689183584187
481.367598935071
491.89555335074
463.809072582245
466.841672491399
468.613027198634
501.47761880799
466.260030064523
492.886309678364
485.702947407108
469.546033147185
473.389994654456
481.452503285892
480.783758837483
516.528520700708
467.007534153381
474.069868024269
487.698984162035
503.973572494341
466.750940198196
482.008388317054
473.012122334412
513.419379709213
492.097419731745
486.930089384891
506.740869951634
470.959840563464
478.359435274638
479.156951312192
485.488505155982
521.32993430752
469.661469359057
508.96671944257
472.061722567741
467.906282841323
484.071537898001
535.503424627523
511.182046551538
525.132616805648
536.534733243089
465.174166551261
471.591766092902
481.320202173455
471.191116659323
523.421944906003
495.136495647552
484.854943362418
521.248732636535
498.711375669968
493.40612567503
503.805912779526
486.637708878731
466.688859975245
486.273949501623
533.75408024856
463.865039610491
486.423909514781
482.36321556532
475.283499269942
472.32670162449
478.419690112035
516.104733571681
469.859280744637
472.910605858749
495.2447762467
476.832619930624
496.308985321496
476.288081658427
493.835811085391
470.61393858763
464.756664213813
478.497747204142
477.652015169185
483.919601911055
503.271601050635
478.822363052132
467.064790371112
479.552321269702
477.735447796935
465.565777434521
502.962557656873
464.730963068746
476.361064691151
471.626123531132
512.14441952651
487.022078984382
535.525827057784
507.577516449986
470.814349400394
466.865731247444
498.740428989406
503.26138314093
500.830346323929
472.539212494322
471.156503757879
463.68356716002
465.17619466517
514.26893505971
471.791165681558
486.925631928113
489.360975435992
477.915232688797
479.2140250832
477.610710140846
482.634630206422
468.851572361871
485.92938418674
480.866891992221
476.330988880947
494.517116213848
496.217706631804
466.558863127249
532.125162127835
467.134040813265
513.695242519998
521.741610052008
497.130820959178
466.324603365414
471.966385605985
491.308674870997
482.956171824497
491.822218450508
495.815709754408
472.856369525106
464.311680777281
469.538220065894
466.559739646036
465.099250594476
483.441655545892
548.67086537391
463.614096979853
497.677608626403
479.393469268977
464.010218770275
484.260767857397
502.342556483176
497.501452360296
487.457367263702
465.953664500097
463.791457680476
477.330685983783
486.241486462651
491.37036455579
471.508753527275
475.609932604244
474.517464473853
507.625612697933
507.293766812579
482.583587662975
491.150476494326
487.078274073163
471.372929860935
484.050469412194
470.844407869512
487.194487573907
505.852407505139
487.658409016279
485.661447532259
485.121492943498
469.812617871163
490.763226567953
501.139033517277
470.207331701144
464.332622830232
485.411510320633
502.972860048363
475.704657270705
495.576840842338
472.687988402005
477.743302308197
478.180990914781
496.58181676352
495.285589824313
470.590291302545
492.380013436572
465.623213585424
464.365990983078
464.230263481042
493.646435497546
465.534688576206
473.921025829356
504.677284878979
501.097742588105
496.864515183288
464.729504878076
476.209801365603
478.381982713311
509.792126747831
481.908478924574
469.972452342645
481.553233177984
490.225402152854
473.488277430779
501.017282756549
481.478964193167
473.204687493975
463.899397791095
473.338427182682
488.279952896692
494.586041867147
467.812585091151
507.521421455887
464.732063648961
549.026868295398
491.835446130016
518.18271314568
482.157082998488
485.4043438309
486.653821331923
490.062498852077
466.484059999425
466.230084012204
474.394373825084
500.804032700059
479.045682651096
483.583527822457
495.156966245074
490.913434093196
466.48653037475
485.519726153054
481.692640871319
481.541713306979
467.735138289168
496.246301968227
495.330275635899
467.709357244461
521.457828400257
487.701711820726
476.184879209555
493.553161420716
474.120247742906
490.816149347196
470.588227955362
468.268317367523
466.450847791307
472.840526185197
493.100125554614
488.286834848727
479.017824599579
498.341319425134
519.401662819441
465.865223888363
481.321459051287
486.153682969246
464.746492276248
520.222111999107
463.781616009674
469.480179457008
515.427711413671
469.911849839626
475.456582877422
526.146357807577
477.521109152305
488.820302346309
494.45830155695
504.786186831858
505.623040093666
480.152939546132
489.053750404093
513.312340167669
465.864138763141
466.954616845513
472.296743374121
495.959518562243
493.737200544019
