701.702429008861
701.598440880351
701.413125668192
701.406326864317
701.397444453535
701.390489381002
701.364446978979
701.361119280267
701.320601916957
701.313137295189
701.301204321869
701.299257713592
701.288148005444
701.285034148706
701.282242008015
701.279767504453
701.272029042644
701.240894323572
701.227743345448
701.220302492505
701.211067032977
701.202587434079
701.197053483781
701.193539806375
701.182516551976
701.180404275116
701.177232584049
701.166933163838
701.154968746762
701.148480017921
701.144135839314
701.140431864582
701.133120796478
701.130053810971
701.12167952374
701.076560321305
701.072015254536
701.062365885135
701.05932761123
701.057324879392
701.057233488927
701.056075883987
701.052715759356
701.050907102016
701.049910582199
701.048559723812
701.040870298486
701.038325354237
701.032094436291
701.014294236306
701.011865612042
701.007841044397
701.005525584308
701.004077220508
701.001773625243
701.001243098958
700.991011957368
700.983456627322
700.982573875735
700.977488081242
700.973570956734
700.97245010452
700.970618882514
700.962128260308
700.953244165459
700.950931168748
700.947399747338
700.94529861528
700.942930296032
700.938313874623
700.933374092564
700.931072100661
700.92467364446
700.911611411459
700.90700702367
700.90436455124
700.901360634187
700.894557047876
700.889704012451
700.887925111027
700.885256077884
700.880228180988
700.877839271396
700.873939874333
700.872597301935
700.869038470699
700.867456335664
700.863811009258
700.859936036389
700.854482343131
700.854098352069
700.852369087535
700.852170653584
700.847746319223
700.847449563825
700.837452168148
700.834500405601
700.832209509611
700.829790179137
700.828421115049
700.827528281619
700.815922925394
700.815816159439
700.809950761213
700.805794131065
700.804761704069
700.804685954482
700.800926727042
700.799854655169
700.790246760083
700.790085694475
700.784640497416
700.784086117527
700.782531051861
700.781756773967
700.774652234231
700.773812261589
700.772687481446
700.763271041435
700.762318170112
700.758718724812
700.75534474507
700.752182294878
700.751744730071
700.745898417982
700.739366123524
700.733786046539
700.730130727978
700.728390616347
700.728186984053
700.728093726962
700.728076837794
700.727616914901
700.726481271167
700.725911563055
700.725861593166
700.722334587395
700.713655663325
700.709263181167
700.705822955222
700.698380669315
700.684202769735
700.683103993384
700.682402138002
700.681864343668
700.680155352214
700.676889043577
700.675858320411
700.673296634817
700.672919538721
700.669529008057
700.666293393966
700.658882365551
700.655199086089
700.654884010109
700.651735200418
700.649335650407
700.643356912398
700.641653769468
700.638679442535
700.637742498064
700.636476895632
700.634976366594
700.63408868005
700.633350059706
700.631298125938
700.628733949602
700.628704653243
700.62526177916
700.623753464325
700.622102145395
700.618834115029
700.618689244269
700.618168497515
700.614245030878
700.609796531857
700.608810874357
700.60025959455
700.598869846857
700.594634527323
700.594072916216
700.593959784279
700.586642369359
700.58636873616
700.585393780397
700.584678375924
700.583222498053
700.576517217702
700.573650951091
700.572891335109
700.572318096235
700.57118221263
700.569301097852
700.562331506765
700.561670002551
700.55661067069
700.55442202836
700.552535007466
700.543851002449
700.540326174876
700.537722492252
700.537318988595
700.537232592803
700.537202977728
700.537020195318
700.535001390368
700.534515015367
700.527575243884
700.52218929046
700.520950598652
700.520516906679
700.520227996382
700.518685255819
700.516170891484
700.513897156191
700.513690961345
700.512325570896
700.508826580346
700.50242647435
700.500536217337
700.499104410604
700.497963065669
700.493129936236
700.492374298534
700.489921643796
700.483889733781
700.483143013061
700.48300659644
700.482692443175
700.480671041552
700.480413888147
700.480286980162
700.478805665476
700.478328348988
700.473770793266
700.472282161834
700.471921127053
700.470308744759
700.469541468556
700.468244485203
700.467770110301
700.467650070285
700.465728854811
700.464681815766
700.46225909725
700.461547221874
700.458812130336
700.450235428685
700.447923140792
700.447421631774
700.446332914511
700.443921197751
700.441942660294
700.441682142719
700.438942902175
700.431711789082
700.431253172527
700.430030143038
700.429272874803
700.424700201593
700.42385934129
700.423104598936
700.422822829641
700.420480334172
700.420430825677
700.419054539013
700.41568677641
700.415347612639
700.413411056673
700.413268096831
700.411841733849
700.409433330222
700.408065466164
700.407349808945
700.405740897991
700.404955577825
700.403660395406
700.403183439929
700.402033769545
700.400232902197
700.399794489019
700.398371964294
700.39752070967
700.397015553282
700.395005713325
700.393508425212
700.393456447762
700.393390952385
700.39286143896
700.389271966346
700.389151969322
700.386786098221
700.386518096052
700.385725564752
700.384099964129
700.381489046583
700.380941771662
700.380637428876
700.380471527596
700.378179904544
700.377424671082
700.376610816268
700.376050327272
700.376047674364
700.37567686031
700.375321872077
700.374515925559
700.374488814523
700.374004343489
700.371616584691
700.371303875128
700.370221975321
700.368397076133
700.36775245464
700.367313961721
700.365925518242
700.365380670161
700.365152745503
700.364392944148
700.363568529851
700.36327108456
700.361575256567
700.361450617533
700.358571955247
700.358091262904
700.355725753164
700.355389040274
700.355104568747
700.352361476209
700.35029917498
700.346097407049
700.345297859955
700.343945207377
700.343442860275
700.335691759719
700.334472685349
700.333781264366
700.332942452291
700.331903818318
700.330466331122
700.329284414078
700.329220737208
700.328526272556
700.32775617852
700.326380158076
700.326130717428
700.324510962284
700.324479015746
700.322427307893
700.317938376059
700.315152322321
700.314532598814
700.314221977354
700.313353857515
700.312802153139
700.310985562865
700.30909450811
700.308336771113
700.306520010658
700.305279297772
700.301906108607
700.294316351103
700.294169475717
700.292079559022
700.290946087126
700.28310420012
700.281682516583
700.280371743732
700.277317806049
700.276201304546
700.274495509977
700.273620519345
700.273412652939
700.273294534572
700.270089832573
700.26963004328
700.269036113142
700.267261514772
700.266449655719
700.265731189563
700.265658276908
700.264763071566
700.264699049846
700.263875186744
700.263480858519
700.26281503942
700.260969325234
700.26041334728
700.259772123037
700.256354503132
700.251640532139
700.251089184156
700.249616158791
700.247815746596
700.246302100687
700.245928775551
700.245684472223
700.243280210292
700.243178804688
700.242285358807
700.241317154608
700.24101778295
700.240453982101
700.23877530202
700.235141169874
700.233409584772
700.233084547703
700.232427072441
700.231693023527
700.230370514076
700.229251825608
700.228059128222
700.227773259629
700.226675276993
700.225337645563
700.223082114222
700.222801631804
700.222367458404
700.222060530477
700.221383405581
700.219474325564
700.21778487068
700.217530496281
700.216960480118
700.215331928072
700.214438599878
700.213604574675
700.212231921836
700.21048124394
700.210077966363
700.209285712843
700.208377100685
700.207378083536
700.206277401731
700.206030453536
700.205403047132
700.204727343171
700.204246903594
700.202084418288
700.201796954253
700.200942502208
700.200713238736
700.200076898977
700.199992705099
700.199687947816
700.199036314577
700.196831515258
700.196186816048
700.19600443029
700.195458282122
700.194874464128
700.194554653801
700.189906466321
700.189754741809
700.189507410857
700.188969638653
700.188363099087
700.188231488292
700.188210819769
700.187534883456
700.186223703341
700.185075056206
700.184606344431
700.183463363766
700.183103799535
700.182388383732
700.181505298063
700.181296357404
700.179665995668
700.177850514557
700.177130636517
700.172518052911
700.172149849872
700.168221161156
700.167879898915
700.167402130551
700.166274840445
700.165937324001
700.165701385903
700.165569397058
700.164561944985
700.163649045512
700.163464476615
700.163014905961
700.162926197491
700.162336771652
700.161785051588
700.160784913215
700.159838537813
700.158534238789
700.15825263406
700.157203227592
700.156423676395
700.155598965321
700.154585835148
700.154386863951
700.151837504309
700.150181267224
701.1339589865
700.235154590787
700.692346961048
700.369295420481
700.394491762026
700.636673950572
701.084445732869
700.279563113978
700.881394063004
700.660403467644
701.483727264821
700.51457684071
700.859947930522
700.62162995218
700.348315127991
700.221145820137
700.484035216587
700.764603303028
700.73354069145
700.577149222593
700.924195367623
700.396644262984
700.378390180851
701.046894489366
700.942706949064
700.264084698401
700.205107827622
701.246852553532
700.585676824582
700.234940843033
700.213511221832
701.335856187409
700.965329807022
700.361349036387
700.452294537388
700.758681263609
700.276777557544
700.309385655168
700.486305172182
701.249048829632
700.996204307343
700.380931894253
700.733002401488
700.247033327807
700.237162813629
700.486939561808
700.219296838206
700.26023571473
700.238052593421
700.532283610212
700.410266803002
700.175364815908
700.24837925569
701.928271231649
700.152071884063
700.615786251109
700.261220477034
700.37584649387
700.456340025407
701.347489120818
700.636117246166
700.937925233388
700.929118561297
700.603796486523
700.366459718504
700.749104926874
700.799043005831
701.535177386507
700.857373855854
700.639444186359
700.852395631864
700.457553300708
700.871974686619
700.206961391497
700.649298685851
700.479370476511
700.580133709147
700.67624481695
700.326192378799
701.193847605805
700.262123740795
701.185111832574
701.203720288202
701.283761606916
701.025428669088
700.183872445893
700.36589604326
700.600747446951
700.430674674166
700.372979360339
700.445206206654
701.447268022394
700.656445004278
700.781026943367
701.558410779979
700.676880943188
700.402316671757
701.05412280351
701.25136023259
701.253863149878
700.160435581112
700.20429311792
700.704605713576
700.828806571766
700.450186682637
700.467868687847
701.117178847597
700.206324134182
700.276260739402
700.50322204799
700.19054430886
700.935973413959
700.269059470968
700.684253298857
700.166468166742
700.555337977692
700.58932257865
701.13360396962
700.402139531668
700.725086638355
700.285948766485
700.483646819532
701.575408376724
700.973701592925
700.799058446405
701.473079632523
700.513635665137
700.468855609274
701.374190210662
700.636612713347
700.2878165277
700.24709779685
700.201468513835
700.347609539696
700.419598255335
700.519229965686
700.167413187644
700.962276690839
700.223538627582
700.962852180013
700.335348569834
700.305298287951
700.596296290885
701.323538704005
700.838225357234
700.442822855478
700.406701948078
701.50622420842
700.847446339262
700.477732480642
700.343807765104
701.258398078892
700.964201353765
700.168864043398
700.616102667918
700.784565763179
701.158467695729
700.976559621031
701.181882712955
700.24455910677
700.529016181948
701.447505279879
700.58198292241
700.307850236057
700.370375468526
700.44578923407
700.731386874502
700.307649893901
700.290487126175
700.222274536222
700.304358277347
700.498280608899
700.901311619098
700.906133174569
700.571507796119
700.30724893197
701.443575285365
701.047014083186
700.410944233547
701.093418709311
700.24438073916
700.195517501811
700.573341886503
700.431240626187
700.286435306011
700.607603583143
700.359383282239
700.283472099974
700.279355535784
700.400800213338
700.370620629733
700.548253403824
700.159820213035
700.624666466045
700.285164579293
700.348289088476
701.581876402453
700.210064491855
700.681469717601
700.294967818442
701.062038756787
700.818901170516
700.737902950754
700.844781446801
701.140950961224
700.157397705651
700.212233022446
701.505533254966
700.97923477567
700.542318591143
701.47370544172
700.674856681673
700.365659607543
700.668678217025
701.212287977465
700.177004635327
700.939193765245
700.203676994677
701.228314815419
700.268315269229
700.17290760891
700.718478244577
700.852771057768
701.152419328503
700.20618648225
701.141613023489
700.633321614804
700.193931372575
700.944932154629
700.310107892986
700.32127517147
700.392100937613
701.005105139696
700.277387233899
700.203816028877
700.228003847519
700.530406359851
700.254544200912
700.321512449298
700.505504729025
701.108961602853
700.382580696364
700.735515747293
701.52800347804
700.691867367235
700.576289960222
701.315804715396
701.451848332673
700.557833760274
700.242400539095
701.075615728568
700.827828768461
700.200531444895
700.260429265839
700.651558915999
700.722991454825
700.88915456666
700.839682742812
700.964075952117
700.806878301586
700.684457351944
700.696097399413
700.192154210752
700.351506870788
700.823329418627
700.521490187357
700.46323525859
700.348256413567
700.483757002572
700.337883044771
701.339726587387
700.25799923872
701.018380230041
700.84174144281
700.961406405919
700.350590410964
700.389622804688
700.826522275701
701.442586442088
700.675113660941
700.470878115529
700.417584406086
701.038570238346
700.203519411355
700.673162811587
700.153918013015
700.530981429641
701.354429737084
701.177459539994
700.187529587049
700.384407733104
700.565682162944
700.361177847035
700.360107301779
700.734097199002
700.482326620139
700.496577194689
700.99411761859
700.607520151168
700.203859902852
700.210172022877
700.249796264128
700.933522819049
700.664402818743
700.285359430234
700.176085471295
700.341666745784
700.664589125064
700.463284573378
700.407655161191
701.229866817679
701.738594031667
700.526634170334
700.882749983287
701.402854822418
700.483155668998
700.773087933081
700.497269429482
700.460081363873
700.533474092672
700.789566956923
700.59019958773
701.550711406248
700.268666544566
700.982077508323
701.281946934868
701.066073306462
700.311961421194
700.338318029749
701.023298157768
700.32720654101
700.640929919744
700.869999984518
700.358400682927
700.345870637774
700.949685031743
700.236958857727
700.929133038598
700.207855455703
700.30773191712
700.861943315106
700.736071430227
700.195515295059
700.94360986481
700.255724906638
700.171322902787
700.963573985378
701.242349191602
700.347025724451
700.952626634033
700.502454041158
700.326344113853
700.433204942804
701.036507070181
700.305483259895
700.59166543557
700.755328762481
700.989467112528
700.793652838228
700.602594871933
700.815028256178
701.238653394548
700.547318127951
700.734946816185
701.171286565409
700.899272127459
701.219241458415
700.636396810385
700.503824271856
700.292917659072
701.169446662694
700.462941671401
700.360955496346
700.24168653319
700.429064042653
700.507934979238
700.713467684863
700.972197362718
700.304132767226
700.155407608586
700.436650923835
700.951499375946
700.548449331401
700.698125533146
701.316991926112
700.505910214499
701.162331665265
700.947105541745
701.025548758511
701.158344080373
700.302783228447
700.914555013234
701.176231005425
700.597136617196
700.811622417855
701.112581948508
700.394033385539
700.815013330612
700.20189128187
701.194315557109
700.959149025116
700.888492504592
700.918613484498
701.288914729319
701.110477385966
700.235110070428
700.909727160629
700.917427367719
700.630283833318
700.497884023907
700.546885590579
700.185040075792
700.257902032868
700.185751867027
700.35656253929
700.905797238745
701.443506542802
700.255149792134
700.153922577219
700.329522007506
700.413219281132
700.247047923724
700.830612683621
700.160369431755
700.911538526171
700.356162354245
701.009725780023
700.369380965881
700.365524078938
700.26029406466
701.125595270205
701.775316996646
700.259829102038
700.761070096245
700.215021048006
700.647786175294
700.456306051285
700.780345597745
700.560352492148
700.972895631998
700.485225970921
700.321624539844
700.516566554219
700.641912204731
701.305164629227
700.507595691723
700.33355265789
701.125521040911
700.69061562703
700.68401505076
700.941086720454
700.222733827871
700.545284110863
701.165848867073
701.209987947291
700.891643328797
700.919845849696
700.159876049461
700.690899252369
700.219803857647
700.200107880029
700.994236040085
700.332234526089
700.216624320051
700.83999327846
700.771140423804
700.927330349836
700.608492824467
700.815176979723
700.662782616158
700.680015264765
700.253956997687
700.352399496687
700.602882350006
700.583247965721
700.865493825078
700.816661109508
700.32783701661
701.451872083825
700.653790952601
700.259191977069
700.48922992685
701.023141169311
700.25738153246
700.240005600556
700.542525110925
701.05676282061
700.608760029662
700.72185573482
700.497136276662
700.658841731533
700.587371485009
701.083857443415
700.600484347818
701.190372982775
700.335480195669
700.552085315411
700.82862124377
700.365641202089
700.568839104405
700.797585562111
701.500396012703
