700.222801631804
699.909785676338
699.833862436767
699.779045031063
699.735482663511
699.682772156366
699.587443935756
699.57898888556
699.551549069823
699.527462292253
699.518174843654
699.461200257728
699.453710170602
699.436023698627
699.420954403131
699.415986261998
699.406120301691
699.398601114207
699.387584322769
699.342207869546
699.342025125805
699.301345928978
699.300639970897
699.282944192372
699.282374677852
699.267850536689
699.2653043338
699.258006242711
699.249551921435
699.247362610632
699.242127717014
699.24101831887
699.240381316886
699.238050387365
699.236979159268
699.233215588375
699.222949153271
699.209398103958
699.204592780471
699.177897338908
699.176927774163
699.17646743328
699.175209162468
699.153176407462
699.152491860042
699.151793080758
699.146578244603
699.131672637669
699.131482674987
699.122524767658
699.107163718274
699.106453931198
699.105391947548
699.103674254405
699.098228084586
699.096088175135
699.094708370981
699.093397781209
699.0864623722
699.085230123281
699.084653463795
699.082016639736
699.072829679311
699.072476829856
699.071581142896
699.069779719264
699.066619026111
699.059118997572
699.047573457968
699.044859502832
699.036239341443
699.033164089495
699.027925830392
699.026655399651
699.024243463098
699.023947141098
699.019363961009
699.016635368254
699.008332421538
698.99713346358
698.995765463829
698.993543636413
698.993094542066
698.992532413411
698.988030140376
698.986294280223
698.985646044349
698.9787260572
698.971449963298
698.971275357246
698.965594304413
698.948387798782
698.939174778981
698.937487226839
698.936260619575
698.933068361716
698.931953660841
698.92635729083
698.924252217577
698.923495943464
698.918604999409
698.918085467985
698.916969211115
698.914615799613
698.912645802097
698.911485100164
698.907962546217
698.903725095347
698.8957890351
698.890727516878
698.889869171407
698.88708603587
698.886940113294
698.886518572148
698.882961127398
698.879963316463
698.877705694051
698.871643195316
698.869960875857
698.867496609563
698.865984007457
698.865247661666
698.859679685711
698.857007646752
698.856985760502
698.85623463445
698.854912775855
698.854473217094
698.854249572527
698.851279514935
698.851097426681
698.843489737104
698.84190954394
698.841624996071
698.841482334492
698.839969528283
698.834665453563
698.832815202573
698.831847024811
698.830761202579
698.826310203365
698.823872531233
698.823559764253
698.821129993337
698.820485615682
698.81961831857
698.81946240765
698.818800121912
698.809269901944
698.803079287444
698.802814028468
698.802257318458
698.798311611466
698.797693255999
698.795491164007
698.79097082854
698.789436727395
698.78673983255
698.785674638762
698.782519636888
698.781990447113
698.781988264979
698.775575695359
698.77454119802
698.774018520794
698.772561606986
698.769574592841
698.769145184473
698.768781144809
698.76605859244
698.76524536019
698.763932537417
698.761006677183
698.758221527893
698.757919548978
698.757568789756
698.756240732497
698.750517047159
698.750504924321
698.747183997859
698.745257402131
698.744491350314
698.73879102398
698.735235937831
698.733797070782
698.732830455719
698.730782092473
698.727874756206
698.727268848016
698.725680084968
698.725096175883
698.720958255363
698.720340742473
698.712230376696
698.712003548651
698.711172214434
698.709830429569
698.702355254295
698.699862542377
698.699112735519
698.698010441235
698.695993098402
698.695107117535
698.69377775698
698.691503195602
698.690529863824
698.689145481804
698.687755973166
698.687260199795
698.686151076369
698.685187518697
698.684152088067
698.681363996782
698.68102526967
698.680519955637
698.674117702793
698.673790490236
698.670184852627
698.669772492788
698.668208379374
698.667458860333
698.666576199156
698.665773899349
698.662429588906
698.659922337976
698.658531833718
698.658067665149
698.654931169151
698.653939762836
698.653813655405
698.646710459233
698.64376731895
698.643460252169
698.643061653738
698.641469664395
698.63989089113
698.639547228869
698.635954721774
698.633382683866
698.632499933079
698.631589862926
698.627504127683
698.626743976592
698.625013414334
698.623589871703
698.62336956105
698.622967207484
698.62283115506
698.622355990126
698.619854093035
698.619798396315
698.610166665742
698.608942635078
698.607362754081
698.607356999759
698.606533916178
698.601071279837
698.599392651947
698.598601751136
698.596251938621
698.595729703179
698.59300271082
698.587295044038
698.587142801258
698.586990674061
698.586692590352
698.586395080787
698.586203583235
698.584764617988
698.582618488756
698.581625997623
698.580663297844
698.578232653776
698.577953943365
698.576062269249
698.574882892824
698.573133774877
698.572597081071
698.568986720741
698.56894364708
698.566794883756
698.562772998096
698.562449768115
698.560108043932
698.558538395587
698.556801632919
698.556132101348
698.554505334731
698.553364517266
698.551866887233
698.548539730251
698.544557772268
698.542673868792
698.542371277276
698.542330423597
698.541405900102
698.541404329975
698.541030979963
698.539084145325
698.53906771087
698.538885811725
698.534257039764
698.529538125865
698.529063506507
698.528797463851
698.526231629318
698.525157969887
698.524759973516
698.523600349348
698.522618904227
698.522459341784
698.520377193731
698.515928206574
698.515288878416
698.515188629837
698.514628635178
698.514142583449
698.51220565252
698.510142197131
698.507859786296
698.504655744788
698.502172256886
698.501349924045
698.501336023574
698.501009899083
698.500329830784
698.497891934506
698.496981438191
698.49673365189
698.495745769879
698.492744419109
698.491185988486
698.489657811142
698.486011950299
698.484948155079
698.483849725851
698.483784445219
698.478181062637
698.477905133346
698.477816967282
698.477709486232
698.477615899336
698.476805474115
698.475788617063
698.475508864959
698.475263703835
698.474161538476
698.474146763192
698.47193399947
698.471082351343
698.470448804451
698.468762713974
698.468562022496
698.468043494942
698.465462741076
698.465431302003
698.464837233171
698.46440156351
698.463348650066
698.462792407318
698.46137348406
698.461365834246
698.460871361946
698.460659569572
698.458348489936
698.457550830003
698.456962009493
698.456151495209
698.454083217746
698.448698069712
698.446004852211
698.444190996227
698.443517538634
698.442457290231
698.439059889679
698.438705115472
698.435061809896
698.433876667666
698.433832295398
698.433095154825
698.432905627504
698.430744950641
698.430478701815
698.429341656929
698.424974726168
698.424833425092
698.422815568336
698.421638772301
698.418927278273
698.418219840161
698.416996819353
698.416351303077
698.413207174902
698.412817426928
698.411428263532
698.410654003694
698.410102556822
698.404413607449
698.404224049851
698.403449391318
698.40227651139
698.401963903056
698.40043978586
698.399393284484
698.399116659307
698.398404589363
698.398143212487
698.396185343887
698.396163221447
698.394666299919
698.394265197425
698.393722389926
698.393338287942
698.391819311989
698.391801142165
698.391469668054
698.391209482213
698.390612904074
698.390462621163
698.390396834051
698.390039097682
698.389259209915
698.388562613301
698.387567467695
698.383251706838
698.378612057295
698.37735092605
698.375989341691
698.375865506913
698.375269862054
698.374375166564
698.372454813011
698.36939862761
698.368817411256
698.366890905426
698.366459485327
698.363611367411
698.361565382601
698.361110779759
698.360398119665
698.358924925225
698.357829441201
698.354465047412
698.352036653832
698.351516574229
698.351056292039
698.350361778133
698.349831159738
698.348118225958
698.347868415798
698.347619416686
698.347370208861
698.347344298242
698.346172764206
698.342964679463
698.338376016328
698.337633067542
698.336209314357
698.334995759111
698.333560629008
698.333010021924
698.331633120754
698.331085286111
698.330705495799
698.330103620673
698.329343093577
698.328749487572
698.328209978138
698.327972143402
698.326595149879
698.322921681128
698.32275422505
698.322102932959
698.321109007233
698.32005958061
698.316615692948
698.316507877317
698.315191534335
698.314896296165
698.31402328167
698.312638916744
698.311150233718
698.31064725842
698.307326905814
698.306551388184
698.30631162287
698.304284718855
698.300907195222
698.300678437593
698.300223368324
698.299869729053
698.299230806959
698.298067354823
698.294923318212
698.294275934027
698.293499323438
698.291355805603
698.291313429473
698.863693134327
699.262798082654
698.466260625868
699.137640356212
699.127031485328
699.92814463344
699.233965209551
698.354410228468
698.547819769415
698.575357818323
698.300961169426
698.344156794616
698.710121172761
698.870475358042
698.822398478102
698.634694532561
698.583266204686
698.437755174145
698.524984039608
698.335207447639
698.617560609119
698.714960797088
698.32411165086
698.975729636186
698.439073362799
698.702941607827
698.71287693323
699.392322396376
698.807120137472
700.210077966363
698.841765664545
700.032889579942
698.541898547583
698.357645617851
698.624771339024
699.730073309582
700.024187570123
698.92556552985
699.185467019265
699.042845795977
698.580687167452
698.79870322463
698.411652129774
698.447107110847
698.970801845916
698.89301382658
698.752398226519
698.986811522297
698.512760843964
698.657732637289
698.350894118432
698.348687927323
698.408902880805
699.111688050518
699.006532476977
698.349594454745
698.507056982662
699.171314170511
698.594311922337
698.944946129863
698.326731843424
698.586688263751
698.531584477949
699.14615414029
699.193771329192
699.033621020216
699.012208471108
699.511727940481
699.962217358231
699.037355971313
698.865108644715
699.45020893897
698.677451459617
698.902050445186
698.990490629894
699.130722931992
699.52968860277
698.679332722265
699.199115689795
699.283637638667
699.132046822081
698.471091959955
698.600599707665
699.096161195292
698.354472000509
698.909254072969
698.429524477821
698.537382080868
698.757720551458
699.485333892308
698.388236574518
698.863953371181
698.433180653145
699.15258695709
698.46419296985
699.192876415738
698.892162352433
699.085173053175
698.649680841559
698.941318456774
698.390593096735
699.664734317611
699.776444904346
699.158542973335
698.659597096317
698.417763930808
698.465551885462
698.539954403989
699.289126314608
698.374145907524
699.57457918225
698.711728079935
698.328273176598
698.811961336716
698.614886424748
698.323424346554
698.577859786114
698.360345516195
700.130097463936
698.566253440472
699.292510345677
698.304469139093
698.602284643363
698.448378671898
698.454595272216
698.427627358977
699.495814596724
699.058979262102
698.760225202352
698.806907612906
698.548068204183
698.384849619583
698.765430070643
698.480973207296
699.111875513003
698.676287353184
698.377526076028
698.365611847484
699.328384455065
698.410557797281
698.555496576538
698.925387680837
698.793614303745
698.36949164755
698.442441276675
699.090637191621
698.883475792871
698.729283633303
698.702777160412
699.065917814275
698.449688748429
698.358274350992
699.978446468796
699.035557101291
699.379209261221
698.655091142281
698.30352789225
699.476970789344
699.235172860961
698.753606537172
698.863238223999
698.40032941088
698.443634992448
698.516472856746
699.429441143484
698.652590659083
698.530863107774
698.798839298304
698.633162528495
700.154386863951
698.853224470381
699.23662316646
699.043484568219
699.183321194462
698.97278223752
698.495494706556
698.330457075469
699.196243845083
699.181772904166
698.665608804056
698.68692139921
698.568542672764
699.236352240094
698.394172235739
698.692876253046
698.569426654899
698.558131756341
699.208440946095
698.754183948229
698.809181976014
698.511623509711
698.764129077158
699.825581341551
698.936754901743
698.994119418873
698.639696925512
698.887112317786
698.682152693837
698.544521007121
698.71646077746
698.586966792478
698.849585798793
698.916996993861
698.582689165439
698.548869033512
698.731295841944
699.855637609461
698.915889628715
698.823604751417
698.609569957076
698.985342445453
699.140976459467
698.418041568075
698.936444865109
698.472425157084
698.954323122951
698.403690176254
698.897780627174
698.517194103472
698.509007541565
698.727967920418
698.549144443977
698.802608521018
698.761888093582
700.411841733849
698.3775111522
699.336485610945
698.672688999329
698.576673169255
699.576397774386
699.180451303289
698.405116747387
698.781070154895
698.940320970718
699.764724914625
699.429771429372
699.40920369425
698.748788225547
698.709639676925
699.151861595038
699.024375359824
698.881534982271
698.990278532128
699.869520320585
698.56089205917
699.387136774342
698.90639423676
698.311730816507
698.43188212873
698.296759476543
698.570238502684
698.902202863773
698.315059009316
699.720207826632
698.689628351006
698.978289159715
699.067614504985
698.951242835315
698.828780657473
699.189264403649
698.546143389783
699.114592161568
698.531088828713
698.386085787299
698.649555467914
698.824692396087
698.766826892934
699.997296142015
699.336363985345
698.319888311102
698.89939260002
699.241802889679
699.074918749387
699.260742263809
699.180422082027
699.492875356563
699.432915274922
698.972326873399
698.410287247233
698.291663165822
699.227709178257
699.792424411564
698.693532796182
698.32341953656
698.448928098318
699.596412926498
698.343495593039
699.248447201774
698.522871004362
699.2815072481
698.656709473625
698.613462940561
698.452044909791
699.205479722105
698.912556814253
699.145009207175
699.380935421209
699.017522567594
698.718993756676
698.430850215674
700.381489046583
699.82766473698
699.182587976753
698.66345549387
698.373497603736
698.689025753689
699.278718107231
699.111179450873
698.532606862886
698.949518166327
698.725648875519
699.095325402575
698.608780991173
698.349945321595
699.279826730721
698.470140288594
698.809758356473
698.858965090899
698.655265703791
699.174564816033
698.576783899965
698.938552940274
698.689298229138
698.459658985613
699.135336651271
699.499851808583
698.889960323745
698.510754404459
699.501952698304
698.326778034057
698.804465947082
699.000768564039
698.550136421977
698.354690541583
699.130829557521
699.083776653395
698.905429900174
699.088241229321
698.828865101161
699.040352988001
698.856457996057
698.514866843871
698.699599351289
699.388521195623
699.02817424534
698.618001610718
698.380527879213
698.388130203564
698.484415557764
699.137594688389
699.520461327673
698.619205130393
698.732758204933
698.714038444663
699.300697235971
698.308148476289
698.531356002642
698.342435137872
698.416426303503
698.939938048415
698.398770526016
698.332844105833
698.728929636908
698.319328247931
698.6741610305
698.520121623412
699.157110805206
698.865498473064
699.112217724754
699.258762627619
698.441202956852
698.443775379337
698.471993412021
699.77193323699
699.287072283434
698.69040235118
698.388200693017
698.511577580351
698.842759544494
698.342922564104
698.666393484745
698.475352920698
699.343810929873
698.576628992711
699.403117246784
698.477922218849
698.749913609318
698.730208140008
699.015218757196
699.057100997709
698.49412089596
699.700043338403
698.562611745873
698.789659637011
699.282118578725
699.068196064779
698.319569959151
698.315502058221
698.517511059944
698.490327640427
698.857005125065
698.33712182736
698.70280042082
698.402088302845
698.329256280847
699.400807998145
698.404439646896
698.296955087318
698.964766202448
698.590688606878
698.549814015317
698.674295903066
698.361945541538
698.873933848329
699.209842996477
698.446213607632
699.382167307934
698.447644536971
698.391260706162
698.596633411889
698.528586556915
698.621027291348
698.710861656085
698.733221377215
699.997369933908
698.408210324984
699.204966480958
698.706226554174
698.36141200915
699.968481494259
698.928595699491
698.317572365036
698.8945119474
700.076794457413
698.7076355507
698.756209113868
698.414807448786
698.411337697332
698.808431024494
699.106806270827
698.420253230286
699.020511658385
698.313006781356
698.603991543611
698.901982270788
698.398795780564
698.599417169648
698.953063369396
699.01167853004
698.86887557319
699.022864362745
699.176312980133
698.430081247334
699.413606309505
698.597210077915
698.986610928917
698.344756591663
698.897679639827
698.340469428462
699.19118642373
699.832517022242
698.523191618243
698.328573234856
699.373388164548
699.472800163687
698.56812105181
699.718984212163
698.715226933561
698.574135426814
698.79530522866
698.97289137962
699.6230046633
699.541846169682
698.838083655702
699.259422804207
698.677180452972
698.464556509723
698.834074974425
699.509184416196
698.985930741179
698.897330292374
699.150540642694
698.344653053115
698.443783729235
698.737946250793
698.981267376687
699.127069083665
698.444210927516
699.388988002341
700.573650951091
698.455345706747
699.326147074797
699.016224083815
698.404923638536
699.589507902433
699.240302841135
698.780871173676
698.460812534147
699.545613087182
698.376722318857
698.618167978575
698.496267655954
