696.364614497083
694.154876694787
693.816478124954
693.264044004043
692.866768397651
691.414968763871
691.394446924481
690.829311052125
690.746140636629
690.593474567046
690.445902697244
690.314438980395
689.651390981091
689.308676751235
689.285879524644
689.249926973596
689.088132739995
688.953907838093
688.859315491641
688.818373262043
688.574181165105
688.566123148785
688.453808078908
688.397866171667
688.222385013858
687.838815842355
687.7656581723
687.704065222205
687.648955241371
687.178657591017
687.146050521711
687.137882092326
687.029816676789
686.527208430403
686.500115766523
686.431886248653
686.404704419586
686.371062907165
686.348188144406
686.201403917624
686.069512516799
686.028283280296
685.944818019145
685.840667052375
685.764779298959
685.554634102604
685.528093075014
685.44171750702
685.362051606222
685.3545356619
685.320073634231
685.265034876897
685.169995790429
685.074323530347
685.055523822778
684.928885761625
684.861927690255
684.824377216338
684.69407440894
684.582731207309
684.531243805505
684.493759324096
684.414122572103
684.409312494268
684.39471626728
683.976584051615
683.906416059271
683.744142459568
683.718307817138
683.704823900175
683.6103799938
683.456121289377
683.361558023909
683.272431182119
683.26709252619
683.246094473498
683.240388123063
683.077868340975
683.013999682861
682.986615696814
682.944376031868
682.860830098069
682.706175407227
682.67275605476
682.568826737729
682.494290160276
682.398457555857
682.366048146649
682.247792979994
682.188511220366
682.150279484294
682.142614385371
682.08584759498
681.910415828703
681.809503373586
681.805316284375
681.788030191992
681.7286021885
681.661985998089
681.658682359167
681.64338942975
681.614152123413
681.458063540759
681.286879895928
681.263212159129
681.193073613471
681.192159016012
681.058693717493
681.038202042396
681.038137832446
681.014894550738
680.938270968414
680.896491735889
680.859144471925
680.825225676222
680.773782308706
680.731583761333
680.729831744599
680.718834378123
680.681918107741
680.584156705384
680.549605462343
680.53001115812
680.52328030563
680.502566644551
680.486452913283
680.412428248684
680.362783986816
680.362234865828
680.329908262561
680.263658304493
680.212324778631
680.206683004211
680.075481826119
680.014425837144
679.92334763475
679.897748930833
679.87927354775
679.852446844823
679.849093368086
679.81710132638
679.744448198337
679.684326731231
679.663484576676
679.526955396832
679.471137615244
679.422607690733
679.405983043416
679.391882658996
679.330435161236
679.272770993842
679.271021754763
679.19842099994
679.165103669676
679.110977133994
679.101191728179
678.974731455625
678.932019833773
678.775019279414
678.75774116644
678.742258322794
678.730224469745
678.685569764838
678.653679861641
678.627569312144
678.621960298761
678.618967816939
678.535413582764
678.466581423115
678.403853439902
678.345316951261
678.162688516738
678.129543541346
678.061650982602
678.040115940693
677.975726462184
677.928739855064
677.924499770835
677.814815248369
677.799463334019
677.77760356153
677.731986053893
677.68772127969
677.672799031443
677.664413954489
677.585274576593
677.582858358688
677.566130586198
677.506172589218
677.468137562146
677.458917994879
677.451725055358
677.439494634341
677.382275840316
677.277196550003
677.046401501611
676.975820450998
676.921589352744
676.917803705213
676.915748712077
676.896060442881
676.842445115394
676.806559773652
676.79131297535
676.720959367193
676.683833485514
676.594252429074
676.524711356332
676.488895878679
676.454003487747
676.412140282459
676.390426097278
676.381136216084
676.358164457071
676.350155083759
676.32917297046
676.275958038327
676.249653988717
676.215198658463
676.175265807253
676.1092590287
676.107919419869
676.027037141405
676.016783918871
675.967831746058
675.901850035133
675.899984559582
675.870441381403
675.773795356483
675.73842903222
675.655621907409
675.640228864671
675.57919478805
675.547758411198
675.516109607642
675.495199739128
675.481436502343
675.470515440721
675.452571685031
675.446665905643
675.363516918707
675.35516850169
675.293823819388
675.276761279917
675.236128953584
675.22822060684
675.214837042111
675.171158243218
675.129161257145
675.094075901258
675.09063178789
675.079201945726
674.998847387192
674.996108491449
674.986038307278
674.985435619161
674.959924179399
674.918080486196
674.825782394766
674.813667253153
674.805486537754
674.717199840928
674.703387922907
674.694630619807
674.681140381739
674.66846223186
674.665442597443
674.662330457221
674.641997738723
674.564978108097
674.315172675319
674.312239944082
674.298013383057
674.29096341365
674.270823251618
674.266983062437
674.211570427454
674.190472848678
674.128202855576
674.116308156923
674.100472481781
674.07314875396
673.990684555621
673.980715749372
673.942436648887
673.93932278417
673.930432670976
673.900819926271
673.882215044388
673.880363105965
673.839824610257
673.786548090337
673.746750038899
673.72623168324
673.642807403469
673.64116980287
673.588127021081
673.536075135529
673.530506624353
673.444725676924
673.436322054414
673.416123773728
673.392584701417
673.367051274666
673.342308147678
673.317545801879
673.300703050691
673.2935519538
673.255225421088
673.165811413792
673.105321659085
673.096076846741
673.060822376396
673.055164405857
673.050168667198
673.040280601197
673.037922738241
673.03779770164
672.954787999357
672.905968747167
672.896983125611
672.883072497668
672.865470911295
672.855144131457
672.850253819075
672.829837645284
672.829113893513
672.744107863192
672.709824628687
672.696636285402
672.64219959295
672.640149787901
672.614556575536
672.55638613171
672.481554745447
672.46912626535
672.462677322412
672.451511152375
672.446027761081
672.445950322536
672.425680930622
672.399592247327
672.305797728531
672.288878378273
672.272656612439
672.251799760106
672.244869904549
672.242403869204
672.230294670325
672.223253247888
672.222544874236
672.206222003093
672.163528583397
672.150299109967
672.094614081548
672.061921131065
672.047005116621
672.036241891603
672.032690142483
672.004643141814
671.977267946926
671.974811884013
671.970553374346
671.968021539235
671.949741852936
671.94769564323
671.934829756575
671.919925986362
671.895171421115
671.859061952795
671.848234596822
671.830867804838
671.804602627006
671.79428106257
671.788700565771
671.782937214745
671.722473963016
671.677193416585
671.673664944594
671.66801234026
671.661939516346
671.645278104467
671.628643017872
671.626934584846
671.610583629871
671.605531863731
671.603642992683
671.572677560657
671.558637787795
671.549975303504
671.5459862424
671.541028350012
671.530593623001
671.521476527655
671.492696082032
671.455174702376
671.429824429173
671.399137411757
671.371799524735
671.343934659143
671.337085851171
671.272127738972
671.221300596593
671.212892587704
671.19329742635
671.187975150457
671.183394518698
671.167333427423
671.139849079498
671.117128049018
671.105738030645
671.087686864669
671.061024006616
671.013521280131
671.008335648892
670.996636002275
670.915330547669
670.899640431858
670.891645625288
670.88108207392
670.874794435584
670.849626930808
670.83674007238
670.826576256679
670.803837702606
670.791486502123
670.752034722932
670.7322211
670.716804477291
670.714057635303
670.712380545552
670.701739277926
670.676127729424
670.654392449351
670.65434806811
670.626507619837
670.622454456361
670.609134352694
670.573876328979
670.522184764847
670.515826916394
670.502380029647
670.499430057973
670.493751829089
670.43016572697
670.33558357723
670.266086398617
670.241822463508
670.224054271846
670.183979852456
670.177736963024
670.173336689569
670.150501883262
670.141318486426
670.135274619429
670.131304490182
670.114261587603
670.095824066636
670.08765900421
670.087349522166
670.065403304169
670.046719977419
670.046310752256
670.038221961468
669.987430374548
669.922633470764
669.901607394393
669.897495900387
669.806479650799
669.767779073521
669.734619037164
669.712406735544
669.702356340396
669.668070616148
669.657148912848
669.607648199055
669.605896030701
669.598164605542
669.59787308972
669.588086948925
669.438652582038
669.431721024104
669.397875001153
669.379312925857
669.326949852394
669.312337090155
669.308141354466
669.282434636989
669.25043652266
669.250103714815
669.211912601858
669.202434217714
669.194687176261
669.171053355989
669.156550287969
669.129364055043
669.071149232924
669.015302033455
677.370628460443
670.492951400437
669.023157211421
673.755900690207
676.138000676556
675.804463371643
669.813860470295
684.060309799917
680.287016814351
670.209154647563
682.808624489418
672.306250258287
684.165654101604
695.715444859986
680.084094027621
671.251139365935
673.113705146473
682.982918348299
683.609086155127
678.477038854493
674.184513567753
687.664615639445
671.490708282594
685.339499384879
672.585199609398
669.489672483889
676.361857195884
687.674779702582
671.812269023541
682.59218705672
673.275370469427
675.097957829933
679.917607169236
674.978030670587
674.9289361216
680.592937969297
675.137828763959
674.739050818435
675.921654674942
687.102368012909
689.831272961885
682.200980789595
675.903767435442
670.40909353525
683.871968520471
674.640013468029
679.206934929971
673.469498985862
677.084348732954
672.626016772524
683.228178677303
681.748789274165
676.024561222607
675.038130088556
669.267228746832
673.145786352541
690.34771503938
687.3238746558
675.129615475243
672.581060051004
680.972654674842
674.902623203521
672.915255973314
674.117113918278
680.740874479371
682.318240094319
680.008829079114
671.049769225349
669.566964130225
674.305966461064
677.156834022281
676.58989438657
687.824086800826
676.183741565958
685.888650780935
669.25529801958
692.657651255737
675.869060853933
670.303672149885
684.169360544715
678.896141058539
678.4422185499
681.830238538531
678.830409595747
669.2522093933
674.722072394941
670.268956397917
683.814222461289
674.446939285513
674.047448643376
690.357468316178
674.992823840071
669.866770747803
679.204973506841
669.127381989688
679.733645112408
674.027489873644
678.981516495831
678.773330838276
669.869830743275
689.251709555033
678.441847231506
676.355201198265
674.416617391382
678.191409296566
680.429948349748
676.236343855372
672.333187671249
671.247461865151
674.912599779578
672.310510529477
691.976308958411
671.44300553976
685.210407123056
686.029882423399
684.113222714878
684.246479324403
679.893628617004
676.516432535316
671.492692270754
674.125405121724
672.927034366937
696.489686626643
671.287232758666
675.513067712497
679.248209947381
680.998346884436
686.96713258928
678.869971278356
685.618227509497
673.307352443303
669.635012342159
671.238614350531
673.733596974702
687.948375530527
684.058829274503
674.359148697851
676.594375608992
674.589423290306
687.618837489875
673.496385788224
686.052752989828
688.553923494447
669.918227296111
669.012503941897
683.951573804251
687.515643371681
669.422000130288
681.744838553401
674.879577525578
671.141695192018
677.9792444955
680.958208070969
672.535325229728
670.046906726625
683.544365543688
669.361335745993
683.419189651678
675.356199214263
679.049546691853
683.713591784359
671.262892419715
677.111350913758
684.677535190582
676.43554473714
673.496924394779
687.487724548072
686.589320795335
671.800157890468
686.373712275424
669.659876047671
674.915491611056
687.434117762944
683.596051496665
672.838222936271
672.124740149708
691.237018984472
674.789703836036
680.440952473763
686.782258203496
676.23191779516
673.43101311577
671.96976089411
674.937001925858
670.591346389562
679.139358874435
670.332235158256
678.865718747037
673.045861449633
674.586001050442
679.679038447005
677.877276078476
678.295968323326
678.569895936828
674.686608825258
671.866762499806
691.639237207874
673.330648119177
672.600460418869
678.724495782912
677.397129279391
685.475425085894
677.309915752578
670.934149897176
693.708323826757
686.726429189933
670.18956010737
680.01791541078
690.328893586828
674.637205167613
674.128194869633
678.379217862707
687.872752135342
687.794752012768
684.442806115703
670.443795298608
690.896920591603
672.696167489291
672.605036766179
675.717133488058
672.437020001127
688.544828106619
681.959623473889
669.920699278276
683.236132855173
675.494068204347
690.779636306023
669.06941613868
681.622517572978
698.368427965292
680.729489771372
676.284723089007
677.333236326682
677.104673139772
671.512018698868
687.912641238584
677.57437165215
679.027226768353
675.802569190387
680.153790503451
681.805024533345
677.812393132787
669.75135700906
672.815096358944
679.456045235012
695.053179214824
669.434945210584
690.983326449642
675.610667961419
680.857830559879
671.222093914744
673.58988427553
687.103430387041
689.415236700523
681.30925447425
669.323067013369
672.801091174894
681.144804482868
679.832217555127
684.480325754764
674.917389722653
679.708227137873
673.412602043007
691.438830759887
684.759435388956
669.885417797244
669.015055233051
680.341232154681
674.80705354476
689.461187946496
670.714242694039
675.897672345371
688.933154420235
692.519806914566
676.933489597617
676.106680277703
676.571357903636
673.60684160165
676.976175708439
687.065399802549
677.956018335949
669.865053985183
685.602771876312
675.308175606889
681.130223238865
669.944085773615
671.992987056602
669.813724292504
685.579964137002
670.750205429159
685.327066508507
670.261220401477
692.304410997664
675.089877768542
685.107784962997
699.978200803625
678.207971933515
686.322453292961
690.884029775071
669.029356900964
678.285665494534
685.873034141839
683.008879001767
688.906321493947
673.550520804811
679.754011085082
676.186248940385
671.169185203657
680.406993688277
669.730258482187
675.554663321117
696.088211922357
682.969573055151
688.15483649972
673.008464454125
695.736296754302
690.883170822655
676.720700981109
675.181006886582
685.542396909825
678.596675603998
673.10486969212
685.231410456606
669.288291200703
688.072547646003
686.010550209762
669.183144787995
687.773636286177
681.019905433007
674.856455147877
675.990145919715
694.398650632241
676.275375959803
685.021994843603
690.18234448923
674.286077076196
678.013403503168
681.355762959365
669.440797096881
690.822097256872
677.848584873455
673.465467578312
671.268723326273
673.886022841526
686.708092902888
677.487420212349
677.948121944615
673.791325085586
678.838618421386
680.762690442098
677.110462193615
670.852376968861
690.5392890232
670.8340137427
675.562769590207
682.32774463613
675.084622690243
670.560861364123
674.498113154825
675.154107953362
670.720387962863
669.042028992037
680.211193051926
676.161522001056
690.828439067115
670.082896444752
672.44366933461
669.520153564733
673.659952678099
674.686840131783
687.431944410361
680.532055472631
687.368299087541
677.927876816292
683.432430766366
670.282887151773
687.977058370545
677.998385435386
678.881812027958
676.140468218674
670.009456522438
682.134127749199
670.084113078881
676.414381086164
671.085551060075
683.48418047417
674.515336514459
672.410144934973
674.67835402959
692.618580387813
682.466427681417
680.704396047062
670.624657885402
677.6294168077
676.448361632753
670.544377752848
687.927153018225
678.754675273768
670.593262992742
670.25642207559
685.921568962389
677.392068352864
687.276007993134
678.755036335394
684.902465232061
682.056924033889
684.395630017073
675.320568911132
672.259735743378
684.938446185424
675.593725292186
673.928989956205
676.572907890397
669.970510493555
671.62509777668
668.974666740426
671.427956831074
685.382362086892
673.196869062643
684.218984025936
672.63104572446
676.717107065578
680.197568374584
685.114237957284
674.807032413904
678.841736123794
681.366611136446
671.502744603609
683.777365981952
684.227248923606
682.279397591882
675.170765034538
677.775130830998
689.630033482766
678.971225529243
679.684026201542
673.311066329478
671.445810920985
674.661791639048
689.709807567982
669.776073439475
678.771950939451
670.986089020729
675.137925143849
671.142495729111
678.49937011
681.366561302709
677.692724782435
670.576024771544
680.655451142234
673.369779390948
678.44814715701
686.72297357446
682.420900611135
685.040369590199
675.333547692179
672.680588985525
682.660874026158
670.093776364546
681.544941179265
673.450398068699
677.635844346731
687.495197820642
690.276758636655
671.909398084591
673.779480062864
680.939719940192
695.195063995797
678.547145683678
687.864408203823
685.465288690772
669.07957177601
679.52113227516
678.951077789661
673.033114228756
676.618981582709
683.732332803845
670.461685695911
679.581752169324
687.616002415611
670.773736171091
694.873496395247
680.323405592593
670.376868463394
692.504504945648
671.826692041425
677.514240791563
669.595669716439
684.990613436796
677.544595445137
686.496349683996
678.129578589352
687.303792985019
672.994611225449
693.38871459525
681.023215846155
669.682794536062
674.152630354499
674.198307837797
671.993069713816
681.681933936295
692.119806058918
