675.452571685031
674.996108491449
674.116308156923
673.165811413792
673.037922738241
671.272127738972
671.221300596593
670.046719977419
668.629665936278
668.075115665864
667.70766988731
667.518736975623
667.231315509627
666.740075867732
666.666096218819
666.289951960648
666.067613087824
665.450403469158
664.565659768039
662.892180022477
662.34204355725
661.455726583097
661.435696065707
661.157128312028
660.830126458045
660.662748297643
660.291743094893
660.07062843004
659.842813280442
659.730228689287
659.364724128102
659.071254719207
658.714883789283
658.632770411012
658.528428412603
658.505697158218
658.322850116254
658.296887952488
657.892325671033
657.839024121887
657.208801720772
657.11484230048
656.889489142077
656.419500158855
655.416758414448
655.31513577935
655.277238003393
655.221122653463
655.152599993172
655.129524448294
654.854384129056
654.816319011658
654.798366813288
654.714082279446
654.241545573927
654.224030379459
654.122932316605
654.099164880672
653.5938133349
653.588966888617
653.288729671551
653.136230785852
653.114884925011
653.094647634606
652.535620280986
652.527824763369
652.180980058152
651.773255953707
651.537976687133
651.12853150056
651.017426951874
650.951097417909
650.94728229098
650.737811436089
650.640706149868
650.537058772084
650.290154821323
650.070629985525
649.843404354322
649.811211653757
649.727084767877
649.606763716555
649.346547579451
649.332553347401
649.123709790353
649.039043289435
648.804436989742
648.742839154185
648.70651339841
648.683361377869
648.576265112408
648.480171336678
648.442097697315
648.438205894428
648.325273100278
648.321520371836
648.255005628312
648.252488900191
648.031321034849
647.91534627896
647.815914610576
647.810491059863
647.785572152175
647.747622824662
647.631700387461
647.619788670592
647.511130164151
647.370089304912
647.324774377354
647.11825411226
646.903066701995
646.881840544789
646.80270262699
646.728039183407
646.631203394829
646.624174265578
646.409959016333
646.395535572956
646.307254443133
646.268503904889
646.144396068461
645.972703388723
645.46586346906
645.401502505622
645.390849992984
645.388428951206
645.377874582424
645.316586739339
645.28328947628
645.13650608405
645.110065431958
645.006713609865
644.863782094248
644.832349776085
644.587149034982
644.480369596215
644.474903902962
644.431238300578
644.35916017828
644.300916524887
644.171701287512
644.086140484113
643.981904224621
643.906079030954
643.762086430692
643.755271978563
643.714865537608
643.686638122387
643.480228899716
643.446146199332
643.397152494504
643.371364643812
643.348561662077
643.308213662203
643.275378049167
643.268917414111
643.226828663679
643.099466853895
643.077289184137
642.936466463953
642.890376328165
642.876107678545
642.812846564486
642.798690773952
642.771164309972
642.7359121142
642.687322010207
642.68499775083
642.613186258939
642.519593757635
642.368043970932
642.337619042284
642.252059875809
642.250000621197
642.124467847314
641.944265036827
641.940687509537
641.864872352523
641.78881752661
641.730878872617
641.716715127055
641.701939369503
641.637747526947
641.577952761977
641.400903909605
641.386475873074
641.356015055902
641.20897864724
641.138296590152
641.130408878753
641.094819125267
640.994642605187
640.753370761329
640.681319905904
640.671954670588
640.637841612725
640.588130845037
640.579908683356
640.574060877421
640.567718794654
640.556173502956
640.530571022866
640.518149973541
640.517766679852
640.359012661472
640.187672115955
640.186959736812
640.104686840199
640.055286271247
640.027705825776
640.009859626728
640.003868908529
639.995028857073
639.990521730741
639.978599097902
639.973174478425
639.96840241594
639.922125547085
639.882458241968
639.8774658711
639.787977996471
639.611380854136
639.585466773493
639.460615313603
639.376143714514
639.361558796878
639.340061514885
639.312150930958
639.182943395415
639.169531292209
639.16061668942
639.129357594686
638.796352298667
638.543269606508
638.474722266134
638.459980676908
638.456405021955
638.451273071264
638.284624219608
638.165707539809
638.125513395462
638.125026828764
638.050746510858
638.048870393621
638.016178780683
637.921522229499
637.900529998708
637.877022942792
637.841267885129
637.731993204439
637.715086165331
637.69393224785
637.617330264825
637.50802311571
637.439763008952
637.426228472204
637.372366661867
637.36401635084
637.342016985646
636.932457528642
636.908682649232
636.8496181121
636.845711294225
636.84118181574
636.836804135033
636.760614770348
636.743515454456
636.732424054867
636.661641512603
636.641668883512
636.559872243588
636.55604497991
636.549345284649
636.517507905033
636.458765777705
636.443280414112
636.353639355312
636.299442809868
636.09835523092
636.034226151952
636.014032536143
635.959074733135
635.87157156825
635.853319576133
635.840091348978
635.776080783621
635.768054927355
635.735289099528
635.735101914716
635.7023048069
635.695858682353
635.680939162394
635.675824697755
635.662630969771
635.486693680587
635.467005343912
635.44267889346
635.428796906288
635.297286749315
635.241952411257
635.235841472367
635.235134059789
635.234698991659
635.19824086452
635.151109163547
635.143773229551
635.093700403886
634.802094030356
634.788071323776
634.764053104876
634.71172817029
634.617442357751
634.575324011148
634.571659141801
634.56106879183
634.521667738124
634.501677008843
634.494597101607
634.492988724596
634.465924098618
634.44662905782
634.437521410254
634.377671414853
634.377609372412
634.277167236874
634.181321160909
634.095462232194
634.012677362744
634.010173363321
633.97463761882
633.937321784368
633.853570723213
633.815286040499
633.79814689004
633.771523751214
633.75334947257
633.73316586399
633.657895504091
633.652705844306
633.570820746778
633.489050500511
633.302464280944
633.157339804738
633.144111492268
633.134714225958
633.053387473504
632.972756157033
632.964253467525
632.857697843529
632.807415384139
632.788043697185
632.771244622765
632.754385661192
632.743190564234
632.720003874905
632.718020985329
632.711265739479
632.630151523048
632.622481821325
632.579178734876
632.520732536188
632.475755170014
632.304238122682
632.276833642493
632.263129148405
632.234412858669
632.173119856055
632.109999387837
631.998073404537
631.980514301296
631.968262222319
631.900354888211
631.864928372095
631.845117631058
631.836768691783
631.832441658077
631.822903678509
631.806280531314
631.779791396568
631.683257992675
631.578341339585
631.568322611289
631.549750003594
631.537483376343
631.476237692938
631.445396340851
631.396977249547
631.395588197673
631.352197124804
631.346223299645
631.328808729511
631.311059991856
631.309495570853
631.300792173788
631.263165232173
631.234573822638
631.156428443552
631.152257782474
631.14647447468
631.016453884707
630.986634775484
630.957783867637
630.925753350296
630.901375984873
630.796038617833
630.73443028933
630.734076056945
630.692442824515
630.672085297381
630.644457696034
630.624621387692
630.61943780623
630.544549828046
630.528925335194
630.518067816414
630.509719976924
630.458550492393
630.396929333865
630.390760788058
630.314927283132
630.294361096115
630.181410723334
630.167349920782
630.111208523734
630.103263551921
630.079176221199
630.076467125456
629.987158668445
629.954898169688
629.927142142305
629.916939254062
629.753781286061
629.708431787216
629.634345513572
629.621528723478
629.590588573619
629.560250072056
629.551648990709
629.451266764232
629.443527156321
629.440798405954
629.437654594664
629.405283048686
629.384013716077
629.207055947258
629.145749209829
629.085624427142
629.077321545379
629.051168527246
629.022220183913
629.020326080168
629.00235824108
628.994099369631
628.971228436292
628.950484068715
628.942510198248
628.924065982534
628.920163428553
628.899542780333
628.896461215284
628.876091819913
628.832251581765
628.815350013608
628.72569801334
628.713257767338
628.668143891482
628.577371282079
628.572507536407
628.561855564654
628.484133881348
628.448809622503
628.327459525518
628.284182842593
628.269229545463
628.244619244945
628.212107110285
628.195202122766
628.164747228738
628.086619593247
628.075651955123
628.029950485303
627.974838053148
627.846499760778
627.807178216824
627.71247275556
627.62585810737
627.582553005229
627.56165560025
627.546097294569
627.485694869294
627.476036134763
627.41826354957
627.409855519882
627.361777376124
627.334192571755
627.313540058091
627.292910204724
627.288820236951
655.087837109828
633.606112259347
661.95445920844
629.598726005723
647.148290461579
656.427888402113
674.29096341365
637.77682470539
637.497491650267
643.033825149261
638.455936649386
633.544193395
644.959582776938
654.361591966429
627.645163892549
694.154876694787
668.109645566445
634.503537611353
667.370299168768
647.387175651245
656.486723357081
641.004023035165
634.97057488549
648.11867735053
669.326949852394
639.390598507945
645.334545081513
647.336851560035
680.263658304493
648.55224727823
629.533491016542
647.963900032226
638.253316213986
630.800811400771
654.082297729064
660.123427687824
664.430542138513
631.866438241002
634.343248566832
636.677464563172
638.37979111759
629.607613276409
643.645381365113
653.392564178969
659.332665049548
648.518515950759
648.32633393738
665.587981106149
633.586323148589
671.530593623001
635.666626670395
649.04073947034
628.52988115792
649.298820718681
640.231835926211
651.041141561314
631.667987834396
654.739955897428
666.418784056711
636.433787749052
638.455116525599
649.77611796972
637.256483087286
646.227327441974
650.428309503109
651.840281527032
662.345841756912
649.903056714033
651.498467003859
632.052573969995
658.894337831875
659.771427143033
641.355445861231
628.67688838986
642.528756275356
635.930345956874
642.370019703541
641.294689472164
647.676512316779
686.431886248653
657.215995718383
630.014527397696
634.021171489894
641.870088403603
635.260124882267
655.455225156062
630.953996403835
636.467120881743
650.051284644907
652.233270847601
671.371799524735
650.735187021297
683.240388123063
639.52671786675
646.940750212726
630.850150302698
630.444991043063
627.780866755399
653.14449957597
633.695007156618
655.904629901467
649.419414645607
631.225711448267
630.034066158073
666.602881242238
652.706013785175
658.59628294323
631.403014315096
631.145293131533
652.472960574951
665.92289052667
659.906786127272
630.622112274894
636.649182195727
679.849093368086
650.54843638533
638.078726794095
627.663836478445
633.670542225208
630.863179225337
632.112530193422
637.131695137803
653.145314405441
645.78954420819
628.529496500351
630.876885449117
628.164234427467
676.1092590287
630.548198207666
644.675022369719
673.342308147678
641.300321698044
631.627524184793
632.645876667187
642.394575012675
661.7716642207
652.507941469474
629.664737191247
652.055121056702
631.35827808996
631.042623987977
632.498625582706
635.760465524624
628.665391771195
649.761832688422
651.618948032218
636.448371191382
651.543707474148
637.176974566629
647.355988267248
628.732735836317
628.00567402915
650.095612360023
635.747541142287
636.897656932696
647.422444121012
628.309884813798
654.188296940013
654.008823881825
635.678941361787
650.913066228527
645.608269772696
628.310376861642
642.827069151091
630.945067540961
636.087982827822
631.737001073313
629.475773563698
629.023155422954
675.547758411198
654.551484303222
635.145829216388
652.236040716938
651.250342831134
637.794235753201
666.282157473691
630.893154028898
630.250491442454
637.045578248896
627.541194837313
631.129917617268
646.510126511641
667.510292835686
642.946440030869
634.994783603465
660.508763053339
646.599106557071
634.722155310837
633.060486178324
628.884599111946
680.859144471925
648.497321906898
628.826813133467
629.098328391069
636.071528294107
639.855053110209
634.937962372574
628.173257119918
627.589260695431
656.453883969271
635.259332905522
649.791342459971
631.726336678255
647.782061143271
644.014806396375
648.477280252174
639.368544349433
643.996235376919
646.585705435321
664.632691049144
645.799000405131
669.607648199055
629.341354041894
629.677094334641
628.691167730131
632.821879249614
627.990851060238
654.723779893673
663.227799744028
640.72146744457
661.761212186747
637.088100395281
645.836708866865
642.04132139604
631.856026300465
629.29668495942
630.0095047485
672.150299109967
640.613973987968
639.998526702915
649.839098888001
643.792392901056
649.994021994275
647.961236912846
633.82219740119
647.094350751415
643.516374027644
631.253931476154
675.899984559582
653.905900595649
647.212842916579
631.470036766503
673.530506624353
645.327928536953
669.397875001153
629.766682347951
646.040777289532
629.759059662763
666.194580286764
630.885748628215
649.209402974478
675.516109607642
638.822977034375
668.545024225537
665.994254153914
630.069375106731
655.503054185812
634.452974117361
631.670203311348
639.089370615292
629.759378077164
637.121066271207
638.607505706973
631.286287740992
647.768573288782
647.092782051716
634.489969930034
647.309167168627
660.144525505207
645.675921653905
643.648668360512
631.000408254785
651.354313469622
632.129394885124
632.131386545984
639.064680786155
644.935230278664
638.653668435561
630.886518066628
662.438209827508
646.323832591751
638.760478589204
649.981097913514
627.932517479426
629.030520972412
660.581455572882
629.286226302807
634.489390824717
630.559705425554
651.740705622729
650.603771967288
662.467170600916
656.036654305444
630.373663497094
657.027925715168
644.774065136498
646.853835676657
654.942202238763
628.807630184152
632.179208552606
631.485872324903
650.970300723984
648.107259686753
628.01142994879
635.737950254268
645.163762106607
643.201412461023
634.593653165269
631.955767539466
630.963599563283
640.688139902038
631.911949268618
640.190480553556
664.507508660587
653.336297009116
633.449090585293
635.333292771933
627.525750884227
658.371206623998
645.675325464422
633.867789117438
647.19135684943
647.083679847688
636.496596801186
640.783738810056
638.698960500914
648.264378091104
641.519754224651
662.816002290919
628.432628431811
650.036119073727
639.634920534752
634.325484314219
648.330271816244
643.968618294473
651.90880307577
653.841565909603
654.487913300844
668.264061348353
650.72562150481
647.944973288348
628.619983977231
668.312561752101
632.070818915854
658.733201171985
651.388765795489
638.669713656703
633.323684228944
641.032844739387
637.391238131363
668.636914819442
652.998772162746
634.121533611055
628.004672189294
645.535270758028
636.746666372576
640.63766921338
638.477577399392
649.701345300424
632.007682657828
631.813834092198
635.37203526522
639.677378031323
641.270176235234
656.549138633495
639.999475912414
646.735518613463
648.295013557265
673.942436648887
641.225815445038
636.612556194955
632.28293781778
643.896685512122
656.069315506588
632.544337412512
628.551800899099
648.221209199273
633.549366925621
635.070471308832
627.680950605637
651.692820775406
636.334488003799
640.168227569988
649.053471704677
639.329798216338
649.795088423002
637.12996508636
628.986423207656
627.936620163513
653.957122724803
644.249989546055
631.72392833571
653.055070508951
645.137283185203
641.084224136735
641.217048423885
628.711944332282
645.600981497901
653.38755929617
638.206460309166
641.903895941749
634.777943850401
648.172108738139
628.848783123039
670.626507619837
643.71064879781
643.065485480145
628.480641575357
667.165888952406
646.268558158205
657.13207390458
642.903561644397
662.736371124657
642.151014355866
631.970932897736
652.791834483568
650.355938440088
644.766216291741
630.943286119093
665.647003495562
670.43016572697
637.669055915724
630.335134600766
661.733685166213
636.69875959721
637.440787037453
649.545393571973
674.564978108097
630.215783068439
630.345821870889
635.326495821706
641.928650103496
639.174911727841
677.277196550003
641.728263989678
660.979721500192
638.4795029648
649.020882134289
657.750217422198
639.669394781278
635.70075001858
652.570501587555
648.874998019324
643.011531684419
640.337726256343
633.101295326854
654.68604840568
649.393984371669
642.53071747208
649.22326600523
650.765066310603
634.560899490195
629.97368799779
663.254020595044
644.088780825856
643.880307817389
637.843721716654
634.423621254453
658.795956437928
644.449635321429
627.846140408086
653.986302877674
628.808731370298
635.848760902737
632.538369884307
628.743845597383
646.425637735254
641.157511974458
646.553810164153
629.511380352769
627.619384498448
639.782860273611
636.015364659451
642.235138723561
628.951262087502
628.307971368236
645.762096232252
644.253096235291
631.980645410455
650.949752828502
637.936905227557
631.079421279537
633.255316961661
633.968565712397
657.701100369619
634.261993185789
639.892268551906
641.341831349211
630.276572576563
663.806695041744
640.659488791474
647.141440496029
676.806559773652
631.275648400847
637.224523658043
662.928419000025
636.683421775062
658.432097857162
668.046714885046
634.935741657418
646.168720265794
633.345654127424
