711.224025372058
711.224467052932
711.224816084528
711.224905210196
711.225258714528
711.225336787597
711.225841910198
711.226114794241
711.227650743326
711.228203634947
711.233134722473
711.233960815915
711.238254244765
711.238373835205
711.238623784947
711.242110034445
711.242662588199
711.242931083462
711.2430572667
711.243341482994
711.245656766547
711.246369155727
711.247417661617
711.247682188013
711.247892859342
711.248590815215
711.250196956266
711.251777401879
711.253077459322
711.253430802405
711.253642519332
711.254060353828
711.254163654427
711.254493244219
711.254562708178
711.257513764764
711.2576120421
711.258037289392
711.259525359828
711.2604471415
711.261995380906
711.262106499502
711.262835568948
711.263201353698
711.264613838457
711.265071573455
711.266299155126
711.268411916434
711.268655122943
711.268954903988
711.268991850704
711.269005970954
711.269532715731
711.270670115093
711.271840097039
711.272210911537
711.272827036902
711.273161626368
711.273347969105
711.273525355837
711.274554080326
711.275048610763
711.275384650192
711.278847957137
711.279164585113
711.281437426147
711.282791050839
711.284802915984
711.284835162239
711.285264062081
711.28536065987
711.285395372971
711.285602281118
711.287027974227
711.288234655728
711.288907884043
711.28951843137
711.290289089566
711.291227141139
711.291608116022
711.292499785007
711.293120758275
711.293335373093
711.293404392274
711.294780386292
711.295579486223
711.296753998422
711.297479977027
711.297496230991
711.297829404507
711.29910170251
711.299213424302
711.299216142372
711.299254545443
711.299907156758
711.299975346776
711.303524042117
711.304513964683
711.305518508015
711.309927140964
711.310168974029
711.310925995372
711.311631144821
711.312326018063
711.313782436056
711.314249376818
711.314257207304
711.314358706334
711.317283869475
711.317341309403
711.320060170092
711.321958099189
711.322324255874
711.325282721165
711.327647319342
711.329847016523
711.330954140032
711.331288041613
711.331918788031
711.333156176557
711.333966827725
711.334524790521
711.335508742346
711.337775495565
711.343991749597
711.347867330913
711.34823802671
711.349293941889
711.350661965642
711.351731921758
711.352619660112
711.352902184656
711.353090954389
711.353377362072
711.354185027431
711.355374373973
711.358409367616
711.358628607157
711.358775026357
711.360484633235
711.361640713787
711.361984270084
711.362147168737
711.364033431145
711.364477176015
711.364858801656
711.366759016556
711.368380272235
711.369159687963
711.370830179314
711.371161131477
711.371280093559
711.373916507416
711.375989582617
711.376785718385
711.376885664289
711.38010812202
711.380766362541
711.381500342006
711.381582537473
711.381826590832
711.381946676101
711.382702209314
711.382915254588
711.382987995756
711.38311474147
711.383115530367
711.384096370064
711.386490770378
711.386966783143
711.388836556613
711.390645344672
711.390891149199
711.392210667886
711.392621588207
711.392673465033
711.393434475183
711.395957246861
711.396740300811
711.401022442124
711.402149048771
711.403148941582
711.405930271984
711.406979705091
711.407225946238
711.408195367239
711.409230817086
711.40970026633
711.411406794245
711.411489138882
711.41174931057
711.412031805786
711.412495136258
711.413234985287
711.414366085694
711.414769643584
711.418959889215
711.419783894863
711.419785748643
711.422198817658
711.422695713077
711.424723594586
711.425729053676
711.426119963325
711.426902569716
711.428174424413
711.429125134737
711.429782194182
711.430204389093
711.432818590635
711.433360157632
711.434559946214
711.434731261674
711.434843982882
711.435955889658
711.436544030521
711.437586231039
711.438251894414
711.440387446879
711.440733694913
711.440803689866
711.443793293058
711.444755060775
711.444898064013
711.446496388241
711.446883589679
711.447262034709
711.448113270901
711.448472999583
711.448534855611
711.448583174016
711.44935257566
711.45171687381
711.452181122814
711.452533195716
711.453377997734
711.454176518787
711.454402881516
711.455921901033
711.456044794584
711.457655470924
711.458561394965
711.458595271222
711.458922346223
711.459289182421
711.46048689578
711.463139637537
711.464955120996
711.465252134187
711.466478964902
711.46834905603
711.468898094195
711.470843577926
711.472232058212
711.473837812556
711.475387023759
711.479408292847
711.480145818495
711.484507006217
711.48501893513
711.485485841512
711.486149643015
711.486875156682
711.487034471721
711.487242096266
711.492040461571
711.49461386925
711.495654593117
711.495878702688
711.500697481519
711.501497028677
711.501648427177
711.503039410074
711.503970356539
711.505795702738
711.507056227158
711.508362753092
711.509571150744
711.511272951208
711.515251934936
711.515419844527
711.518541692689
711.518688749969
711.519629564475
711.520654355763
711.522314357963
711.523331848637
711.52426983574
711.525407257604
711.52551329489
711.526982805565
711.527114010623
711.529264398345
711.530395424647
711.53090226225
711.532181868503
711.532921211787
711.534890183086
711.537685195353
711.537930992937
711.538114757666
711.540693577711
711.542109404304
711.547455494546
711.550403346656
711.550617936394
711.55388385218
711.556537053027
711.557746141173
711.558011350106
711.560093095484
711.564922864316
711.565126632722
711.565501574856
711.565503339271
711.565603654505
711.566492565138
711.567408247284
711.569318771367
711.570928641034
711.574111447042
711.575679122825
711.584171569759
711.58434622609
711.584458666708
711.586479425988
711.588285251628
711.588769187214
711.590662390812
711.590724987547
711.591795334849
711.594332865558
711.594868276017
711.59587799305
711.596994655116
711.597103614252
711.597921902157
711.600990570783
711.603230668504
711.607352925372
711.607634699612
711.608858903174
711.610130643554
711.610781527231
711.612583507599
711.613316048074
711.616661041996
711.617460022008
711.619769959871
711.620548070434
711.621397776179
711.621784502935
711.622363517244
711.624931606602
711.627613303435
711.6309738403
711.632668863737
711.633601775573
711.639264753813
711.642263519843
711.642855536772
711.648888311153
711.652017611961
711.652811985045
711.653929576525
711.654447584979
711.654556022914
711.655892245795
711.657203567109
711.658316719329
711.659627109211
711.660679406054
711.662307711889
711.667951337675
711.668011964147
711.673160828476
711.67385256314
711.675875016157
711.679252570067
711.680677003834
711.681380797843
711.684772347735
711.685060183735
711.68560239539
711.689559588772
711.690376489621
711.694147221153
711.694349025153
711.695362102213
711.696467034642
711.697013643066
711.698608191161
711.699464718456
711.705115851874
711.705168320521
711.705711952978
711.711451755733
711.712264755346
711.713164340249
711.717711190336
711.71774771627
711.718421748173
711.719215909206
711.720499148962
711.7234527327
711.725710517669
711.726651973592
711.728155716689
711.73457386342
711.738815478356
711.74287680704
711.742970351923
711.744127930209
711.74755178907
711.750523244526
711.750573251153
711.750995289391
711.753187535047
711.760601729296
711.763875844541
711.765892371308
711.766834974961
711.768540902104
711.78608854562
711.791778399709
711.793054691078
711.80086074042
711.801981545706
711.80232017678
711.803798027513
711.818828729335
711.841795880707
711.842109611729
711.842629518373
711.853284446189
711.857319669759
711.863565527244
711.86792612356
711.870602063955
711.873360134954
711.873467110847
711.875273446907
711.876594468975
711.88148260379
711.882016672974
711.883032029912
711.88624993867
711.886689905303
711.891876070602
711.896251840386
711.898743930388
711.903705565032
711.906320548468
711.910229199298
711.912466376864
711.915039259007
711.916424064772
711.919479394259
711.922674331311
711.927108167267
711.93000837629
711.940260494858
711.944830634724
711.946003662109
711.949548152272
711.957514073268
711.961590014636
711.975734798209
711.980387846049
711.981040306148
711.984404943289
711.986016102178
711.987569565639
711.98912987217
711.994153551014
711.99532543721
712.001809133859
712.007103910277
712.012133277602
712.045572492262
712.047712707857
712.054629963349
712.058309022741
712.071175622029
712.077698397048
712.079426166588
712.084377162064
712.088194883841
712.099827650978
712.115294938777
712.130497003042
712.136249020431
712.142243035087
712.158220149781
712.192168308645
712.206223712572
712.258335043236
712.287845371228
712.307011088469
712.352144482425
712.363089623935
711.855353456642
711.48083741704
711.581599471882
712.073887151719
711.270603272816
711.442017722751
711.836625480054
711.381225720902
711.277953430097
711.767247735853
711.625784411776
711.303559069453
712.005252392712
711.479555238429
711.264658866417
711.293124533758
711.428480497924
711.271479291253
711.940306769322
711.223181337506
711.465453524565
711.31230820617
711.674207954836
711.95076946274
712.45514864601
711.387683945812
711.359582519197
711.354783896104
711.390909230017
711.319810096711
711.332550678337
711.718435737936
711.434419264592
711.373671509292
711.447001659055
711.423148666912
711.980662603432
711.290827297074
711.949084762586
712.128165484533
711.343429342804
711.681907661825
711.244080113568
711.339566482444
711.47800283316
711.246622162178
711.394298237551
711.568597490038
711.733831360236
711.546720315479
711.791825591079
711.37507647866
712.022467325514
711.608986827227
712.076099849629
711.224253757095
711.680660778898
712.1122267494
711.550247794142
711.272746198213
711.394944298453
711.823554181985
711.597105966334
711.5480294049
711.40345785124
711.233298604164
711.442115845993
711.351319491038
711.48243375401
711.835621292235
711.45024011056
711.353098236908
711.768379170317
711.668356913898
711.399912218003
712.007930282281
711.719571997654
711.477452031654
711.239162064638
711.534022456028
711.618356398745
711.424235191862
711.440347222343
712.039164283216
711.395862847726
711.388131166317
711.298812636672
711.663640328379
711.68335880772
711.424365338988
711.562414561269
712.016799773762
711.884050804888
711.282267365849
711.664557952082
711.862276958164
711.505304644354
711.384742448793
711.415854475852
711.459609909238
711.838063393977
711.388678025978
711.754528168383
712.127197586558
711.313567956634
711.570582009157
711.356753049478
711.335283999977
711.510459569486
711.443772140436
711.392290529085
711.31654412887
711.748173741229
711.858282438119
711.553626601337
711.778378848926
711.431297504635
711.268739087541
711.553007315027
711.29574648667
712.002661063288
711.318949870604
711.669525571476
711.28043550058
711.332152994603
711.921875322531
711.824354808697
711.51487665228
712.024950333583
711.413368287115
711.596767058999
711.251733712658
711.544270568419
711.888846079338
711.439223812214
711.488941106703
711.745632079968
711.829487987441
711.377374211126
711.65798256715
711.351161057133
711.224371492701
711.265526042781
711.39287000246
711.663835203726
712.080239834585
711.25435926756
711.464216902471
711.417332225078
711.436676694737
711.660944185425
711.509033891296
711.322904687526
711.854301094573
711.480818061163
711.248539147125
711.391146251028
711.253722552456
711.277862365599
712.17946038783
711.823859852311
711.508688631476
712.065667867653
711.365515736284
711.298017595793
711.404767672663
711.455197086667
711.613570482305
711.611788361242
711.223946235755
711.453619458826
711.57958856873
711.553118278006
711.70168306218
711.384932696173
711.487545615189
711.369771374095
711.6498077859
711.787081160413
711.56663570604
711.807884583331
711.318567219557
712.140271415009
711.845288359538
711.387645905025
711.490576929925
711.331493757757
711.256026772858
711.412891385304
711.453880124792
711.475167842711
711.44371834102
711.238161605672
711.442846895478
711.427261239749
711.548756533171
711.672463775748
711.253727020796
711.57518788645
711.27389312141
711.635141362872
711.69185666545
711.239116528439
711.550412724981
711.562557954145
711.451993197688
711.514259735962
711.91051643599
711.685827384551
711.418203793847
711.922518421212
711.466642740355
711.269481359255
711.532989448368
711.478717235976
711.284259554791
711.337717008224
711.263858747061
711.804228157501
711.569566600152
711.275811802957
711.314377680261
711.398472147826
712.100202589802
711.776157226555
711.371640092646
711.419790632612
711.731459504436
711.624733343082
711.410855258588
711.224156697581
711.386609000885
711.944322973165
711.31796508494
711.957792942643
712.118894302974
711.91433486761
712.097129943875
711.261633098256
711.281489316705
711.40913474272
711.408236824849
711.370291146389
711.436654640373
711.71264284449
711.435345520381
711.82601364272
711.960920608258
712.11695718168
711.426969146213
711.529091628612
711.307391962628
711.24307059985
711.531035485643
711.334438748313
711.384318119663
711.309362515834
711.267421819103
711.47399586813
711.422223851962
711.694339836441
711.447230823553
712.253811854029
711.503268747804
712.444972441059
711.676803308072
711.416160862568
711.971185754205
711.226460695741
711.593191637956
711.345254681447
711.453673564981
711.583992032503
711.40451396532
711.246909030978
711.681341157879
711.224775544864
712.148274458754
711.548735533437
711.289476339327
711.651548108366
711.408051685918
711.947669785949
711.648026859623
711.58300667455
711.542664167893
711.722341421548
711.370001787002
711.224912203476
711.451189220649
711.483866608109
711.771389382166
712.388760449734
711.694243359595
711.708938367059
711.458637704574
711.865636803142
712.467216054962
711.437467044505
711.780521400139
711.857081020423
711.646073623674
711.277752602132
711.71888893536
711.287772633299
711.417159644283
711.48300056476
711.604542742507
711.602353234672
711.464684284923
711.339926567405
711.275452746433
711.585795168459
711.678314925247
711.351630757228
711.730858428102
711.368778119423
711.282380750981
711.555617444208
711.24164152637
711.374394993173
711.231247110538
711.710829920414
711.337944640025
712.078172957781
712.279944805565
711.312600514907
711.74106182808
711.247151467391
711.235013519318
711.560830132023
711.485345070482
711.242895301818
711.299949635666
711.583846569332
711.64103618218
711.369302972362
711.304328437157
711.367793720603
711.522291157841
711.814189797279
711.796564871904
711.238963428357
711.258255727762
711.694995814838
711.248948235561
711.516778768238
711.634873139483
711.659895615783
711.56722847692
711.236440891897
711.305146693802
712.250113745271
711.432033581957
711.28914574664
711.255346514067
711.329842612567
711.357508352044
711.371828769001
712.18340274546
711.345229666431
711.382808020821
711.529633413918
711.460109752848
711.437192564258
711.399337979016
711.945297430473
711.225567397754
711.630927418532
711.408995951405
711.730436496863
711.455283950149
711.531482868904
711.877054386372
711.601980795938
711.510841781635
712.017103107632
711.35231356159
711.356371736945
712.144068337982
711.723302236313
711.229348897192
711.426157728827
711.274530809541
711.336657299683
712.389690023196
711.832133170633
711.331832531516
711.513444274468
711.562462751059
711.397305576722
711.382362795141
711.239986138616
711.448435588618
711.913532437263
711.313474069782
711.782274073688
711.342637081601
711.409995269754
711.742225918453
711.606159740459
711.605171529192
711.586929403995
711.519218328163
711.493818706747
711.753330719345
711.270836762522
711.526531483589
711.404628839453
711.45316316517
711.271170072347
711.343690011211
711.789750249398
711.550983499905
711.485562050129
711.487645462201
712.020523666119
711.362359138869
711.651593257066
711.363449495965
711.272010096538
711.863390682906
711.292634060081
711.270324008725
711.783421354645
711.737366325743
712.022233114069
711.676099638388
711.438838357379
711.522388519355
711.237225986013
711.478037681809
711.273964579781
711.809167795362
711.33580912136
711.369558656927
711.600851407773
711.554068235935
711.392627927878
711.786613972827
711.666927141337
711.835212513119
711.274163762901
711.345382988629
711.551258007555
711.516767644498
711.651123545247
711.810800951397
711.512363822209
711.566748398296
711.299312174861
711.344029639945
711.320098221626
711.362765796395
711.321626302878
711.545594979968
712.049739084331
711.594523888887
711.396942310732
711.938319571431
711.582193988144
711.628533423995
711.244586821692
711.301863503022
711.342253339155
711.478059776968
711.628227895087
711.812661383332
711.311369820129
711.449255101731
711.605343509877
711.544562333752
711.30056400752
711.378354139117
711.737364818639
711.580193268695
711.71894885977
711.343356666225
711.736416282648
711.377627249708
711.479736690084
711.454279079314
711.603001809587
711.234568690847
711.223028004259
712.024041231937
711.431554398121
711.408288790126
711.337356784962
711.954862151767
711.36377759033
711.354046002391
711.505476481716
711.246895200861
712.298645963726
711.445465745952
711.376972121252
711.321994670362
711.402742123543
