694.154876694787
686.431886248653
683.240388123063
680.859144471925
680.263658304493
679.849093368086
677.277196550003
676.806559773652
676.1092590287
675.899984559582
675.547758411198
675.516109607642
675.452571685031
674.996108491449
674.564978108097
674.29096341365
674.116308156923
673.942436648887
673.530506624353
673.342308147678
673.165811413792
673.037922738241
672.150299109967
671.530593623001
671.371799524735
671.272127738972
671.221300596593
670.626507619837
670.43016572697
670.046719977419
669.607648199055
669.397875001153
669.326949852394
668.636914819442
668.629665936278
668.545024225537
668.312561752101
668.264061348353
668.109645566445
668.075115665864
668.046714885046
667.70766988731
667.518736975623
667.510292835686
667.370299168768
667.231315509627
667.165888952406
666.740075867732
666.666096218819
666.602881242238
666.418784056711
666.289951960648
666.282157473691
666.194580286764
666.067613087824
665.994254153914
665.92289052667
665.647003495562
665.587981106149
665.450403469158
664.632691049144
664.565659768039
664.507508660587
664.430542138513
663.806695041744
663.254020595044
663.227799744028
662.928419000025
662.892180022477
662.816002290919
662.736371124657
662.467170600916
662.438209827508
662.345841756912
662.34204355725
661.95445920844
661.7716642207
661.761212186747
661.733685166213
661.455726583097
661.435696065707
661.157128312028
660.979721500192
660.830126458045
660.662748297643
660.581455572882
660.508763053339
660.291743094893
660.144525505207
660.123427687824
660.07062843004
659.906786127272
659.842813280442
659.771427143033
659.730228689287
659.364724128102
659.332665049548
659.071254719207
658.894337831875
658.795956437928
658.733201171985
658.714883789283
658.632770411012
658.59628294323
658.528428412603
658.505697158218
658.432097857162
658.371206623998
658.322850116254
658.296887952488
657.892325671033
657.839024121887
657.750217422198
657.701100369619
657.215995718383
657.208801720772
657.13207390458
657.11484230048
657.027925715168
656.889489142077
656.549138633495
656.486723357081
656.453883969271
656.427888402113
656.419500158855
656.069315506588
656.036654305444
655.904629901467
655.503054185812
655.455225156062
655.416758414448
655.31513577935
655.277238003393
655.221122653463
655.152599993172
655.129524448294
655.087837109828
654.942202238763
654.854384129056
654.816319011658
654.798366813288
654.739955897428
654.723779893673
654.714082279446
654.68604840568
654.551484303222
654.487913300844
654.361591966429
654.241545573927
654.224030379459
654.188296940013
654.122932316605
654.099164880672
654.082297729064
654.008823881825
653.986302877674
653.957122724803
653.905900595649
653.841565909603
653.5938133349
653.588966888617
653.392564178969
653.38755929617
653.336297009116
653.288729671551
653.145314405441
653.14449957597
653.136230785852
653.114884925011
653.094647634606
653.055070508951
652.998772162746
652.791834483568
652.706013785175
652.570501587555
652.535620280986
652.527824763369
652.507941469474
652.472960574951
652.236040716938
652.233270847601
652.180980058152
652.055121056702
651.90880307577
651.840281527032
651.773255953707
651.740705622729
651.692820775406
651.618948032218
651.543707474148
651.537976687133
651.498467003859
651.388765795489
651.354313469622
651.250342831134
651.12853150056
651.041141561314
651.017426951874
650.970300723984
650.951097417909
650.949752828502
650.94728229098
650.913066228527
650.765066310603
650.737811436089
650.735187021297
650.72562150481
650.640706149868
650.603771967288
650.54843638533
650.537058772084
650.428309503109
650.355938440088
650.290154821323
650.095612360023
650.070629985525
650.051284644907
650.036119073727
649.994021994275
649.981097913514
649.903056714033
649.843404354322
649.839098888001
649.811211653757
649.795088423002
649.791342459971
649.77611796972
649.761832688422
649.727084767877
649.701345300424
649.606763716555
649.545393571973
649.419414645607
649.393984371669
649.346547579451
649.332553347401
649.298820718681
649.22326600523
649.209402974478
649.123709790353
649.053471704677
649.04073947034
649.039043289435
649.020882134289
648.874998019324
648.804436989742
648.742839154185
648.70651339841
648.683361377869
648.576265112408
648.55224727823
648.518515950759
648.497321906898
648.480171336678
648.477280252174
648.442097697315
648.438205894428
648.330271816244
648.32633393738
648.325273100278
648.321520371836
648.295013557265
648.264378091104
648.255005628312
648.252488900191
648.221209199273
648.172108738139
648.11867735053
648.107259686753
648.031321034849
647.963900032226
647.961236912846
647.944973288348
647.91534627896
647.815914610576
647.810491059863
647.785572152175
647.782061143271
647.768573288782
647.747622824662
647.676512316779
647.631700387461
647.619788670592
647.511130164151
647.422444121012
647.387175651245
647.370089304912
647.355988267248
647.336851560035
647.324774377354
647.309167168627
647.212842916579
647.19135684943
647.148290461579
647.141440496029
647.11825411226
647.094350751415
647.092782051716
647.083679847688
646.940750212726
646.903066701995
646.881840544789
646.853835676657
646.80270262699
646.735518613463
646.728039183407
646.631203394829
646.624174265578
646.599106557071
646.585705435321
646.553810164153
646.510126511641
646.425637735254
646.409959016333
646.395535572956
646.323832591751
646.307254443133
646.268558158205
646.268503904889
646.227327441974
646.168720265794
646.144396068461
646.040777289532
645.972703388723
645.836708866865
645.799000405131
645.78954420819
645.762096232252
645.675921653905
645.675325464422
645.608269772696
645.600981497901
645.535270758028
645.46586346906
645.401502505622
645.390849992984
645.388428951206
645.377874582424
645.334545081513
645.327928536953
645.316586739339
645.28328947628
645.163762106607
645.137283185203
645.13650608405
645.110065431958
645.006713609865
644.959582776938
644.935230278664
644.863782094248
644.832349776085
644.774065136498
644.766216291741
644.675022369719
644.587149034982
644.480369596215
644.474903902962
644.449635321429
644.431238300578
644.35916017828
644.300916524887
644.253096235291
644.249989546055
644.171701287512
644.088780825856
644.086140484113
644.014806396375
643.996235376919
643.981904224621
643.968618294473
643.906079030954
643.896685512122
643.880307817389
643.792392901056
643.762086430692
643.755271978563
643.714865537608
643.71064879781
643.686638122387
643.648668360512
643.645381365113
643.516374027644
643.480228899716
643.446146199332
643.397152494504
643.371364643812
643.348561662077
643.308213662203
643.275378049167
643.268917414111
643.226828663679
643.201412461023
643.099466853895
643.077289184137
643.065485480145
643.033825149261
643.011531684419
642.946440030869
642.936466463953
642.903561644397
642.890376328165
642.876107678545
642.827069151091
642.812846564486
642.798690773952
642.771164309972
642.7359121142
642.687322010207
642.68499775083
642.613186258939
642.53071747208
642.528756275356
642.519593757635
642.394575012675
642.370019703541
642.368043970932
642.337619042284
642.252059875809
642.250000621197
642.235138723561
642.151014355866
642.124467847314
642.04132139604
641.944265036827
641.940687509537
641.928650103496
641.903895941749
641.870088403603
641.864872352523
641.78881752661
641.730878872617
641.728263989678
641.716715127055
641.701939369503
641.637747526947
641.577952761977
641.519754224651
641.400903909605
641.386475873074
641.356015055902
641.355445861231
641.341831349211
641.300321698044
641.294689472164
641.270176235234
641.225815445038
641.217048423885
641.20897864724
641.157511974458
641.138296590152
641.130408878753
641.094819125267
641.084224136735
641.032844739387
641.004023035165
640.994642605187
640.783738810056
640.753370761329
640.72146744457
640.688139902038
640.681319905904
640.671954670588
640.659488791474
640.637841612725
640.63766921338
640.613973987968
640.588130845037
640.579908683356
640.574060877421
640.567718794654
640.556173502956
640.530571022866
640.518149973541
640.517766679852
640.359012661472
640.337726256343
640.231835926211
640.190480553556
640.187672115955
640.186959736812
640.168227569988
640.104686840199
640.055286271247
640.027705825776
640.009859626728
640.003868908529
639.999475912414
639.998526702915
639.995028857073
639.990521730741
639.978599097902
639.973174478425
639.96840241594
639.922125547085
639.892268551906
639.882458241968
639.8774658711
639.855053110209
640.00378518433
658.727895209364
681.788030191992
644.797174461629
671.788700565771
650.012963787903
643.977237727444
657.983564278056
654.859119094347
679.101191728179
670.502380029647
648.057666285969
653.682636091398
648.530694013445
650.812078397745
657.971752207936
656.82417684311
644.425610804979
660.305102924186
650.071481885602
648.088359027191
644.020983819062
659.131669707452
664.607043355935
664.817648295684
662.889765254343
652.972122569985
666.372036139698
673.980715749372
644.55560290346
642.695314079534
653.426461918812
649.07954101168
643.564619888255
657.685156979302
681.614152123413
651.62841910185
661.790002588529
647.170822816056
649.727208903317
643.991068063131
646.556464086052
644.419477849577
667.719794569033
660.824671883413
676.275958038327
683.718307817138
650.099359470902
657.077521395833
646.878347193035
664.439989706298
647.638670389725
643.691297209416
653.157687584721
644.915391601127
649.168668022512
650.288813983206
659.351832472932
647.082482793808
654.788545572548
660.649513311011
645.826242299147
653.393440763994
656.01213466422
653.020999116662
653.268632825966
654.59484966249
674.694630619807
653.088966499071
667.409721726201
645.706871838081
690.746140636629
641.187806984321
643.555299365995
651.484282171506
660.134841492074
663.741473373876
643.492352461901
644.814977194288
666.697715786926
650.386292785296
661.280427017064
666.836677938587
641.184807635491
664.083548091048
669.897495900387
654.096881392146
648.995434141747
650.036269788713
658.478991252117
642.774146333807
652.159041737924
656.622586657839
662.543178898251
656.209017110512
642.755601866559
647.344124106201
643.910928213235
641.618536920111
650.734557760406
654.730132652624
641.702902690409
643.587000139131
642.437617634987
657.292790981554
647.730704256175
658.312312990593
674.665442597443
678.061650982602
649.061070610428
641.719077870561
651.631447720781
643.794272011355
647.606436261586
644.765604116001
642.183120188427
677.566130586198
680.329908262561
642.698278641442
663.697544868527
672.744107863192
660.014531249015
646.233319550241
654.829429346688
659.581496075257
660.241395700433
658.735467508127
647.185931712672
645.740914821614
643.443009208796
656.604812614306
642.854332684801
648.325080734879
646.336355775662
641.731074973354
648.505522410158
676.975820450998
650.170098282858
651.58942152339
654.684401598641
664.246829653417
660.806187262551
675.09063178789
670.88108207392
647.360466669595
649.939309712816
651.279284004558
676.720959367193
644.307990336991
648.068478464885
640.743269466968
649.816929722164
664.02956547747
641.172026507677
646.77475209074
643.361734339172
645.24375082964
645.115400631103
643.661338162808
645.826684647517
673.93932278417
655.32979462211
641.728606976582
667.443050259625
669.250103714815
657.777723796546
669.312337090155
639.962681110907
650.92721598996
642.906591047743
664.439827504729
643.431717636361
663.4735935103
641.206425153967
642.60536937037
644.810199848454
649.131890230161
676.358164457071
648.197553790556
650.974510895426
683.246094473498
668.717533155155
649.39680434338
680.731583761333
639.898650293853
668.588182849487
652.253090857961
658.845255699657
660.280910092554
658.651016548083
652.537912513446
649.251866305478
645.933262488409
646.582881737943
652.870455366889
643.003943091756
643.91878259824
654.102969016987
643.064291485273
647.566561052999
642.513780537974
641.876052952479
658.865180933524
657.092171773774
672.855144131457
656.931982738806
643.98321958395
647.885109779548
644.975211973119
651.580628733837
647.264995499187
655.32512782668
662.537848130214
651.798399911318
644.716665219419
640.97326458463
640.956542691563
651.629444348286
670.752034722932
665.046073239254
664.680616944879
660.773042419749
653.197963161885
653.528658557676
649.35871135404
659.697316236379
673.436322054414
642.053314039423
655.104579054237
659.771632996927
640.989858593018
642.702531004608
646.654712839336
661.913049735375
665.352288472772
645.041860942266
640.159253164873
662.649624873663
670.241822463508
648.883022507965
651.62773294972
659.780459232648
662.332900711343
639.800612785374
678.040115940693
662.469548817388
676.175265807253
675.293823819388
644.938513160456
645.55120618027
668.237851425951
663.200058557371
660.932450162059
651.27082149157
664.571729072491
641.230946659395
654.546278719256
674.825782394766
668.732044615075
651.358189655382
656.690899036663
670.173336689569
646.626876665178
652.207540168163
643.220327004518
657.004720748566
646.63104791487
648.919269642374
658.894777875844
668.691426362306
653.026962756662
657.261863334479
652.334783559824
684.493759324096
645.418970761676
656.466311253476
646.207613953898
661.832476919117
640.159224124658
647.916117425992
648.491648628018
645.412250096148
654.95178073229
653.811469707312
669.922633470764
645.961892502563
645.657337921478
640.762090462212
663.722733529132
663.184847304815
654.765610947307
655.369821361546
659.398508701125
675.655621907409
646.108011966602
645.944059369298
658.419744418272
642.130285995066
660.462007596525
667.521518594661
656.05371381339
672.46912626535
653.659772804575
665.430093042181
658.835853695668
652.786461228131
653.730858657056
660.41039759894
640.707483402949
641.704974734297
651.290115154491
650.83783522131
648.73036872729
655.01614869213
647.049265990986
655.74708179397
650.7497369076
671.830867804838
649.623091651288
664.076327892781
660.241540789528
661.238148416232
658.98568847333
666.184133427866
641.986967674336
654.415555760242
643.046874529465
649.777528867803
670.803837702606
645.269074731489
655.925810220323
670.522184764847
667.930596006838
650.190488164106
650.82636033678
648.573680359551
649.678586338466
650.473062602308
661.889705789083
653.365721071094
643.763483744338
664.904337391814
657.521758194232
653.928082350835
665.623543921809
647.875900185717
653.033012122935
649.783703005633
652.306776882223
679.272770993842
653.879250780684
660.027431459412
644.197732447105
640.532464295692
647.749034188923
661.774241831216
658.400860387623
658.777711335337
659.724387989955
656.403617376636
653.99430898709
640.039502834184
653.24800883354
642.280575771809
645.246938544109
650.838897717239
649.558571000569
639.872454458445
672.850253819075
652.724039749696
639.951731264194
665.584768841334
647.310361626051
678.162688516738
657.233820230106
675.773795356483
656.787048088084
657.118686415569
646.171913988075
655.199987782894
647.542946225127
642.319193666381
647.405630079296
654.283922981098
644.168916887179
655.724722707403
643.273189030873
654.662974295714
660.505951284837
652.64252317729
650.123268479841
644.04114921237
656.73976348634
642.699829449987
672.036241891603
672.829837645284
681.661985998089
646.924221087147
664.274256598966
666.539926169071
643.834159105548
641.54066741956
659.482869884512
652.106918030877
664.448435631052
655.782384929659
642.616829640147
639.919191653924
645.238713042234
640.303081382708
641.460575025376
640.656604529787
650.348477295917
655.453988877519
659.631894334272
654.4188995971
645.273601687952
653.259227087743
640.735459513772
670.135274619429
665.593035035034
660.04593559041
654.324687398866
647.046420471823
646.433353922114
639.855054812974
665.831914263014
673.839824610257
660.187081846197
647.541655941546
640.19075179205
646.179703413226
645.080698296159
657.488602774589
644.619065662325
653.04142172914
673.060822376396
644.826805680303
644.529151203574
644.354340503533
647.844852445493
646.018401445388
662.738086955758
659.240672804319
644.72210266504
646.131410943853
646.107115784805
641.285524809287
659.319972467738
642.509184349433
659.144648559642
642.880258570994
651.254656807261
653.664150892342
665.81834448484
640.49435565217
652.828227522817
648.180099215908
641.599359054086
666.712009517559
644.201022361544
654.052967898649
652.098765049055
656.989886771331
645.817914982393
681.192159016012
661.728814351632
656.01315830839
642.531815878545
652.891287972074
647.506144104903
654.037602662644
661.155076752744
654.429642959725
667.50603535284
667.866185006345
658.436284749757
646.14675420964
663.484622068348
658.641538610435
663.074034941436
670.33558357723
648.396924480121
643.413325467433
639.848500932156
658.167991324746
642.022220259977
643.860306471325
647.402830959043
661.701397159067
663.900097402106
641.718552392329
651.043293834374
642.312725603301
650.946602263185
645.759373929087
656.965281956698
648.421259161144
644.979204122215
667.893472430757
666.55002613991
652.254142765095
