710.960715681696
710.645227467611
710.244679219257
709.661181121594
709.504332583436
709.356315221307
709.342970781356
709.01786954052
708.90341313321
708.900001591705
708.886132741068
708.731360201083
708.71263233775
708.650656812761
708.586428958158
708.516074688895
708.47952979621
708.456794144544
708.453239131363
708.323015622364
708.293150410052
708.292358905156
708.185659919333
708.141651653178
708.141196332431
708.12247935622
707.93025722167
707.927790861867
707.88660945849
707.819382705867
707.813701201856
707.801770956298
707.783045726423
707.755226491138
707.711409982852
707.665567619499
707.584214829517
707.558901698654
707.537103453509
707.514895246039
707.511352608509
707.49240773331
707.482416599993
707.462688014122
707.337881235293
707.336080073335
707.314473220578
707.302149439241
707.295195626096
707.257987683963
707.247314244911
707.225820206648
707.222462564607
707.194519604018
707.193558541851
707.179571991573
707.164858677407
707.146688984052
707.145441508862
707.07785289215
707.065284094584
707.064336895197
707.037240997771
707.007128226078
707.00334609369
706.988799213682
706.983500339912
706.951036229347
706.940040171135
706.857422531953
706.8479774298
706.844549390024
706.831286332375
706.822614696487
706.797665849737
706.784776317414
706.781504407122
706.7718193679
706.743294018066
706.696094977398
706.689471460709
706.681380270297
706.669689138481
706.661567255948
706.653883745134
706.632699803456
706.592420479421
706.590397001737
706.571980356883
706.557669066084
706.551952654316
706.544174961068
706.542158277456
706.540867164464
706.540357342933
706.534324408216
706.526976850752
706.513817594084
706.5132817282
706.497908380265
706.49781788106
706.490353316451
706.480666245973
706.464168405085
706.459307427551
706.459207283913
706.453535369173
706.447441606664
706.425295625514
706.414174542673
706.412589103391
706.396503890157
706.383049849756
706.380098389919
706.373961824655
706.35958393759
706.358424852992
706.338524318051
706.33336939563
706.332531275076
706.317389959795
706.313099145683
706.306151401853
706.305564381221
706.300084226936
706.295886188738
706.279180702667
706.27062808091
706.258590346833
706.257274324723
706.257071180688
706.256161847971
706.249536387809
706.221434725448
706.211917239559
706.196233662305
706.190822388917
706.187872541311
706.18272742447
706.181737882425
706.181216725009
706.170751682747
706.16122522558
706.151773759385
706.149533194173
706.142541496357
706.135453161022
706.127052219175
706.12092867481
706.118767138424
706.114488383767
706.110309154722
706.106818013694
706.102450238164
706.095460947495
706.085234397662
706.084220316371
706.083832209775
706.079417789211
706.076392218197
706.065709268194
706.052822272258
706.051385215281
706.040110826324
706.03702504421
706.033137160602
706.032888584726
706.029661594465
706.028202325563
706.026144154655
706.016736177656
706.016671120175
706.013918448372
706.013371757893
706.013365286623
706.01296218891
706.006807128433
706.00622618243
706.00472548242
706.003915303916
705.996472890857
705.991007482612
705.990390012047
705.978816780386
705.970116175879
705.962079657198
705.95930783604
705.958281534452
705.946845503333
705.944622370543
705.928306979608
705.92732257063
705.924100143453
705.923257197022
705.919943599057
705.913702748874
705.911108364833
705.907645849348
705.903390003093
705.902116426687
705.897163027127
705.893245824074
705.890741893842
705.874365030774
705.873299033057
705.869911290042
705.866125130185
705.864143591996
705.85732737653
705.856507702699
705.855403765966
705.853266787063
705.853160018693
705.84959898052
705.84749667131
705.847397152263
705.84589122954
705.845857847943
705.843879876578
705.841903800746
705.841870446677
705.839238486652
705.838724597814
705.832838269843
705.827595844423
705.824313374839
705.822916148065
705.822309456543
705.82226081058
705.819994004774
705.818347117293
705.81777939706
705.813363450651
705.812939335779
705.812914817139
705.812824710844
705.811697027348
705.808832024756
705.806870077277
705.802911109825
705.800963993889
705.800896930093
705.800099828713
705.799666022479
705.799300515567
705.799071008426
705.798803721858
705.798725367285
705.797290092807
705.793381436028
705.793010800605
705.79176680748
705.788587243992
705.788064978021
705.787545070707
705.786837611022
705.780714647005
705.776759743243
705.771507730841
705.760181432664
705.752895449369
705.747671506556
705.746352620106
705.743658502501
705.74157974141
705.738516399852
705.73506444718
705.733275558954
705.73053610386
705.72924579423
705.717850238385
705.710114762783
705.708284851197
705.707545947035
705.703270271242
705.699491466339
705.697281539736
705.697276042992
705.692205682409
705.689372976575
705.689163550485
705.687616813247
705.686127666179
705.685958479722
705.680123785226
705.680055919096
705.679501703805
705.676658546445
705.676428991961
705.675663985143
705.675382513734
705.674925725049
705.67333781792
705.67314900963
705.670421328454
705.668750282716
705.662076585525
705.658246568169
705.653532707724
705.652989967754
705.65281005995
705.644779666985
705.643997760358
705.640964944434
705.633847572682
705.632308256414
705.631792654642
705.623436075488
705.623198228426
705.62241742002
705.620605827976
705.619521499957
705.617927827276
705.617493094369
705.61738780309
705.611607080087
705.611431639413
705.609736481857
705.604006139718
705.603673198024
705.602363375406
705.600642393354
705.600433531611
705.599629068494
705.597562314359
705.59395342953
705.591482594496
705.590346342879
705.589874658102
705.586402087316
705.585832017496
705.585710662032
705.583204060668
705.581290519457
705.580373227725
705.579483016385
705.578626209543
705.578317510071
705.578092322225
705.573359943095
705.570774614065
705.569152846802
705.567781709952
705.564491417555
705.562145090306
705.560128329459
705.559276671763
705.557212843337
705.556729333358
705.555584432409
705.553284167672
705.552065674327
705.551957812875
705.550118808022
705.549479664085
705.548161319057
705.547836901394
705.546165140527
705.541864580371
705.541441359067
705.539881712505
705.538658283025
705.537209494268
705.537180336559
705.534214438422
705.533865216306
705.530926635302
705.528648764577
705.52822453071
705.528071432562
705.524972715565
705.524738745363
705.521904058046
705.521888744305
705.519260067389
705.517703465682
705.516846618354
705.516739781249
705.510032041244
705.5099320769
705.506807246632
705.504246569217
705.50414605836
705.499873069316
705.499016617877
705.496166383942
705.495752285275
705.494662715723
705.492175299818
705.491850487642
705.487852538829
705.486911518144
705.486706273546
705.482973578647
705.481462406423
705.48137109933
705.481177463937
705.478676265381
705.477897401798
705.475539187416
705.473717850335
705.470570297137
705.465813287292
705.462661554114
705.460401547126
705.457724921823
705.456606656274
705.451760845011
705.448557335638
705.447510868947
705.44510612826
705.444261804417
705.442161968094
705.44163675575
705.43429568313
705.433516679843
705.433333210755
705.431694933434
705.431114752982
705.428010660397
705.42538340578
705.422181583604
705.421642851659
705.420600770101
705.418213225377
705.414861969425
705.41055183901
705.410545977825
705.408701550907
705.407513765213
705.405154541172
705.404217880284
705.401627052029
705.399025844072
705.398405743454
705.398365127464
705.396821209418
705.395282821257
705.39341984044
705.392039107856
705.386497472365
705.385420933447
705.378225922754
705.377039487396
705.376681917884
705.375985305871
705.374928903393
705.372877085022
705.372051350719
705.371798481409
705.365496818558
705.365051270797
705.364643846014
705.364197353788
705.359267121908
705.353050483442
705.352841792665
705.352383298957
705.352121968523
705.349469514806
705.344606999215
705.342983922831
705.337290838588
705.334308601593
705.332015399418
705.331874349026
705.331007228829
705.330793820109
705.330101031473
705.32634783084
705.323186227056
705.320846994328
705.320361190334
705.31817703108
705.317456291212
705.316404013442
705.314710666255
705.314680185849
705.313484636899
705.310746946604
705.307601784883
705.302862654259
705.30262005554
705.302560871778
705.300550520689
705.299839643396
705.299431507008
705.293501379553
705.293294204284
705.291504783154
705.289924198579
705.289789914428
705.289038817119
705.288456953172
705.277577923013
705.277197842261
705.275493566027
705.274088241166
705.802690413841
705.510704248024
705.923483732823
705.932056616545
705.724831707391
707.872094287879
705.796167245861
705.474036747964
705.376705968756
705.342958124146
706.21402518193
707.965588225982
706.455359329446
705.429159936396
705.449443882276
705.384177342855
706.257745753632
705.811263699433
705.294224788839
705.34336967775
706.28473175005
705.685487668324
705.738629067826
705.565580159362
709.888434825693
709.267166849624
705.387916019177
707.879711852516
705.304808618395
706.035784050567
705.638192430721
705.384074375764
707.219658828156
707.683264098675
706.47994829546
705.7141115518
705.725562884601
707.602718340382
705.400488408104
705.816566776613
705.453465797417
708.119053917393
706.180669819889
706.003802828138
707.154016301402
705.612945493788
706.199042755854
705.96634227407
709.114780021449
707.550671144833
705.742723619152
705.528243197576
705.293992340248
705.863296779231
705.317001783506
706.998348909065
705.327324006112
705.307393431259
705.279983831833
705.820202453584
706.147126083885
705.376760328167
706.777354431173
705.374740171618
706.141826965679
705.984016177256
705.818612908296
707.60910331335
705.553377983055
705.668085853919
705.457369555188
705.894457694674
706.056289061254
705.529940432865
705.836054213637
705.507565731398
706.429322162953
705.781555891735
705.464830982817
705.532776360698
705.285126924415
706.70387741913
705.279636765899
706.2688280541
705.673165422904
705.299485125666
707.96733816838
705.569714448277
705.436055965564
705.639187323045
710.337457002692
705.759655546428
705.29114547067
706.980520092947
708.194389934016
705.503659336011
705.388981648313
705.728108597281
705.911672965902
705.354903752483
705.291091225998
705.877434615681
708.352165936843
705.45365790828
705.312203634069
707.154335891734
707.250108370961
705.933481184967
705.957991838013
705.896182431921
705.416437419048
705.535408309556
707.036411550312
705.422942696222
705.431138789437
705.617150195794
707.743444565868
705.519266636716
709.205953961354
705.456952024578
705.455166313838
708.879211711092
705.531186801228
708.206038449838
705.297412226883
705.801118197725
706.021655003693
706.601546089069
706.3362644071
705.302817692328
705.397575398256
705.716751018062
706.297403907633
708.673866332601
708.699622682069
705.589951546456
706.834647467914
705.873979700424
705.575000384465
705.337957237375
705.413721136352
706.252942789683
708.950423393687
705.402117715456
705.799623101293
705.637941284043
707.819209995084
706.771068297571
705.274956645633
705.387971364094
705.809749550645
706.395128004255
705.487504201029
706.447190744797
705.922603746362
709.389840056202
707.582536282663
706.025006388968
706.077127831959
705.898965565594
705.55065867801
707.144627310537
705.830603703799
706.511523315067
705.278501893878
705.656808982697
705.378176314441
705.562928710757
705.372663662805
711.11189198194
705.657424705308
705.409714786303
707.898480043204
706.121750920728
706.569733980808
706.005980669986
706.16289772976
705.604221924063
706.93190273094
705.739565251683
706.737075639495
705.359522466027
705.464964752097
705.352951357863
705.929015277393
705.863242804487
705.542721221275
706.57598798929
706.263331636627
705.388619540421
705.445882484904
706.399314494741
707.310262653132
707.460496928192
705.395542277162
705.556098233374
706.757310498976
708.659795517602
709.511164196083
705.699045638795
705.353463932377
705.440658040232
705.619072385271
705.573228882054
706.064726539585
705.425683756054
705.942923231028
706.599633171693
707.730731310893
705.402405463057
705.491962067355
705.582214475678
706.597078571282
705.884118871176
705.444086826959
705.292583816189
705.379422667514
705.461864810551
705.730418746895
707.147291683514
705.716036804627
707.124778144302
705.825574484566
705.625954073546
705.731233885795
706.207933008157
705.733523526611
705.718135431158
706.644892764862
705.591404811997
707.080437635301
705.784844614555
706.508495292082
705.902153170201
705.551529345804
705.826540435342
705.375832791945
709.535646178385
705.389290464208
706.040034671857
707.339603559513
706.512598033
706.007377565384
707.1603804343
706.249797285398
705.54451369092
706.668400837416
705.376600033283
705.292384159105
706.611230102424
707.922088000196
705.933878121543
705.740879244414
705.782530177354
705.996694952952
709.16233046339
705.422687019891
706.323338566637
705.886370767382
705.77689243041
705.503886194095
705.612045698709
706.499161289592
706.361457920861
707.536826752895
705.913455506857
705.368225635279
705.668427454267
705.309151097688
706.849814504381
705.930658715658
705.402648179498
706.171743799561
705.402473443828
705.55175719563
705.289323501492
705.597603486995
706.645210913455
707.608513460919
707.68611412266
705.555717487587
705.549237308393
705.510386758648
706.20761771545
706.255789225701
705.683337622063
705.77460442429
705.836496125733
705.975946242539
705.435703556419
706.232687146833
705.694708870809
705.559583584271
707.405804779483
705.418522940583
705.437150597657
706.020329764001
705.628043543562
705.544629903264
705.40797700014
706.03410424488
705.594788584711
706.079009182867
706.512927623264
707.774376646755
705.916774858918
705.274608599149
706.096792950296
706.440288673002
705.540172690027
705.894758489837
705.624142757976
705.683210181354
705.717306940176
707.973280857929
705.546060281957
706.188854464328
706.227173122855
705.335517874185
705.776254472368
705.382910159307
706.304606841804
705.298368454702
706.749963191696
706.92877886399
705.519751328722
705.836049853926
705.506561746788
705.607230229171
707.713101881756
705.663682364589
708.022982001393
705.365264831325
706.452042327541
706.342813615791
708.351748946398
705.302546809924
706.686682008265
706.17819496992
705.547759425762
705.509957422137
705.855328372822
707.005440229245
705.327270881306
705.761821351334
705.604236563415
709.852694016028
705.332510567469
707.736081616944
705.673604877775
705.896129610255
705.738536406047
706.962306539458
705.355567182583
708.759213734127
705.927459548687
705.69198863712
705.367061833365
705.864672231895
705.359673960075
706.783573944343
706.156749639568
705.468995213218
705.660448839043
705.367275189756
705.820109592754
705.513906228754
705.725055542366
707.505828102386
705.325914997852
705.493691101462
705.619856618931
707.246111591417
705.378215755624
705.594131430248
705.442362832804
706.508823271083
708.495061134154
705.295275945586
705.675346459969
705.51722926146
705.352312160304
707.253033604029
708.244666685358
706.348530564143
705.508696346661
706.217670724645
705.386556405426
705.357312811471
705.323732932396
705.363107227985
707.252060239693
705.767395442946
705.504024958312
705.282172137109
706.355249472077
705.784063294604
707.761380788329
708.654704025351
705.692002308542
705.431236690962
705.402297964006
706.196510911588
706.144743969347
707.471027361933
706.023746591988
705.360965618149
705.475824799767
705.644369027322
706.021333581805
706.822745310054
706.961171211293
706.082446080018
705.675882407725
708.573564734005
705.394496573859
707.093957183158
706.331371705214
705.37532170839
706.112089067222
706.378371194248
705.974002874385
706.50555158661
706.594257609306
705.422677422855
706.556730247775
707.893096408789
705.949300359621
705.561927595573
705.472655769655
706.309863330686
705.325049142882
705.700970394919
705.7195671277
706.962046064252
705.423146080808
706.070235707653
706.117811007066
705.294605498503
705.470978136256
705.730503721647
705.630784926784
705.422852116199
705.625062344887
706.263330746341
705.456052786792
705.437242655809
706.392847702167
709.555521011927
707.071710789203
706.012062619472
705.312351080147
705.708116915071
706.225825061811
705.702710462534
705.336489723774
707.538190376236
706.706912353127
706.027855626097
706.506985763767
706.107808160187
705.834122260012
706.087077295969
705.430003398199
707.342521378528
705.882456112655
707.61495139955
709.903381974674
706.639832904233
705.363690507617
706.240377914752
707.738815084356
706.869594103365
705.289224686068
706.133356335415
705.947543599216
705.947646825681
706.981444019822
705.424077994845
705.457841020063
705.685256630774
707.05373395781
705.282684926616
706.194492171295
706.270337346276
705.439370531735
705.64847326159
705.423709812039
706.465590231262
705.512892121437
706.00127781011
705.697898900289
706.306868005415
705.605861531518
706.318844597162
706.855479054148
705.418724845272
708.164469248337
705.453414709434
706.159882953584
705.591233575945
705.407398317331
