711.617460022008
711.436544030521
711.347867330913
711.186284775772
711.143663698192
711.11189198194
711.104279500467
711.098958269826
711.081641650998
711.044605209917
711.040196350796
711.000205077973
710.980664052241
710.960715681696
710.874727956126
710.871444894485
710.812892534252
710.787148553038
710.77786297426
710.75668110524
710.656720724961
710.645227467611
710.603095259532
710.524653315952
710.51788346132
710.507412544697
710.503843750896
710.472164043178
710.454145883403
710.449159513613
710.442571591206
710.429448415079
710.388469028974
710.373343998024
710.347609475643
710.337457002692
710.283266177703
710.262315236908
710.256508618919
710.244679219257
710.235214088417
710.22924207955
710.22742690962
710.224314297018
710.216263068992
710.183183424735
710.165447684282
710.165155203077
710.165091145615
710.154391243589
710.135270320833
710.124288745057
710.11417354222
710.0682247212
710.055699241009
710.052146565232
710.049979676339
710.024003917605
710.017454482436
710.005011694996
709.99335258051
709.988953403863
709.983529684509
709.983431581659
709.946429538896
709.938893371937
709.929186564004
709.923236712553
709.918869963741
709.917478890402
709.908587432805
709.903381974674
709.888434825693
709.879552922727
709.873504936972
709.862300212167
709.861588949486
709.856861022006
709.856566876365
709.854881941211
709.852694016028
709.850239296047
709.849608358048
709.830729663621
709.819862065775
709.81273005322
709.802641850051
709.793723985007
709.791840085601
709.779522556269
709.775770751273
709.77075704604
709.757972889601
709.715619226583
709.709247316488
709.677579327961
709.661438705056
709.661181121594
709.65979464019
709.654623878711
709.654371205419
709.638718335122
709.602988773844
709.589797534045
709.587937632138
709.581809190454
709.579407596989
709.578038426664
709.563280341051
709.559687792893
709.557524584331
709.555521011927
709.544890709785
709.535646178385
709.534268846369
709.532571705626
709.529918053928
709.527234986291
709.517381758081
709.511164196083
709.509975620688
709.508510587804
709.507467416506
709.504332583436
709.502733588722
709.500170458133
709.49306078297
709.490504944693
709.484849665209
709.478929105893
709.476316029794
709.473609689991
709.466766320802
709.465114528955
709.464745403436
709.463241150647
709.457520362881
709.449965206471
709.448327512074
709.443133289185
709.437181591462
709.434121600962
709.427280012144
709.411924935654
709.394652162419
709.389840056202
709.388247152528
709.356315221307
709.352240744447
709.342970781356
709.328890273762
709.324769454352
709.305001331922
709.301213824236
709.29801654985
709.293585281809
709.293263443728
709.282716987778
709.280684072104
709.27701223703
709.275397431963
709.271193011769
709.269561862286
709.267166849624
709.260646719924
709.2577583236
709.254091931722
709.247071201578
709.241011267879
709.227917452327
709.225981741694
709.224338098485
709.222884821524
709.222128626015
709.220846743961
709.213269707019
709.206446982511
709.205953961354
709.205763872807
709.203546975124
709.202009676236
709.201710245327
709.195478635576
709.193259652128
709.192338282688
709.187977297106
709.182934274446
709.180092529188
709.167491233472
709.166351163511
709.166200972355
709.164312140715
709.16233046339
709.158850440847
709.158191168121
709.137003935923
709.114780021449
709.110295615636
709.106258394265
709.098877689053
709.091205055019
709.082926313374
709.082424235859
709.08201417704
709.075531607033
709.075397827938
709.072589438955
709.054756758169
709.053002697168
709.045811203687
709.045253308412
709.044666872603
709.039965290596
709.033939347567
709.030804371376
709.030264136618
709.028033575905
709.027248523415
709.019304312036
709.019223257895
709.018367346095
709.01786954052
709.012353735907
708.997911399568
708.99750944963
708.997443760669
708.986239253034
708.981434407032
708.977739201305
708.97773021225
708.972224793972
708.962968146375
708.956087840759
708.95499308971
708.953934378711
708.952658810643
708.951415585623
708.950423393687
708.94749566729
708.94500176813
708.940861979208
708.931314181865
708.924054195908
708.923412545992
708.918983432069
708.913970619057
708.90341313321
708.902844756885
708.900001591705
708.895572791974
708.892934890675
708.890924200058
708.886132741068
708.883675772879
708.881025181901
708.879211711092
708.877891929032
708.87465793173
708.871855295435
708.870950650651
708.867933528516
708.863718186362
708.857375582915
708.856674978384
708.850390821433
708.840930226248
708.840600085949
708.835694395609
708.825784981313
708.820371485718
708.817272366017
708.816145182536
708.813994102079
708.812601459771
708.810669132346
708.806668512231
708.7955168612
708.794776516412
708.792377233881
708.790682874339
708.7903023006
708.788894097019
708.783076734709
708.777345656254
708.769817022969
708.769211275417
708.76725557662
708.766428526793
708.763838041369
708.761101206066
708.76108519998
708.760062631761
708.759213734127
708.75883791305
708.754751519625
708.746695809781
708.741182489754
708.733693347251
708.731858411606
708.731360201083
708.727680831641
708.725915659547
708.725059329441
708.718922651855
708.71672142056
708.71263233775
708.711180729888
708.708921593838
708.708377152799
708.703779315131
708.702713971112
708.70041715581
708.699622682069
708.689903328892
708.688263266198
708.687997368199
708.684911777305
708.676431149639
708.67530307469
708.673866332601
708.670750018062
708.665335331957
708.663876767813
708.660719112123
708.660368141646
708.659795517602
708.654704025351
708.654213636303
708.651608054824
708.650656812761
708.649229616604
708.64672474075
708.646381347558
708.643592673839
708.639643472107
708.629595987325
708.627752154118
708.624584452836
708.612434461295
708.610419434858
708.605063781499
708.604505978501
708.604278427341
708.597165903995
708.595720236908
708.59294263261
708.58731808117
708.58674152049
708.586428958158
708.579097527316
708.573564734005
708.571697739535
708.566308804456
708.563287990602
708.562226121046
708.559214697276
708.559207485452
708.558469765352
708.555653598725
708.554092360035
708.551416220559
708.540534106642
708.539656473049
708.538271911207
708.536053699682
708.53591262003
708.535855497328
708.535077027195
708.531828806203
708.528121653762
708.526747083974
708.526445564309
708.5239622357
708.523492265616
708.519425893635
708.516074688895
708.514242172387
708.513319058861
708.511362987017
708.510834864735
708.504807292901
708.502101534724
708.495236383632
708.495061134154
708.491865967183
708.491561163715
708.491490346796
708.490368793319
708.487677303068
708.486969738149
708.485519894481
708.481385425511
708.47952979621
708.479159232819
708.473083074123
708.471725382884
708.468525164655
708.465033577551
708.458793252732
708.456794144544
708.453239131363
708.447128324195
708.443874621905
708.442859226252
708.432255000776
708.429524031846
708.427393665947
708.426490708562
708.424920476434
708.408825302457
708.401581653966
708.401205964941
708.399561303318
708.395008629234
708.39160656473
708.389666243819
708.387194508984
708.387055288907
708.386967369435
708.385385862237
708.384758017438
708.384410068593
708.379287998621
708.378701178219
708.377312217366
708.370682886049
708.369918790371
708.369165731463
708.368346558271
708.366056927556
708.352530904577
708.352165936843
708.351748946398
708.338537377348
708.335520837501
708.335272467399
708.334478019904
708.333839662505
708.333725067205
708.332703628378
708.332252595718
708.329737933889
708.326568769012
708.323015622364
708.322998826246
708.322965903001
708.320182385206
708.319772036973
708.319626870057
708.318455431069
708.316461454042
708.309927596005
708.309441703409
708.308840021958
708.30874557074
708.305658875353
708.305164444356
708.30489940518
708.302580455641
708.301794902139
708.301456896577
708.301013777008
708.299851059425
708.298801128878
708.297109797006
708.293150410052
708.292358905156
708.29212273102
708.289306602834
708.285956269992
708.285660229117
708.285194848182
708.279248522449
708.278429083578
708.277680652352
708.274870323635
708.274507964724
708.273242711248
708.267060269272
708.266764425642
708.265563234868
708.264030213497
708.255019068392
708.25386147011
708.24955415265
708.247377370986
708.24540327695
708.244666685358
708.243369016379
708.242227217761
708.240044814712
708.239168404016
708.235675898965
708.231094268909
708.230596463038
708.228546634428
708.227295452961
708.226659442559
708.511297295346
709.408833980431
709.615394423761
710.840315367291
709.335380217025
708.776089488504
708.251990757684
708.639382057472
709.417072388275
709.251791699398
708.815589253476
708.69438493479
708.291518557212
709.872651564451
708.402973238865
709.04194445074
709.061206754853
709.938366009214
708.818442782882
708.782834364755
709.280085179139
710.155953737936
708.430115909136
708.673254111661
708.516591547511
708.730825693353
709.702813423573
708.691803324496
708.522792001531
711.695362102213
710.392102525676
708.522799950493
709.060742091091
708.601363740365
710.391724216221
708.614044761806
709.89748457218
708.562248331962
709.022603484201
709.856248811097
708.687770931777
708.968028987291
708.247799256657
709.683337006994
708.414882966752
709.425787737005
708.242463541939
709.235771657794
708.552838220641
708.444282201282
709.66654896925
711.172141375015
709.856701774969
708.528744360832
710.058785410341
708.768365860959
708.720522434533
709.377200689625
710.860433373698
709.032457203525
708.858852236865
709.723219481376
709.33637877781
708.291646108096
708.274702452981
708.325548252139
709.897018423973
708.47501810949
708.392084708491
708.578446727422
709.32215847531
709.952530207972
709.016750490123
709.760672432758
709.699618248968
708.678800153898
708.830790388266
708.713954725643
709.013307914392
708.894935315634
710.831356441948
708.593459713497
709.592803802739
709.107136642726
708.517763979618
708.625245820887
709.841620073279
709.146715562804
708.341492535096
708.831259923359
709.052731904124
708.374058064456
709.43872505582
709.439662849562
709.463463027527
709.430939456033
709.452582664258
709.630424953511
708.938140550846
709.236810877325
708.694475859492
709.14677699526
708.753802688426
708.375372461779
708.83736160348
708.661529578738
708.866814644483
708.607856769541
708.432711081508
708.289665131932
709.362615226591
708.512952537522
708.4726995348
709.109521817629
708.967184590744
709.471623861515
709.972096177595
708.588908166119
708.910473894043
708.590119783287
708.921035102542
709.937982795008
710.012348970337
708.267501445654
708.60776417005
708.792805424001
710.073442757558
708.69202727717
708.982962149644
709.280066683636
709.785684347775
709.78665674726
709.171168952286
708.358955925353
710.532676520715
708.711436831631
708.528215078367
709.847552521222
708.232867578913
708.995805133113
708.759786837886
708.870132230636
709.568715781471
710.367215833876
710.047163006862
708.277387312404
708.533610113357
708.786505565729
708.717904749976
710.331228444381
710.233985881719
708.812765758434
709.600565901954
708.426171952719
708.81075424181
708.852665742754
710.222849600254
708.601732169893
710.62272402868
710.024597021253
708.334046517906
709.31883082629
708.279987213948
709.143200637769
708.310457255629
708.365620443808
708.576727951408
709.730574841689
708.310167712819
708.4987527001
709.104562854539
708.910907109145
708.764311032141
709.334320689338
708.268685321657
708.723128516303
708.663756705056
708.72449106943
710.107723526456
709.78453501735
709.469728186142
708.508385908121
709.598449648327
708.781929545285
708.839932175329
708.30215374207
708.363555655963
708.742638825996
711.006263813886
708.613970687308
708.880322272194
709.265484547554
710.206097097613
709.436416771621
709.274555688935
708.634408117754
708.928403800965
708.560736952951
709.17488196163
709.603767168209
708.522284697551
709.844393292867
708.244918717361
708.482004424987
708.777286580158
710.643110876376
708.524620919645
709.023820364348
708.377829764973
708.554980254125
708.228912978067
708.254836060463
709.372036705466
709.896585661
708.647919470845
708.674282152481
710.910442942935
708.798952111772
708.489336964447
710.088740505826
709.467146174093
708.617456556725
708.592955998714
708.556413973274
708.446887586486
708.386779900234
708.448854075404
710.488204442836
709.962315315006
709.799942489999
710.692266665819
710.212629111966
708.962923278633
708.808261166817
708.783392847675
708.897823956271
709.311180511777
708.64570604418
708.647570336717
709.527597131234
709.14299132825
708.968852115867
708.440914263269
708.288492114327
710.029760835861
709.26065268062
709.756600802144
709.442131419023
708.853933603013
709.510821095885
708.489603780078
708.323020024947
709.678189950412
708.801373512805
708.602887808174
708.594830609511
710.701918996368
708.451124285279
710.460026953902
708.36478401119
708.471671887322
709.960338591689
708.85821571629
708.41087574366
710.001797232791
708.56964427845
708.672766204194
708.325844577795
708.995839800122
709.964006843655
709.937248044605
708.76232980425
708.988294474085
708.294154953719
711.99532543721
708.713792885393
709.370238854178
708.42182185073
708.549895555699
708.968721238717
708.748715236253
708.571251629792
710.848179639604
708.273459488226
709.412945840826
708.483859992601
709.881837726543
708.364034194224
711.263201353698
708.373587906842
708.744363715228
710.056681383653
709.02047643551
709.640290877813
708.448364927667
710.110183156922
709.993574416921
708.635066820697
710.598127619186
708.648950741277
708.30649730454
710.054347690496
710.579615874756
709.465926736061
708.510300779748
708.40143308274
708.716742971319
708.776361602428
708.800404818815
708.90040462343
710.027549788184
711.384096370064
708.451269405067
710.452861120491
709.425154607225
709.597747398126
708.817696802231
711.254562708178
710.008070146102
710.069739959405
709.0864873442
710.912587926285
710.339397518243
708.263545553129
710.220160523201
708.968766858679
708.402336813179
709.992331574049
709.348598227483
708.813354049237
708.494471805946
710.189279807626
709.146726923107
709.483892234508
709.184904766857
708.696956172402
709.298853787691
709.438226195923
708.229178618969
709.082182453206
709.799047783273
708.771079650646
708.252050228722
708.991451357099
708.285698138512
708.7681340634
708.340203726933
709.755245782183
708.570533961979
708.98203077685
709.337568221017
708.309911206965
708.357303060222
711.173499913771
708.647029287097
710.00581850648
708.668728806789
710.94653791617
708.36778977322
708.298271967364
711.607352925372
708.285033257338
708.25515545669
709.455635423409
708.489865919536
710.98621821273
708.487536723422
708.677252817614
708.499334422795
709.931263534862
709.678876118462
709.334329105378
708.308450002263
708.527685335865
709.506058602691
709.293679609195
708.873789827987
708.997680660365
709.948903339658
709.340956706319
709.006032033238
708.647292805057
708.408347232717
709.515961894638
709.605899784237
708.4611779229
710.363652081534
708.944699064258
710.400058304637
709.856713631651
709.189779934197
709.8570331446
708.978712497084
708.734581674246
710.930163883758
709.217029950656
708.706677623091
710.691623285374
708.757468130779
709.36936709964
708.218257824259
708.332736599193
708.607781838866
709.779091341529
709.905650886508
709.285871404472
709.410121502175
708.311522051037
709.839692174713
710.360914730807
708.239516732111
709.509590016672
708.633490131308
708.634593930457
708.796895784681
709.390361533493
708.354651349861
708.935024053527
710.155042610918
709.312944087988
708.387292981077
708.683815378457
708.912178143523
709.409693430142
709.021565416349
709.068260587205
710.396807133341
709.482753941644
709.888270245578
708.881230687119
708.341366110721
708.854740247872
710.436503306972
708.806911945005
708.838223721724
708.392263580147
708.880324172404
708.794821764131
710.836695685824
709.541983788948
708.855207922209
708.551790582684
708.763408326114
708.856086044534
709.910203039033
708.652067763431
708.260568262496
708.282675793303
710.46825483671
709.795359456049
709.912205435809
710.475302245601
708.796966363999
709.158483732018
708.276753107229
708.673098554848
708.872578673969
709.201741464888
708.744889728842
709.29805675452
709.935303045841
709.736012932269
708.241567217666
708.982331649461
710.542531817257
709.132638029349
708.933047063399
708.385412621449
708.613347393502
708.308784303587
709.574164599087
711.026159606361
708.663480816379
709.193465199553
709.725703124559
708.733263685343
709.381147091571
709.866399770507
708.631295276115
708.432395734809
708.970024293123
708.531855800256
708.424233388354
708.598452360682
708.351053015185
708.732862282028
708.956052121461
711.273525355837
710.39933525113
709.174175882632
708.240345710934
709.491204732508
709.350060258179
708.798525640122
709.128466992993
708.244878117808
709.402493088617
708.935456325956
709.506082390311
708.361848665038
709.070940757364
710.622484637887
