711.472232058212
711.473837812556
711.47399586813
711.475167842711
711.475387023759
711.477452031654
711.47800283316
711.478037681809
711.478059776968
711.478717235976
711.479408292847
711.479555238429
711.479736690084
711.480145818495
711.480818061163
711.48083741704
711.48243375401
711.48300056476
711.483866608109
711.484507006217
711.48501893513
711.485345070482
711.485485841512
711.485562050129
711.486149643015
711.486875156682
711.487034471721
711.487242096266
711.487545615189
711.487645462201
711.488941106703
711.490576929925
711.492040461571
711.493818706747
711.49461386925
711.495654593117
711.495878702688
711.500697481519
711.501497028677
711.501648427177
711.503039410074
711.503268747804
711.503970356539
711.505304644354
711.505476481716
711.505795702738
711.507056227158
711.508362753092
711.508688631476
711.509033891296
711.509571150744
711.510459569486
711.510841781635
711.511272951208
711.512363822209
711.513444274468
711.514259735962
711.51487665228
711.515251934936
711.515419844527
711.516767644498
711.516778768238
711.518541692689
711.518688749969
711.519218328163
711.519629564475
711.520654355763
711.522291157841
711.522314357963
711.522388519355
711.523331848637
711.52426983574
711.525407257604
711.52551329489
711.526531483589
711.526982805565
711.527114010623
711.529091628612
711.529264398345
711.529633413918
711.530395424647
711.53090226225
711.531035485643
711.531482868904
711.532181868503
711.532921211787
711.532989448368
711.534022456028
711.534890183086
711.537685195353
711.537930992937
711.538114757666
711.540693577711
711.542109404304
711.542664167893
711.544270568419
711.544562333752
711.545594979968
711.546720315479
711.547455494546
711.5480294049
711.548735533437
711.548756533171
711.550247794142
711.550403346656
711.550412724981
711.550617936394
711.550983499905
711.551258007555
711.553007315027
711.553118278006
711.553626601337
711.55388385218
711.554068235935
711.555617444208
711.556537053027
711.557746141173
711.558011350106
711.560093095484
711.560830132023
711.562414561269
711.562462751059
711.562557954145
711.564922864316
711.565126632722
711.565501574856
711.565503339271
711.565603654505
711.566492565138
711.56663570604
711.566748398296
711.56722847692
711.567408247284
711.568597490038
711.569318771367
711.569566600152
711.570582009157
711.570928641034
711.574111447042
711.57518788645
711.575679122825
711.57958856873
711.580193268695
711.581599471882
711.582193988144
711.58300667455
711.583846569332
711.583992032503
711.584171569759
711.58434622609
711.584458666708
711.585795168459
711.586479425988
711.586929403995
711.588285251628
711.588769187214
711.590662390812
711.590724987547
711.591795334849
711.593191637956
711.594332865558
711.594523888887
711.594868276017
711.59587799305
711.596767058999
711.596994655116
711.597103614252
711.597105966334
711.597921902157
711.600851407773
711.600990570783
711.601980795938
711.602353234672
711.603001809587
711.603230668504
711.604542742507
711.605171529192
711.605343509877
711.606159740459
711.607352925372
711.607634699612
711.608858903174
711.608986827227
711.610130643554
711.610781527231
711.611788361242
711.612583507599
711.613316048074
711.613570482305
711.616661041996
711.617460022008
711.618356398745
711.619769959871
711.620548070434
711.621397776179
711.621784502935
711.622363517244
711.624733343082
711.624931606602
711.625784411776
711.627613303435
711.628227895087
711.628533423995
711.630927418532
711.6309738403
711.632668863737
711.633601775573
711.634873139483
711.635141362872
711.639264753813
711.64103618218
711.642263519843
711.642855536772
711.646073623674
711.648026859623
711.648888311153
711.6498077859
711.651123545247
711.651548108366
711.651593257066
711.652017611961
711.652811985045
711.653929576525
711.654447584979
711.654556022914
711.655892245795
711.657203567109
711.65798256715
711.658316719329
711.659627109211
711.659895615783
711.660679406054
711.660944185425
711.662307711889
711.663640328379
711.663835203726
711.664557952082
711.666927141337
711.667951337675
711.668011964147
711.668356913898
711.669525571476
711.672463775748
711.673160828476
711.67385256314
711.674207954836
711.675875016157
711.676099638388
711.676803308072
711.678314925247
711.679252570067
711.680660778898
711.680677003834
711.681341157879
711.681380797843
711.681907661825
711.68335880772
711.684772347735
711.685060183735
711.68560239539
711.685827384551
711.689559588772
711.690376489621
711.69185666545
711.694147221153
711.694243359595
711.694339836441
711.694349025153
711.694995814838
711.695362102213
711.696467034642
711.697013643066
711.698608191161
711.699464718456
711.70168306218
711.705115851874
711.705168320521
711.705711952978
711.708938367059
711.710829920414
711.711451755733
711.712264755346
711.71264284449
711.713164340249
711.717711190336
711.71774771627
711.718421748173
711.718435737936
711.71888893536
711.71894885977
711.719215909206
711.719571997654
711.720499148962
711.722341421548
711.723302236313
711.7234527327
711.725710517669
711.726651973592
711.728155716689
711.730436496863
711.730858428102
711.731459504436
711.733831360236
711.73457386342
711.736416282648
711.737364818639
711.737366325743
711.738815478356
711.74106182808
711.742225918453
711.74287680704
711.742970351923
711.744127930209
711.745632079968
711.74755178907
711.748173741229
711.750523244526
711.750573251153
711.750995289391
711.753187535047
711.753330719345
711.754528168383
711.760601729296
711.763875844541
711.765892371308
711.766834974961
711.767247735853
711.768379170317
711.768540902104
711.771389382166
711.776157226555
711.778378848926
711.780521400139
711.782274073688
711.783421354645
711.78608854562
711.786613972827
711.787081160413
711.789750249398
711.791778399709
711.791825591079
711.793054691078
711.796564871904
711.80086074042
711.801981545706
711.80232017678
711.803798027513
711.804228157501
711.807884583331
711.809167795362
711.810800951397
711.812661383332
711.814189797279
711.818828729335
711.823554181985
711.823859852311
711.824354808697
711.82601364272
711.829487987441
711.832133170633
711.835212513119
711.835621292235
711.836625480054
711.838063393977
711.841795880707
711.842109611729
711.842629518373
711.845288359538
711.853284446189
711.854301094573
711.855353456642
711.857081020423
711.857319669759
711.858282438119
711.862276958164
711.863390682906
711.863565527244
711.865636803142
711.86792612356
711.870602063955
711.873360134954
711.873467110847
711.875273446907
711.876594468975
711.877054386372
711.88148260379
711.882016672974
711.883032029912
711.884050804888
711.88624993867
711.886689905303
711.888846079338
711.891876070602
711.896251840386
711.898743930388
711.903705565032
711.906320548468
711.910229199298
711.91051643599
711.912466376864
711.913532437263
711.91433486761
711.915039259007
711.916424064772
711.919479394259
711.921875322531
711.922518421212
711.922674331311
711.927108167267
711.93000837629
711.938319571431
711.940260494858
711.940306769322
711.944322973165
711.944830634724
711.945297430473
711.946003662109
711.947669785949
711.949084762586
711.949548152272
711.95076946274
711.954862151767
711.957514073268
711.957792942643
711.960920608258
711.961590014636
711.971185754205
711.975734798209
711.980387846049
711.980662603432
711.981040306148
711.984404943289
711.986016102178
711.987569565639
711.98912987217
711.994153551014
711.99532543721
712.001809133859
712.002661063288
712.005252392712
712.007103910277
712.007930282281
712.012133277602
712.016799773762
712.017103107632
712.020523666119
712.022233114069
712.022467325514
712.024041231937
712.024950333583
712.039164283216
712.045572492262
712.047712707857
712.049739084331
712.054629963349
712.058309022741
712.065667867653
712.071175622029
712.073887151719
712.076099849629
712.077698397048
712.078172957781
712.079426166588
712.080239834585
712.084377162064
712.088194883841
712.097129943875
712.099827650978
712.100202589802
712.1122267494
712.115294938777
712.11695718168
712.118894302974
712.127197586558
712.128165484533
712.130497003042
712.136249020431
712.140271415009
712.142243035087
712.144068337982
712.148274458754
712.158220149781
712.17946038783
712.18340274546
712.192168308645
712.206223712572
712.250113745271
712.253811854029
712.258335043236
712.279944805565
712.287845371228
712.298645963726
712.307011088469
712.352144482425
712.363089623935
712.388760449734
712.389690023196
712.444972441059
712.45514864601
712.467216054962
711.972056017958
711.744980534351
711.805421776335
711.47653298303
711.952947133287
711.641045724858
711.772824905
711.501674855567
711.902943334641
711.582909700382
711.714683562698
711.578812100368
712.295384842459
711.517103006346
711.530244868383
711.519585253393
711.579668836279
711.61804138572
711.843441551166
711.500885890836
711.602985281965
711.541362517898
711.74623474302
711.555506342352
711.920940719295
711.627761367128
711.758408933256
711.959902374231
711.621642715013
712.105663090349
711.514333418043
711.496154188135
712.028374053336
711.619913559489
711.796339701524
711.687136381288
711.507038747571
711.847215860713
711.505019485347
711.550341916304
712.340423865563
711.872539797186
711.679717260531
711.636971405307
711.520596709315
711.545555479544
712.006012252257
712.911049430268
712.106891980411
711.733735049188
711.515180044447
711.82260632107
711.483511681314
711.533464783577
711.857495312805
711.681541396496
711.648459598474
711.800650609787
711.916312419751
711.4841255446
711.63873591014
711.524616609602
711.557103578468
711.67553217671
711.865603083062
711.708363094
711.618522669823
711.991011789184
711.768607623798
711.600022824553
711.856764952037
711.841352281019
711.503960645558
711.651607099602
712.078459707266
711.909063423179
711.609493882301
711.609393818029
711.827752630186
712.032982526815
712.383384000506
711.719774954556
711.834597265383
711.825396212091
712.48918768475
711.549058175826
711.539459917244
711.586299252228
711.777281879425
711.498096912767
711.612192953387
711.596467870693
711.796611244129
711.630877450831
711.629324745469
711.608413186265
711.662130248829
711.687715052414
711.743693970633
711.806783944597
711.779533164428
711.473071358146
711.501427152643
711.584000863222
711.50451648585
711.493311377751
711.673747106306
712.3794990478
711.826496338174
711.641097724207
711.646470134868
711.763961945884
711.660701347264
711.611859127756
711.696325299118
711.648301680065
711.678740197038
711.594995654578
711.83413791072
711.709262778961
711.536984674584
712.007501310302
711.619314138779
711.727648369062
711.496748426441
711.507082179635
711.684655695159
711.477350825118
711.50858489874
711.90526663492
711.557577498763
711.504070952698
711.56389856218
711.559369317871
711.629925743116
711.775243865428
711.658116111734
711.982272546831
711.867664595228
711.812711784383
711.890852906915
711.47508278928
711.884323196535
711.475295122986
711.529638717439
711.736436768246
712.009906531998
711.754641458902
711.777945472787
711.498485472416
711.48795593027
711.927041487467
712.349770054779
711.724366808871
711.690159412007
711.623347624764
711.535897013213
711.540855313747
711.708986843828
711.812295387183
711.485774930416
711.867612073728
711.780954673399
712.080915991043
711.472449558249
711.687489862414
711.623840956736
711.721127379928
711.768516444887
711.54207568258
711.522787616798
711.94121419143
712.211251517877
711.55845907186
712.188604530766
711.904364574873
711.628739328338
711.514805569371
711.645845624866
711.641522876349
711.549124005679
711.510053223496
711.857484629448
711.698058629136
711.525671696027
711.540750593178
711.825754995187
711.734052569021
711.848772548777
712.361871665458
711.901764268715
711.680014991218
711.667986532646
711.584683066324
711.572899372229
711.689153061058
711.6773370013
711.621789648793
711.506141750972
711.772216142104
711.48611382686
711.485268866552
711.674265656035
711.987418950602
711.752132256566
711.525416475185
712.140935984901
711.662247654196
711.620849612441
711.546733300891
711.595770970509
711.493628184584
711.476103659945
711.537725834372
711.79760902463
711.572492784385
711.866493805868
711.614493249455
711.640162123141
711.629328066382
711.697825392316
711.576055862092
711.51849865234
711.498636858929
711.709793891757
711.633839363857
711.816236680212
711.649806841123
711.957689886189
711.616984582387
711.554406844137
711.943816625488
711.959476837627
711.629858397856
711.488593576226
711.822575893548
711.550242859269
711.48039143552
711.774291058766
711.757164129801
711.492643210543
711.570993004385
711.815799219139
711.514465001057
711.501460259098
711.489606673074
711.859182857295
711.706237411513
711.793300862992
711.834844627178
711.479741000711
711.869753334144
711.48121355653
711.607148745271
711.624403539539
711.6763042669
711.495234228014
711.653377583347
711.486981980184
711.841264287496
711.876429147122
711.505724689002
711.623547186579
712.049083654308
711.493978739081
711.525514056313
711.686514655983
711.487023963154
711.846724237928
711.78394814787
711.685250236013
711.803599786848
711.817054085144
711.498145805818
711.738870471961
711.579088004464
711.578300168095
711.847060673979
711.481197137468
711.901095631691
711.566336062268
711.713571680409
711.583476200572
711.929910626697
711.695308080003
711.548002904738
711.475560308405
711.543330358393
711.701905386285
711.72921782147
711.918150704813
711.690563210524
711.994234864383
711.630313893026
712.273890612701
711.539525361927
711.658983181934
712.5922891563
712.01533057091
711.513008935035
712.035096827979
711.51243470307
712.291887430534
711.695578976209
711.52771876627
711.812651427267
711.928961356331
711.584302408084
711.624977771547
712.482671397991
711.500704537291
711.757298151932
711.605773394568
711.490873764427
711.769920307154
711.747584785486
712.040812465709
711.88383825023
711.48904696867
711.547951071981
711.538435234298
711.830413906548
711.556240454728
711.741054948218
711.551501420257
711.473366245144
711.5427660585
711.977238205416
712.051889407469
711.768952161957
711.697960461548
711.699812428387
711.674706768133
711.506242117872
711.990399239505
711.882099698265
711.55575886911
711.477438143561
711.642537861063
711.836706798545
711.790784051379
711.485438354047
711.835955703673
711.637867855526
711.737997917882
712.012893992817
711.497713516316
711.604060245871
711.769217209711
711.479267498711
711.815228876842
711.8018209714
711.56472583832
711.789623955181
711.757476776389
711.510461968465
711.881666783671
711.511647087472
711.81307162252
711.475395880935
712.223434462229
711.659360753048
711.533251152372
711.795709228929
711.786001988669
712.007278146779
711.870322689335
712.239045539409
711.969958718928
711.519195320236
711.875812722477
711.727408402062
711.80885124513
712.066599306445
711.592029366578
712.050589261943
711.764926866081
711.514327767192
711.740422539676
711.718759842818
711.708995919446
711.635614180839
711.837571905532
711.566665414453
711.891881288861
712.26901728442
711.980222901546
711.538083138841
712.035838063019
711.692724742726
711.783064550112
711.684775183462
711.495606493693
711.757286041788
711.549903943745
711.472133577705
711.480014241548
711.630696765948
711.775419698663
711.855981897923
711.876719034466
711.773071419027
711.691810684418
711.531027592702
711.572253419279
712.107457048301
711.478512030067
711.709395697141
711.62233839401
711.732414483197
711.706093294159
711.659729643776
711.79398343719
712.086602573897
711.648265469919
711.610713106562
711.92225388076
711.884560193185
711.752955320973
711.856791714145
712.111585917375
711.801749452649
711.546053207829
711.826680810095
711.757060962968
711.764208539433
711.614115297409
711.801590327176
711.906364679612
711.830409285505
711.772872881609
711.797234436622
711.732952880314
711.776665690452
711.672130932628
711.478301458009
711.504624646037
711.898997434722
711.572103925288
711.900385017948
711.819082557288
711.518072287882
711.509910619642
711.699678515492
712.083017546477
711.677429384323
711.590628150992
712.101144063513
711.59858446096
711.783034053282
711.479918392988
711.587598984628
711.724998322102
711.492636557183
711.852557967778
711.953456607137
711.586220668154
711.769920526904
711.915511569843
711.609382959875
711.471040966728
711.705074649346
711.937697650128
711.481252148344
711.549791983663
711.541308536403
712.01041528608
711.922468805528
712.195952090818
711.598407269846
711.705267108145
711.964541332067
711.56743858832
711.511104156853
711.625700583294
711.998149608035
711.929790478963
711.745830785379
711.70007475322
712.86520436317
711.664618184372
711.815678073997
711.619439624757
711.561755118979
711.505877740799
712.43953442577
711.596625495446
711.680966535948
711.627764382229
711.61241925252
712.579930714388
711.906099904103
711.504491143434
711.715963875988
712.036385042147
711.578016760793
711.818182521853
712.418883568298
711.698219767309
712.154986748977
