710.960715681696
710.244679219257
709.504332583436
709.356315221307
709.342970781356
708.886132741068
708.650656812761
708.586428958158
708.456794144544
708.323015622364
708.293150410052
708.141651653178
708.12247935622
707.93025722167
707.927790861867
707.88660945849
707.819382705867
707.813701201856
707.801770956298
707.755226491138
707.665567619499
707.558901698654
707.514895246039
707.49240773331
707.462688014122
707.337881235293
707.336080073335
707.314473220578
707.302149439241
707.295195626096
707.257987683963
707.247314244911
707.225820206648
707.222462564607
707.193558541851
707.179571991573
707.146688984052
707.145441508862
707.07785289215
707.00334609369
706.988799213682
706.983500339912
706.951036229347
706.940040171135
706.822614696487
706.7718193679
706.743294018066
706.681380270297
706.661567255948
706.653883745134
706.592420479421
706.551952654316
706.544174961068
706.540867164464
706.540357342933
706.534324408216
706.526976850752
706.5132817282
706.480666245973
706.459307427551
706.459207283913
706.447441606664
706.412589103391
706.396503890157
706.380098389919
706.358424852992
706.313099145683
706.306151401853
706.305564381221
706.279180702667
706.27062808091
706.257274324723
706.256161847971
706.181737882425
706.16122522558
706.151773759385
706.149533194173
706.142541496357
706.118767138424
706.110309154722
706.084220316371
706.083832209775
706.076392218197
706.065709268194
706.03702504421
706.026144154655
706.013918448372
706.013371757893
706.013365286623
706.01296218891
706.006807128433
706.00622618243
706.00472548242
705.996472890857
705.991007482612
705.970116175879
705.962079657198
705.95930783604
705.944622370543
705.92732257063
705.919943599057
705.913702748874
705.911108364833
705.890741893842
705.874365030774
705.869911290042
705.85732737653
705.855403765966
705.853160018693
705.84749667131
705.841870446677
705.838724597814
705.827595844423
705.822916148065
705.822309456543
705.82226081058
705.819994004774
705.818347117293
705.81777939706
705.813363450651
705.812939335779
705.812824710844
705.811697027348
705.806870077277
705.802911109825
705.799666022479
705.799300515567
705.798803721858
705.798725367285
705.79176680748
705.788587243992
705.787545070707
705.776759743243
705.760181432664
705.752895449369
705.74157974141
705.738516399852
705.72924579423
705.708284851197
705.707545947035
705.697276042992
705.689372976575
705.689163550485
705.687616813247
705.686127666179
705.680123785226
705.680055919096
705.679501703805
705.675663985143
705.675382513734
705.67314900963
705.670421328454
705.658246568169
705.623436075488
705.623198228426
705.62241742002
705.620605827976
705.619521499957
705.617927827276
705.61738780309
705.611607080087
705.604006139718
705.603673198024
705.591482594496
705.590346342879
705.586402087316
705.585832017496
705.580373227725
705.579483016385
705.578626209543
705.578317510071
705.570774614065
705.569152846802
705.567781709952
705.562145090306
705.555584432409
705.553284167672
705.552065674327
705.550118808022
705.549479664085
705.546165140527
705.537209494268
705.537180336559
705.534214438422
705.524972715565
705.521888744305
705.517703465682
705.516846618354
705.516739781249
705.510032041244
705.5099320769
705.504246569217
705.50414605836
705.495752285275
705.492175299818
705.491850487642
705.487852538829
705.486911518144
705.486706273546
705.482973578647
705.48137109933
705.478676265381
705.475539187416
705.473717850335
705.470570297137
705.465813287292
705.462661554114
705.460401547126
705.456606656274
705.448557335638
705.447510868947
705.44510612826
705.442161968094
705.44163675575
705.43429568313
705.433333210755
705.431114752982
705.428010660397
705.42538340578
705.407513765213
705.399025844072
705.398365127464
705.396821209418
705.39341984044
705.392039107856
705.386497472365
705.385420933447
705.376681917884
705.375985305871
705.365496818558
705.364643846014
705.359267121908
705.352841792665
705.352383298957
705.330101031473
705.323186227056
705.320846994328
705.31817703108
705.317456291212
705.313484636899
705.302560871778
705.300550520689
705.293501379553
705.291504783154
705.289789914428
705.277577923013
705.277197842261
705.272212017748
705.267176505275
705.266841149101
705.265344064305
705.255557437083
705.254680092852
705.250003211653
705.249470389757
705.24917865543
705.248594809594
705.245008304009
705.238136682947
705.237729559934
705.231726189423
705.231358409843
705.224901063988
705.216909135497
705.211724985896
705.204903656371
705.200244098309
705.194739267221
705.190905675187
705.190830658231
705.188475301901
705.188229313618
705.183901810828
705.183437672705
705.182397499928
705.180862111554
705.179601162576
705.179472255782
705.17488244596
705.174809424654
705.168069401824
705.166318338904
705.166079599719
705.164053542904
705.16312086617
705.162342642754
705.156523765138
705.154188636333
705.148513251916
705.142632211146
705.138398353407
705.137265051663
705.137257114048
705.136608423321
705.136113046828
705.130575453669
705.130035140363
705.129217383991
705.128382170904
705.127738585486
705.117524098061
705.113971979151
705.107267232334
705.107071195608
705.101182061965
705.097718296566
705.090957624141
705.087712432756
705.075932741658
705.071634554199
705.068731948212
705.065698436632
705.060986999226
705.053577645699
705.045252806491
705.043602935714
705.043463752272
705.041461307841
705.036271654688
705.028694687975
705.026767421232
705.023610849366
705.022431020471
705.021552846353
705.01747833108
705.016258336117
705.012706305122
705.010079869248
704.997627740325
704.994384520571
704.991403676732
704.990548897758
704.989288557437
704.989027238166
704.983279032836
704.981305387057
704.97795488893
704.96908749383
704.968486172074
704.967030985557
704.966473380744
704.965783389562
704.960843086593
704.959223941833
704.952727401195
704.952131464626
704.949574082177
704.946576420575
704.942077182468
704.937835656369
704.936173621631
704.933202827485
704.933192761518
704.931959129543
704.929238222447
704.918386765353
704.916589955231
704.91617463685
704.915973466829
704.914986039271
704.914633086404
704.913146289473
704.910916557952
704.905694431469
704.897665529174
704.888951247938
704.885968215929
704.88214469968
704.881713939278
704.878421513308
704.877995833448
704.874541525921
704.873564209693
704.869498755592
704.868694733089
704.867481540969
704.862228854
704.861498362637
704.859847417462
704.855337796208
704.852226998803
704.845184753879
704.842890916068
704.8382122808
704.838028243447
704.836284132634
704.836065471864
704.830331976883
704.830045940942
704.827892013029
704.825000673605
704.824409218962
704.82257442477
704.810243531543
704.81004309108
704.803171119548
704.801800439584
704.801384117501
704.800971707688
704.792870970449
704.789039155173
704.78820506135
704.787816618169
704.787789952362
704.786486902101
704.786315158465
704.782380146019
704.780404091044
704.774857808176
704.769690325588
704.768426104333
704.761418079725
704.760976280504
704.755017458742
704.754566722474
704.750839408543
704.747886273538
704.746590296203
704.746368536954
704.743117978973
704.734149552085
704.730956981928
704.722734188433
704.718718855158
704.716835349608
704.716269215477
704.713563028861
704.712568304279
704.710131863261
704.706972226036
704.693802404383
704.692806171061
704.691139895838
704.686556911127
704.685086921057
704.6844120644
704.681355879815
704.680984876469
704.67784326637
704.676940713902
704.676225413691
704.674800508905
704.669981751893
704.666465323093
704.666440902554
704.663766553086
704.661031444637
704.660279658978
704.656739269586
704.654178190377
704.653660458178
704.653009907561
704.651428865058
704.649233147981
704.648907109379
704.648411157712
704.648143000718
704.643938069557
704.643366405951
704.64176353825
704.640968332486
704.637192194712
704.636332875706
704.634395307101
704.634271520623
704.628256829949
704.627269001501
704.626658482359
704.623841159303
704.622497980583
704.622047847993
704.617037642325
704.616751362437
704.613477749118
704.612767727651
704.612462284753
704.608054932288
704.607694473849
704.607030859656
704.606957169947
704.60479879626
704.60450237874
704.603828521863
704.603724871538
704.602639697753
704.601971999988
704.600985490728
704.600226148887
704.599606153943
704.597803148145
704.593864925008
704.592972704875
704.591833839876
704.589034241866
704.588781849739
704.585330477465
704.584959360856
704.583688857666
705.032671515596
704.962906399859
705.192485015184
706.8479774298
705.231072460266
704.603308553132
705.958281534452
705.747671506556
704.986291119764
705.30262005554
706.383049849756
704.885358889768
706.079417789211
706.033137160602
705.302862654259
705.845857847943
705.797290092807
705.676658546445
705.597562314359
704.608203834197
705.330793820109
704.759445044906
705.344606999215
705.289924198579
704.659776829739
704.956447524741
704.929704919428
705.668750282716
705.129507905535
705.252242183054
705.314680185849
704.806407804747
706.029661594465
704.700008690313
705.147658158688
705.027312739158
704.65304976096
707.007128226078
704.977422583421
704.819042225832
705.786837611022
704.67320159176
705.676428991961
705.214639279637
705.451760845011
705.221856038636
704.655430654991
705.199119716369
704.679030142749
706.332531275076
705.499016617877
708.516074688895
705.800896930093
704.677276876014
704.716138401604
704.589846786422
704.692024989841
705.433516679843
704.964545706462
705.524738745363
708.185659919333
707.711409982852
705.643997760358
710.645227467611
704.81821908084
707.064336895197
704.677106283447
704.666417307946
705.662076585525
705.800963993889
704.675285342298
705.864143591996
704.627253444585
704.730962462085
705.67333781792
705.05154563799
704.628391817468
704.588525405848
705.349469514806
704.893485767146
706.032888584726
705.743658502501
704.681351272551
706.300084226936
704.849516419635
706.114488383767
704.895074961758
704.899542401092
705.699491466339
705.420600770101
705.644779666985
705.352121968523
705.310746946604
705.064128136463
704.592448258245
705.005733736079
705.201635172353
704.739138145348
705.055917036691
705.337290838588
705.41055183901
705.316404013442
705.578092322225
705.371798481409
705.237509100428
704.983492548235
705.011626018626
705.617493094369
705.271679527199
704.632981570605
704.587269637618
705.235447469654
704.844123070615
705.045759681191
704.67164983409
706.196233662305
705.539881712505
705.089058332331
704.887024969098
706.831286332375
707.537103453509
705.866125130185
705.793381436028
705.418213225377
704.983843573891
705.249807730114
705.21461256179
704.818095231356
705.241177642848
704.877295370979
704.93718952419
705.557212843337
705.564491417555
705.037182370127
705.990390012047
705.902116426687
705.733275558954
704.597643288703
704.816284034797
705.573359943095
705.496166383942
705.054349757663
704.926481758824
705.897163027127
706.33336939563
705.477897401798
706.557669066084
705.134512492303
704.868284540968
704.760941564459
705.600433531611
706.095460947495
705.602363375406
704.91031837031
705.374928903393
704.628569721093
704.703061571108
708.292358905156
705.946845503333
705.685958479722
705.19111573753
705.541864580371
707.584214829517
705.299839643396
704.990752081296
706.127052219175
704.69531173386
705.853266787063
706.051385215281
705.541441359067
704.683993786201
704.608917968023
705.583204060668
704.751192343294
704.62256066134
704.878955399643
708.453239131363
705.21411292892
705.172540382543
705.581290519457
704.901252592185
705.556729333358
704.956299884237
706.669689138481
705.799071008426
705.067356929131
709.661181121594
704.862474102103
704.901633422111
704.859156224133
704.795288411735
704.931564198753
705.208384910129
705.519260067389
705.903390003093
705.533865216306
705.843879876578
706.497908380265
704.702324633106
704.747923608086
706.18272742447
704.852895294282
704.926397655066
704.595720681559
705.144547483424
707.783045726423
705.414861969425
705.013595872136
705.09271508944
708.71263233775
704.747731692549
706.425295625514
704.873503257342
705.600642393354
705.169648026078
705.042221142427
705.123867459866
706.028202325563
704.753070287397
706.414174542673
706.590397001737
705.168101845129
705.746352620106
704.929936416664
707.194519604018
705.092096038086
705.239990155601
705.372051350719
704.695336095524
706.317389959795
704.991704436808
705.771507730841
705.824313374839
705.73506444718
705.674925725049
705.559276671763
706.106818013694
704.859930007578
705.494662715723
706.190822388917
704.908910363737
704.958473353806
704.760484778279
706.453535369173
706.696094977398
705.548161319057
705.832838269843
705.07764923534
705.589874658102
704.682058347866
704.964806843465
705.692205682409
705.841903800746
704.827550002378
704.949822931667
705.717850238385
704.66668102944
704.616546218611
706.016671120175
705.353050483442
705.372877085022
705.307601784883
705.14281927081
705.187526795982
704.954955543027
704.601407383831
704.608593385841
704.659062369005
705.377039487396
705.481177463937
705.404217880284
705.095836171398
705.299431507008
704.948935852502
704.678587059362
705.84589122954
705.65281005995
705.159375582498
707.482416599993
706.464168405085
706.784776317414
705.52822453071
704.743301254366
704.64295989417
704.933252319233
705.444261804417
704.642099042605
705.154109571032
705.028184133886
705.928306979608
705.365051270797
705.11826217751
706.49781788106
705.481462406423
705.159804195532
705.398405743454
705.697281539736
704.728912710406
705.378225922754
708.141196332431
704.603896097475
708.90341313321
704.752637989714
706.571980356883
705.331874349026
705.160413008234
705.788064978021
705.923257197022
706.257071180688
704.758328721474
705.632308256414
705.812914817139
705.262843366084
705.633847572682
705.401627052029
705.173974052423
704.603355625903
704.973527290612
706.781504407122
706.513817594084
704.655241454319
705.257572576906
704.944464835059
705.314710666255
706.338524318051
704.603651720296
705.551957812875
709.01786954052
705.652989967754
705.123677576011
705.609736481857
706.12092867481
705.249567732271
706.258590346833
704.695430801837
704.919888741802
704.649042747387
706.102450238164
705.288456953172
706.040110826324
704.701850672998
704.946748606295
705.710114762783
705.215002394609
705.342983922831
705.130325400728
706.187872541311
704.861505120728
705.334308601593
704.905812288857
705.640964944434
704.866135243986
704.944137027377
704.880752352428
705.499873069316
705.32634783084
705.422181583604
704.814145127551
705.73053610386
704.852636712196
706.844549390024
705.274088241166
704.893255141282
705.252938162369
705.847397152263
704.867666314809
705.202597578188
705.599629068494
704.678104991069
705.978816780386
704.797588459612
705.431694933434
704.719377946661
704.658887900866
706.016736177656
704.974695423185
704.721618889776
705.856507702699
705.808832024756
705.59395342953
707.164858677407
705.222051077568
704.893914617765
705.530926635302
704.971340839847
705.457724921823
705.024385333271
704.794573362695
704.869645712771
705.199918621389
705.275493566027
705.793010800605
705.585710662032
704.609980552929
704.714289137958
704.7864802937
704.610579461228
704.995152147888
705.839238486652
706.249536387809
705.653532707724
705.081915455133
704.83418160428
704.765956535375
707.037240997771
706.052822272258
704.94610159885
705.84959898052
708.47952979621
704.642093463458
704.993595896129
706.35958393759
704.731218505559
708.731360201083
705.154901981019
705.060040211007
705.703270271242
705.332015399418
706.373961824655
706.221434725448
704.81606803928
704.740217480742
705.924100143453
705.148091072269
706.632699803456
704.859839198974
705.506807246632
705.560128329459
705.421642851659
705.780714647005
705.907645849348
704.808023656231
706.689471460709
705.364197353788
707.511352608509
704.698818223842
704.64846157341
704.653345628018
705.052600092599
704.816234292492
705.395282821257
705.538658283025
705.054983450354
706.170751682747
705.528648764577
704.785183511618
705.320361190334
704.795178557564
705.873299033057
705.289038817119
704.613332159343
705.143859452487
705.547836901394
705.521904058046
704.779452785944
705.061749389645
705.228364736313
705.108875141286
704.69623107841
708.900001591705
706.542158277456
705.141569851305
704.685569834184
705.408701550907
704.959905331126
705.073891608866
704.647796167885
704.771795939618
706.857422531953
705.405154541172
704.95012746102
704.929024309018
705.800099828713
706.797665849737
705.528071432562
706.003915303916
705.611431639413
705.178404496128
705.631792654642
704.861544815934
704.657936794584
704.915385991396
705.893245824074
706.181216725009
704.950453392581
705.410545977825
704.736214212282
704.98431832822
704.917629219435
705.331007228829
705.293294204284
705.158624288768
706.085234397662
704.782542976381
706.211917239559
706.490353316451
706.295886188738
705.198804860176
704.714473877856
706.135453161022
704.724509224152
707.065284094584
