523.072340899574
374.616029388182
374.579985139295
374.555659077348
374.53654011766
374.530673529326
374.47202220256
374.459312423054
374.385470607602
374.358164707107
374.289854294482
374.224026442951
374.191961649969
374.178081616017
374.170916406062
374.167919859161
374.113918265447
373.89303602515
373.888336662613
373.835872178752
373.789827884294
373.68621298782
373.613969762865
373.567446325893
373.543676329321
373.496266920975
373.280350305466
373.227843222685
373.225257489329
372.808757776282
372.75928083963
372.723271105861
372.56636769083
372.558909145438
372.515846268466
372.481053653892
372.33569037643
372.078120747998
371.443116713187
371.331468935111
371.119398029894
371.096062674538
370.796526986049
370.566687815389
369.987634492874
369.963868033465
369.86720198433
369.512249498001
369.074662878411
368.705134724841
368.629664596295
368.617652413901
368.521883421032
368.307374456789
368.119717936233
368.10490939759
368.059079304988
367.764113126668
367.725842193125
367.343476041139
367.14221010623
366.970733971379
366.941788841952
366.881177877499
366.868711632475
366.851868303297
366.681239595735
366.631264474605
366.476487864908
366.282602549762
365.791481861705
365.719558907163
365.626632133929
365.267536051882
365.048218165406
364.648301792595
364.522718726848
364.502781047088
364.199082055299
363.793317732194
363.789257292439
363.751120595535
363.7287928869
363.617734815151
363.053488622523
363.000009844449
362.239091499544
361.648693668977
361.031321730605
360.912463562137
360.539237899481
360.462311304051
360.061382939668
359.761240344913
358.877734369116
358.760719870466
357.185652880871
356.729913655267
356.402396560569
356.341685918953
356.196546457362
356.011877563245
355.485954623313
355.43606935632
355.29116468184
355.229184288588
355.176434704139
354.477045795285
354.308312448509
353.916069604154
353.857885887675
353.733595944941
353.501327017941
352.851750853697
352.448422169268
352.190280645543
351.883656096291
351.378242509116
351.089574665488
350.646877187928
349.193053841709
349.163078281841
348.662746930374
347.875296913233
347.106483852201
344.244781087837
344.119661561193
344.039104024699
342.898358972731
342.600365520404
341.891838305617
341.342363110585
336.686803948922
336.465208228652
336.305807034322
335.405568282806
333.523854424676
332.648874799732
332.437603311093
329.371370813739
328.806695565517
328.762050974342
326.686033843425
326.07754733244
325.769793141689
325.085533776096
324.91444127746
322.340242758728
322.133234967233
320.178516183767
319.810870802173
318.704313358721
318.360144372787
315.709786366725
315.510951434035
314.736224361407
313.644048153427
312.611341563574
311.724265237018
309.749281437536
308.617320562196
308.321614136057
308.123020848811
307.67480201732
307.349678412608
307.319645491589
306.833131512428
306.79648996645
305.34355645345
302.653916941947
301.68557689827
301.43017255209
300.785630584955
297.100986322177
296.001697948287
295.069061743557
295.043245001223
294.960906761806
292.428266406281
292.035452542277
290.115511503116
285.330104674461
279.192486568775
276.801927943001
275.67455577977
274.422277905555
273.730902866849
272.305593405197
271.509533364625
271.212184006014
270.130978077652
264.446529705815
262.023833194101
261.263806065392
261.208498532123
259.034156520037
258.300724299829
254.288200063746
252.494018009264
252.078141325229
250.176763299443
249.073343232914
248.691679850471
247.488718626754
246.236068907156
243.006069490302
241.050715705802
232.514783765676
228.91442199296
228.157687324207
222.647783122613
222.406033264322
220.086675612876
216.17701488299
208.978221853501
207.631470180798
207.343258877249
203.529980599109
200.950421394919
200.141939421078
198.884475110239
198.073621544826
195.676554614647
190.509495991586
187.747437320468
184.876173234622
184.562235954206
184.157510129951
181.31371757536
178.121613661767
177.804073824069
175.353175495021
175.119361726538
169.513241591302
169.327438136846
169.142410677506
164.550165755854
161.870486343202
159.211631860329
157.770609783463
157.43576888826
154.639959848926
154.087267243674
153.098674513729
148.325711137745
146.156351466838
140.619686326913
135.806510983679
133.660414640179
130.673099141395
126.251033165986
126.096111545551
125.254642072694
121.824325898577
110.696706030975
109.250392707756
106.858637319079
104.32187753025
103.039369538919
102.673666336999
101.219525722061
98.6923980986937
98.1708831582434
83.6961905003007
83.2550439386846
78.1320519449424
72.3343657239721
68.1141313270672
67.1672814605676
61.3963715665725
60.5007683585502
58.0807912607106
55.6339558079183
49.0543169629591
43.5115372126008
31.5395847060657
28.197784706525
27.8250247824612
27.4102257010032
27.2040603070117
24.52839281103
24.3856638026938
21.9105838845538
16.2622151888869
7.06817974040362
2.85499537100208
-14.754523061532
-18.2427573910227
-22.0824076127386
-22.9535697447632
-37.6502643275545
-38.7974480577073
-39.8866388019259
-44.3771488514148
-45.3744802331559
-48.3806596048601
-49.2510235671456
-56.9550279213052
-69.2077917565119
-70.3295705761376
-70.9677071319286
-71.6838840953209
-72.322986589808
-73.3738094487178
-73.6610404489843
-82.5987423611334
-92.6110183008701
-99.9736119075218
-108.179450549389
-108.291905069653
-119.742692591445
-123.15817839145
-125.136496934708
-129.173889714468
-130.123092652747
-132.660373865588
-135.330712604266
-138.893961676004
-148.430817878622
-149.576522367321
-151.565398804426
-154.086080538405
-155.580623172253
-157.435441688367
-158.441321261481
-158.829443959356
-160.173940052582
-160.2576364908
-168.355872985607
-174.147841178403
-185.352406388095
-189.078065074803
-190.676867385664
-197.7516616112
-212.384870340065
-214.925905953558
-215.230354377258
-218.348349401867
-226.394679038266
-229.939069786936
-237.938396254894
-239.240864214256
-270.196216232083
-270.886385218761
-278.256963038473
-282.379187886774
-283.654836094331
-290.935126398487
-291.258362067874
-291.381559390265
-300.622872547374
-304.811073132086
-304.921244665104
-308.324581340783
-311.477689269619
-340.518832229094
-344.250327753649
-348.712955026781
-361.360498018039
-364.532362185188
-365.667452068133
-383.297605570386
-390.783842733696
-396.775626636928
-416.798228251181
-419.257534103805
-424.99091878105
-435.999498105848
-437.78039866642
-441.768504214275
-443.340724640816
-472.840318968929
-475.33843493385
-478.817238960735
-495.442619281219
-501.853858654756
-509.656920113524
-512.447861916869
-514.118196009467
-527.702141069809
-546.648232387615
-549.368072899047
-552.08350712803
-553.618925579996
-562.07399839416
-567.953580523836
-577.46651065987
-586.137382573846
-602.891683935842
-608.095696211929
-609.101730740025
-638.127698882638
-648.876137434215
-659.271357445795
-666.128087556973
-671.038557067992
-672.628078550138
-683.941842203303
-704.76776449699
-714.552847127227
-717.588642521863
-719.134686270379
-728.216060156351
-729.439382340842
-737.145863546587
-746.798738391717
-747.693428468247
-752.678580720176
-757.96992981372
-758.674633696746
-767.971771767922
-770.145022712845
-770.7321587711
-780.391699412335
-782.086190009441
-783.443496559221
-792.922694940399
-794.849542202202
-801.126374586599
-806.190344901767
-811.83024264482
-814.336577841808
-835.879024106955
-843.994283507181
-844.697523361853
-852.468077630344
-867.124028696924
-879.883821743705
-915.060824208447
-919.056036544352
-920.365391370849
-926.473420138971
-951.116476690011
-959.751964053214
-979.75147725771
-982.702673590901
-988.88983574016
-993.620057486675
-998.811889712794
-999.362661079898
-1010.929701611
-1039.90461137381
-1058.91320048648
-1067.45100615818
-1094.92968594991
-1105.47880411351
-1107.62843859956
-1113.81628666104
-1115.03207296455
-1127.94204418388
-1131.36158713511
-1158.99450189153
-1190.37081216544
-1195.32667872163
-1202.56520508833
-1211.93977063359
-1218.81072854899
-1221.63842564586
-1226.6021914783
-1239.39477017632
-1255.94850108025
-1256.50965886698
-1262.5703233243
-1267.91904865981
-1271.51070200334
-1276.13033810442
-1328.39981148395
-1333.51700326991
-1362.44630259436
-1372.11869090835
-1373.37535344031
-1394.63020933262
-1418.61325280381
-1444.30233948294
-1478.82280443869
-1486.1472136883
-1498.98455829688
-1505.724014232
-1518.84679412621
-1541.67984774163
-1566.35785932741
-1576.8943486336
-1587.07565007745
-1620.48828244206
-1620.5953178856
-1630.26008592416
-1644.69637158274
-1659.34228648032
-1673.2299852115
-1676.92298940407
-1683.40286035719
-1689.39944499857
-1703.34688346345
-1725.29171759153
-1734.707965799
-1742.40079555144
-1780.90520106218
-1802.52138198995
-604.980497316009
354.191243616831
374.044986109858
210.158520666298
-201.979753192682
359.602983333587
295.662640124652
-177.06663576179
314.40361708247
-1270.32005734263
235.021719777052
357.761323022647
314.881993453191
187.204786556146
260.078078496363
340.511215485415
309.734894920323
372.735614667788
-304.955685591662
372.827463795786
-789.086947761784
47.1081252579327
371.025524890629
374.639898297978
-1445.83562304301
79.355438302943
368.299252395994
330.804156710082
-752.120853105607
-691.484640577769
-186.198499487463
366.631205358451
370.377065886822
357.893317644822
275.988007057932
-14.3993262614613
366.807518763365
284.86782971132
-1227.79843166442
-430.87247413463
-381.814016083587
212.400767269217
-841.697041449205
329.149773688709
135.222866545198
-496.752666321421
366.074865059089
142.122729479015
96.8655309659759
-377.301554426537
366.13424105125
-155.143529647823
278.879252237336
369.530007134445
371.506709016606
129.938948959646
353.332950668952
356.116966729492
-702.400453457465
369.227585657869
340.937263141839
86.0241138275627
-401.547472541688
302.171829404865
-751.920073884758
289.191129491713
-339.131675325632
-1588.11042997113
152.759262307817
-203.722988167286
248.885066224401
-1232.36748231727
374.569620655167
-818.063288151893
374.478251091059
356.726574597565
-519.804069091396
317.441894821233
-103.026506273913
-26.9749586936599
373.4336760516
352.048719833182
368.263799816145
-91.3459639564431
-384.894328524362
-267.98439947039
373.942279701424
352.151691310374
-192.870912684982
-520.297158242666
-23.8231668742138
374.548866477092
-324.848746039562
-62.4411951410348
373.664653097755
372.747125771732
-1627.96757188683
166.504621377663
-1186.65132209643
371.894331813075
-1092.5691645062
25.5206554095569
147.268206849077
-137.856361868674
-1300.39832105326
367.487707961794
100.606533253329
-1008.59963525354
364.002974139223
355.287299371996
-620.266368003169
355.306511023419
282.215046453392
-617.764727030941
374.648941724156
139.82136684945
118.687602854379
374.649062329298
-180.079199253746
-733.498525845364
-512.276631435964
240.220545625465
154.893510542897
-843.958339890934
361.904420321802
357.237439809025
233.79565251061
340.522726900097
164.981688470681
143.467574548964
-546.679152431052
309.898711573063
-484.048518219904
-151.210237576753
157.697147610773
328.415236094968
-360.979532051104
-188.839318472236
334.752911933872
237.695504455111
348.776720071603
-924.589311573935
368.563473618024
183.211708532049
-194.431290859211
-173.854651405549
256.299702509562
-466.100849788292
41.5820168601728
-1614.35117514397
191.18046449627
371.537533596546
-92.4552533188969
-1781.22194939105
368.6625888336
364.434619257824
372.937601855866
-372.136974946152
283.596855516314
364.17781027566
247.233852442181
-146.84528898657
303.309369673479
373.859687608226
-1201.17118995141
47.4050568658591
126.97465820915
374.433584531135
367.588619497736
245.68233740187
354.702641726208
-58.6211543174043
341.606435927045
369.31934725744
-573.360718867463
1.83427542184089
265.404045602141
-542.975029760583
212.33282357026
371.798578518793
-71.6869578622516
145.246077745312
-1717.81252959978
200.046048233917
-91.6323516807422
233.557264632892
-219.874673010112
369.996166501852
370.420491971668
206.69649593402
225.152514116709
366.809720669317
362.934272495941
364.438721781256
-940.738485754865
268.773884392317
256.519812357093
132.902658611383
-67.2827466567743
-779.03566177317
-215.285777209477
372.261630264734
374.028606244122
73.4285936528796
-36.7270959655251
96.237802834889
50.9082418322157
360.260745450369
-574.104402069161
-716.908830153885
374.032667473124
349.588627400325
-1505.26727761715
-1378.32483226369
308.049343049024
251.682488289976
-105.200550940188
-187.549131833868
-530.337447016464
372.848047505533
243.35298416506
-933.81993099516
-735.755395692924
364.50178194558
171.540169475934
308.022990240533
370.343691852945
361.263634907689
285.980738386614
-410.599715948048
369.417609690396
374.637349100075
358.593097709142
199.136923931067
-1548.58490698396
133.774317429303
-1095.16251558495
347.24142421009
-1458.22766403353
328.340343944065
151.981136963481
351.889490895321
-337.953284549791
-1809.90196903467
82.0298245192097
-194.407355397031
275.45359869501
364.431214546929
227.123732791878
-190.469978690892
14.1312314725119
372.030640036159
-1105.75737501404
261.726489540347
-652.923642296866
-1141.78253965387
349.335148347525
374.2763843235
-717.273729812248
341.351802910091
-943.82952526567
351.808473691897
260.662616532085
138.644622662311
354.62582538214
-1491.0424134795
-386.644602975089
286.232079414536
368.814662256982
-166.624424286343
374.275125771626
359.941772657173
-1328.29091071583
279.432478405256
-57.2074011113353
374.465172670869
99.7585010856407
-172.166305956071
-327.072561568502
364.657658275059
243.144563332957
373.377616511731
311.751726230538
234.720475888458
126.358770089906
-1783.41712713195
369.175862111651
287.689794169994
374.63988144054
374.535640815195
288.961234978979
174.522350001214
132.805485332132
-1510.29580935309
121.775538480462
373.876596979876
307.73007899008
316.20898155019
372.652198923195
358.003411654632
-1624.96391291774
355.726788246726
-116.067047068277
346.571503670415
-280.245151783219
107.238454331955
-181.123114931151
-727.922566819156
14.872240631788
-477.039445201488
301.849910484994
372.404073932444
361.384795892441
374.141774108534
279.526502974303
362.598996321417
-296.172589326932
-865.45286815234
292.296140607588
-1038.52266473518
367.370269959599
306.418423405687
230.155242164176
-427.69975844593
203.656175304847
-137.100692100131
165.39827157997
-459.031821697558
-739.951935213554
-70.9397154964801
325.12190883359
-137.436799487138
42.8809838400569
324.571096843935
-299.91884492384
-1612.82270463464
80.9885459356445
354.644414350094
-463.390773418964
366.073031241167
359.219299346252
-1265.24870697304
-3.46214837306382
-1199.86530142494
215.339510649246
361.258804693619
371.915571979462
346.674082482245
374.425442310552
-98.5514363655655
363.219359982015
205.120813175524
371.803289709122
-1183.85646776982
341.024574694652
39.0781361220417
361.972491076625
-352.01409041922
318.391135363695
-53.1909079626281
100.282815573416
-259.985559021686
358.565548795111
372.663254853939
259.698461898346
234.62415166254
-707.695103328181
214.723277856256
374.238232811239
57.2532506659347
-1790.17934537513
-511.711457097487
356.784491712577
-1366.46654427096
350.086234727004
-1518.97516684071
-1488.15279506905
-745.665140237007
31.7262917333086
242.147937324277
-1071.3660303364
59.8756430280583
251.750360841851
374.31363461915
311.209463780778
-197.400691158255
356.944504702428
363.981842414078
368.702145407963
175.808660434248
359.179009873621
-1213.85991643262
-294.128105968924
-358.00222295409
-283.972779049964
371.470824779458
-18.7560094491653
-166.605462219884
275.230593278123
374.630844533897
367.928693117471
367.850796399389
-591.698956177628
373.096087049342
-23.1772947161757
345.634305124596
-1510.18468494668
-313.211683111837
71.7439376459238
373.568294605052
275.399731414834
347.173873909852
362.102010618833
374.603360634376
-1810.92746057796
226.161734561391
360.325144892311
372.418344339839
124.772980423101
170.426440787533
316.280890829203
197.19047477264
-1811.6345508947
355.608726217106
-1240.72072668598
-1056.85332643536
373.117790287208
-333.832732658998
371.395203179692
216.34489345762
-131.801883076973
250.399859588407
-585.215993616328
356.266895588417
374.387995020217
-726.223306970841
321.308642020201
350.650362114381
369.704814505671
373.628969872845
199.435039976942
-285.384433985319
226.44266971839
198.250936297921
370.296416816811
373.252445702955
314.024881263239
374.25142048236
23.9171887722913
152.731233868844
20.5925181556085
129.523075270382
202.431394878316
-391.143393843795
326.382448546138
327.313078172956
-166.046652981171
371.504805267802
374.192919000877
307.681111668439
-341.307492395908
111.938667847189
316.469959379098
370.065485515622
374.545945723023
-794.145677915128
297.545086892677
341.316392638901
357.78952498834
-748.54393163165
-738.970483603888
354.555487299025
246.053171071269
303.167283347604
36.6343573469719
258.726647411702
-937.080876001042
373.459784173075
-1104.27313782529
-969.600007976443
238.556201366761
-776.849827922341
260.414852484797
349.630390875507
353.776038653819
-183.760930039073
239.205232046082
-389.230816284699
74.9217356587096
363.060836505054
281.931904070955
370.984878295607
361.698470688131
355.58967644963
359.350313771749
338.162333352289
100.482658538608
353.186508544434
371.408813058516
-1493.32280559384
-46.7893162121906
137.219722212846
