963.562544751698
958.003459110007
955.053975950094
954.220119035632
952.521535464682
951.74554475351
951.158109276409
950.28606758925
950.051360145255
949.243557013135
948.436280586571
948.247034577333
947.994646403309
947.74113417848
947.406235410373
946.852665574826
946.661628586771
946.645262159873
946.295560329096
945.89653909358
945.694443643353
945.583641490844
944.90832048063
944.546412081462
944.541370322239
944.502039478469
944.427588048993
944.359563327482
944.124926378046
943.987422510821
943.972165300698
943.868509817629
943.78125754022
943.706534702676
943.349814525304
943.281203886575
943.275037656388
943.247270163789
943.124428710434
943.094378687564
942.974552366506
942.802530270258
942.76757195825
942.753397744204
942.654761976254
942.627279067232
942.164788513702
942.075071353583
942.063783137153
941.772323283832
941.769872254073
941.651927249829
941.557162648167
941.530738295633
941.316590780687
941.302406305903
941.118253931975
941.063399148893
940.975640100807
940.92953865754
940.599906362766
940.559299919349
940.541916953018
940.487254569838
940.272104561374
940.226052016742
940.199270715071
940.046694097591
939.905265214219
939.84125425872
939.701164116793
939.565072065884
939.523756936691
939.069365501906
938.967513132091
938.905674877592
938.878690747061
938.81283572262
938.706494247537
938.695136014792
938.611206827893
938.597544881886
938.558162621325
938.54952185433
938.529263881133
938.409426256465
938.103907483933
938.078327902391
938.051792496633
937.964663106511
937.935292499133
937.880199325428
937.875301828527
937.82840778601
937.79415765749
937.517307469072
937.304577842529
937.267471092337
937.254727000314
937.223557367228
937.209266960033
937.205021463168
937.169326178682
937.165567904504
937.161256035585
937.097591113439
937.044475375414
936.968374892991
936.939490809002
936.927984983842
936.915375605878
936.914925984232
936.875489476259
936.791367182382
936.782134483378
936.764203910084
936.702807338217
936.694646809512
936.613221088063
936.56628830868
936.548902477496
936.52457991976
936.367618818653
936.35537239439
936.319353225588
936.314725702364
936.308403616967
936.29631817571
936.130202147428
936.101581711754
936.059774877074
936.011803537753
935.923957654931
935.918724288286
935.897265373145
935.883121703987
935.87443970522
935.775882389709
935.723652991414
935.633673604102
935.572615695381
935.555718072889
935.554506282198
935.483682627652
935.41514876553
935.322021616855
935.28458888682
935.271845919386
935.269934273762
935.249929854485
935.183324796472
935.139585981357
935.100865708859
935.076986873944
935.074567850531
935.051636235245
935.02696940966
935.011020219486
935.002687112971
934.994646180593
934.926673519744
934.900303257696
934.863404267428
934.793353927019
934.749107094862
934.721755504482
934.694013867351
934.609986541977
934.594999596261
934.576811629398
934.52917315105
934.495270927436
934.479870794192
934.464976654454
934.444441665786
934.443537047637
934.431535447752
934.378553788464
934.345420145497
934.321602053806
934.279610102125
934.235866295762
934.223105724342
934.191021683292
934.189049690001
934.11467669341
934.112771678015
934.056257044119
934.038965523494
934.006747416433
934.000271890314
933.9740851967
933.903590855445
933.845389160782
933.83839964612
933.805855038534
933.799769866045
933.793765757827
933.779932879414
933.756654568426
933.546937801716
933.522812565258
933.522145689038
933.517921176591
933.482187889301
933.461715923656
933.444465640033
933.420445283893
933.401456035826
933.3896040104
933.364469324485
933.358892671889
933.354447675614
933.322525698642
933.320502131131
933.301031222277
933.295090970667
933.291977020235
933.284418151659
933.279305846226
933.260404736084
933.227948919163
933.2215735907
933.218517846228
933.169163146354
933.166907480978
933.158934088243
933.142250178484
933.134132590902
933.110661494178
933.104869762578
933.10197103079
933.09179336678
933.058135595246
933.056902769604
933.056508321363
933.056133199761
933.048803270036
933.008184540727
932.957006963349
932.946858994193
932.927705677745
932.91056706694
932.905656419308
932.902930043491
932.890791400179
932.873152227144
932.872131834847
932.867970472293
932.850407321029
932.845012789026
932.762007827335
932.758967158731
932.733200371286
932.718680533298
932.711448871347
932.706798366956
932.695538002126
932.686033473187
932.679653505091
932.668005313922
932.65863882077
932.606975329525
932.606808352388
932.583717585952
932.567760362867
932.533769409254
932.532777387558
932.523677135951
932.52308111304
932.515032127867
932.493573111229
932.47823465822
932.472931927735
932.464244246679
932.452507176178
932.384461570527
932.367966776317
932.337350116201
932.33067149057
932.320775303631
932.317096242454
932.305069207909
932.294296708867
932.244350922923
932.200352940933
932.200196218575
932.197349188438
932.196717099275
932.194623198004
932.173763463382
932.152393927396
932.135559671296
932.116923095374
932.098089811387
932.072270352164
932.041654218729
931.998539529943
931.98068105988
931.963411883456
931.910948233004
931.910937464228
931.879592055667
931.865494454462
931.865004432297
931.857377834429
931.84731932884
931.838982389816
931.836441693324
931.83532595144
931.815427675935
931.815341634371
931.786680251838
931.778997427209
931.777258278094
931.769206453623
931.742141417224
931.725715391326
931.704120637738
931.6700757272
931.609260543063
931.594017809069
931.584941151669
931.559291353164
931.559054853017
931.533946902787
931.511453004385
931.494885309029
931.471401164874
931.452055318765
931.431537713316
931.418062461825
931.399254322511
931.381976157753
931.335541027544
931.297413014227
931.292839203889
931.259374600552
931.242589894406
931.2393150437
931.215442116779
931.202858767353
931.16020325287
931.135645673148
931.110352669162
931.096042093424
931.093492680606
931.092780050762
931.074877503013
931.063523102006
931.061655033225
931.059096858453
931.024050527659
931.013911220751
931.00632595669
930.992260718893
930.981141961495
930.96513328215
930.948647152905
930.912682811102
930.903774716152
930.883774972954
930.879538031236
930.876753242821
930.852724461946
930.846751693181
930.841567246633
930.835562235653
930.824228374823
930.819196642308
930.817092786086
930.808626025224
930.808185264901
930.786574252395
930.776916752319
930.765713086149
930.744605295788
930.736215619973
930.701956940995
930.653267482013
930.622395211491
930.621073961259
930.616316144819
930.582964847743
930.556431151267
930.549360284236
930.548424825709
930.434959549865
930.432003773179
930.430011767371
930.417945878664
930.392132764925
930.392002205626
930.370080834638
930.366217074883
930.357519760234
930.325795436277
930.31830758607
930.299880253749
930.264028794325
930.234235728563
930.209146746961
930.166545124084
930.16144932623
930.137553950814
930.135866231595
930.13168475386
930.114011361496
930.11276114639
930.107936846918
930.079444077721
930.05825563144
930.041814257826
930.008497497126
929.987004043175
929.946041880658
929.93176873533
929.926400458953
929.922332903851
929.915092535384
929.911117974211
929.900168170906
929.897518806778
929.883686594453
929.874070713259
929.870939737785
929.824409188965
929.787355778308
929.755344571632
929.732198988417
929.692402603087
929.676454080093
929.655911859503
929.655145177375
929.629557273434
929.621216378015
929.602049471438
929.566643074651
929.565047613128
929.53182912723
929.521488618535
929.508913656587
929.49907451605
929.498973374591
929.495632660934
929.471080626342
929.435451529801
929.433409319616
929.403958001306
929.392572618974
929.363725686679
929.349726618089
929.335227892605
929.308103859752
929.30776984647
929.301235825249
929.300603775324
929.268470338182
929.242062757199
929.222457509164
929.213793831118
929.212762106309
929.209200291544
929.198063033206
929.19468321659
929.182719851539
929.177731122602
929.174412437916
929.172951551131
929.170865570353
929.169599288203
929.090842233055
929.078798893031
929.053805826515
929.037689290354
929.034102426592
929.032064073177
929.030298553335
929.029423438059
929.025213666428
929.023904872021
929.017078527237
929.005955765129
928.979942542512
928.95653203361
928.933017604613
928.895842533147
928.88986979131
928.861566159777
928.844809651454
928.839596460876
928.809692309717
928.779958539057
928.75955496024
928.753112699521
928.721172205337
928.716393250566
928.711921160246
934.324521481806
933.075106711391
929.718519058044
929.653694198051
951.985697537772
934.68799306017
928.961587918994
929.192063454058
938.103253927882
936.786219635179
937.198982029885
934.874709823804
928.697371274814
931.045554870738
933.008035997992
930.49864817786
934.027028760463
936.06474566305
930.001515462744
938.651385088365
931.983688947559
935.470585374778
934.732642063688
931.26285676882
929.767034590825
930.642792540117
929.267871011309
941.063990343136
930.811917238391
940.067047385805
930.99008835371
943.997358552409
933.769803183458
933.823757408699
929.751418390851
933.750328428681
932.071112486636
941.609786721373
932.62596728861
928.919195882222
929.061664484009
928.873577449299
929.676836616358
929.481043925698
946.293391363087
936.502406904816
931.66935597701
932.557676386579
951.336128419064
933.25786840474
933.71940486709
930.958670367904
930.258902461829
929.292271576086
928.949790090424
942.706925990597
938.237723812429
937.120129638139
934.596459186948
935.087185890799
930.540943699688
935.455923080638
931.526634586965
944.915455137307
933.973968041247
936.372312308765
936.90169953447
931.134654445399
934.90864538178
929.159467612027
931.430277124323
933.705967985956
931.482217652001
932.784150806306
930.789589699879
939.380917150284
933.604972479132
929.867882370247
933.634729740885
945.956497368394
931.365631119515
929.271274392788
947.536588701362
930.856461431378
929.683836993952
937.851185139271
937.056985855296
933.675307341807
934.366249560094
933.126768107854
933.312929687116
934.525310156213
942.470792945862
932.192631968155
946.84683304422
937.330455159666
928.741058909905
931.347407437358
938.049633470145
933.733379123025
932.719897542217
929.873705180501
930.799624536388
931.507554495753
937.743679147101
935.540258410268
933.460017620393
933.099992056798
947.931930566883
947.057130388114
935.005771811674
929.060803131287
929.001388662924
931.548273360269
929.880635566932
939.903884041888
942.706424440572
935.077751776339
941.825479868534
930.480531510004
947.063542139359
930.40205244238
940.197762579063
938.069588022821
932.811363149442
932.141936866612
936.401447300985
932.041644307344
938.793868860801
930.145494085258
935.656701353843
930.175152800811
933.989502547596
935.736816157139
929.806617013861
937.867816169108
954.294751166198
935.931419687064
932.536637550475
930.831261674825
936.89298995408
941.812974297766
932.15504976119
936.839988743712
933.607979164825
936.824395099902
932.467520820922
939.466718387444
930.395266494482
929.406979783517
938.403345055037
929.190395047108
930.114557307474
940.373025159237
938.325869143613
929.561831414027
934.477924961616
931.529567424319
928.864019413899
933.824760741088
936.853496605845
944.300749045335
929.762247576921
941.564280324703
935.662289645733
928.716534943395
933.487878826955
931.566927002517
940.211069783522
940.518819680855
934.989188288135
934.290310022129
932.979114519354
930.874788734998
931.885783644527
932.906572922532
941.293484834448
928.725128100955
932.379870502055
937.867444125602
948.657233375156
929.910450348556
932.134948890722
935.206537786692
929.061506655971
935.86597234702
933.980376211455
931.065864690235
934.242665204928
933.400364496243
931.685865770811
932.916452194076
949.840690657887
939.957354020863
932.508128154368
930.447525969351
929.497598283644
936.019975836099
931.668014790156
937.522116527334
942.684532675897
936.896189911507
937.020883043988
941.727894635819
930.154073352578
939.254050177913
937.389447791173
936.758905838016
938.813991816453
934.921000707246
929.150127465792
932.216022125898
928.786868083703
929.87990245626
929.720271777691
937.332112470242
934.933129516381
940.441980092371
930.08322136492
929.541428967281
929.289757723868
935.109715333338
929.997318104141
937.022592592846
937.802125379282
929.94639888745
928.885382103318
934.210519878659
935.335674433707
941.852981791764
934.82990542932
929.505372023074
949.468671411463
940.150597633743
938.905063457075
938.861374132182
947.250319175204
932.354688029179
942.775225632844
931.947450288574
934.736648970902
933.510900780817
939.054106131737
942.954965114451
942.480148011131
932.307744703708
928.751675164453
942.167207986663
932.843968803978
932.002856259252
933.110651787604
931.903417332744
930.374513647706
940.291915788065
931.367309827356
935.767837200687
934.02107802175
930.573572125488
947.165417150987
934.155828441155
942.125750917381
929.135746528317
928.772723371496
928.942826442593
940.84090924511
929.524537948942
941.939985584451
929.095832426692
932.288607692703
932.460899361803
929.866088393152
930.999122944665
930.544697938978
928.818300454184
931.458067525478
929.266268343633
931.355940613334
932.219323752659
940.475295290449
930.206743209489
938.574908610243
944.954133697737
931.789133218538
932.480132912986
932.738467127883
940.500336556352
937.07000098333
929.323058248022
931.383042583012
929.543532117997
929.715138479677
931.020492899788
938.195641998664
938.694290623549
937.318335661554
938.803935881029
928.94320773416
930.763094196086
934.813025361793
953.143485072668
932.607474747476
935.508232329717
933.887430180827
930.099030919178
934.743378125738
936.829064930482
931.492115765501
931.747287474016
938.06588447838
933.232638974909
945.369910650453
944.485627189942
938.215661492109
931.673034202366
933.268579689735
945.643499255342
934.836869680532
941.504255408655
930.109323336396
931.194233862151
934.41493072875
942.81596801144
932.456725431353
934.731309972672
929.552057415977
928.838470762181
932.443633904103
943.674076734675
940.934931666204
929.049328538288
936.405160125226
928.936435633592
929.37431472833
930.401457926235
932.146993760421
932.209689278999
929.520249793002
938.110586360713
943.423137497784
932.444244216182
940.450930318174
929.451788165559
934.162281918089
935.784297699943
943.056071471958
939.876971488546
932.108539622814
940.340157683729
928.923095714884
931.977433358848
953.657547898793
946.113816399013
935.734206520284
934.91770713932
929.11586004971
929.293721431059
935.581972649663
934.164703226639
954.8045963761
931.29376532963
930.599092149855
952.29728832509
932.438423466492
931.817918109508
928.80404032049
929.107473379873
932.511920272716
931.545937372775
939.449672561354
941.230850298895
928.73818652375
945.156265615106
934.301104852373
941.467757556355
946.4286763726
930.680397641698
930.133212167996
935.712874895605
931.435247532467
929.275568157485
939.196419110874
933.920333110321
932.601187818985
929.23930558498
929.297486555434
929.981005244535
930.525060454184
936.865168916533
932.972996134126
931.347544381916
929.616997262573
928.927926743187
929.670654000944
938.714440120243
929.027310945804
942.975409622714
932.155207314035
937.830430316097
930.890454875629
931.345147051721
939.784416568762
933.644996446578
929.21964133744
943.210695579249
928.947722797976
935.529708985554
945.331711748347
930.813880480604
942.206888055211
931.391294461209
941.251852296307
929.702891052936
928.909583826863
931.506850976669
929.181040224014
940.42528591421
930.459247105269
942.175608329355
929.515043414341
930.504629837959
930.710790337921
931.501913058456
931.572518611632
929.910152642286
942.507594245317
941.469954952048
930.889450572755
941.517658932448
930.287178778312
932.091396056149
938.240049166131
932.723521534148
933.619664614062
939.853623528619
956.148547865731
931.10530704605
929.264295277931
933.846058098862
931.075942020804
931.164352076725
930.490673511008
936.768218564797
929.260792252079
935.85883391462
940.757494538348
933.002621827953
931.107600118216
930.870521604061
935.864942712462
930.893521727329
931.221993109173
930.888117765206
930.886517442394
929.454776142804
930.883759960154
939.024822769362
930.798830184795
936.524891423135
930.422495527635
931.428038414833
932.371168751308
934.507876724585
946.65072964795
933.267685840451
929.89259790054
936.268006498748
933.351357857878
934.274413498555
932.876224594882
942.329999287278
941.84312151957
933.270516492877
935.18408145449
943.012915062274
929.196985276624
935.68522187735
940.375641509168
942.136975168746
929.40483742495
946.288163494746
939.616716251401
935.512889920079
928.697126034789
937.184548482491
929.187619777393
931.242724462268
928.941237381705
929.722331770199
935.949677355707
932.940778778632
931.015959458917
929.747347049575
929.002082904131
936.733883130709
933.110590502001
930.69102904365
933.552782497975
943.240617472524
935.934626627558
929.518379624967
930.279331679716
931.521887892146
