1156.29263661668
1155.31278360012
1154.9496203629
1154.11215052812
1153.93862909174
1153.86697741551
1153.55404125682
1153.49460931666
1153.44702543319
1153.43955451564
1153.4193752946
1153.35706352444
1153.29118762832
1153.17658162317
1153.10522682614
1153.04352605846
1153.03760071572
1153.01942728827
1153.00401189489
1152.93227468928
1152.8870068548
1152.70837563619
1152.50222451867
1152.48612800256
1152.45732619629
1152.41468597618
1152.38880295873
1152.38328077257
1152.28538264823
1152.27653161377
1152.27213181688
1152.26878408407
1152.2496078932
1152.21374523196
1152.19965094499
1152.17544888768
1152.14192911474
1152.13107032621
1152.12451469166
1152.08724306374
1152.0501940438
1152.04721158848
1152.03070928958
1151.99857196331
1151.94885716576
1151.94504807784
1151.93848991294
1151.92309105948
1151.91965480881
1151.90360790389
1151.89784213984
1151.88357146706
1151.84756175673
1151.82766981171
1151.78516442556
1151.78268375583
1151.75790187683
1151.73342595042
1151.73267946927
1151.72935704994
1151.72916510604
1151.71419191911
1151.70506559922
1151.69035934965
1151.68192820162
1151.66913219533
1151.66268137109
1151.66243592696
1151.65510532465
1151.65006050324
1151.61711868263
1151.60072659308
1151.597817138
1151.59127429454
1151.58637698866
1151.57452499385
1151.57171283724
1151.57087035465
1151.55770512798
1151.5575890042
1151.54954903409
1151.54421845635
1151.53715012033
1151.52855623262
1151.46320943994
1151.45436204694
1151.44595453322
1151.4431555691
1151.43603291177
1151.43091182491
1151.41668791344
1151.41414969754
1151.34520538148
1151.33526390011
1151.32776668935
1151.3125690717
1151.30764251906
1151.27290468888
1151.25555850525
1151.24702184215
1151.23847636564
1151.21888820968
1151.20789154347
1151.20651148134
1151.17439526637
1151.17427213325
1151.15720220068
1151.15674342236
1151.12374775499
1151.10923498218
1151.09617729745
1151.08558823866
1151.07881605358
1151.07073302266
1151.06216115042
1151.03803567099
1151.03289990795
1151.02873035546
1150.98885034398
1150.98766055152
1150.98140874679
1150.97298298044
1150.96659195314
1150.95064936873
1150.94651603139
1150.94278024851
1150.93164408418
1150.92740602827
1150.92405207716
1150.92075232789
1150.90696973317
1150.90580018251
1150.89914662459
1150.89216169942
1150.89092114909
1150.89035376821
1150.88527835532
1150.8795319074
1150.87198117944
1150.85073237487
1150.85015742143
1150.8460536623
1150.84083253683
1150.83992445041
1150.80582022173
1150.80503682489
1150.79104138641
1150.78834897536
1150.78747306723
1150.78470014636
1150.77892839611
1150.7610112661
1150.75737760126
1150.75729630993
1150.75066336076
1150.74174117513
1150.73193450193
1150.73161471128
1150.71839106228
1150.70802017442
1150.68795191638
1150.68727471235
1150.68083679809
1150.6605774525
1150.65678054439
1150.6243395247
1150.59966396661
1150.59961411786
1150.59014350426
1150.58637197592
1150.57159332376
1150.56885019679
1150.55105746801
1150.53913598211
1150.53338283943
1150.52450760041
1150.51587697366
1150.49533404197
1150.49386955858
1150.49175671641
1150.47902181841
1150.47203719203
1150.43001518606
1150.42776596366
1150.42415488825
1150.41111148451
1150.40985696925
1150.40160068687
1150.3915424079
1150.3816405368
1150.37242196433
1150.37155711532
1150.36497355613
1150.36495714237
1150.35374644648
1150.34788338668
1150.34592791589
1150.33171882927
1150.33131806575
1150.3165493334
1150.31341650402
1150.30958336545
1150.30473389842
1150.2979399858
1150.29592522918
1150.29130457492
1150.28075306892
1150.26891510478
1150.23692226538
1150.21458913504
1150.21008646174
1150.20940047339
1150.20495801426
1150.19960131336
1150.19508155923
1150.19421067363
1150.19232206899
1150.19120252405
1150.1887283599
1150.18157454883
1150.17970092353
1150.17673718984
1150.17078409653
1150.16489342604
1150.14938811411
1150.14543564924
1150.1448044345
1150.14428178377
1150.14266069858
1150.13259018042
1150.12949908538
1150.1290991656
1150.12767898189
1150.12461139403
1150.11260682523
1150.10609608878
1150.10094062532
1150.09468674138
1150.08163275965
1150.07223887569
1150.06683279733
1150.06425322192
1150.06039570398
1150.05641995834
1150.04590594954
1150.04529170936
1150.0425455264
1150.03990027869
1150.03907419362
1150.02994111539
1150.02666202925
1150.02493890043
1150.02316223117
1150.02304500486
1150.02258551281
1150.01509362096
1150.01131617914
1150.00576440926
1150.00456875841
1149.99240276778
1149.98859051777
1149.98019278194
1149.97934360445
1149.97575808886
1149.96728664591
1149.96406189093
1149.96065509966
1149.96060457201
1149.9592753662
1149.94461679584
1149.93243627507
1149.9294973086
1149.92834657633
1149.92504921227
1149.92349556822
1149.92328968888
1149.9210813841
1149.91139967343
1149.91066320786
1149.91057546271
1149.90849735701
1149.90680192767
1149.9016122294
1149.88722480383
1149.87983130506
1149.87605123528
1149.85610885404
1149.85013707016
1149.84861826585
1149.84053219917
1149.83844583564
1149.82922920064
1149.82778141751
1149.82496583137
1149.82494322093
1149.82304199048
1149.82096390102
1149.81843930819
1149.81633557912
1149.80625615496
1149.80545856886
1149.80540599324
1149.80141387178
1149.80078413971
1149.80004837989
1149.79977010952
1149.79809994842
1149.79642548724
1149.79520273905
1149.7869775835
1149.78364975073
1149.78317295861
1149.78277395311
1149.78181863787
1149.77099716202
1149.76798114304
1149.76143130016
1149.75896003902
1149.75853270996
1149.75475116641
1149.74180521698
1149.73906453583
1149.73368235127
1149.73299641597
1149.7281105044
1149.72635190026
1149.72502022322
1149.71986397121
1149.71781286007
1149.71194067167
1149.71186111977
1149.71107738858
1149.70934627525
1149.70755159195
1149.70453502351
1149.70353648294
1149.70201003448
1149.70053401754
1149.70018066196
1149.68212780894
1149.6785391558
1149.67708729907
1149.67617971373
1149.66999838834
1149.65664225457
1149.65642300465
1149.65130852183
1149.64905370829
1149.64096814147
1149.6369412654
1149.63512052559
1149.63005923605
1149.62807548684
1149.62605423861
1149.61989152253
1149.61903513017
1149.61189637896
1149.60821090193
1149.60508868841
1149.6027552022
1149.60174778197
1149.5976326351
1149.59745239502
1149.5785370995
1149.57390072701
1149.54385665901
1149.53945011073
1149.5390024253
1149.53713740598
1149.53593325815
1149.53546168968
1149.53287039304
1149.53272154119
1149.53148788034
1149.53089582794
1149.52929229956
1149.52809317161
1149.52468259229
1149.51798652817
1149.51452328308
1149.51147623154
1149.50977751346
1149.50889737891
1149.50332576743
1149.50305841163
1149.50024741756
1149.49757816062
1149.49694506689
1149.49561121268
1149.48118066222
1149.48057680251
1149.46958833456
1149.46709944163
1149.46670755355
1149.4648804511
1149.46062389009
1149.45968538606
1149.45845687844
1149.45568721283
1149.45537061214
1149.45478131578
1149.4523876235
1149.45066832876
1149.44497170444
1149.43931641813
1149.43800981007
1149.43518806675
1149.43487439867
1149.42651196889
1149.42150011631
1149.41303110074
1149.40907915814
1149.40244049547
1149.39564807764
1149.39483311815
1149.39090770753
1149.38558922737
1149.3773131638
1149.37542104843
1149.37349133642
1149.37304077543
1149.37265446755
1149.37227001036
1149.37182507115
1149.37085049291
1149.37071025274
1149.3697772028
1149.36833311723
1149.36761245944
1149.36645385801
1149.35750060541
1149.34761839622
1149.34097731532
1149.3402752655
1149.33605862165
1149.33500780889
1149.33489650603
1149.33400319422
1149.32603729962
1149.32272408152
1149.31917877094
1149.31845361437
1149.31353826683
1149.31232978662
1149.31078515385
1149.31002260283
1149.30983769161
1149.30883695155
1149.30287398403
1149.30043696425
1149.29646636228
1149.29448613591
1149.28993802899
1149.288237074
1149.28673307564
1149.28071161552
1149.27776396222
1149.27666666927
1149.27326327028
1149.26997121574
1149.26954154918
1149.26293302656
1149.25748521885
1149.2572182266
1149.24730900755
1149.24415500739
1149.24248961239
1149.24199763497
1149.23674970234
1149.23142606103
1149.23036458453
1149.22673843461
1149.20966422348
1149.2090566093
1149.19528611823
1149.19180441316
1149.19006505981
1149.1895279525
1149.18626202372
1149.18355626851
1149.1771805077
1149.17702141802
1149.16916435961
1149.16641814556
1149.1651456634
1149.16332079245
1149.16302947961
1149.16195020548
1149.16139234045
1149.15783263312
1149.15326177209
1149.15223188353
1149.1472582583
1149.13858914259
1149.13676014845
1149.13500955706
1149.13499734057
1149.12962043242
1151.66629391773
1151.15343963568
1150.42103010677
1149.38136698038
1150.53923363026
1155.85195633684
1151.73958820049
1150.25399638867
1149.76094884683
1149.84117085862
1149.56958645968
1149.66168305659
1149.63993792742
1150.93576439174
1153.15877292782
1149.87502001412
1149.63478682788
1149.97205613839
1150.21020987103
1149.76736701405
1151.5365731252
1149.74434603746
1149.76657411075
1151.27542966881
1152.14770444186
1149.37346916034
1149.86348666513
1150.42671149775
1149.96566278585
1149.99950445767
1155.97585178147
1150.46862010431
1151.16146560647
1149.30907113528
1149.57138865421
1151.12290752993
1149.45890954677
1152.5452440374
1149.29241218027
1150.66313110123
1151.36605254233
1152.05514197805
1151.66920579816
1150.03297038044
1149.2028383566
1150.93387665671
1151.08096458642
1150.17691911323
1151.45601639044
1150.36883087297
1150.92409088662
1149.20717062532
1149.67145801885
1152.60036118364
1149.61194668354
1150.49365916053
1150.43063902086
1153.10258125937
1149.17326080126
1155.17765454168
1149.47796850919
1150.10593645294
1150.0762999463
1149.68612532486
1149.37956001909
1149.74343725505
1149.40586795542
1149.82041514809
1150.28615366703
1149.26248847017
1152.09908623775
1149.38995119707
1151.09286192875
1149.29976983169
1149.70845241013
1151.06103711829
1149.55534959785
1150.2042282552
1149.49212522423
1151.29600578823
1153.85881981754
1150.21514034548
1150.49839638867
1149.62509292864
1151.12327216842
1149.25850519756
1149.24402049423
1152.39281911885
1151.36121276557
1149.68585718292
1149.98957566979
1151.02293963954
1151.93112001912
1149.51423877646
1150.30266527125
1149.9209197657
1149.79096661481
1149.34312651168
1151.59184848391
1151.35562383405
1149.90601783508
1150.76497390233
1149.44063319381
1149.33805923726
1150.11349213699
1149.56308203018
1149.42905425164
1150.7736314214
1150.58245268063
1149.8641697169
1150.77122641696
1151.21311430945
1151.30234639313
1151.27587863242
1149.15461481433
1152.5726521114
1154.02449870639
1151.08261517555
1149.14114357134
1151.2152761098
1150.90230482815
1151.51988015382
1149.86845149212
1152.65873173896
1150.15099173432
1149.171503798
1149.61105845001
1149.85663525443
1153.80805092963
1149.36045038401
1150.54626062953
1151.51782747472
1150.12684980124
1151.53409274866
1149.28702532218
1149.23662097174
1149.15211866833
1151.36222704868
1149.9535979353
1150.73548672516
1152.71332359129
1153.39618884909
1150.09618244715
1153.81135892305
1150.53736553944
1149.61070684944
1153.93836488325
1149.8273283203
1149.47074437374
1150.29208051085
1150.97466028395
1149.51068500725
1151.84206760483
1149.6434134081
1150.0265171384
1154.14745959365
1153.67554902754
1150.25846454573
1150.1088736082
1151.07095848546
1149.30505570754
1150.95823046554
1149.60908449412
1151.97991231205
1152.25363895142
1149.14556622549
1152.03164182163
1150.09933492172
1151.0016671983
1149.99768949152
1151.09712564091
1150.78290658898
1149.39403041028
1151.85943336565
1150.87242886643
1149.29600526226
1150.53385530562
1150.40457453193
1149.84378145295
1149.28754701861
1149.3237018515
1149.13907575292
1149.99447316316
1149.64485926838
1149.70336890456
1150.01558081683
1152.91659568185
1149.14401011042
1150.34802068009
1149.17155709809
1157.07985438317
1151.11175642229
1150.23596567639
1150.12718239313
1150.97922770836
1149.55700418277
1150.73323858001
1150.72631109974
1150.69561235104
1149.34659089882
1149.39309483059
1149.22489340746
1150.93096207883
1149.48306594211
1151.16684914717
1150.29836331906
1155.82750692814
1152.98641532042
1149.5020325231
1151.96546505807
1149.60317276862
1149.52477243957
1152.80942430453
1150.00210808375
1149.32049808553
1151.24113198622
1152.28187267922
1149.30853745508
1149.31932107868
1149.65821429255
1150.2110693036
1150.98897310391
1149.61938639667
1150.46227395597
1149.40955192114
1149.35481788508
1149.71710893742
1152.39758964066
1149.31788242336
1151.06577675023
1149.49895740182
1151.33938933607
1150.0306216083
1150.41003636811
1152.71416373216
1152.71602928807
1152.56775243967
1150.24213051303
1149.18021391601
1149.89417681725
1151.05763123383
1154.17097650739
1149.23645962052
1149.59042018966
1150.97250081822
1150.75134435297
1149.66992660179
1150.64786729762
1149.53321188606
1149.21032564072
1150.71017263744
1149.17113285015
1150.87912536798
1150.23162389691
1151.34355812674
1150.8137480361
1149.56927776523
1149.63123947323
1151.41205836965
1154.17905899597
1149.28203796073
1150.7716127718
1150.1677727478
1149.15810450969
1155.55155444968
1151.58828706403
1149.47060946997
1150.14905703745
1150.01400658149
1149.32456360513
1152.10753742318
1152.0932325908
1149.1844987977
1152.53216024199
1149.15529497038
1152.26080962424
1151.11333116493
1151.15806113354
1149.6141562169
1150.58367237706
1150.38535260895
1150.25335970787
1149.65603372502
1151.05293898083
1150.44003000933
1150.26055248145
1150.85755423353
1152.29534612594
1151.11276487465
1151.22247882587
1150.03086949863
1149.62073232761
1152.15746408205
1149.85982431496
1150.87552605669
1150.66655328824
1150.57548579104
1150.66234107147
1152.46231732893
1150.54147787568
1149.86856246695
1150.53224355812
1149.77978592956
1149.23339313127
1151.16622882414
1150.72363720689
1151.28677009075
1156.08674686029
1149.48135506389
1149.38056008005
1153.42052791189
1150.33334769233
1151.33529767229
1149.281851937
1150.30164338725
1150.95319297937
1150.03451337642
1149.863645132
1150.0101694273
1150.45014621116
1151.15796675624
1152.05924663084
1149.22513752547
1150.80987366471
1151.17138410583
1149.2466424829
1150.63176423657
1149.20493981565
1152.57966172296
1152.69523159807
1150.21712176366
1150.54732147566
1149.47951185978
1151.09605901751
1149.70919877646
1150.16717867584
1150.21899641628
1152.98073389439
1154.38097214251
1151.21327445245
1149.89881143115
1149.20177319706
1149.93105676713
1150.19564976556
1149.73999897885
1149.59814515593
1150.43833268464
1150.7093608705
1150.41730813563
1150.70813692351
1149.68117834025
1150.32779724259
1150.53746803502
1151.62442027762
1151.27074388784
1149.63627075983
1150.63939959303
1151.26628091706
1153.50468105537
1149.29774769149
1149.45023858723
1149.4413687751
1150.10349628427
1149.69887976474
1150.52973457491
1151.64326790542
1149.7355464931
1151.14035457647
1150.08092429378
1150.52977731224
1149.62125188191
1149.19242063497
1149.28680559515
1149.30019895852
1150.86754479512
1149.4451926786
1149.87750956176
1150.06204594946
1149.16593369964
1149.1862642867
1151.1508666154
1150.65985972956
1149.95679764359
1149.52304699704
1152.47230246928
1150.6531337357
1149.284553927
1152.11763488319
1149.79201866202
1150.65391683718
1151.94712303704
1152.38305992358
1150.18764208302
1149.25646299825
1154.35083077862
1149.81130269348
1150.43968723281
1149.5596734389
1150.79504323011
1149.89471946348
1149.56273347175
1149.78515880322
1150.20253386437
1151.58200341867
1152.07914223742
1149.53233796627
1149.66299412057
1151.66297805388
1151.13100072564
1149.44408799936
1150.03168356117
1152.75384185587
1149.94984968775
1151.73741275318
1149.40197314273
1150.6477084681
1149.32728160013
1152.11255048568
1149.99860460184
1150.68330531613
1150.4034579265
1149.25078651818
1150.85219437325
1149.23668530693
1151.25660785668
1150.88866155963
1149.95431720465
1150.00176514721
1151.03375777162
1149.52261425782
1151.41797570121
1149.79308402454
1154.63220203713
1153.50545055091
1151.38230575562
1149.54183691362
1153.02206619381
1153.24807584159
1153.72317888397
1153.4477390854
1149.47718674536
1152.50734216577
1149.22719076384
1150.00779656938
1150.4451705327
1149.51312303893
1152.34255077138
1149.52611644344
1150.74472442064
1149.32807807193
1153.63914064154
1151.13288317545
1150.88816906305
1149.38485896825
1150.93635119553
1149.6558077122
1150.79297476598
1151.44902511252
1150.3505712644
1150.72004279816
1149.33572641297
1149.27605093229
1149.33921750071
1149.49851402166
1150.37995744672
1151.20314142191
1152.57505500943
1149.71272782121
1149.32628876576
1151.58518773808
1150.51535402076
1149.29190009608
1153.61784584797
1151.94992046426
1152.64019731675
1150.337973245
1149.9375999798
1150.71715062578
1149.13570866735
1152.00330199117
1150.17194170823
1151.0604301753
1152.0605763045
1151.16424973518
1151.01260093712
1150.88864066883
1149.91167692516
1149.68418468897
1149.861297459
1149.63535224887
1150.24656312879
1150.01544250663
1150.09000031518
1153.14347637871
1153.76938159465
1150.39996110625
1150.50915128994
1150.49269623507
1149.13213193802
1151.57600988401
1151.89293239199
1149.54194363491
