834.079424455289
833.445591411865
832.808960166402
828.544761308741
827.211456875449
826.473859756676
825.302571203104
825.288801428424
825.109718926591
823.798223713141
823.466191516745
823.282387526518
823.134258232545
822.458541256068
820.851212112081
820.2112724808
820.185829302621
819.851867231959
819.731226249995
819.624582939804
819.315429141764
819.280238963818
819.149399178701
818.355944631512
817.456205104814
816.732541201999
815.877079639178
815.83705727017
815.638938066449
815.518504507829
815.489326120214
815.473205186305
815.228600574362
815.144915431921
814.77683096593
814.515972632842
814.437582210191
814.176348065915
814.099655959756
813.866424969335
813.800386481846
813.564451945234
813.16368409803
813.13084384734
813.11816645234
812.915798537605
812.880601833652
812.867619386221
812.76123570224
812.40350021884
812.365550945148
812.206926934971
811.615646198853
811.35598883865
811.304290637968
811.107004732239
810.946379108429
810.775418501428
810.599343735665
810.557417090941
810.504700491162
810.430894217673
810.38182952546
810.32322582214
810.19112284683
809.948872563024
809.754192080329
809.742601400572
809.736809756303
809.50875588502
809.507074592073
809.478011277292
809.379952458173
809.259941468771
809.205387943588
809.191727140292
809.136959145659
809.119228957698
808.956075972698
808.9318803748
808.886777702692
808.756806877616
808.734628526037
808.695697333847
808.665496862685
808.541570630237
808.385865327661
808.323546613746
808.093208841041
807.993111630995
807.985322053483
807.979506232086
807.837181303343
807.712494702963
807.662102834453
807.577883314513
807.541661653124
807.523092649689
807.491603791406
807.47465776919
807.382083995212
807.368750811994
807.119814057676
807.108464756322
807.028992547477
806.968124691704
806.854815276035
806.837410489077
806.835590234507
806.820985101965
806.820120530657
806.8180981812
806.817993446902
806.78601875474
806.764173541869
806.710606708783
806.584981059823
806.573559231236
806.520141048217
806.439036679453
806.402118331228
806.314819101537
806.255164380998
806.172396303447
806.160781753385
806.017626712226
805.981128317376
805.970653835324
805.91525067944
805.904544661862
805.790162527058
805.78355889217
805.77687066501
805.758715501696
805.756581427788
805.715261010469
805.70262304305
805.699638512409
805.582585936802
805.148942024192
805.018785576468
804.882342570319
804.789160980061
804.753344327865
804.753053411002
804.606954373816
804.575650978405
804.48021181356
804.3958268388
804.328769689999
804.248637597574
804.208149001672
804.166742028344
804.143985838367
804.12494436804
804.11473794103
804.097889706293
804.018559492528
803.936912451101
803.934630947384
803.931393723437
803.891999730653
803.798902453391
803.759273471902
803.620381857995
803.525692975676
803.520029577897
803.504778785513
803.419017900844
803.417851764153
803.401027358966
803.390781569439
803.321389511694
803.292024332278
803.23855760944
803.219701553485
803.194821608382
803.190569375839
803.182841083993
803.161499672033
803.158605015015
803.14490145279
803.126935191082
803.044125476374
803.001683362872
802.998159445917
802.986576940724
802.922548606975
802.840353506384
802.777629316779
802.745626513599
802.66795093238
802.644481958899
802.53510816379
802.4572555715
802.432592116775
802.425218698427
802.414361673293
802.412942777842
802.406700624774
802.394653683468
802.392146801324
802.367542586722
802.338605422213
802.300562996082
802.205074039448
802.172749533835
802.151368283442
802.100608318363
802.097604616103
802.084569900821
802.060055395882
802.053365444397
802.025737413616
802.024567325125
801.9791127003
801.959764051423
801.952255396231
801.899801969273
801.823777664739
801.819382882456
801.80792665672
801.771974361124
801.698398842215
801.66598325731
801.628256058363
801.61710689313
801.59087075848
801.57079354717
801.537793129514
801.532125120393
801.509292797586
801.506453424588
801.470097190779
801.43964401952
801.438663444718
801.428876492205
801.426065017417
801.40625561132
801.40172331281
801.381064726621
801.352131750048
801.333490639949
801.248079633677
801.174605170643
801.153726562936
801.143780204848
801.096248896669
801.071606896472
801.053949653908
800.978415325922
800.931972790087
800.909137223677
800.863500808767
800.840700404623
800.83484677193
800.817644894636
800.784313805478
800.777083819376
800.723849764236
800.701888661581
800.661137150831
800.653388307108
800.616700694845
800.551010785455
800.526887936427
800.514137038416
800.462584593998
800.440643159519
800.432561861596
800.40188767909
800.400793409256
800.349972529585
800.330354423244
800.30311837055
800.29807874966
800.293689752934
800.278030022786
800.274552311076
800.268693388459
800.148656194747
800.138291624892
800.120478189497
800.104298861835
800.103796809724
800.066371427989
800.019293215632
799.984012205232
799.953557214019
799.914980390385
799.867067439372
799.819859057597
799.765560520533
799.75817604433
799.741296056065
799.706153870532
799.680826214919
799.646756247396
799.629229488465
799.619653034176
799.563539046856
799.560134897275
799.56000744553
799.487906306436
799.460389293124
799.436179496117
799.413993229992
799.386416987685
799.345468273842
799.278061742472
799.277017234804
799.267039973463
799.260796333766
799.259635554341
799.244055043589
799.209995980583
799.206214956225
799.195681851492
799.191041986616
799.186464568178
799.18570627962
799.183580694696
799.177089649513
799.169181049538
799.067502887227
799.048062575328
799.035103571684
798.999506544505
798.961247939017
798.958920243939
798.945560702149
798.935954408799
798.933426733
798.915025457217
798.899546572896
798.884338031815
798.876492132684
798.875547529634
798.868671868697
798.843785178162
798.822985155022
798.784076267868
798.757735924873
798.703157520866
798.611810689795
798.597067053065
798.550927200238
798.549208879199
798.528719104948
798.51259915775
798.48780359986
798.466835919078
798.463377406861
798.439555203462
798.424744742744
798.40317366215
798.36214436018
798.332791817273
798.325658678985
798.313126649167
798.273856927299
798.216196334322
798.20370756746
798.183732874235
798.1578762332
798.148585272972
798.120648314527
798.037150196649
798.035749194045
798.011464892783
797.928000307097
797.910270029063
797.909342350311
797.900771048059
797.84012064482
797.817292619389
797.814406277939
797.813560562367
797.778330491919
797.753662754114
797.753536784164
797.751812775886
797.745537657406
797.738649393492
797.733943337943
797.705166585471
797.68045748904
797.624775500629
797.612612260089
797.605822918638
797.578507868663
797.570620452117
797.559314202154
797.552338471737
797.478316530644
797.442185754732
797.429532442503
797.412840931077
797.405616804094
797.399555423132
797.391937957463
797.315071104667
797.288157479026
797.252552073986
797.222688837706
797.20383105325
797.144439334231
797.132760380878
797.118438714229
797.10482953218
797.079536169152
797.038807974162
797.029444456544
797.005048783655
796.993670998854
796.939250332658
796.908322118538
796.854075701179
796.809399058369
796.794840339409
796.786588966356
796.739232938245
796.737594336176
796.729712716669
796.659413964882
796.638664324484
796.613228162714
796.602134499016
796.59634707987
796.581638952722
796.532093985376
796.522995087303
796.490715015495
796.471788013968
796.464098038326
796.45574939197
796.431709452179
796.412565184512
796.373179044609
796.36918737687
796.366725028565
796.354332479279
796.331411056297
796.314507619211
796.312110868019
796.305708284672
796.294997304366
796.293649602865
796.290064048806
796.282945168605
796.277544865576
796.257903049227
796.236898877209
796.23069368939
796.200046851874
796.175433450617
796.148403971484
796.129629481251
796.12122440374
796.120662883472
796.112988882494
796.083683415787
796.066603421748
796.060365201064
796.007414657959
796.006558243727
795.993424234299
795.9910711907
795.976088010931
795.967299876988
795.920641536674
795.912958205586
795.907277038647
795.886829051442
795.772740380599
795.717448833959
795.646306812765
795.637004088571
795.629065054692
795.617263583589
795.617184035008
795.611529436081
795.591387131249
795.52479143297
795.51673736105
795.409977892407
795.293556780273
795.192718099195
795.179230945787
795.150815673077
795.1378911424
795.120627737853
795.074607123521
795.07147565606
795.058605784974
795.031782870376
794.961151552961
794.93327412847
808.489470464005
803.574590926621
795.077137788628
801.864578309083
796.0122396241
805.842567754647
802.874144168097
805.942230170049
808.005449276922
809.693351081679
796.390001811779
802.733088126411
806.0879815198
801.441986272472
804.244633397681
815.155750839674
803.069489284762
797.248992959365
813.324638519366
802.874198148068
819.924645806876
809.65489345796
795.946265230889
807.077488311262
795.052157519103
805.199496788536
815.324716153497
806.155740684616
807.299461692398
795.636519309706
805.93458168296
801.796342007724
811.596711356407
803.381153523519
796.938781865818
807.883925631465
796.216261810173
796.80658117351
797.733400523043
806.018692586325
809.235286090864
798.575060526982
797.88089311822
795.987893999053
812.829354327794
800.468882257935
800.574695350731
810.011181709144
809.071007806754
814.253608380698
869.438318953114
806.00579483846
809.04768188826
797.067280343598
804.139881972733
800.207479733401
805.123246116816
811.104993800595
819.514578781899
844.203466307025
820.773920995277
795.801905425344
806.10329639633
810.08887588644
799.45174549504
795.119791903168
798.22314814014
805.962570305285
799.850259251777
796.524934681895
808.095415817935
803.792254745334
805.530627611339
798.459508738751
809.691343370274
804.023882794624
799.426277562438
796.384666817669
807.978041337431
796.308406933986
809.903615574906
796.256880566811
796.919132972284
808.186597854949
796.807812643014
802.110946199405
800.454251652065
805.296460240403
800.7067143409
804.448777683557
804.408291069595
804.258468538708
806.647253662579
795.820248726225
803.455425139232
802.786823507298
806.268583756334
800.213333805514
819.441186805473
795.193541681341
801.039889667886
805.238308791424
827.503141214704
800.388597268703
804.613691563175
799.520083102811
813.731448701578
802.703178996516
807.767879229556
816.613070626289
798.311311950171
799.57057440405
819.594207700111
800.436865696919
797.165170426656
809.792526712463
801.780744281295
808.870445057671
800.091527669161
809.906629444202
796.819135520925
800.614893753648
803.745512444942
801.735008475403
800.223307924612
803.14805586551
794.952422122096
809.371962386716
807.778258063561
798.496891394576
815.239721502969
811.82800365853
804.211304196841
796.974819875412
802.084344748417
797.042721077265
799.180643270986
800.579785906084
802.722181262111
798.932828123449
804.635134497751
806.310173423049
805.695657931511
804.929416813463
799.996433155697
796.84958310793
801.473507241542
813.92446031785
796.01903151728
800.196688008662
796.078166397546
798.494958695656
801.453679449308
805.640280272602
807.943717933454
807.481094081572
799.825272948067
798.278781439181
798.959131065584
801.882900985093
798.059906477957
799.080013970028
797.559358054861
818.999042641659
812.040131806018
814.925424839577
809.113478806269
810.498119824664
798.29531279678
802.841752209124
796.893286448719
809.186401696127
798.075555607709
811.337207582626
805.462624187765
796.944536085914
797.448874355681
808.368387629491
806.995356315237
797.438931526137
795.797766444182
808.73231471139
803.955653390514
796.419506809331
796.570584038295
798.998601928631
809.165445137548
814.323518394192
802.849675451692
800.224025667902
804.710302500921
796.206314848709
797.30179663624
798.364413349714
804.682524090923
801.589880918158
815.74953605008
801.996828513325
805.46147338934
796.216085556163
795.972565339948
799.823326067681
813.759630937759
809.566243129712
805.547388207786
829.753980191847
798.711924914352
795.656615913222
806.258514243071
797.183534225771
807.567532534837
814.274430025494
795.110188231846
794.989466342475
796.353709330591
796.229196383561
795.691083883842
822.893742718513
799.383797641736
795.138287499422
796.933035092848
812.527237934784
799.990101744146
801.21675366402
817.206297375622
809.605917595049
817.912808286323
800.605983923764
813.043740251354
798.471182253701
798.326641185012
806.632489708106
797.219991939808
799.218522098237
796.859367925842
803.019501333911
804.225484818177
797.498844343397
804.339463418789
803.31262357995
796.89264614999
801.359707417813
806.344004929547
799.254970805222
832.856016907145
798.058105581943
807.946841099948
796.782889121866
806.662551185775
802.92265099475
804.580343046911
796.57896628515
796.707835092988
808.664129863889
807.218659064105
811.445061850562
797.334492111799
798.197405646566
806.88495715593
805.872567943153
813.404994994025
797.095990767947
806.987420597646
794.928761160263
809.551194753788
802.539494100349
795.294587789954
797.004001123228
805.60857672685
808.288720781087
807.387736688895
805.093159654189
825.713538764853
816.305527373491
810.973221664629
803.463310545173
798.506933951195
817.48076837054
799.600893372003
796.614626825089
800.813872168255
796.689928911253
796.07184366532
799.003297939316
795.494576542793
808.950518357231
797.52478081136
804.265317207816
824.046056490449
795.146817955163
798.748848161146
803.968080139911
800.695962572972
809.455425853093
798.129285781961
797.093266354576
805.122879190997
854.608061539368
804.855636854092
809.352513529915
842.437527946811
798.689426284308
810.976840694854
796.396148299594
799.187613113394
801.384872607233
797.070172118694
800.004198359934
799.378411624103
812.229548170634
805.480878611267
797.597682587495
816.938993334001
804.051416720483
800.785160325923
799.207877378655
802.089670858487
796.333392921568
807.19839717938
804.595110907152
801.516393962814
815.241212501929
797.592238484926
801.837810297956
809.579704138616
798.246154299295
801.489964251076
795.195298414369
805.689078090199
796.218235544565
809.911189860771
813.652989948989
802.662374376816
794.911860760435
806.247252071445
827.862885907798
804.617944648365
807.955171002849
796.727200084382
797.90038379701
816.147521455367
801.558081402532
799.974011708501
796.116616375048
798.793558889336
809.467200243681
797.172661868577
811.380787941435
812.511349898276
817.575140452784
797.808170281602
807.277649894416
812.549032578092
801.584789920188
800.50914131339
806.25943340439
810.139955912784
809.969530424462
811.512105940686
817.816808627232
798.761494333606
800.283299876148
850.521991115648
797.649845672795
807.875852364131
803.711754502826
795.138956050403
817.258639505725
817.699751758617
795.678433278035
806.360300693223
800.339848682949
805.964089093106
803.246549561882
806.638181430005
798.28801364715
809.76527391647
808.997442278234
795.73473943548
819.47878570609
795.156984320568
806.681243043688
802.218392618095
798.66320559343
800.114294739418
802.113292189928
835.235404589757
811.603099931944
813.314823594456
797.48039864697
796.102178754128
799.179709083529
810.199171984991
811.597530646988
801.571944350976
804.519564310159
804.308182313189
816.684875912003
827.697995049304
799.734148284855
796.37654377893
796.412946074326
804.308335314316
809.967378699393
798.194699447233
802.701956326276
804.516271297386
796.610942488909
799.363680716946
795.921252335676
806.245023153949
800.584305689456
802.94745489505
803.509413382342
815.540256802879
795.283072423296
832.82227099777
798.132065210067
803.453805007123
810.058341794836
803.478964999667
820.044239935902
826.994918827869
797.009001822141
803.134064581025
800.383792933958
798.807379591115
799.566066870993
795.285529115952
810.877764051122
830.944685488264
822.947407088769
800.170945971284
813.637706418054
799.699880241401
799.382386455921
805.697160635752
827.884025920782
811.070960350923
816.496561923526
803.233636416726
796.986058501089
817.012585592975
810.625158129131
811.061037656109
795.636745936137
795.080824724307
796.659125797385
812.045586313014
803.863383408916
801.385856695646
801.351063650373
797.830308366926
803.216266845216
799.201019226594
801.217932333913
795.030316478933
805.621118773001
820.373980855653
814.319770750977
799.77909561157
795.11611730772
803.807634098592
804.015670868115
795.228402144074
797.415774233253
801.400501591901
799.888476496809
797.817945010987
808.532066304738
801.893249704276
808.798545547727
797.529377727033
800.792691548624
796.223911779285
798.2831251584
809.192486095523
797.991377757561
801.930362296309
797.65263472196
795.297034554825
803.059193317974
821.860538226583
798.405531990267
809.111588027834
806.92731033664
796.14422407591
816.365374096065
797.900615994673
823.495231754152
795.664312068648
798.527873270412
795.08389758394
795.984325791268
804.040032324329
800.067369985281
803.689565367825
822.674227868588
808.532541309401
808.3404301351
810.156700578048
818.939413385099
