1177.71307170089
1177.71492997136
1177.71582607504
1177.71660987612
1177.71725828832
1177.71766535969
1177.71786426908
1177.71788725879
1177.7185817816
1177.71860081903
1177.71861751165
1177.71975892618
1177.72135768273
1177.72290661828
1177.72480185725
1177.72484797167
1177.7249886016
1177.72517290877
1177.72661541884
1177.72708516022
1177.72741723517
1177.72745369454
1177.7277610041
1177.72818904704
1177.72836602861
1177.72877533013
1177.72892255947
1177.72937931138
1177.73196056211
1177.73301519826
1177.73320986397
1177.73342125271
1177.73460575549
1177.73510259384
1177.7384978197
1177.73865109897
1177.73917475361
1177.73937926138
1177.74060917252
1177.74077384916
1177.74173538447
1177.74214785857
1177.74215602578
1177.74217002877
1177.74346696998
1177.74358527691
1177.74470311613
1177.74585424485
1177.7467992837
1177.74810826816
1177.74826069687
1177.74880649152
1177.75087917277
1177.75112269803
1177.75329828511
1177.75345097004
1177.75406958633
1177.75666132079
1177.75704388204
1177.75753030085
1177.75797554436
1177.75898554137
1177.76076582147
1177.76142538658
1177.76241735923
1177.76291676592
1177.7636485374
1177.76398390541
1177.76511901556
1177.76596418344
1177.76604789645
1177.76643605587
1177.76758705533
1177.76762732556
1177.76827481539
1177.76906716651
1177.77181540165
1177.77183354613
1177.77193291602
1177.7722494627
1177.77288250044
1177.77397845614
1177.77451736982
1177.77552431501
1177.77591830139
1177.77780395632
1177.77853594373
1177.77884701862
1177.77936050144
1177.77966324298
1177.78004202791
1177.78048203127
1177.78054636057
1177.78080751437
1177.78237153373
1177.78300024371
1177.78328483067
1177.7854233005
1177.78571194846
1177.78571800078
1177.78617805766
1177.78715277961
1177.78741017754
1177.78781345123
1177.78789301058
1177.78797254145
1177.78911516935
1177.78961395514
1177.78972574855
1177.79159893676
1177.79283252658
1177.79516270657
1177.79530107492
1177.79534113626
1177.79663814952
1177.79681722339
1177.7968803736
1177.79782715144
1177.80015643326
1177.80067620906
1177.80198194943
1177.80306831564
1177.80358985907
1177.80366872159
1177.80401363015
1177.80401818244
1177.80499281921
1177.80585909347
1177.80699494601
1177.80729368637
1177.80752155331
1177.80904547895
1177.80939985952
1177.81059316156
1177.81086474786
1177.81432895631
1177.81735535578
1177.81754242835
1177.81757021906
1177.81770620256
1177.81776449152
1177.82236518423
1177.82313443044
1177.82341822407
1177.82365873345
1177.8240533587
1177.82414959144
1177.82466233592
1177.8248876763
1177.82500492336
1177.82656936056
1177.82705027502
1177.8280091581
1177.82816103115
1177.82844444035
1177.82876693134
1177.82892446147
1177.82896800773
1177.82965720507
1177.82998764495
1177.83023233419
1177.83116647135
1177.83334447386
1177.83367127483
1177.84085913159
1177.84327044071
1177.84336062773
1177.84417837305
1177.84680888177
1177.84714297453
1177.84744196852
1177.84767884608
1177.84849612113
1177.84897723755
1177.84903764397
1177.85138760902
1177.85283300037
1177.85555259401
1177.85607058624
1177.85643501998
1177.85699685258
1177.85741085595
1177.85783658225
1177.85808577843
1177.86139422733
1177.86180562083
1177.86181539007
1177.86260426785
1177.86266840405
1177.86379359421
1177.86409746521
1177.86424839346
1177.86523395704
1177.86560906771
1177.86697228288
1177.86721560321
1177.86809855412
1177.86820527999
1177.86856592991
1177.87025732751
1177.87336673376
1177.87375968659
1177.87427235528
1177.87461603723
1177.87550878651
1177.87696455825
1177.8771544951
1177.87740707368
1177.87920695715
1177.88110036021
1177.88471699635
1177.88605329388
1177.88865400629
1177.89084480665
1177.89377174007
1177.89568187703
1177.89644803954
1177.89687720847
1177.89761938357
1177.89768517681
1177.89773596126
1177.89844472369
1177.90312347126
1177.90353728769
1177.90361038179
1177.90379849409
1177.90400195715
1177.90670415696
1177.90714694678
1177.90770385846
1177.90903467258
1177.91175606393
1177.91237089243
1177.91805685076
1177.91849428276
1177.91891160373
1177.92317256309
1177.92326991826
1177.92349355666
1177.92393527262
1177.92436169303
1177.92574265544
1177.92583060346
1177.9272292187
1177.92774798089
1177.92831544041
1177.93041872551
1177.93177442127
1177.93508713773
1177.93628795507
1177.93939487699
1177.94083996128
1177.94120672245
1177.94165537089
1177.94177635485
1177.9427846103
1177.94300086551
1177.94627905225
1177.94666838623
1177.94739589164
1177.94908048991
1177.94983491981
1177.95054070954
1177.95202607408
1177.95270580737
1177.95397178874
1177.95466341406
1177.95713048961
1177.9610052336
1177.96101943791
1177.96212950386
1177.96318468528
1177.96365187353
1177.9637911194
1177.96473299744
1177.96578223638
1177.96908532754
1177.97172784333
1177.97362050773
1177.97404361834
1177.97612419041
1177.97659710452
1177.97887969641
1177.97944603986
1177.98049675733
1177.98234732593
1177.98467778744
1177.98495668728
1177.98585062582
1177.99041398723
1177.99149494623
1177.99323809224
1177.99459636301
1177.99841823392
1177.99851834178
1178.00011409327
1178.00240625013
1178.00512691761
1178.00807759297
1178.01003155985
1178.01048128162
1178.01059930776
1178.01223996402
1178.01248460722
1178.01492305212
1178.01714943484
1178.01842061978
1178.02157659334
1178.0217807368
1178.02639674204
1178.02971958757
1178.03028025521
1178.03104642987
1178.03455521515
1178.03509740406
1178.04045797841
1178.04047910781
1178.04084385101
1178.04450260482
1178.04530620908
1178.04571063956
1178.04663575855
1178.05146955118
1178.05644161327
1178.05766310485
1178.06262913599
1178.06677441379
1178.06702446226
1178.06764819567
1178.06976249538
1178.07506881485
1178.07529498162
1178.07789181014
1178.0793015987
1178.08015764587
1178.08175425586
1178.08675384567
1178.08709808325
1178.08805840612
1178.08827580962
1178.09110201515
1178.09229468976
1178.09311426097
1178.09388032558
1178.0954610695
1178.09636909722
1178.0997404087
1178.10035925105
1178.10071872937
1178.10275128942
1178.10308302508
1178.10525672574
1178.10895045077
1178.10918708832
1178.11041446341
1178.11307406612
1178.11490653271
1178.1173150399
1178.11978423134
1178.1283846354
1178.12851388033
1178.12912976394
1178.13048899626
1178.13305080669
1178.13330851513
1178.13355092054
1178.13652643232
1178.13690711204
1178.14547785079
1178.14595057482
1178.14993440678
1178.1526663359
1178.15356669937
1178.15617341595
1178.15972479054
1178.16029959269
1178.16183771004
1178.17127965609
1178.1723707804
1178.17522168817
1178.17596354583
1178.17694307359
1178.17771006048
1178.17969375887
1178.18390916656
1178.18556005975
1178.18603752318
1178.18678120427
1178.19036699941
1178.19043783722
1178.19214622401
1178.19431692748
1178.19951934426
1178.19993388118
1178.20124644495
1178.20126460704
1178.2074088375
1178.20929924759
1178.20950196947
1178.21170746326
1178.21335462806
1178.21424893204
1178.21624944947
1178.21657512838
1178.21685261352
1178.22226920398
1178.22353921017
1178.22470583376
1178.22916907997
1178.23212026537
1178.23251305818
1178.2338970365
1178.2341230295
1178.23715377909
1178.24035929387
1178.24109356425
1178.24355572265
1178.24403590554
1178.25500499542
1178.25728025394
1178.25816028758
1178.26857133339
1178.27052383072
1178.28263686374
1178.28269272312
1178.28378670223
1178.28673329583
1178.28776454604
1178.29163720579
1178.29592792152
1178.2962138909
1178.29636407727
1178.30396055045
1178.30616518837
1178.31548238959
1178.31815098372
1178.33181988982
1178.33423325365
1178.33783847339
1178.33912563773
1178.35362134715
1178.35366530606
1178.35602273808
1178.36905288777
1178.37613302874
1178.37997999554
1178.37998194432
1178.38726504914
1178.39115200443
1178.39217558805
1178.39881820591
1178.40664438287
1178.42355562073
1178.42393184195
1178.42488360102
1178.42874331228
1178.43237105024
1178.43412631697
1178.43512643291
1178.43671560247
1178.43751857989
1178.44224066371
1178.44928871012
1178.46127556702
1178.47542247436
1178.47824618774
1178.48179684748
1178.4987104067
1178.49943377529
1178.51806599973
1178.52567762635
1178.52995933547
1178.53735601014
1178.54143782688
1178.55630799091
1178.56133555961
1178.57692797423
1178.57810530367
1178.62866462351
1178.63886270137
1178.65954522212
1178.6660088351
1178.67249946749
1178.67923542389
1178.6927666147
1178.69278821437
1178.70546069973
1178.71530762055
1178.74829738496
1178.751203833
1178.86699486477
1178.87565819868
1178.94279706568
1179.07488715072
1179.11650287962
1179.20047734355
1179.23960693119
1179.25478627277
1179.63287886158
1179.91956972248
1177.82210403668
1177.77510670901
1178.33607660468
1178.37152928183
1178.03749781877
1177.89262777006
1178.05477439629
1177.78736928038
1177.90565261215
1177.78293415031
1177.87796535805
1177.83224956699
1177.71981827116
1178.05616669086
1177.80715714873
1178.3746014856
1177.81562951419
1177.77963080954
1178.32998591374
1177.85847894088
1178.10923567944
1177.8220806161
1177.78682742153
1178.3900772247
1178.00736888798
1177.72400336783
1178.23590381236
1177.79400152116
1178.44159039077
1178.71543357804
1178.00486579711
1178.43864169607
1178.54243903527
1178.06547951927
1177.95832143974
1177.81794659423
1177.74961480711
1178.09558336891
1177.85508427797
1178.58468475199
1178.20068324732
1178.64015873282
1177.81816400438
1177.7382411886
1177.77702093095
1177.76591190127
1178.18860495664
1178.15571450043
1177.93042687851
1178.22641682453
1179.61730740666
1178.51954744314
1178.01364634025
1177.92460247219
1177.8071876901
1178.17250055596
1178.07097311265
1177.86713006826
1177.91381438476
1177.93394383216
1177.93966843706
1177.99740595959
1178.27787763407
1177.9490918898
1178.10651199767
1178.17607185881
1177.79068152631
1178.14336798149
1178.69613555399
1178.02050568006
1177.95375831288
1177.99679933597
1177.79365539104
1178.10698373882
1177.79960674265
1178.07860415655
1177.84742236309
1178.13218864747
1177.72743524107
1177.81534007883
1178.15995839963
1177.86550462844
1178.53535557122
1177.8442777642
1178.14057501453
1177.75521592181
1177.89669152692
1178.05531065845
1178.12394103089
1177.74690328771
1177.7740842494
1177.71694155102
1177.74601228459
1177.81804743046
1178.12399523752
1178.07337017909
1177.89816496853
1178.39366764779
1178.38948866275
1178.1214472911
1177.96393027209
1177.92433819648
1178.08231859155
1177.86039049631
1177.93569737671
1177.93230852524
1178.75992517143
1178.03537014452
1177.73180945147
1177.80506036228
1178.08131137946
1177.92165014757
1177.72590524839
1177.76548961715
1177.86786701806
1177.98999292
1178.10873346179
1178.29892927909
1177.82123606176
1177.72936740548
1178.41622375316
1178.24921545772
1179.07910230041
1178.19114094185
1177.85675278777
1177.86287415177
1178.06305342575
1177.73686350652
1177.86069062623
1178.15450203303
1178.7216124764
1177.82766475774
1177.77605520356
1177.81397724861
1178.27352653151
1177.80355334597
1178.72038109711
1178.09536936753
1178.08423915448
1177.74823477781
1178.3751591853
1177.76266030902
1178.173886788
1178.69906874526
1178.03022819258
1178.19357408166
1177.94097702367
1178.12875634476
1178.10069600887
1177.82775018402
1177.94237491784
1178.09562134681
1178.00412866391
1177.85260274239
1177.76749897411
1178.10752431341
1178.19557061255
1178.08442903741
1178.01382428238
1177.84208682518
1178.17978008144
1178.18531876002
1178.0370280388
1177.88911703075
1177.79186566337
1178.76416728906
1177.93411553736
1178.80583664126
1177.77913192012
1178.04738684639
1178.05832911958
1179.0026060766
1177.76163346073
1178.13229675273
1177.89437156799
1178.12086564426
1178.00505956039
1178.07401528389
1177.98820521529
1177.79865306225
1178.60220860767
1178.11418821732
1178.78652802664
1177.76629739465
1178.02193427656
1177.83403457984
1177.97792314997
1177.76176188664
1178.48642033639
1178.05793847541
1177.96949101193
1178.08123203192
1178.83266140134
1178.49650637039
1177.96294788814
1178.56235931549
1178.35400769442
1178.66531618431
1177.9147483736
1177.74745914098
1178.00372505539
1178.31243713632
1177.76049925679
1177.73128951092
1177.98788440496
1178.05667083884
1177.96449122307
1178.19900637089
1177.79637211737
1178.50597158484
1177.85421719052
1177.77406091836
1178.02718081357
1178.42635958384
1177.81152332014
1178.51377733893
1178.25276888025
1177.87421259441
1177.92408617746
1178.81545140294
1178.12456298219
1178.30397574947
1178.58775843391
1177.9319571588
1177.75438445744
1177.83972707314
1177.71464431473
1177.93047137653
1177.96396689086
1178.29423497999
1178.18448914574
1178.1168373271
1177.87961029394
1177.96075464564
1177.81317869756
1177.92466946194
1178.53038197508
1178.28880698977
1177.76364299027
1178.50678998162
1177.94490691365
1178.1336705966
1178.15310474883
1178.00415637761
1177.87958162321
1177.80520882853
1177.89619945927
1177.97175459209
1178.04884861972
1179.53203785914
1177.92649980571
1177.85064820466
1177.81037020244
1177.90546529709
1178.80000895154
1177.71684865022
1177.79972505289
1177.9705174641
1177.71639458203
1177.73937928736
1177.90416465953
1177.97147554523
1178.14906559754
1177.95442063243
1177.7236006147
1178.0148144902
1177.79966837647
1178.43435131773
1177.822222899
1177.80158984958
1178.35984368383
1177.89247466604
1178.09258907083
1178.62606284034
1178.02940941097
1177.75494706658
1177.88668981868
1177.71738816748
1177.76653544565
1178.35873052484
1177.9693798547
1177.79138217303
1177.91353610797
1178.08344632137
1178.02203574427
1177.92793783284
1177.77295286624
1177.7711705976
1177.87712999852
1178.26495573331
1177.85931178959
1177.71448073789
1178.13808274792
1178.48791608537
1177.76166456455
1177.89032184721
1178.66049436977
1177.78757628712
1178.0176562047
1178.07503493117
1177.8957890375
1177.95247506874
1177.78420025726
1177.80290179329
1178.00408793145
1178.1321793232
1178.02443625969
1177.72026608371
1178.05093817196
1177.81733209499
1177.8117255411
1178.13247667213
1178.15960908416
1177.72042842651
1179.01731886612
1177.94723407893
1178.10772640628
1178.0788924175
1178.11669098937
1178.08741361284
1177.87690815842
1178.64134927613
1177.86830078535
1177.84844689933
1177.96933789265
1178.65143014876
1177.90415261104
1177.88104025005
1177.72176617008
1177.71570232533
1178.01925334218
1178.04197358799
1178.16912543775
1177.74377165922
1178.01955028854
1177.83959004538
1178.08897796946
1177.74536430289
1177.84597522705
1178.41238432944
1177.86205629388
1177.83271795741
1177.80131161406
1177.87283578184
1178.53922468268
1177.9230227175
1178.12827933079
1178.0204985383
1177.89185299791
1178.81792890359
1177.85530695798
1178.02840593248
1177.71726235198
1177.87892032443
1178.00503844564
1178.0547010956
1177.7892732568
1178.15833261665
1177.86375617222
1177.98100787106
1177.73704735186
1178.08290423818
1178.64315281073
1177.81191846898
1178.05729291813
1177.75754991143
1178.53869787825
1178.04386892041
1178.08617139646
1177.89114955494
1177.82422846007
1178.09351907587
1177.72003690311
1177.98050578283
1177.85530124726
1178.05153813721
1177.79391927319
1178.11819018642
1177.75848502135
1177.90494177174
1177.79528127057
1178.82712626622
1178.11865779309
1177.988714093
1177.91240263719
1178.3078841815
1178.06780140238
1178.31629106822
1177.73596200335
1177.78150776922
1177.93225769892
1177.83094808546
1177.85625316168
1177.79956499369
1177.79897153766
1177.78912258448
1178.25847494106
1177.86320549536
1178.33487577866
1178.39228682475
1177.87832910912
1177.81980015985
1178.3318786972
1177.71716626815
1177.96117878176
1178.8356956346
1178.26450966165
1178.99555540426
1177.73970123352
1178.53932092763
1177.93930614357
1177.82497104338
1178.53662885206
1177.866812343
1177.78397055302
1178.01593817074
1177.93149257979
1178.08316722938
1177.89745785067
1177.71539941893
1178.30226099059
1177.88295947134
1178.59724746002
1177.96944538847
1178.00872827288
1178.04328961119
1177.74940642777
1177.8895923289
1178.15975282809
1177.74590687152
1177.76237016524
1178.17658718298
1177.76185043294
1178.71293044576
1177.72356091732
1177.75073850597
1177.9872254815
1177.79845124448
1177.89582996328
1178.11649312427
1177.8404316479
1178.0838625196
1177.71760171381
1177.90180745478
1178.19009455526
1177.78479636037
1178.2790146961
1177.74175837744
1178.89221990572
1178.60057161273
1177.73585976595
1177.73214294107
1177.90412439664
1178.69630455926
1178.13666995587
1178.51475734021
1177.87193637511
1177.78090307315
1178.25567442439
1178.19035996238
1178.1515213846
1177.83297624201
1177.99815036331
1177.81406547552
1177.90769343694
1178.14520267229
1179.6242868873
1177.72190980219
1178.54262178819
1177.77692365278
1177.84651454215
1177.73391252275
1177.81115204484
1178.0589548144
1178.43236117955
1177.76684457948
1177.91302642331
1178.05751603217
1178.00464087403
1177.87758527062
1177.82259224772
1177.71487196151
1177.9058614057
1177.95349017384
1177.80508715769
1178.55740553075
1178.27174655316
1178.31406048819
1178.04863994379
1177.71431095688
1178.05601748199
1178.56594400279
1178.7645309077
1178.24722594263
1178.89423255602
1178.35009663901
1178.15342215995
1177.81037712989
1177.79044803547
1178.72864274466
