1130.53655569707
1130.48164933391
1130.41794660699
1130.32972576204
1130.22764931649
1130.03701430159
1129.86371392946
1129.79714107702
1129.62203410562
1129.55997517608
1129.55111769262
1129.54974161835
1129.53920858538
1129.39273605356
1129.37727617984
1129.36164540439
1129.29645988029
1129.23013837076
1129.21486026347
1129.19263649814
1129.11105745946
1129.09446826691
1129.07833595139
1129.07383476057
1129.03667780355
1129.01222899402
1128.99328387423
1128.92386620203
1128.91942233411
1128.91729894685
1128.91019657561
1128.89499839131
1128.89289895536
1128.88581799079
1128.82687109937
1128.82563052895
1128.77763034251
1128.75577783388
1128.74670508358
1128.74091644032
1128.72417348553
1128.71777134568
1128.69668419761
1128.65626996189
1128.64179442762
1128.63597822436
1128.58129643503
1128.56318334648
1128.54756634815
1128.53534882316
1128.52834178433
1128.51521607291
1128.50790329261
1128.48572092906
1128.47357588486
1128.45083652811
1128.41973641137
1128.41929239922
1128.41379887077
1128.40667016597
1128.39730332843
1128.38842793942
1128.38779569648
1128.38421023515
1128.37759365759
1128.36567453802
1128.34995843471
1128.34793160156
1128.33745955841
1128.32619467055
1128.30689411254
1128.30317430548
1128.28956323553
1128.27981544816
1128.25523031237
1128.24065525245
1128.23905059759
1128.23483571548
1128.23334741699
1128.22891767831
1128.22796605486
1128.21883490444
1128.21142912013
1128.20957932201
1128.20219505463
1128.20076959384
1128.19016323233
1128.18827516527
1128.18641856313
1128.18083952788
1128.16284633356
1128.16087610537
1128.15047422654
1128.14953820784
1128.14646981391
1128.1413162405
1128.13241084789
1128.13008647894
1128.11702969986
1128.11351598675
1128.11096344594
1128.10699895225
1128.09856623618
1128.08800935046
1128.08735106218
1128.08668568813
1128.0806883258
1128.07788554508
1128.06163217461
1128.06112140968
1128.06008303876
1128.04057752408
1128.03356380083
1128.03038841449
1128.02154279754
1128.02023946948
1127.99312970243
1127.982703601
1127.98014293019
1127.93831271313
1127.93567696733
1127.93042911112
1127.84323916482
1127.8425270115
1127.83083791605
1127.82994491044
1127.82609407278
1127.80291398665
1127.7987374677
1127.79085306464
1127.78411274484
1127.78236797773
1127.78011462099
1127.77598940258
1127.77342030087
1127.76228582344
1127.76192352035
1127.74912033424
1127.74842589119
1127.74187811682
1127.73509156685
1127.73403357573
1127.71904512509
1127.71424191629
1127.71300214415
1127.7063688983
1127.69484208063
1127.69304378421
1127.68905662987
1127.67233026181
1127.67176884556
1127.6645471506
1127.65974491866
1127.63996147614
1127.63852758253
1127.62961292091
1127.62897141247
1127.62891939399
1127.62765818349
1127.62551606349
1127.62219949756
1127.62196337566
1127.61493214044
1127.59732685161
1127.59354657974
1127.59300636794
1127.58621066994
1127.57955020933
1127.57779252774
1127.5755014987
1127.57528844211
1127.57046187917
1127.56380505198
1127.55285870658
1127.5514999176
1127.54946317597
1127.54284097276
1127.54255464906
1127.54021259393
1127.53331694803
1127.52472501903
1127.52050689125
1127.50953774724
1127.50877973975
1127.49626290765
1127.49107818676
1127.49032565983
1127.48775485574
1127.48318605696
1127.47917826657
1127.4751023682
1127.47508293463
1127.47129490777
1127.46995512864
1127.45562589476
1127.44943177219
1127.44064860488
1127.43911243287
1127.43546513785
1127.43316173741
1127.43181115146
1127.43037039411
1127.43010508594
1127.42615482695
1127.42610182235
1127.42053474677
1127.41766179647
1127.41141963877
1127.40950696816
1127.39806404947
1127.38533654043
1127.38159244223
1127.3742887178
1127.3701664758
1127.36829251502
1127.36521530633
1127.36475538934
1127.36304355608
1127.36248199655
1127.36150088502
1127.36020009028
1127.35799876719
1127.35757833386
1127.35266530826
1127.35215310776
1127.34368169233
1127.34209704477
1127.33712163653
1127.33443110549
1127.33154016159
1127.32743613145
1127.31620910416
1127.31366720021
1127.30558741906
1127.2985834551
1127.2907551176
1127.28218291245
1127.28009239496
1127.27432838869
1127.27110773412
1127.27018592075
1127.26792394732
1127.26710821126
1127.26064408506
1127.25807411164
1127.2580425854
1127.24940763848
1127.2451332778
1127.24177199664
1127.23655552756
1127.23418207971
1127.23359297154
1127.23332502929
1127.23312440276
1127.23299080382
1127.22729534295
1127.22490028899
1127.21118318809
1127.20887487775
1127.20825752834
1127.20103415933
1127.19900459937
1127.19839107047
1127.19704433068
1127.19450673786
1127.19410269895
1127.193892447
1127.1919476869
1127.18979419152
1127.18657421559
1127.18636627741
1127.18001633303
1127.17707785791
1127.17372100591
1127.17314329554
1127.17192927921
1127.16916421104
1127.16586482778
1127.16177674716
1127.16128924248
1127.15560472898
1127.14513712505
1127.144562355
1127.13419856638
1127.13261755904
1127.13128617735
1127.13126095988
1127.1282927228
1127.12430189275
1127.12406018699
1127.12272947103
1127.12103811654
1127.11984622292
1127.1179812433
1127.11316655418
1127.11113382108
1127.11108178972
1127.10782148866
1127.10467333838
1127.1038147816
1127.10308269211
1127.10211203866
1127.10038184536
1127.09870173937
1127.09612443297
1127.0880700325
1127.08782696112
1127.08161662393
1127.07905082247
1127.07671185518
1127.06882390976
1127.06655925609
1127.06498608544
1127.0565104503
1127.05649534929
1127.04944025971
1127.04413660183
1127.04014418638
1127.03883099217
1127.03854849306
1127.02681212475
1127.02277910034
1127.0201557547
1127.01928380171
1127.01857356518
1127.01720924185
1127.01541492581
1127.01444593256
1127.01352728974
1127.01133135151
1127.01116394949
1127.00712852261
1127.00462861913
1126.99583634196
1126.99320623563
1126.99115785541
1126.99053165023
1126.9884354259
1126.98651260072
1126.98381574616
1126.97405421966
1126.97315654961
1126.97207514992
1126.9715036147
1126.96448015757
1126.95722582569
1126.95436944016
1126.95332057425
1126.94987093784
1126.94867936106
1126.94322862871
1126.93912262101
1126.93590657698
1126.93396947591
1126.92569378883
1126.92491091676
1126.92424849272
1126.92139957467
1126.92135397005
1126.90669050535
1126.90641744978
1126.90496323851
1126.90295386701
1126.90042217704
1126.89922936673
1126.89843432786
1126.8969371222
1126.89626851993
1126.89526409834
1126.89320391924
1126.88905592168
1126.88296630078
1126.88102279529
1126.88076808832
1126.87942675473
1126.87760243427
1126.87554134884
1126.87397325705
1126.87326565428
1126.86959144551
1126.86625695111
1126.86518162269
1126.86183467865
1126.86120152381
1126.86094338251
1126.85934601767
1126.85570359547
1126.85227940883
1126.85074735523
1126.84272144148
1126.84053357747
1126.8393902515
1126.83081300979
1126.83069086738
1126.82312546913
1126.81876702496
1126.81852264751
1126.81701358971
1126.81225986367
1126.81183879059
1126.81136206825
1126.80834909629
1126.80256061625
1126.79896140214
1126.79868651845
1126.79572691534
1126.7943510656
1126.79307469396
1126.78764977187
1126.78679108423
1126.78588492571
1126.77993170795
1126.77719990196
1126.77704563442
1126.7681782877
1126.76790631347
1126.76693340161
1126.76380921613
1126.75473371418
1126.74974922384
1126.74666035993
1126.74617527842
1126.74433219914
1126.7415830055
1126.74093899579
1126.73869900794
1126.73744606247
1126.73742011812
1126.73734016631
1126.73726696027
1126.73520431507
1126.73203320846
1126.72964073213
1126.72528422497
1126.7229461341
1126.72214891712
1126.72163885332
1126.72056417169
1126.71976585749
1126.71913073642
1126.71610236117
1126.7112731082
1126.70936507481
1126.70805640012
1126.70159633865
1126.69739769241
1126.69653660847
1126.6963818877
1126.69519403457
1126.69118587121
1126.68642032022
1126.68628197934
1126.68265537827
1126.68151252702
1126.68134565933
1126.67403333451
1126.67291273727
1126.67018999344
1126.66738468972
1126.66465185662
1126.66164146121
1126.66132646147
1126.65667475821
1126.65532073001
1126.65450903832
1126.65337360991
1126.64808245853
1126.64470748272
1126.63809247995
1126.63695702937
1126.63614232048
1126.6332439178
1126.63307232775
1126.62769317411
1126.62646262672
1126.62184281254
1126.62098718401
1126.62034224715
1126.61656801212
1126.612166974
1126.60781703921
1126.60661213738
1126.60363807889
1126.59795872721
1126.5977868235
1126.59701493144
1126.59673483416
1126.59586696276
1126.59544848352
1126.59098499025
1126.58996664193
1126.58931858297
1126.58759418979
1126.58587093396
1126.58465545094
1126.58312057332
1126.58188796294
1126.57931330574
1126.92690118371
1127.07218730104
1128.45850163103
1127.05344208684
1129.12505770423
1128.88065381482
1127.42651785312
1126.79781657461
1130.428233221
1127.5535518508
1126.95152344267
1128.88988142493
1128.76596532237
1126.60355024878
1127.20074419287
1128.63733027116
1128.62895667832
1126.82586549941
1126.64367108735
1127.49636928584
1127.68285778202
1126.87685447474
1127.92064902009
1128.55892135709
1127.15793678562
1128.12402091405
1126.93904919364
1126.64268167764
1129.64639738973
1126.68278633302
1127.10633051886
1126.61963551325
1127.13198343149
1126.65412310728
1126.65960849895
1127.02571675293
1127.797533423
1127.78448710912
1128.32830181334
1127.05343250843
1127.43651127236
1126.72921474209
1128.75861672289
1126.82241213818
1128.5620788297
1127.99617674107
1128.13982351618
1126.58879750633
1126.74950728073
1127.25351654869
1127.54153384715
1127.33612415884
1126.74295672922
1126.62504661173
1127.17273337417
1129.04060803781
1126.7217036145
1128.54151160868
1127.71131369579
1127.35768092327
1128.12049996302
1127.39125791967
1126.68588807579
1126.9645506981
1127.01816598921
1127.02712172089
1128.76867887334
1127.33183288362
1126.97433881886
1127.96315255773
1127.04258381934
1128.38930287766
1127.59294537518
1127.40537104609
1127.6300020078
1126.57847922856
1128.38190989805
1127.29909141007
1130.00695036392
1128.28706848137
1126.85300263362
1128.03750504134
1129.60794204009
1127.63694193981
1127.15786609641
1126.86538668426
1128.16526171998
1126.98109705529
1126.78808419078
1127.03355651332
1127.03055690913
1127.37026739825
1127.25000267998
1127.69021274875
1126.72606032472
1126.7714556529
1127.1200800439
1126.68483989261
1127.69639898347
1126.60365713641
1126.74567111898
1126.7107076872
1126.81350238753
1127.43178880021
1126.81817423316
1128.93182084261
1126.79377752759
1127.52799619211
1127.09833264063
1126.80868684018
1127.30949873338
1126.5896277655
1126.60227328622
1126.9603007357
1126.80659804346
1126.69324176581
1127.99181164696
1127.24685176449
1126.59423265304
1127.04476264642
1127.02201659081
1127.88340378996
1126.89770285355
1127.41883786847
1126.8401238961
1126.92204281186
1127.72859137421
1128.37052592844
1127.90690232228
1127.30233948749
1128.49173166895
1126.91275986363
1126.95081425099
1128.90485239138
1126.64737766733
1129.24763998827
1126.59089505745
1127.41643772482
1127.42323589356
1126.76492589664
1126.61173584674
1128.07489498652
1127.94312295401
1128.33506842989
1128.84249596178
1127.17044920919
1127.07852001064
1126.66402254312
1126.63251015939
1127.65327705712
1127.16239541617
1128.34206008812
1126.86770595309
1127.14448621015
1126.6849104561
1126.6505074341
1127.113099163
1127.25569358023
1128.13034422915
1128.02865589471
1126.71643008206
1126.88549185017
1126.70044809687
1126.99297521754
1127.74704792535
1126.68120764215
1128.00822252088
1127.64988570089
1126.92469721364
1127.81538879213
1127.35158910489
1126.62709125644
1127.87381044488
1126.88389135053
1126.75863477357
1128.88738619927
1126.6663076847
1129.09441628302
1127.74685050772
1126.72248614011
1127.24406656504
1127.26888051695
1128.06680247249
1127.35397487682
1126.68030888715
1126.70052212412
1127.98107086523
1127.37972814457
1127.0634919966
1128.36806192483
1128.87090478126
1126.96075249138
1128.86154743314
1127.16928512329
1127.86991758076
1127.22889301949
1126.94936443853
1127.27212938302
1128.39369242187
1127.10482294639
1129.16049628402
1129.10863318954
1126.61017523009
1127.95601161945
1129.63708943282
1129.24422143819
1126.79806473898
1126.66009833003
1127.82213089264
1127.16024884609
1126.65816345344
1126.86126214504
1127.03298735778
1127.00001335002
1128.15957033405
1129.2421391286
1127.26450674022
1127.1193886727
1127.82922300999
1126.79984574677
1127.20167726631
1127.01295973614
1127.1020147708
1127.35923880056
1127.04279961337
1128.97439203993
1126.94632836459
1127.3548438231
1126.92188666311
1127.24313556081
1127.07859735651
1129.31669666539
1126.84284189008
1129.22228536153
1126.6422856985
1126.70551156932
1127.11105910876
1127.68060958482
1126.58841367692
1127.03706461071
1127.04143295828
1128.1785209877
1127.79543372309
1127.67080524453
1126.68286278988
1127.80081697099
1126.73833671983
1127.70586775387
1127.10840531292
1127.85145478111
1126.82304084091
1126.95104085302
1126.84404080552
1127.51845423602
1126.86029021573
1127.02268517449
1128.40647783011
1127.15296800902
1127.36166639518
1128.46828233131
1126.68451404812
1126.62931884677
1127.64064249513
1127.61477264562
1126.99026008843
1126.67669831867
1126.58367652999
1127.76538466386
1126.86779586569
1128.06533752417
1127.43350648034
1127.58335924012
1126.69017050547
1127.88231170905
1126.79130507318
1128.22168591427
1128.97963339205
1126.80397822979
1127.13365553329
1127.47859967724
1127.47890187611
1126.93746047138
1127.11467452701
1127.51386630895
1126.62817619941
1128.00943017242
1129.95564838253
1126.98692984221
1126.84969727645
1128.58155915617
1126.85553194377
1127.09468997311
1127.63845960533
1127.63338321111
1128.42040637114
1128.28918430221
1127.65030403535
1126.58049684198
1126.85528083473
1127.56619726746
1127.60751459995
1126.62097722492
1127.28908708778
1127.64383611112
1127.04491819791
1126.95349705631
1127.62603466572
1128.31932221452
1127.8484826316
1127.4248594335
1127.7644380089
1127.35607593039
1126.64144004442
1130.31984398002
1127.42197925619
1128.37112464105
1126.58286076134
1126.66841868567
1128.2200237067
1127.56660841129
1127.08268595803
1127.54344675256
1127.30382154498
1128.47382623415
1126.95594713812
1128.02491866242
1126.9034889307
1127.47627251049
1126.83826804392
1127.10920352081
1128.91042194635
1127.03926837894
1126.7903358506
1128.54598366109
1126.73257842835
1127.80237718786
1129.04001768878
1127.44887611618
1127.73761382577
1126.62904649266
1128.35876968679
1128.0229438384
1127.02603453855
1127.04172450246
1126.6717644596
1128.07220748148
1126.87445997211
1127.19281474236
1127.14371073131
1129.64392214051
1127.29287083877
1126.62161697993
1126.95944393373
1126.85548067715
1127.75900342067
1127.20232091428
1128.13564510492
1127.59176695887
1127.32255083131
1126.7491900247
1127.82594145416
1127.58663952508
1126.95646232314
1127.43099269136
1127.03398572822
1126.6197915761
1127.11744076367
1127.38415572884
1127.25822156001
1127.57434588665
1127.6051362651
1127.1642264893
1126.76083526698
1126.69280116789
1127.62399418928
1126.66916754012
1127.81626532397
1127.95222043574
1127.31898373553
1127.51598202402
1128.08912836926
1128.99093542259
1128.14863046182
1126.84296649023
1126.91829323782
1126.80449575516
1128.08381935857
1126.68351494042
1127.32019973096
1126.59306724107
1126.9918856166
1127.18696174762
1127.00243975284
1126.62368459679
1126.88961773846
1126.90472408059
1126.95852616832
1127.14300226719
1127.60398073832
1126.67116433121
1127.72326627432
1130.51496920199
1128.26497759623
1127.85247317028
1127.26721980002
1127.23005887201
1127.45411775988
1127.19982126701
1127.0314109742
1127.6929895448
1126.61023066437
1127.13800897972
1129.77244097381
1127.19905247626
1127.72756558938
1127.53158732455
1127.29128325158
1127.68096601827
1126.91932766998
1126.60454504932
1126.80525001233
1127.99169319386
1127.42078490258
1128.91368328526
1127.14090313728
1129.24091134449
1127.65697222085
1126.91297638693
1126.97672937558
1126.90135552559
1126.77765808174
1128.26913433554
1127.83718734088
1126.71131168675
1126.85059596665
1126.61025334782
1128.01206862961
1127.22778398141
1127.21532549497
1130.94004521519
1126.67971359503
1126.66768755949
1127.24182717702
1128.0002121976
1127.82558227924
1127.69603020337
1127.75617958858
1126.79399148163
1126.69435171776
1127.6999205291
1127.8603338891
1128.41707469832
1127.55547118001
1127.99553242944
1127.08085506032
1127.37950927151
1128.72409910546
1126.95532264141
1127.10035142914
1126.70698661028
1126.78027449681
1126.85527826168
1127.92054527701
1128.58287094065
1127.02986969418
1128.19530624419
1126.83844153366
1126.77406741082
1126.7069643624
1126.69019952526
1127.47963724627
1126.68282334943
1128.74846100262
1127.5780678834
1127.91944386307
1127.11343368759
1127.06000266143
1128.25553607386
1127.16523458171
1128.64278414148
1127.93915030885
1127.26715628436
1129.46210655443
1129.36682469172
1127.86342187689
1128.8586337899
1126.62072828679
1129.61373549813
1127.20269993208
1126.82558341456
1126.79976882931
1129.38418427726
1127.26633667051
1128.38176920301
1126.64526419655
1128.57389465958
1126.8090679498
1129.74029754038
1127.04109952697
1126.96087885591
1127.8983578423
1126.92567394488
