1159.8331170599
1159.61463267427
1158.63638749317
1157.85920251631
1157.67965162869
1157.60786970995
1157.19186773729
1157.16707693635
1157.07985438317
1157.0078431711
1156.67130101545
1156.29263661668
1156.21779842905
1156.08674686029
1156.03135402895
1155.98893214192
1155.97585178147
1155.85195633684
1155.82750692814
1155.78907349946
1155.75112671556
1155.55155444968
1155.41595616914
1155.35306384424
1155.35140544099
1155.31278360012
1155.31113887191
1155.30479142915
1155.27539522523
1155.26669180636
1155.2606723219
1155.24975076894
1155.17765454168
1155.1352246794
1155.12513671226
1155.11605282086
1155.06021660615
1155.05291433707
1155.02079558348
1155.01172715847
1154.98699223289
1154.98110915755
1154.9496203629
1154.94150003922
1154.92332605193
1154.92119108928
1154.90870294991
1154.8965294089
1154.86974134147
1154.86196492582
1154.83353055651
1154.82960377493
1154.81155162438
1154.77471863449
1154.75100831669
1154.74234863009
1154.72735826118
1154.72308754215
1154.72123070182
1154.68079514988
1154.6754271803
1154.66608452287
1154.65187764938
1154.63220203713
1154.60415273696
1154.58725309872
1154.56868784385
1154.55726699926
1154.48535209096
1154.48121845504
1154.47969692831
1154.4682251244
1154.46350466665
1154.4398419825
1154.42293253148
1154.41059177343
1154.39726918614
1154.38097214251
1154.37594311466
1154.35751497967
1154.35083077862
1154.34194603769
1154.32692244397
1154.32374725675
1154.32283492701
1154.31724695163
1154.29006296525
1154.28494733202
1154.2802706616
1154.2696642398
1154.24350218052
1154.24268677538
1154.23519417226
1154.23465817146
1154.19827213413
1154.18499956119
1154.17905899597
1154.17325451995
1154.17097650739
1154.16937806024
1154.15365734818
1154.14745959365
1154.13014380181
1154.12790472746
1154.11215052812
1154.1113699605
1154.10882703722
1154.10463746988
1154.10085797629
1154.08819169296
1154.07187086251
1154.04727322472
1154.0454546091
1154.04147465586
1154.02792095751
1154.02688598878
1154.02449870639
1153.99945565458
1153.99869268049
1153.98348902596
1153.98024472763
1153.97810272792
1153.96608068928
1153.96357586327
1153.9631176539
1153.93862909174
1153.93836488325
1153.92751694641
1153.90545930938
1153.8927834964
1153.89096867457
1153.88958746941
1153.88584777872
1153.87702754838
1153.86697741551
1153.85881981754
1153.83275137148
1153.82079024018
1153.81261031827
1153.81135892305
1153.80805092963
1153.79955043615
1153.78513876402
1153.77162148929
1153.7702647373
1153.76938159465
1153.76738863314
1153.75884021426
1153.75263042592
1153.7419790667
1153.73109530788
1153.72317888397
1153.70140183333
1153.69806499637
1153.69333216894
1153.68611098714
1153.6780781842
1153.67554902754
1153.6561723991
1153.6428943392
1153.63914064154
1153.6333338025
1153.63130497963
1153.62921277636
1153.61784584797
1153.60200588146
1153.58468171447
1153.5742014408
1153.56123165917
1153.5606549547
1153.55404125682
1153.52244623882
1153.51810503222
1153.51439842852
1153.51206126554
1153.50719115688
1153.50545055091
1153.50468105537
1153.49460931666
1153.49188214003
1153.48494936832
1153.48407953156
1153.48288399703
1153.47626173545
1153.46897842737
1153.4665745807
1153.46106676238
1153.4477390854
1153.44702543319
1153.44674748282
1153.44636150739
1153.44469246865
1153.43955451564
1153.43613629956
1153.43147350586
1153.43052904498
1153.42742758349
1153.42124050652
1153.42052791189
1153.4193752946
1153.40950924763
1153.40939011328
1153.40681721531
1153.39618884909
1153.38596992307
1153.38219956385
1153.36312331823
1153.35706352444
1153.35474799127
1153.35076863711
1153.34072730101
1153.34056842401
1153.33929642651
1153.31957284321
1153.30717330063
1153.30257916526
1153.30236019384
1153.29928169847
1153.29603838235
1153.29118762832
1153.28787846813
1153.28525247635
1153.27797101631
1153.27596056378
1153.25723735735
1153.25529157497
1153.24908731965
1153.24807584159
1153.24553456244
1153.24437249163
1153.24086834088
1153.24061284233
1153.2364534712
1153.23286106619
1153.2263610184
1153.22495852978
1153.21809607667
1153.2165754768
1153.21559635445
1153.21056529925
1153.20484639933
1153.1950162414
1153.17957291075
1153.17658162317
1153.17461100465
1153.16861077984
1153.15949651672
1153.15877292782
1153.15455008512
1153.15010036216
1153.14929245587
1153.14897612982
1153.14698093045
1153.14347637871
1153.12711296569
1153.11720686918
1153.10522682614
1153.10486558155
1153.10258125937
1153.09605756839
1153.09597312614
1153.09500778973
1153.08466431298
1153.0787581184
1153.07227000882
1153.04352605846
1153.04175718451
1153.03760071572
1153.03483114939
1153.03217097714
1153.03210826815
1153.02514366899
1153.02206619381
1153.01942728827
1153.01488077624
1153.00882479954
1153.00401189489
1152.99858822634
1152.9961484498
1152.98975085992
1152.98767790952
1152.98641532042
1152.98259750405
1152.98073389439
1152.9750934548
1152.95222483224
1152.95179938631
1152.94903266057
1152.94099106166
1152.93227468928
1152.93177098646
1152.93120808202
1152.92212297021
1152.91780263214
1152.91659568185
1152.91460746752
1152.91083425633
1152.90557771044
1152.89846218325
1152.89752376585
1152.8932684993
1152.89287607394
1152.8870068548
1152.87874631885
1152.85953179834
1152.85581010346
1152.85150030906
1152.84984507168
1152.84742362371
1152.84655978108
1152.84305866689
1152.83566983734
1152.83018507705
1152.82857907574
1152.82557193988
1152.82493032533
1152.82097252794
1152.81780989607
1152.81528204447
1152.80942430453
1152.80302709375
1152.7953055063
1152.78541930063
1152.77612229296
1152.7757046132
1152.77360836112
1152.76672447937
1152.75744179929
1152.75532849198
1152.75384185587
1152.73782940263
1152.73622961382
1152.73018455264
1152.72405421878
1152.72122726663
1152.71960991375
1152.71891053394
1152.71602928807
1152.71416373216
1152.71332359129
1152.70837563619
1152.70352360492
1152.7017956562
1152.70178930487
1152.69996169803
1152.69523159807
1152.69317867594
1152.68957648771
1152.68449235182
1152.67652951073
1152.66629540465
1152.6643012157
1152.65873173896
1152.65834082246
1152.64865482227
1152.64512558596
1152.64466427438
1152.64019731675
1152.63698431145
1152.61736843028
1152.60911171194
1152.60895949803
1152.60629292583
1152.60467324106
1152.60425878382
1152.60411805706
1152.60036118364
1152.59376094888
1152.59072282911
1152.58531220271
1152.57966172296
1152.57505500943
1152.5726521114
1152.56775243967
1152.56699252917
1152.5611741964
1152.56051207957
1152.5558604511
1152.55544692871
1152.55362486331
1152.55074727465
1152.5452440374
1152.54064174804
1152.53977979619
1152.53880879339
1152.53538067209
1152.53216024199
1152.52806471354
1152.52562812107
1152.51570698689
1152.51268603933
1152.50734216577
1152.50222451867
1152.50006325871
1152.49959896314
1152.49265902347
1152.4919321654
1152.49027831888
1152.4876328784
1152.48612800256
1152.48128334814
1152.47230246928
1152.46231732893
1152.45732619629
1152.45282387982
1152.45073208828
1152.43239480134
1152.41640298307
1152.41574972388
1152.41468597618
1152.41420497201
1152.40706006077
1152.4043564336
1152.39958667662
1152.39924857287
1152.39891327067
1152.39758964066
1152.39281911885
1152.38880295873
1152.38834438703
1152.38732065858
1152.38674450889
1152.38328077257
1152.38305992358
1152.38151298319
1152.37811622043
1152.37738180103
1152.37221980028
1152.36970497222
1152.36636361595
1152.35781718522
1152.35634023291
1152.35336180422
1152.34679026527
1152.34457786859
1152.34255077138
1152.33775390433
1152.33284887413
1152.32937489575
1152.32691344654
1152.32325174214
1152.32281739739
1152.32136679644
1152.31418771166
1152.31390371541
1152.31354450941
1152.31195194906
1152.31025104117
1152.3073359336
1152.3046540557
1152.30456332369
1152.29979717639
1152.29750797872
1152.29669974254
1152.29534612594
1152.29282808708
1152.29239306323
1152.28585286068
1152.28538264823
1152.28201595207
1152.28187267922
1152.27990459516
1152.27970660938
1152.27927168917
1152.27653161377
1152.27213181688
1152.27047150302
1152.26878408407
1152.2676037483
1152.26450670535
1152.26080962424
1152.26028608316
1152.26023181031
1152.25772820164
1152.2554357855
1152.25363895142
1152.25049478226
1152.2496078932
1152.24947519514
1152.24616552841
1152.2444520893
1152.24382587617
1152.23750284993
1152.2373956655
1152.23085032796
1152.22924955705
1152.22911758211
1152.22897578129
1152.22327559945
1152.22055270227
1152.21622273662
1152.21374523196
1152.21303106167
1152.21006280771
1152.20674562262
1152.20017020944
1152.20011375639
1152.19965094499
1154.20797667408
1152.44832884984
1157.48543414275
1153.475554432
1153.06321510766
1154.16152913909
1154.4320077096
1154.50068004505
1153.45812197344
1153.67616724187
1152.71815148906
1155.6659081785
1153.8211382842
1152.21230680919
1152.69808732054
1153.04140005799
1153.00575997898
1152.32812463599
1157.8134735212
1155.76488238607
1152.96757323688
1154.69791142426
1153.13026893501
1156.74540505496
1152.83806130986
1155.67144558125
1155.0481339649
1152.84796980684
1154.2205363967
1152.47568540986
1153.79169808035
1153.28724461803
1152.9133233689
1154.60812857956
1153.41423934964
1155.85359907007
1153.04821733986
1152.57304668032
1156.52763721129
1153.55009999464
1152.54212571026
1152.28419006903
1153.12804463251
1152.88751338571
1154.94075220573
1153.72932445783
1156.32729120799
1153.23149604347
1154.19214673535
1152.95141564815
1152.85039907946
1152.75660116321
1152.31505904107
1152.41616147706
1152.59874140955
1152.28414967664
1155.25265379758
1152.65040569115
1152.60483646208
1154.98414842439
1153.63499093355
1154.01857110753
1152.624049503
1153.6404236248
1152.81515355713
1157.86699215224
1155.04487750301
1152.56444212149
1153.56423320488
1153.4305040712
1152.2434249489
1152.36096613184
1153.16525417994
1152.65674226682
1154.15365404235
1154.13077923493
1154.4470442348
1155.6625820513
1153.65443832982
1153.03731543169
1154.81505807267
1153.72617443139
1152.65053340835
1153.43985283774
1152.6060951689
1152.86027540407
1152.81493884879
1155.34892646093
1152.57045702446
1152.53801826207
1155.07709877396
1153.03798392033
1152.23058686105
1153.90364128164
1154.15167304162
1152.35534240137
1156.52576160187
1152.47534923099
1153.22482109872
1154.11532685514
1153.07454736642
1152.46558951097
1152.29253296444
1158.58556495894
1152.48908347132
1154.51236577847
1152.2428490579
1156.92507847829
1153.08497496005
1152.49182747203
1153.78593469978
1154.54204381551
1155.68312582184
1155.22920613015
1152.40103069808
1153.47493993302
1153.08301414677
1152.43241165942
1153.0609734029
1153.11759345179
1155.98539154277
1154.76369200439
1154.46609896451
1153.66312447038
1154.93126841232
1153.49119898485
1153.44467119596
1153.92325829375
1152.87045250011
1152.61389566434
1152.49843426543
1153.3413812372
1155.686726236
1154.76018561145
1154.31676256139
1152.99560721295
1153.28121942195
1152.60536455869
1152.33944153563
1154.2971509049
1154.63136559277
1153.32098890617
1152.64753669931
1154.14153578247
1155.14724710143
1152.97678583756
1153.69675624963
1157.67324930996
1154.8597921529
1152.19887780636
1153.28496810078
1153.34505835798
1152.8599542335
1153.22233074496
1152.56235566614
1154.65037275378
1155.25598381198
1152.84303533544
1155.71261115739
1152.50807359676
1153.29720353695
1155.16322448106
1159.79923263236
1152.87962538596
1152.88508931695
1152.43516500492
1152.43987346965
1160.37937809346
1152.63846515967
1152.81417757396
1152.71689723567
1155.13650965331
1152.79526524014
1153.3500650517
1153.90124970972
1152.89967102926
1156.19274737402
1152.58031742982
1152.32563284455
1153.60932475672
1153.76859617371
1153.48280688428
1152.61639004898
1152.37656088331
1154.57317679319
1153.70672365037
1155.38088349978
1152.46622440968
1152.87805045749
1155.83958451527
1154.92414715772
1153.43535918908
1152.29286957821
1155.37202777581
1155.93660306836
1152.53956498311
1154.75994761887
1153.46040259477
1152.43745238025
1153.78766786092
1153.00547883974
1157.26077542253
1153.26190231085
1152.67899203214
1152.33711093011
1154.02800913717
1153.65589135935
1152.20924452849
1154.01899658147
1152.62053048064
1154.21077738459
1153.23357828101
1152.33191296598
1158.50310996285
1153.18304262179
1153.01696863155
1152.67015304743
1153.46928252468
1153.78255682319
1154.6036732049
1153.31914579566
1154.5211912198
1152.51343318161
1153.52686499473
1153.86568128357
1155.59785039595
1154.07772320888
1153.07734248189
1152.6217052888
1153.35407280005
1152.28856516006
1153.91626109888
1152.82934059411
1152.90698591454
1152.40283305366
1155.08491195133
1152.26113339911
1154.59468374322
1152.81766801838
1152.51772987598
1152.97057019232
1152.59977878011
1154.18742220307
1152.44519140807
1152.46208122514
1155.08228495276
1154.45300810372
1152.23026255446
1154.32989703392
1152.21564758791
1152.69962224162
1156.31746502479
1154.92651707748
1153.85399138887
1157.44836937572
1152.64157328709
1157.1299852031
1156.5471695018
1152.25261191284
1152.85392420191
1155.64009848706
1152.97021436101
1154.60082851308
1156.41507223377
1154.65597732962
1155.51483983392
1153.04093430532
1155.4338683035
1152.86279701138
1154.39375904951
1153.52581976701
1153.98408024744
1156.96751250027
1152.32761144883
1152.20131463741
1154.16519380201
1152.91620464146
1152.58461211337
1152.8420142425
1153.89357066714
1157.7415091718
1153.86590063348
1153.10700684636
1155.05183461684
1154.09012843785
1157.46616935059
1154.98430402555
1154.30395689934
1153.21752404864
1152.92316791395
1152.92692451533
1152.6113359907
1153.04992419035
1154.37349254484
1152.35672765478
1153.94275651558
1153.81248523268
1152.2411762031
1154.56518797083
1155.04004730315
1152.92014676003
1153.96634832591
1152.20211315596
1153.09661878335
1152.90011729971
1152.66746221852
1155.81524823915
1153.53384826792
1152.74709017906
1153.83614622636
1152.78758569372
1152.73796649591
1154.56108987374
1156.02165346369
1152.50853255059
1153.43102310924
1153.68331425553
1152.41741439053
1154.73627346194
1152.3289784122
1156.76012888999
1153.16064963231
1152.41953097858
1152.26321209662
1156.15554073064
1153.161517798
1152.38629111217
1154.19351195473
1152.2736265582
1152.53280109768
1153.9888722727
1152.95092760165
1152.27467492068
1152.57101822878
1152.25767317131
1153.57826347278
1154.3445509032
1153.29425199762
1152.83259986209
1154.04327024551
1154.0569784799
1155.49039014312
1152.85413721331
1153.65229008266
1154.5462245492
1152.83973050383
1152.26970016072
1152.42089746533
1155.43535072326
1153.03407008984
1156.47352628662
1153.27038086493
1153.18633620904
1152.40290351796
1156.62145671611
1153.18499023334
1153.8151502181
1156.51660634161
1154.6010767713
1152.51712030812
1154.59235576179
1153.23228741501
1155.71398700871
1154.25825330468
1153.02526219733
1152.79764728804
1152.50134874209
1152.53237922792
1153.70237969218
1152.26720573222
1154.56762124797
1154.47118180897
1152.41248802879
1153.65756671042
1153.39042340609
1152.82216464357
1154.67476086725
1153.87591238654
1153.25705185616
1153.24584690879
1153.86344927621
1154.52044995602
1153.16645987263
1152.66780660849
1156.85160413021
1152.36308536427
1153.36782568601
1153.98881979254
1154.88985881504
1152.54714436893
1152.28478761803
1153.5054552527
1155.66823342069
1153.87149158389
1154.07854801881
1154.39541314249
1153.0589742436
1152.31016304874
1152.52415988229
1153.81727659245
1152.79799638305
1156.60069495959
1153.28393200135
1155.70580865765
1154.65317915554
1153.33357499322
1153.13476838422
1152.83288763545
1152.22142075162
1154.94554130264
1154.97602458771
1152.32733579917
1156.11371297272
1153.43804707058
1152.28161694274
1154.19040311724
1153.36663539532
1153.02230778964
1153.07938910253
1152.68144421449
1153.25365994513
1155.00051195633
1157.49331998626
1152.55551030874
1152.56463714882
1152.43437893985
1152.32700176848
1152.51931160669
1154.51405193048
1153.85113290672
1153.38944226423
1153.73720109443
1155.57336659057
1152.23455076793
1153.67693666445
1153.02036845384
1154.16057587213
1154.70760742147
1154.37785634957
1152.6906938256
1152.29934143267
1153.13188417383
1155.57352003921
1152.29848011688
1153.86680681741
1152.80052009943
1153.46998638857
1153.71309111275
1152.3726381222
1152.63186829665
1156.27275974347
1152.4573523394
1152.49023984361
1153.37440117977
1156.05491804337
1157.57870700059
1152.67650235648
1152.46736742872
1152.75742309761
1154.43345519331
1152.33682398988
1153.46737446842
1153.11000265713
1153.50107330074
1153.94613259948
1152.29123315198
1155.57244737819
1156.01030204394
1153.96646421286
1153.14793107046
1152.48527690144
1152.20035722993
1154.64942820281
1154.7067119183
1155.65169725337
1152.30245373768
1155.60357238765
1153.41381056529
1154.34727601825
1153.48794335026
1153.11317578898
1155.19585729422
1153.84610907886
1152.43798754696
1152.66825428662
1153.52459595607
1153.33268168647
1154.83188420635
1153.59853557676
1153.43722385524
1153.81723360552
1152.87351875827
1152.5458780612
1155.95694882355
1154.29336268907
1152.51663628203
1157.6084492256
1152.45221699738
1153.6714095574
1152.64527138079
1153.33746747657
1155.43187787598
