435.656169449215
391.008892699329
382.254418673119
380.523385871189
378.020318495728
375.057662519202
375.00202984638
374.643815759653
374.641832512387
374.639324415751
374.622001802869
374.618899065307
374.618823070594
374.595292605463
374.590726649562
374.578923440767
374.570958929422
374.554394475649
374.542743765714
374.535920294797
374.485525590408
374.464268637444
374.462347416672
374.448038711306
374.443856042939
374.438993129812
374.399221717764
374.374504211487
374.33634587125
374.313294172038
374.24551735747
374.189655391011
374.185821482428
374.156776866831
374.105746806546
374.059217901775
374.026421681248
374.005098589334
373.974757731967
373.915271288595
373.867601616641
373.79433839425
373.489371843063
373.4860872901
373.379309315569
373.288648131578
373.282299085624
373.240922882811
373.195273323461
373.034738987986
373.013252450604
372.975987193337
372.966045401552
372.837899558929
372.800004706709
372.727275418421
372.444914954618
372.379480392326
372.347722509821
372.337899708382
372.211965031098
372.210970662609
372.164386451761
372.03523991883
371.919016166393
371.89515294416
371.798430644775
371.730932554358
371.69854647636
371.567826641184
371.056912988557
370.909391341355
370.798138298681
370.309413797167
370.075670414745
369.811974659825
369.711475467352
369.615095977858
369.365161241733
369.209460437587
368.952854537536
368.945522575907
368.896577491898
368.877537726523
368.767332754131
368.708768778912
368.701421734777
368.553386884289
368.505702357614
367.973274885743
367.903428468837
367.720487259158
367.662327410805
367.337329565791
367.292640770419
367.135007097245
366.948446173973
366.79199172619
366.732538769862
366.598603036781
366.410880728787
365.987188594551
365.960034171867
365.930827504922
365.335977744835
364.716874200094
364.605491966551
364.322429253223
364.154182984856
364.053411435208
363.947317327796
363.589750688834
363.408125853034
363.046098747705
362.872631153698
362.636963162926
362.094770281234
361.830873236856
361.74629965184
361.28825025456
360.898892933911
360.886237455146
360.436880599346
360.409997889077
360.214922772447
360.027150371429
359.936696413324
359.842665860851
359.828196028462
359.156923488124
359.070362860559
358.130614208291
357.867318813324
357.703809411601
357.676911850349
357.539277878319
357.041276229448
356.842766545804
356.4206814491
355.40581198256
355.296302473792
355.112392151731
354.763148868848
353.837719742967
353.593164970185
353.095843509543
352.968725424831
351.601437864997
351.204750795802
350.911141032833
350.910424229985
350.674814835808
349.388956761208
348.467275899787
348.184369217858
347.962192137635
347.432114593731
347.384338289071
345.950066771229
344.079389455508
343.682703419701
342.649593902138
342.161025449643
341.717504752812
340.628676308589
340.527943571298
340.392614423458
339.627850853716
337.50508142465
334.314261869071
332.512968824675
332.501057266796
331.833432188501
330.850305502779
329.551180918469
329.305640806545
326.586853444745
325.954879206738
323.514002078159
322.815924661086
321.653563055805
318.37136451438
317.04559159719
315.260469471366
313.047477669733
309.629127084994
309.416193445786
307.385869461218
307.325670801244
306.768248771125
305.909801435549
305.383413047466
305.170838974433
304.411720550705
303.525333149187
301.507683080324
300.456633458891
297.055511915035
294.895300517426
294.097968116847
293.470561082437
290.197360071298
287.994239048416
287.72171611953
286.082838393007
286.001848809971
284.884507537502
284.705395327949
284.227261269363
282.940457532206
282.820180279195
282.43055770831
280.791409271624
280.166434466994
278.008672266354
270.312611652296
268.923266372098
268.632382284882
267.665870980677
267.005281236165
264.388815431198
264.278380020959
263.739123050371
258.219685712071
256.728417245421
256.371482828478
255.171640068518
254.426267055349
253.148255600546
250.698731202304
250.14216460761
243.856600064743
241.60629377352
241.31992240697
239.466632500846
237.742532815997
237.556450972902
236.617592659264
233.065442203585
232.985980872479
227.242089122352
220.394673065502
220.092833748335
219.150174225404
218.858684101364
218.784714935748
216.171613912286
215.119307434165
211.359838202818
210.836128648973
208.704549129956
208.033766826531
206.796571454708
205.511432642096
204.048856564121
201.661476789264
201.205790708877
199.182797143478
198.587029029512
197.033983766169
195.102107561927
193.33201255955
192.176062201677
190.409392761481
186.713378008232
186.645811071444
184.275850486381
181.952990308947
181.80741406093
177.268256065609
176.183415431993
175.535631838837
174.830103493216
174.806057469051
170.886824385317
168.41229810574
168.260976692338
166.857056189297
165.01749326437
162.365671421825
158.691823746617
154.347580187366
154.069366965866
152.787654718584
147.908505820061
145.952982520131
145.639470296865
145.287105525806
144.745160935655
135.924175047654
134.735628696209
132.659624982483
129.732056708073
129.363132202618
129.206368145461
126.839654045602
122.798798395558
117.023746313804
115.064926714452
113.946261298027
112.512194913576
111.03934646677
109.856400860635
108.651192028954
107.854378212625
105.25596948557
104.266870056662
96.900352502194
90.4601331166758
89.9075661396319
84.824998783476
80.8685098174759
78.9246979167789
74.158271956332
73.0416012783304
72.1950021523189
70.1802468686893
68.867274207026
68.1471014663721
60.7891897501214
60.5582545481242
55.9683952072687
43.7883047566624
36.3442654566203
32.4069416423879
32.3924627531998
29.9324521296866
25.0969577072339
24.1649329367679
17.6730762641748
15.1687108823446
11.8202211147946
11.2953970428247
8.92333781741186
8.53295862834554
0.970199524658934
-0.121511169323206
-7.4297614019691
-13.6049042665766
-19.6242470533521
-32.8440329700327
-34.3566511705161
-37.1201870319568
-41.8048878914118
-44.7991690548082
-45.6047143842999
-49.1870982935483
-50.5051438372574
-51.1710951014999
-51.3922970365936
-54.436581185627
-58.0834483197414
-64.3033019441016
-65.0944336040633
-71.6648476498183
-95.7542238659205
-96.4278305437029
-96.5975355081816
-98.1471612279879
-104.660171180241
-112.296898003888
-118.560325904942
-137.888955389963
-143.290543416459
-145.155333444903
-154.29871804712
-155.635011919101
-161.684522881555
-165.288782154535
-166.221877666706
-168.148198308188
-188.782864433288
-197.217680118001
-198.253118288914
-219.671246558791
-222.054282494543
-225.143969096471
-226.941006630638
-232.225576092991
-240.369554309569
-253.539499695668
-255.916500728739
-261.096838332977
-268.124769022734
-269.571928302386
-279.355270389992
-289.868110203378
-289.91775058278
-300.198868960695
-303.399473949814
-321.833460672325
-328.276313722942
-329.40861949515
-334.765897093108
-340.076364516068
-344.499662630104
-352.23816959759
-356.558799022221
-360.057352468552
-366.371242238034
-384.268945208943
-388.31373770079
-388.968060890198
-392.401834405377
-394.082210584797
-398.247838729692
-399.72239913575
-408.533283540352
-410.284544530118
-418.063241088214
-419.43630881778
-423.627646011492
-430.048967388365
-430.387138405952
-439.322910746255
-451.483886521639
-452.486203034633
-455.895076963667
-472.606052604058
-481.498899464262
-483.390880315724
-490.386674696523
-497.544709404143
-505.512269047078
-514.920994220363
-526.207714935163
-539.93210321832
-552.833907946141
-552.917491062133
-563.945270261117
-564.774387509188
-569.217118113125
-571.816089739194
-580.13495471154
-582.677567044568
-589.40078672356
-606.882858383897
-613.764784617223
-627.663220881835
-638.726516810562
-650.464073613796
-667.125128072458
-670.546956830854
-673.795030198042
-734.961475066784
-768.534487123466
-771.004661363076
-792.046138568958
-793.357062332726
-812.264864154344
-829.132688684884
-833.312965423405
-845.000451854659
-848.73492902794
-851.632039394538
-855.059600437395
-860.00652753308
-861.725685213553
-868.604214623112
-876.712783300211
-885.512097835944
-904.490161891763
-912.313441689043
-916.346771053668
-957.496676841564
-1018.32393812632
-1025.64026145565
-1030.61108809398
-1037.80338617894
-1070.25182935639
-1086.39080822053
-1088.2397934215
-1091.27589634901
-1094.86777943594
-1119.77995662175
-1121.54494675927
-1128.42995811635
-1152.8057241719
-1162.09719548464
-1164.8445392832
-1169.69739786984
-1192.39308531902
-1192.61774654344
-1235.66724516596
-1236.68932018886
-1247.15093389687
-1249.57020914481
-1253.06344970726
-1322.26202855123
-1326.62853334874
-1329.94594308224
-1332.85117338683
-1353.62303690827
-1382.73241225636
-1416.09750928069
-1426.93362929907
-1444.66761251274
-1449.30999199537
-637.042144097085
-1002.80268833273
-227.657810075347
374.559767659224
-467.776208559608
324.270752531556
178.371889203221
369.073483261227
-712.812001318342
372.281040487825
95.8868594463506
100.40974459461
-411.90458749914
369.986248607496
310.295364226905
42.6912876581876
233.623313183041
203.187503173915
29.3440131814988
149.685869038952
-95.2459390236175
363.146363702739
355.998702016247
374.413065747177
224.326074937565
356.659736027605
372.366711169445
-160.387935244415
-288.341372363447
-1431.89279896102
332.61867455181
-33.6997704431136
140.61296970347
174.193501037487
-437.206594051574
246.75737305358
372.006070059172
-595.244722356932
374.505639386933
-87.1019016832287
341.389751367578
328.286646852699
368.707253785608
-293.133594529196
366.35607757036
-695.70680250797
344.83826821983
213.189322457597
268.42162390448
104.574255888882
58.6686248152481
236.641558694538
370.162688901772
344.251776141701
-97.5560934829288
-251.286810265695
250.761538126193
210.138649155449
-395.390456705654
304.856246605098
180.60753266701
-106.139375212122
353.752896046302
-168.143609665321
366.946381410929
373.802323313042
124.0427511427
374.6806839615
338.908003758474
359.211550014552
-777.171761178508
374.130962312271
-73.6813157438004
-1369.9144003724
365.733918905943
-416.938188684218
160.300714284901
-1238.68104365817
370.829508639802
296.33876207303
373.751805958795
373.782613346567
374.534690779386
-912.421914720973
-1031.27323308918
-478.08537007832
324.733205440078
-462.520611447921
-879.929282651691
-49.9007806387878
-766.706196423439
358.70465450347
-663.959859154125
-23.77611601351
374.239116046701
-312.613691787022
368.8193756216
-183.167032549778
362.220273380212
-560.349676107258
374.065741869547
322.341554228138
64.4701201452815
-333.541227853872
-298.056139852639
358.764712114417
-237.205117725993
298.964423440677
91.38794623213
373.853879517813
-1117.28041220973
-520.051637748342
-258.607709755444
-404.832853286652
246.429041093921
371.165221567421
368.665305721518
513.317221489253
280.910459715982
327.441622743029
-140.468083924749
-483.175229853856
128.292622228745
366.542038204066
-1161.20254822575
133.200933000583
-23.2086985278152
369.130219997388
-653.904108284013
-369.82225965852
91.5728231461353
-561.758723078456
325.010530752233
-441.655089976751
369.499296236249
264.171861413906
-588.809986409455
352.926928598087
-319.465740820742
220.502409495832
253.880654839728
373.492003948937
230.415080132643
168.980004113188
202.076294597929
321.723305765594
191.269595939272
33.0896748648002
374.48477294777
-21.8035975866834
-1170.50117589997
98.2253140777117
-380.44036767861
18.6321817089465
360.824707649225
380.213870609982
67.837943901148
353.077529147545
374.063592421221
138.33431199458
142.897422116484
353.457628880176
-131.587423344914
238.319843472304
249.24594524022
357.055285753548
-300.12675914494
273.417175217626
-192.584286969868
372.662640227984
-161.990303371769
-211.148155450486
374.63779347397
358.155450038734
-96.8274415349255
-112.376112012939
373.667811018866
-794.245125533467
287.185640229798
358.174200511087
-1012.12455092902
308.990460900021
370.628442986388
372.858098559797
229.821937008501
373.787126307315
215.629339600399
-642.278657869325
375.495408954808
177.030681404206
371.105157654125
-1323.98432573987
361.438323913846
-287.489446311216
-92.0530146369431
230.019255264642
-1449.7384599937
-6.36353754112078
-179.307935984852
142.926358823479
55.5470663829951
369.587995218529
260.25450689005
365.595310019956
139.642959296289
302.335425909343
291.091991932395
285.012489605184
-805.368868415837
357.224072695382
-56.3975660346208
-537.849696518517
-650.363096540053
-235.576126958216
39.4113812839959
100.970383982715
177.492191647106
67.8937988663568
-397.016309024571
222.722470277559
280.865675591763
-218.793566330754
363.777962163085
-12.7495226498473
314.854878103581
357.568626768709
321.938580143478
-276.703022775961
49.5514237094572
373.381822341202
-126.874503594401
366.420694043325
-255.503848166604
219.236978121508
-152.210799118327
-236.807840969602
-245.573303244958
20.7515544403994
-824.935316537574
-688.937174644941
-1238.67189160016
366.454788748717
654.854242032415
-17.1705813769195
271.481997386751
-18.3053468713605
331.290972654518
313.399910703225
339.04956418002
166.812675154185
-414.982508759962
-615.519546475232
361.979505187957
87.0046621265623
-262.964184958298
368.249065210733
-8.77948359678564
355.43487072026
138.585966480173
367.152453071903
368.442721108968
-796.456849962405
253.980597506911
127.878786711693
372.428099246349
373.920375571926
369.952087026807
253.977025026957
372.88951559123
-722.280745345922
374.001576174027
-116.3816209042
-463.915495130845
323.504152985907
364.443351927747
371.446651594369
27.4840548657498
323.778295340369
-109.197404392073
301.201086620508
-213.451144294529
-685.943493306624
343.244451263253
-353.752578045844
105.474710374105
-986.40032661262
108.646381858955
372.712652676006
349.102092917069
-347.237616428211
-335.783054415057
212.989182453718
246.934787783978
-22.9257087916191
358.693365554332
250.403615103268
-360.765407816337
359.828245804685
342.308075487046
-734.18608862278
56.8071602907792
251.495622538587
369.223465885499
-274.481195541647
-200.985045656888
163.750533458036
195.551157500772
-88.2173529507704
374.643844707643
-91.6806172734348
55.4235748656356
351.199699220753
-463.992118414317
346.482331608421
-413.226110478607
374.351259746867
188.345823900026
319.520972746277
-650.181163530176
371.95060724707
-306.962552951583
-750.962638233344
-26.1920455410797
336.849264002346
373.706689913983
367.240660274363
87.7138672929734
374.284469375411
-105.329888217479
65.0161056006028
-255.721846901566
105.028103173959
7.99148622569203
148.806237280558
-790.354367730702
-731.078716993484
-432.439254188924
376.159580159331
219.327370833494
365.093180256264
-720.024269480577
331.386320821251
147.502272208027
-116.99672122032
361.550851756505
332.274047931478
-38.6395947692876
82.1372989341888
354.409272038536
370.841349307905
-135.454706074942
331.978183501601
113.89868753393
-870.851057568656
372.136376009969
351.36970008009
-1269.43987034668
371.814060562137
367.300626650897
-131.118147205174
-479.814737205257
-202.124883723694
-618.136216489324
36.0280729245486
305.793265909802
315.702066520667
364.775392271573
-253.509898429304
364.836177526116
-1320.28380610233
333.917714463716
374.391848288352
362.340088925753
372.004834897608
-479.512460421894
373.477000796488
-499.152001666295
200.155826516445
41.2856237979203
-574.267245216176
373.172402152507
303.020342284302
-71.1122527508605
-402.828921407082
356.891083425575
358.948390602419
292.807787638881
373.923864233461
181.939207742938
-15.4512488617317
356.51773081265
-286.75372998152
330.16314716089
-749.360006984142
364.756817965783
374.571327372471
-448.886494732946
-6.37133687281489
-4.93837161264126
372.397081883452
370.81095782542
334.905140338547
333.745487302501
-218.148840488145
368.109719600105
-267.248692391875
-207.915062507993
-1060.74563787893
32.816843633376
361.429886094923
14.3688968000837
347.252770785849
300.639677047069
-409.106963674218
-629.269221275218
364.268008286555
370.416996497412
344.1580585897
-514.639495564248
-65.5918867363425
369.425163255964
-657.181085769156
347.911913263887
312.208504047602
372.957404575614
372.63232245752
166.022350234824
356.316397415069
-255.510185187901
-1397.92413832742
352.4779224488
171.46709347451
-973.965751690449
-745.872842984332
-994.201788429414
359.929785759129
271.112192318384
305.525100705481
-1334.10402050711
-780.02632861984
-1070.16526832607
319.351068406324
359.025673241258
370.674560914795
346.568641711655
242.619174864815
355.44018031231
9.16639083164548
-1006.8094336242
-403.802085050158
-28.4044745552293
-235.691393039286
283.068512276431
-714.164090240729
367.651150529643
373.715224034965
360.944129997222
353.974291187575
190.63677623485
-287.319653502878
-902.176385116226
362.332167515969
-150.051242797481
370.254363187032
352.870023159813
-104.745966059322
332.716966960223
61.8621332156377
217.704776597161
-338.892199084457
-768.41958151292
364.389780000963
-640.148699233231
147.547528809618
358.515388186378
-395.702006054882
-870.688251036415
370.484909440668
-415.310101342954
343.688083049125
133.286420877416
267.772402491444
346.077472461966
371.564571046374
290.459041459683
264.330439720337
320.586415082808
364.41009846717
-68.3211303589503
-582.709869285514
363.146086590672
134.514555537615
-334.20141568616
-8.7119754209642
-371.653352823009
-706.048912902849
273.27054870499
225.082883187717
374.362641682943
-497.216765825536
360.528674515514
153.293108507614
