1181.52808019684
1181.52866079532
1181.52870376402
1181.52872077377
1181.52909806419
1181.53051033586
1181.53076022117
1181.53123989639
1181.53611062258
1181.53669163013
1181.53698477001
1181.53762806872
1181.53842766687
1181.53857485441
1181.53859556058
1181.53944775504
1181.53975445132
1181.54425643276
1181.54440370967
1181.54472976049
1181.54481594752
1181.5454885016
1181.54598832315
1181.54661688857
1181.54678113659
1181.54749609075
1181.54766543886
1181.54839743613
1181.54857520786
1181.5487014077
1181.54903132837
1181.55070120874
1181.55073329401
1181.55126504884
1181.55136449106
1181.55164715413
1181.55182693661
1181.5520699463
1181.55495108302
1181.5552305753
1181.55591215791
1181.55607727195
1181.55685062129
1181.55738349053
1181.55750579702
1181.56068883019
1181.56108628962
1181.56125232552
1181.56185249496
1181.56214075254
1181.56395109203
1181.56471765707
1181.56531791618
1181.56542651325
1181.56547018563
1181.56557977773
1181.56721163029
1181.56893489572
1181.56895165963
1181.56901106509
1181.56998880579
1181.57105197829
1181.57108193425
1181.57135448929
1181.57144715972
1181.57153503395
1181.57291962088
1181.57387997647
1181.57419380429
1181.57453330813
1181.57595844351
1181.57719969664
1181.57725102181
1181.57779285313
1181.57873105809
1181.57900969796
1181.5790922464
1181.57954247549
1181.57965535314
1181.58058894569
1181.58128373699
1181.58128563904
1181.58182013312
1181.58348106745
1181.58418894472
1181.58507652787
1181.58558484967
1181.58613796518
1181.58674163167
1181.58723333403
1181.58764766877
1181.58881383275
1181.58988432329
1181.59005649246
1181.59009949833
1181.59058885706
1181.59161022343
1181.59173345171
1181.59245064855
1181.59284350957
1181.59366840639
1181.59434044471
1181.59565052428
1181.59647432105
1181.59707620043
1181.59716218561
1181.59803255122
1181.5985125186
1181.59938082545
1181.6007091345
1181.60091895463
1181.60102804133
1181.60183574084
1181.60184761963
1181.60271534225
1181.60392516661
1181.60495850739
1181.60683990894
1181.60854345258
1181.60869471604
1181.6096269389
1181.61085559558
1181.61174310867
1181.61213843402
1181.61242726703
1181.61291967009
1181.61335401098
1181.61343398506
1181.61355906353
1181.6142561951
1181.61486089308
1181.61497701739
1181.61528092253
1181.61661868863
1181.61675566448
1181.61741675097
1181.61767234383
1181.61833167884
1181.6187481615
1181.61975770834
1181.62177418581
1181.62200293893
1181.62218655788
1181.62226436561
1181.62396645995
1181.62448154536
1181.626154964
1181.62646692736
1181.62756509474
1181.6277237946
1181.62788842195
1181.62853236963
1181.63257419918
1181.6336457534
1181.63519822587
1181.63804244542
1181.63843542732
1181.63967499572
1181.64070488544
1181.64171520575
1181.64381484529
1181.64860370472
1181.64943022446
1181.64943424644
1181.65030370838
1181.65049296062
1181.65093614998
1181.65135193185
1181.65231639764
1181.65450140712
1181.65641125076
1181.65741305701
1181.65767018283
1181.65841243556
1181.66276989415
1181.66466434789
1181.66581881333
1181.66717812244
1181.66886312401
1181.67045903745
1181.67189545931
1181.67228103609
1181.67274346413
1181.67347358236
1181.67416149024
1181.67431719884
1181.6748125783
1181.67513393732
1181.67699339687
1181.67734103566
1181.67798087567
1181.67833450073
1181.67957206467
1181.67983472206
1181.68152572872
1181.68184731916
1181.68244003402
1181.68337313974
1181.68513366365
1181.68672103458
1181.68761022902
1181.69031737732
1181.69593049236
1181.69847413329
1181.70022537529
1181.70033559649
1181.70131048475
1181.7030203421
1181.70338869434
1181.70728467503
1181.70745275842
1181.70933883294
1181.71009488826
1181.71046741993
1181.71198511904
1181.71278608124
1181.71286019482
1181.71292903801
1181.71300100257
1181.71323827391
1181.71370838983
1181.71386996322
1181.71610669007
1181.71660901878
1181.71922584078
1181.72021929227
1181.72124798355
1181.72197606276
1181.72244681361
1181.72303809027
1181.72317138265
1181.7239639692
1181.72521544448
1181.72536973962
1181.72639895609
1181.73061554207
1181.73193238078
1181.73353417279
1181.73816759113
1181.73917176528
1181.73919218632
1181.739353137
1181.73996371854
1181.74046343558
1181.74072709772
1181.74162332954
1181.74238543006
1181.7429205996
1181.74348940473
1181.74350658829
1181.74367421109
1181.74432448653
1181.74500317678
1181.74559355976
1181.74795561671
1181.74798311619
1181.75113081451
1181.75236862579
1181.75374731041
1181.75642068631
1181.75784110244
1181.75822170101
1181.75996399286
1181.76340329072
1181.76533164997
1181.76778559398
1181.76819854201
1181.77007586999
1181.77100364395
1181.7711031624
1181.77118289382
1181.77192579319
1181.77554670139
1181.77661484442
1181.77750238964
1181.77832667453
1181.77862347818
1181.77905798789
1181.7808874187
1181.78507942833
1181.78702954162
1181.78716317111
1181.7883791288
1181.7894300679
1181.78971306442
1181.79055130808
1181.79100962433
1181.79619956357
1181.79667954017
1181.79722378082
1181.79822134119
1181.79877794125
1181.80211428351
1181.80294614179
1181.80298905805
1181.80306782914
1181.80372753111
1181.80388020826
1181.80762161446
1181.80896973731
1181.81352778978
1181.81586637263
1181.8177224119
1181.81801776714
1181.81843694232
1181.82034256107
1181.82344740971
1181.82379647516
1181.82477758011
1181.82532409199
1181.82756139691
1181.82784230105
1181.82804625741
1181.83210519893
1181.83215524189
1181.83477638845
1181.83498128652
1181.83747348841
1181.8424338638
1181.84396168495
1181.84463784095
1181.84465273405
1181.84653867337
1181.84795605027
1181.84906830968
1181.85196100083
1181.85275695148
1181.85309096525
1181.85372950001
1181.85746820938
1181.85828329727
1181.85865836038
1181.85951987132
1181.86023505467
1181.86565974191
1181.86820702894
1181.86958140975
1181.87015608106
1181.87153080755
1181.87702533551
1181.88035701661
1181.88068297233
1181.88076061
1181.88128045191
1181.88187303101
1181.88306033041
1181.89295632344
1181.89589246873
1181.89812990918
1181.89863698112
1181.90179682494
1181.90455423785
1181.90497881385
1181.9067116372
1181.90850404419
1181.909623925
1181.91092813115
1181.91259558891
1181.91320366226
1181.91498007978
1181.92356609344
1181.92367248872
1181.92928260044
1181.93078148947
1181.93228588782
1181.9357713732
1181.93581064975
1181.94016610562
1181.94606032617
1181.94621348079
1181.94666793701
1181.94891875124
1181.95091522237
1181.95178038294
1181.95313728519
1181.95570957245
1181.95686765409
1181.9613089855
1181.96156165002
1181.96174397853
1181.96281411782
1181.96633246721
1181.96888134446
1181.96903723686
1181.97008399678
1181.9770585568
1181.977375466
1181.97968792237
1181.97986997469
1181.98077329357
1181.98263759541
1181.98625598664
1181.98856629694
1181.98883063657
1181.99186308116
1181.99320967366
1181.9952770716
1181.99726319463
1181.99932672531
1182.00603891137
1182.01512110893
1182.01650644255
1182.01690928854
1182.02038146679
1182.02127788304
1182.02536579215
1182.02687121311
1182.03210456085
1182.0332950668
1182.04445116929
1182.05283215576
1182.05793005786
1182.05817070143
1182.06022589269
1182.06301503501
1182.06344034222
1182.07297909271
1182.07469601373
1182.07963476843
1182.08125433746
1182.08677744361
1182.09217323244
1182.09257765882
1182.09316605794
1182.09753986692
1182.10078902852
1182.10106191348
1182.1042424781
1182.1051810878
1182.10679419878
1182.11006187747
1182.11335458584
1182.1140413425
1182.11674929865
1182.12090613926
1182.12275770647
1182.12309645784
1182.12716039262
1182.12852365814
1182.12910475208
1182.14075528729
1182.14232496606
1182.14347087295
1182.14850684139
1182.15400979256
1182.16057614284
1182.16092612102
1182.16667423094
1182.17379647896
1182.17584847253
1182.17838803984
1182.18096074734
1182.18335212108
1182.19776518303
1182.20496778744
1182.20854693937
1182.2102461612
1182.21894264436
1182.23181513145
1182.24249098404
1182.24715772637
1182.24781970635
1182.25488003543
1182.26013863958
1182.28350105915
1182.29147779195
1182.30072653126
1182.31001058952
1182.31186364581
1182.31513142088
1182.33725642295
1182.33738635012
1182.34666468018
1182.3516422964
1182.35675857261
1182.35923186122
1182.35987080829
1182.3607503471
1182.36988470658
1182.38453002847
1182.39665455888
1182.41226789658
1182.42882769633
1182.47068600302
1182.48614446323
1182.49186205444
1182.49647594038
1182.50585080129
1182.53132513419
1182.54005954397
1182.54561187125
1182.5497270709
1182.56123078633
1182.60494145154
1182.6415336978
1182.74600652505
1182.7699818348
1182.81143849654
1182.94859776986
1183.44512468089
1181.66620867824
1181.59212878637
1181.77531707992
1181.63439951025
1181.64287045329
1181.58920572183
1182.06522247436
1181.9097601265
1181.84498989779
1181.60933252815
1181.72232922365
1181.89499750011
1181.82725789719
1181.74343260046
1181.60671168808
1181.74553596433
1181.7604220991
1182.03145459343
1181.55537163572
1181.60437194228
1181.56448176216
1181.90921768846
1182.0296945535
1181.78796848455
1181.55122173886
1181.64966540287
1181.85859677975
1181.59530655734
1181.72206190431
1181.54542698753
1183.20571392611
1181.74332262132
1181.61724770932
1181.70591201441
1181.70777773006
1182.11119583758
1183.40901941913
1181.8203554077
1181.58814922164
1181.58430493014
1182.5894165647
1182.88998089865
1181.56752968956
1181.84074442249
1182.02160509562
1181.91640022153
1182.20689471763
1181.94293148091
1181.99163896202
1181.82980871973
1181.60853500508
1181.6270811322
1182.42801829196
1181.66319605976
1182.30369802724
1181.75131334076
1181.55485429339
1182.8140210261
1182.19279726685
1181.62582139769
1181.98447161178
1181.62189343257
1181.64254128495
1181.8365015003
1182.46385965666
1181.53830696779
1181.9613892772
1182.22787162159
1182.20771597546
1181.71973245843
1181.55133748823
1181.92519528185
1181.72608918644
1181.659530886
1181.74905598669
1181.85510175744
1181.57864234703
1182.00718342947
1181.84341589337
1181.93543940346
1181.7675500825
1181.64885864174
1181.60758026404
1181.55619641912
1182.86557997582
1182.08308567004
1181.8213528538
1182.26900401647
1181.99453088579
1181.55693381949
1182.58377986921
1182.12365672598
1181.52890215456
1181.64833153956
1181.79517509317
1181.63370274816
1181.61688226372
1181.57145541813
1182.00697926581
1182.54249112122
1181.89448559248
1181.56880408697
1181.65358326727
1182.30084910682
1181.70882764145
1181.96026677186
1181.54250817023
1181.86727348278
1181.54680895095
1182.11985139673
1181.5784327067
1182.41177057
1181.67604047457
1182.03315234347
1182.50327759045
1181.61228337838
1181.65566789936
1181.94619043899
1181.70468222307
1181.6751589077
1181.54437777056
1181.76585862767
1181.95143001478
1182.16196930487
1181.63718403405
1182.21453592873
1181.57717571461
1181.64131547471
1182.33187200061
1181.88849951323
1182.87011135866
1181.63561986617
1181.71932910522
1181.61918233063
1181.7260127479
1181.90675298327
1181.58561126895
1181.63938171164
1181.57899784029
1181.59778530572
1182.10156470353
1182.21037524967
1182.17876680858
1181.56951987986
1181.81864068122
1181.71059994957
1181.82635090084
1181.58863978808
1181.82238489004
1182.09200275715
1181.6436532992
1181.9774601454
1181.8007873217
1181.69276310749
1181.88403471156
1182.39039523809
1181.80211813469
1181.98947113085
1181.83282035592
1181.58613408221
1182.14957197508
1181.9473713746
1181.75437592626
1181.65209174487
1181.75673754504
1181.66535987589
1181.58108661212
1181.55956260409
1181.65900394314
1181.63353602988
1181.80743641257
1181.59585718831
1182.02661772921
1181.9598257585
1182.28304151709
1181.79210499599
1181.90682401731
1181.52870164769
1182.17938126401
1182.15665539539
1182.0158886731
1181.81049490618
1181.67240899704
1181.87448767807
1181.6067916315
1181.73200645311
1182.14464838494
1182.28815652727
1181.84205827497
1181.82506369122
1181.76157916549
1181.72107540287
1182.00717208597
1181.73399740617
1181.62921208354
1181.63151929759
1181.70518070083
1182.06413908206
1181.82735649702
1181.8532182904
1181.89060564703
1181.60083254861
1182.57610867934
1181.81011747855
1181.95459711685
1182.03785598975
1181.58989739445
1181.76234155665
1181.53882515209
1182.15417995898
1181.79024494473
1182.12314806541
1182.25999371284
1181.57960409242
1181.81290996542
1181.69022649892
1182.01745566064
1181.6648545355
1182.09889204929
1181.62980365687
1181.92023164342
1181.56097251724
1181.76458064842
1181.94933252109
1181.6197199003
1182.19040381371
1181.57995971184
1181.8342630867
1182.21301844973
1182.21695809206
1182.33669523698
1181.66601484168
1181.66701438491
1182.15270201486
1181.81185710448
1182.17314741634
1181.77927990202
1181.67303816051
1181.97993619099
1181.57311387368
1182.11337324922
1181.69236866646
1181.64291321474
1182.01825995725
1182.24935408618
1182.17835734673
1181.59661885711
1181.99965203009
1181.63797728998
1181.87196086482
1181.60252969533
1181.55815100312
1181.70581654629
1181.8937827825
1182.44907147978
1181.86020571093
1182.17635963642
1182.08743106481
1181.61614289182
1182.23976817876
1181.72754255076
1181.73629088117
1181.56523890709
1182.56677071757
1181.64780954285
1181.63801465056
1181.70188320003
1181.7640154043
1181.74610137319
1181.58962123638
1181.71792017292
1181.63858337882
1181.56746633251
1181.94503713321
1181.55613196346
1181.54476759494
1181.87595827043
1181.7514216128
1182.21143711599
1181.56482259454
1181.5532345475
1182.09297153265
1181.77595861779
1181.85221708641
1181.66756529475
1181.95874305045
1182.12975818606
1182.36807451708
1182.72691325056
1181.74803237693
1181.71107046182
1182.28810481845
1181.8830177666
1182.14399344073
1181.61339023567
1182.3390173312
1181.88676289116
1181.67599730584
1181.59226025181
1182.32064089116
1181.58730735408
1181.59895805047
1181.56561667288
1181.61678927846
1181.61317125115
1181.53456937083
1181.60857312361
1181.90347542913
1181.59326742298
1181.58378331585
1181.81415334374
1182.02431102337
1182.07092458408
1181.81559268835
1181.8356857335
1182.6554468789
1181.85656658486
1181.59746477939
1181.5903600553
1181.79383098535
1181.66852495792
1181.71166912563
1181.55891666578
1182.32393343225
1181.63854384868
1181.70478842652
1181.62499825009
1182.01981040702
1182.30303549162
1181.91123349589
1182.11273583137
1181.77749601771
1182.26361181883
1181.61773485887
1181.85381339015
1181.84571097045
1182.11399133186
1181.89403830981
1181.64276862667
1182.5213884201
1181.66317806265
1181.93346201494
1182.15389355016
1181.71772445251
1181.55399253283
1181.56714146865
1181.69262841861
1181.81778903612
1181.64148377614
1181.58203555293
1181.90425012999
1181.58085208167
1181.73692078634
1181.79232818001
1181.52819770517
1181.54352746754
1182.21913915666
1181.86588488978
1181.75281910723
1181.96181773684
1181.66387044371
1181.85798644364
1181.7251667088
1181.65733216925
1181.73578985489
1182.04529556239
1181.56342812653
1182.00153492634
1182.04696161442
1181.70792378642
1181.55526389468
1182.11301780982
1181.57015145624
1181.58788743639
1181.98963756002
1181.78239017381
1181.80612005377
1182.03065702046
1181.62987860216
1181.66590715727
1181.68699422096
1181.58899679468
1181.64398056397
1182.09465665814
1181.54109727948
1181.75579322689
1181.60109416938
1181.80577435223
1181.78765162368
1181.71709721977
1182.64554929594
1182.26481298336
1181.62531847483
1181.77613310952
1181.72886891426
1181.85522981684
1181.62899399343
1181.97528189393
1181.9871505075
1181.71038574008
1182.06958150781
1181.76836181987
1181.95592620282
1181.62379844741
1181.66596370108
1183.24355149307
1181.58671416538
1181.5283121774
1181.92768480371
1182.18394174289
1181.54174967741
1181.64492133319
1181.67649270563
1181.66313771632
1181.71856628023
1182.01498933495
1181.57088272132
1181.7393871275
1181.76387950673
1181.61613530673
1182.15077455171
1181.98419996269
1182.00333638992
1181.92553583614
1181.65898984666
1181.54756323443
1181.84735352961
1182.02030968302
1181.86360825406
1181.78901962787
1182.02679675886
1181.79235282987
1182.09076782041
1181.96030177785
1181.54825522316
1182.00804466454
1181.80866501526
1181.91382079599
1181.8149211638
1181.5304116243
1181.73163590171
1181.54212677097
1181.7707676865
1181.86128455387
1181.63569946716
1181.7841361147
1181.86702536101
1181.62714536217
1181.99769733654
1181.52869934588
1181.56354325039
1181.66148663258
1181.55085498241
1181.7416067416
1181.93202093056
1181.93714360912
1182.16457990042
1181.6388058998
1182.07561757831
1181.76920481356
1181.54524376231
1182.04983188654
1181.5897995635
1182.44954828736
1181.64280499041
1181.72222721784
1181.85340489725
1182.1321588796
1182.46453579876
1181.81987875729
1181.88038953438
1181.70019142935
1182.2557526456
1181.83945942463
1181.64008381708
1181.54124031963
1181.80259269046
1181.88952851895
1181.84334131558
1181.64051538479
1181.96962066148
1181.92617478285
1181.60955990683
1182.00986856731
1181.91434596834
1181.65088812033
1182.83764040575
1182.09037124128
1181.61928021598
1181.55318591481
1181.6208157513
1181.90391811564
1182.15670250737
1181.61435795804
1181.57579604998
1181.627229027
1181.83615148668
1181.72317888551
1181.60390419674
1181.87974787128
