657.36158942465
654.854242032415
654.239677639249
652.318706284968
651.512483336743
651.080351087869
650.832487459223
650.537652135937
648.683288294407
648.683218050523
647.154767927371
644.953250819221
644.191635435879
642.724299147791
641.021303475219
639.213988142167
638.50274016274
638.488098181642
637.415234402216
636.3729496549
636.068212274307
636.028271125427
635.945737123259
635.202340620566
635.194906236001
635.097096396541
634.824956445009
634.406599325344
634.035624316089
633.912468955452
633.379812116049
632.202407831451
631.835220896725
631.404387334401
631.027379992155
630.956592970908
630.875131648806
630.675680224011
629.568349608969
629.526985337621
629.248078429107
629.21295533586
629.142293566185
628.764181184493
628.254079750834
627.776314069564
627.696806786272
627.691306143881
627.369134792343
626.627458881663
626.443080506311
626.230042643925
626.185636337639
626.105831824442
626.061234905544
625.805205839853
625.588050662348
625.50404789285
625.336949436096
624.548395339178
624.241296584094
624.123986223925
623.648827467641
623.641315376207
623.618967101825
623.238549967882
622.731426287227
622.702213656145
622.035323496711
621.664274309878
621.624142642854
621.58663054782
621.370295692604
621.367447257413
621.259076169809
621.250751536703
620.99417061676
620.928619648724
620.89219499202
620.57555534097
620.394335255997
620.379413608235
620.317864763951
620.248801410817
620.048876621076
619.838473790972
619.562141869964
619.486445188238
619.287010963867
619.185395264848
619.151814456987
618.904854718934
618.658261237088
618.541384379344
618.451854585463
618.395432779389
618.350505629907
618.1068836726
617.958614794379
617.763530613453
617.453303714958
617.256688555715
617.108466625221
617.011939085038
616.982026119512
616.891392156631
616.789372912386
616.379122528912
616.372225062723
616.136699744092
616.029783086352
616.020441385049
615.990030147755
615.894205223881
615.580616907581
615.570882761944
615.483410976552
615.475214341888
615.450710331804
615.347065888711
615.333787216549
615.333004675618
615.284178948776
615.259474439916
615.227032043761
615.18912198737
615.111579453566
615.077916213708
614.913322009778
614.85598499914
614.791478630482
614.784598927444
614.734508461237
614.591304718934
614.374580820293
614.287777776516
614.269759330318
614.145232980379
613.780016830798
613.691723380484
613.632902299842
613.61981596917
613.291797036922
613.083568738832
612.943516903061
612.930325299378
612.892404012854
612.865281768026
612.763805556888
612.760333602474
612.608239207901
612.523747689793
612.381498672638
612.321466772647
612.253096023061
612.031205724612
612.013642193249
612.009608195375
611.960787128167
611.7775308628
611.573180409427
611.567430551736
611.540882779687
611.536363770854
611.48953101795
611.4574895669
611.437650914476
611.431019157348
611.364505624027
611.29100493227
611.278444197484
611.223290746956
611.221637554015
611.219610298332
611.197127681158
611.177661718282
611.175495791074
611.173283593674
611.011930826201
610.814006517121
610.570806413412
610.482119649038
610.452342852476
610.185182429168
610.17891080874
610.081838917251
609.954648499199
609.834010699615
609.620817894562
609.592042079373
609.427389105831
609.427217944233
608.73817544121
608.64066415955
608.574263203972
608.562299275659
608.529193734434
608.470008138694
608.326958346699
608.23067492696
608.199213781257
608.11954277331
608.113988438938
607.954262462495
607.909406999163
607.867093952618
607.818217527421
607.783643712651
607.755714656988
607.748744517971
607.566149026441
607.51630574284
607.501796928332
607.404684803231
607.336034385503
607.144553691118
607.08781262834
606.997214277217
606.985322753982
606.969277516435
606.95284022223
606.828597814277
606.826640928065
606.762734252082
606.69360775825
606.673650403214
606.658353970864
606.635821792422
606.624669776926
606.415395064274
606.399145157778
606.323842851261
606.275119760693
606.201532827823
606.154747246673
606.149143552328
605.9691688465
605.897790999428
605.843141187099
605.614969336874
605.572248091994
605.531724853242
605.512176377739
605.41340800748
605.362001948094
605.314682782212
605.170970752587
605.13090730222
605.01099782755
604.962276627367
604.822477358
604.81469567828
604.467861109188
604.390679529824
604.359028682161
604.339545782605
604.3166173464
604.26994268282
604.249665790114
604.234107117092
604.225206812809
604.212646055362
604.179224167737
604.171669859451
604.11254394342
604.08389007595
603.887810979373
603.801749120465
603.786957322699
603.739390461662
603.694933787621
603.644618977169
603.5160466027
603.47623171135
603.366001554698
603.251141363677
603.229039539657
603.21655986472
603.160351475785
603.059223874179
603.037058285339
603.017248061188
603.007454746758
602.943972543088
602.913129853656
602.88394647495
602.814455780007
602.771165782075
602.737334489264
602.669610829875
602.524872745064
602.489504105113
602.435158316511
602.413082311963
602.36827611639
602.326665004334
602.272039927768
602.255910793699
602.184387314084
602.025949951252
601.988817123495
601.953659034222
601.583156268997
601.541551512434
601.076508835399
601.068286443278
600.943953285096
600.925295063231
600.9187721874
600.879205452455
600.873717804363
600.842967361704
600.803323028221
600.752109470728
600.711855371341
600.695274910234
600.665453431561
600.641432612861
600.602252359803
600.571708954754
600.529453313379
600.514553067369
600.48865922289
600.455145463841
600.387128545827
600.360466695055
600.350838993806
600.207580517492
600.205718607703
600.129416181429
600.120039148762
600.092592791025
600.032255385343
599.937778079666
599.70411941007
599.621479354142
599.613755628645
599.604931231987
599.543347682593
599.508125452933
599.486842697302
599.485715570974
599.446532847399
599.420152234546
599.373147699131
599.333472647197
599.275069979017
599.255090890339
599.230442065985
599.228308448056
599.174970259615
599.05636912324
599.008872226671
598.979249427941
598.963791824196
598.947774826404
598.945712102435
598.902619049923
598.863371794249
598.853098337834
598.801102450797
598.800192179059
598.75444003292
598.510823860373
598.480533642751
598.478606537837
598.432482279534
598.423217335972
598.381510075029
598.338929068604
598.290944768851
598.287819098894
598.285980313818
598.193390351684
598.174837960224
598.168196540665
598.099495400934
597.935428606793
597.845099476312
597.767710957885
597.725125479356
597.665667896369
597.640998847666
597.615898895547
597.538305156202
597.487269910201
597.472904812734
597.452739693217
597.43268281921
597.422328107124
597.420902504989
597.378460572565
597.282359427412
597.28208481631
597.256428935041
597.121474641506
597.057200007435
597.05035915938
597.024100615776
597.004040270768
596.966415449074
596.835953280267
596.80979857874
596.799318740002
596.798734655938
596.795244300476
596.762979878368
596.710405069187
596.706261518053
596.680107058449
596.645234502863
596.625915079145
596.61360324871
596.60428255023
596.556534287267
596.543550617572
596.462517886678
596.455833951013
596.33095363935
596.271190794582
596.261002042314
596.164321059948
596.122867454302
596.109137889209
596.070579463477
595.999211817672
595.905284984522
595.898663432339
595.846762178315
595.840070585538
595.823007655545
595.810832110706
595.807612240637
595.804746398714
595.753028172967
595.7437047178
595.737917895471
595.700986895348
595.699177758602
595.657538814268
595.59800374497
595.57531109086
595.497514297508
595.47551212418
595.44832189004
595.384175860974
595.366263398534
595.340716001972
595.295417158636
595.19004931795
595.12468954954
595.04667930455
595.036093506429
595.019600660858
594.975450754393
594.901742425791
594.869308770755
594.864882062637
594.859898568129
594.760960659296
594.614721054272
594.583524723867
594.571350362266
594.538237461643
594.532127373496
594.517371125069
594.504958085419
594.50428660334
594.440401507051
594.377592595623
594.245284730941
594.205684954754
594.171844123715
594.119463053828
594.055409059597
594.018141670405
594.007175558531
593.964782562114
593.953296092103
593.945425504099
593.918859473118
593.881127409728
593.875941337184
593.817715266122
593.814685594771
593.810882058742
593.678982745287
593.662239847175
593.631648312404
593.601179569751
593.596074956196
593.544438991457
593.54224780492
593.505364232557
593.495167615795
593.447581538841
593.444630445237
593.316335049643
607.504403137332
593.372419600866
603.879112883878
601.625145025537
605.96863292288
602.640073913186
606.582200586354
616.559776013233
621.236202991733
617.010973969647
612.24369209132
642.463287292507
605.157440525485
620.366759937511
621.349032614833
594.663672851282
602.596160867015
610.658367954899
620.357551445051
597.884022477097
600.316742981656
595.677762430525
621.543771153042
622.501534510717
622.333303671383
593.926853104186
664.780712145928
629.521872046167
606.172005781504
595.235227603078
609.446807810355
604.633992432152
601.218213967721
603.5751443465
610.851436961437
593.292793685876
620.320078791289
599.444454613411
613.675610623573
623.305157135756
612.879786587456
610.276692727709
615.486683542098
598.565790869961
621.003612409757
596.341155324834
627.807517592745
608.236576110839
625.522536561527
621.970436575187
600.892923661414
605.562601917655
628.595706960115
632.63976074939
595.11471428217
632.797393274542
618.581643183996
631.991636530653
624.865753204374
630.988283011715
599.662326891241
604.904438648999
595.92134707255
603.321195541351
606.075789713515
598.842226099065
601.144737682234
614.133141997967
595.914880575305
610.523686354089
622.670828334812
615.812072542768
633.757751532784
596.416106004072
649.18635266753
603.39573150018
605.041053491781
594.140000914827
620.510827662656
625.140094533563
621.992123723582
617.811355597411
616.433035418942
602.755715874373
611.787078502419
611.140897419953
603.221346684892
595.682658990506
604.135368785759
624.109328517707
626.84372234488
596.34116106848
600.878199955277
593.413243461222
594.912261224687
622.921202527342
620.452249319225
620.048398022118
615.125434517381
611.725145865122
606.928068543783
625.014979082428
611.595934225824
593.285026939049
613.210047449918
599.330734115575
596.098354126795
602.791102611125
631.754131300926
612.597200527492
599.748304369445
601.78598891276
615.022279103537
593.534912863798
594.683293487524
593.343056191487
595.480347103815
617.863390475374
637.757583647659
618.319673267653
606.604604245424
657.98606827075
602.668031763834
612.626188720335
613.300680674611
639.68154261468
599.979117007915
638.055000405669
599.857733781078
627.494623785929
599.790830250049
618.78906790484
623.207368268621
595.621554629807
652.622327266711
631.969842930492
637.544698218282
617.881605691906
620.44525761942
602.197567183491
608.753110511048
629.057746777332
611.546600579622
595.336851323946
639.772828412957
613.05946510522
611.584289907517
616.994778222879
630.366059609952
607.565217042721
607.663182645797
618.766216224087
608.18816793626
604.59707826666
609.983736974226
613.216111355261
607.472725000905
615.725965353828
597.866281784689
600.995260435977
612.358310041187
593.617404065648
599.147274791877
632.076793229277
602.50231243268
639.027747177885
598.50181545907
600.48106822212
619.404901278647
606.856062362835
644.46207395729
593.920821356511
597.291172056591
620.440114994226
636.466207779705
615.338120855719
612.572047854619
602.720375348979
594.673747798393
598.473736787906
630.579730315079
595.75400880991
636.108841726259
617.850672521765
600.153213083175
597.93381804675
597.177032520626
620.256515189483
593.30026273619
593.974601546835
607.893320351335
639.760118750542
654.365816667132
643.165064717463
632.079357419315
617.66376831864
600.021142770521
593.575766848025
605.577926683603
638.960129828554
608.22015956122
596.751002184508
605.384695384644
621.747438042303
639.39685459603
620.641519675326
593.919867658676
621.424491014879
594.668736137166
638.773517151661
611.860189899256
611.783278190591
606.949130707046
617.644712197426
595.643335151154
607.458463677202
602.45221101748
621.428377753204
603.601972530529
596.373804864884
646.721266667169
614.416619031713
607.477423268029
601.048904867157
656.06969531182
628.149550420395
635.774589121102
598.168130034992
608.615822122548
612.973674007285
603.189585653498
647.113082205826
604.596820604162
612.86450998065
610.756035495302
619.281786356741
622.137209227332
605.809754616213
593.30366777027
624.563203875546
595.95908422734
593.960673032079
612.907153785893
633.649221835031
644.604599300793
620.702482017145
619.080739947307
610.244038289752
609.723404108251
632.01882803047
618.483150380955
628.28913588325
598.915913832809
595.933889222496
594.288448021421
612.994703563838
622.440417174265
599.585616237069
650.236409740851
594.620955692113
601.630075549693
593.303088486814
593.856699838576
624.736295299337
631.829024617369
655.712291076281
620.638619631381
624.593540712448
601.412105099071
603.373274654979
614.847185457974
598.954335527029
596.354765355502
609.933919904172
596.548201336126
610.016686636391
606.988442708696
596.355180503481
611.051859643866
646.579973485986
596.196280179476
596.915774029676
614.13394164902
602.861192070178
603.398256891707
618.802241348477
605.848477309856
598.672801810793
605.700113548669
594.10896207862
613.509153450001
608.875761108898
611.054038603949
633.472280795697
606.672654790156
637.419301403314
621.755948709238
606.467346234087
618.004777073344
594.481509092997
603.289143379923
624.812094217469
611.745384753634
611.438939445188
628.79752374712
623.975130104168
607.095203677174
618.12859386283
637.024295089175
610.546400915477
601.099826863626
606.143563669232
632.449242232886
599.259280531978
645.604344175861
618.951645826054
615.704314424856
605.652555629572
623.56566998381
597.103601361918
642.171275805411
605.188924760463
612.455907410042
603.063328437946
627.93348809939
619.867692652577
624.690776967319
601.273568886696
605.148749944641
593.465873421598
596.840413394291
616.302166429914
596.782526317204
622.544347522634
615.212698371043
601.651120536416
601.25198542929
636.94547194205
610.061874454928
627.446843630585
606.251801682972
624.113649981514
615.794056673313
631.756849642471
621.175364063013
606.121901587394
594.567292770192
602.690897711881
617.917825835494
616.064095279044
615.257121427699
598.619485474864
634.929572962025
649.859107784004
650.845183973269
638.474754872875
596.243443702326
602.152977077731
612.353156531143
620.504307766702
618.242380807871
602.164810525512
597.246914565517
602.997295108057
613.737249937173
597.090661028656
603.087281158241
599.590985744009
612.882501259584
594.091550196477
618.421085902488
595.051441498176
615.076637991519
599.562076811809
603.580840488157
605.234392289128
621.39320113098
628.420502563664
619.76216518153
598.77922544924
599.108313728581
615.090952313001
632.452655102087
606.235734192293
608.533678218882
597.780716935497
644.895814327537
617.744481246523
603.237494650489
603.870543188297
612.641345351102
610.197429452547
605.7584067707
629.706981939501
619.836237796027
599.267062183947
600.512536740482
611.975147568094
613.600560623914
610.473333438057
593.833792089632
633.351513208684
636.247509921048
615.521244363529
600.925433145374
607.912783069287
606.120294915537
622.335889068857
598.520813792657
630.582205226508
623.10793776632
601.093063146425
593.606578427198
594.25212044837
627.327001292312
596.089222025956
649.310679012393
604.635531292402
597.41257280529
630.109465254512
617.030201630214
599.756174403197
604.901422152288
601.498884999309
612.398045178486
606.576218011341
608.030643321184
601.112047616097
594.624890714901
597.303711695188
622.283821016585
605.807095812784
615.869889185255
633.880726778491
607.619910369061
596.244043874433
597.783424632725
593.762299869068
617.844152924381
595.24306467281
598.361257556214
615.785950809257
596.443601651108
594.479223678581
625.742275758016
597.61994751688
627.098513470018
634.531693233458
628.341819486226
607.029830031906
620.3141314935
610.204853432167
648.902896238868
612.512960071918
610.32228651786
613.715448337174
593.506815017449
594.440842034152
624.31936508945
600.215959159658
618.017361556817
635.277057270353
593.979643537336
613.296417364777
593.435846015651
596.738709664812
597.741838866995
599.2795826918
614.256298132136
621.37257619442
634.081087125689
601.148133153734
606.843286423298
617.821223880169
619.258801333785
635.881072565557
604.762515192778
597.071124334994
599.416039322627
615.472771405182
650.080531673254
629.238289174826
606.114649160169
604.835961058842
613.878000888976
608.114328989328
624.038021341133
628.543681309349
647.514521601372
602.283932923509
615.202318777695
618.515434459349
625.344171882435
614.754732308577
604.68415452211
643.341908787489
597.314060197378
599.942647561643
594.650610380355
621.727306619067
609.354691868302
615.199623945431
