1180.47153408988
1180.47262508475
1180.47305839731
1180.47331983144
1180.47398577814
1180.47422093087
1180.47585790188
1180.47825012351
1180.4787598333
1180.47935075026
1180.47987027543
1180.47994416091
1180.48215750908
1180.48231704707
1180.48301226507
1180.48401572174
1180.48471370525
1180.48505228101
1180.48977844274
1180.4901750608
1180.49054513514
1180.49316023792
1180.49531090983
1180.49535989131
1180.49859880032
1180.49891670975
1180.4990182884
1180.49940957919
1180.50024906803
1180.50240424489
1180.50637163842
1180.50637364739
1180.50764036951
1180.5083143286
1180.51137340838
1180.51261745464
1180.51392342186
1180.51475949625
1180.51665795225
1180.51698444862
1180.51715671672
1180.51719546343
1180.51896609748
1180.52513563269
1180.52584164145
1180.52839291098
1180.52910939023
1180.53013117002
1180.53041193597
1180.53085685312
1180.53131146134
1180.53307198327
1180.53396170247
1180.53919303856
1180.54016064045
1180.54139558812
1180.54193946756
1180.54206052551
1180.54343256914
1180.54455135007
1180.54465591152
1180.54494601217
1180.54577035139
1180.54635357614
1180.54659740191
1180.54659878208
1180.54841219509
1180.54847995083
1180.54888691514
1180.54990750767
1180.55113750036
1180.55190243351
1180.55243139369
1180.55321850338
1180.55339513681
1180.55376198377
1180.55471268731
1180.55551386533
1180.55703663621
1180.55792119264
1180.55885097234
1180.55898648486
1180.56056710154
1180.56111731956
1180.56180371404
1180.56217371442
1180.56356328408
1180.56381236928
1180.56409020948
1180.56490385109
1180.56494624111
1180.56882908693
1180.56903856
1180.56980796792
1180.56990800234
1180.57228932297
1180.57294294702
1180.57313100791
1180.57341981964
1180.57558029525
1180.57812412925
1180.57823518072
1180.57953472803
1180.58042395504
1180.58105126216
1180.58159698142
1180.58324038759
1180.58343377747
1180.5847417881
1180.58550514075
1180.58643116288
1180.58705454596
1180.58868454562
1180.58943893045
1180.58979261293
1180.59226938615
1180.5927903369
1180.59320418181
1180.59353745366
1180.59513033901
1180.59540297182
1180.59623661814
1180.59762091799
1180.59793865728
1180.59933734989
1180.60002415662
1180.60027708262
1180.60129817032
1180.60151049538
1180.60207935984
1180.60208783981
1180.60222365254
1180.60251120768
1180.60283080668
1180.60284522283
1180.60384524179
1180.60385318164
1180.60506095891
1180.60588795093
1180.60679762219
1180.60750795638
1180.61098605567
1180.61197160353
1180.61444170752
1180.61801993939
1180.61904248424
1180.62234960301
1180.62366138723
1180.62560475655
1180.62645245316
1180.62662333967
1180.6272362481
1180.62825528906
1180.63047700545
1180.63152493116
1180.63350528402
1180.63419178151
1180.63433979
1180.63482667424
1180.63535518149
1180.6358785583
1180.63787670273
1180.6385458495
1180.63878606238
1180.6392422626
1180.63939850199
1180.64056854319
1180.64099131315
1180.64108722216
1180.6420406232
1180.64314781199
1180.64315444888
1180.64318040141
1180.64390005588
1180.64618806691
1180.64660614449
1180.64702649725
1180.64725301885
1180.6472694228
1180.64925821958
1180.65009495324
1180.65102047679
1180.65201017947
1180.65362032433
1180.65411841031
1180.65492688719
1180.6571217833
1180.65752104363
1180.65906954382
1180.65983446788
1180.66126413402
1180.66163443453
1180.66361766215
1180.66509470519
1180.66624884871
1180.66637297274
1180.66711118121
1180.66775022764
1180.6705810388
1180.67079748346
1180.67139166329
1180.6778797786
1180.67907661347
1180.68404098061
1180.68503004645
1180.68575281695
1180.68817301699
1180.68895085338
1180.68930412624
1180.69092731941
1180.69739407242
1180.6974426248
1180.69824345456
1180.69865238373
1180.70034626778
1180.7024867811
1180.70279475543
1180.70295902203
1180.70475558003
1180.70555797243
1180.70916046023
1180.71165696605
1180.71274528379
1180.7130682756
1180.71383158057
1180.71400908425
1180.71420847676
1180.71431591466
1180.71439370531
1180.71565948237
1180.71630290418
1180.71670013876
1180.71681283173
1180.7174788039
1180.71794526188
1180.71827143964
1180.71832007461
1180.71965416709
1180.72263251753
1180.72447765761
1180.72631165314
1180.72676887435
1180.72679638115
1180.72774073279
1180.72811586664
1180.73251150193
1180.73502900791
1180.7361037685
1180.73697169668
1180.73872815551
1180.74239074121
1180.7427898492
1180.74386808544
1180.74455127272
1180.74503893586
1180.74602340671
1180.74837257209
1180.74888051398
1180.74967715399
1180.75414977032
1180.75727534585
1180.75740369556
1180.75827451451
1180.75970622786
1180.76185449797
1180.76185503235
1180.76259886253
1180.7637220785
1180.76847003619
1180.76866551635
1180.76954905057
1180.77498930698
1180.77660079899
1180.77846241419
1180.77893443277
1180.78484776594
1180.7855852648
1180.7875973852
1180.7886710237
1180.79082044599
1180.79377556101
1180.79486897063
1180.79990315232
1180.80448512516
1180.80711877329
1180.80909356001
1180.81252786923
1180.81289038161
1180.81303197633
1180.81917538081
1180.82136781464
1180.82419859359
1180.8250145481
1180.8253109078
1180.82887721553
1180.82903950088
1180.83149625441
1180.83174158681
1180.83276036468
1180.83689309208
1180.83864148313
1180.84115460526
1180.84125992778
1180.84316160919
1180.8451592906
1180.84698383245
1180.84715630651
1180.8471725432
1180.84729864976
1180.84747847044
1180.84777222859
1180.84894561611
1180.8502841682
1180.85377988593
1180.85399574526
1180.85796242966
1180.86362848494
1180.8664766612
1180.86724077455
1180.8678436852
1180.87013525561
1180.8729335017
1180.8741927098
1180.87460196011
1180.87470550923
1180.87571578078
1180.88563331394
1180.88569295747
1180.8880454063
1180.88938302183
1180.88972392496
1180.89438412256
1180.89530140515
1180.89637602917
1180.89718122753
1180.89753577968
1180.89847387023
1180.89878843635
1180.90314827969
1180.90322328152
1180.90523281486
1180.90535971705
1180.90707958856
1180.91091155507
1180.91130775455
1180.91154609435
1180.91241504196
1180.91579297786
1180.91980062392
1180.92259376492
1180.92782141002
1180.92888215073
1180.92889855903
1180.93012341873
1180.93423649088
1180.9348719621
1180.93581132267
1180.94602402553
1180.94637338032
1180.94694410997
1180.94783895533
1180.94821807856
1180.95098962694
1180.95348863711
1180.95554395955
1180.95625481105
1180.95633819093
1180.95748899931
1180.9636806646
1180.96511993825
1180.96599893443
1180.96851711809
1180.96905979034
1180.97067158568
1180.97090580175
1180.9709317863
1180.97529863313
1180.97532322905
1180.97734164762
1180.97857224754
1180.98073736991
1180.98168542549
1180.98688510271
1180.98907625206
1180.99053353532
1180.99247511604
1180.99408456779
1180.99506547974
1180.99635873347
1180.99828171301
1180.99885199052
1180.99967741233
1181.00375778627
1181.00484771732
1181.00566273666
1181.00652299512
1181.00816844622
1181.01442427859
1181.01731888389
1181.02053916529
1181.02630968926
1181.02754896945
1181.02903664066
1181.03143091833
1181.03559365958
1181.036168818
1181.03753380342
1181.03806809585
1181.04081300346
1181.040888216
1181.04174135825
1181.04382298299
1181.04856896552
1181.0530444264
1181.05842790879
1181.06966403772
1181.06980011355
1181.07302104923
1181.07451913202
1181.07608248697
1181.07713819135
1181.08280412176
1181.08417195893
1181.08446685354
1181.0893311883
1181.09238483995
1181.09312966828
1181.0972275736
1181.10184427107
1181.10545287423
1181.10567402934
1181.10625034265
1181.10662688138
1181.10753804462
1181.11664613281
1181.12097611437
1181.12262642701
1181.1305686959
1181.13323349206
1181.1351996213
1181.15426526377
1181.15906126094
1181.16089409629
1181.16413368925
1181.16830214076
1181.17882753981
1181.18963711967
1181.19075403312
1181.19119361993
1181.19840468038
1181.20335109739
1181.20854362233
1181.22037661136
1181.23175360952
1181.2323584433
1181.23878814419
1181.26206431621
1181.26884795557
1181.27560173855
1181.27850149685
1181.2803784821
1181.29000402906
1181.29466298632
1181.30163225421
1181.3017200348
1181.30412420877
1181.31069739923
1181.31723179093
1181.32879601196
1181.33857381182
1181.34312173237
1181.37224454157
1181.39824930266
1181.42788631359
1181.43136462219
1181.4505861274
1181.46560222422
1181.48107033715
1181.48711382294
1181.49550972822
1181.51536700644
1181.51841777079
1181.52622877613
1181.55750579702
1181.56547018563
1181.57419380429
1181.58128563904
1181.6007091345
1181.60102804133
1181.60184761963
1181.61497701739
1181.68244003402
1181.7030203421
1181.74072709772
1181.77192579319
1181.81843694232
1181.85951987132
1181.86820702894
1181.86958140975
1182.12716039262
1180.93576057346
1180.48329300225
1181.16258065401
1180.58543275399
1180.68986205788
1180.69692127618
1180.69064227575
1180.6579235385
1180.63709126149
1180.8200158244
1180.48293854981
1180.64219762661
1180.84849987336
1180.48928077057
1180.86299404947
1180.56217385848
1180.58601804781
1180.55037918604
1180.66245572295
1180.84604096454
1180.86243164167
1180.66181275302
1181.31322850518
1181.32868600221
1181.71292903801
1180.81738560709
1180.9631364605
1180.66434487497
1181.03960849774
1180.88448783359
1181.14741915919
1180.69809065416
1181.01534002802
1180.8787232862
1180.82959216781
1181.04493649344
1180.79951206208
1180.77981222909
1180.49757018442
1180.6720630481
1180.85464314121
1180.49682456873
1180.70261878365
1180.93483338341
1180.57491783654
1180.53548882048
1180.63110073457
1180.72354876436
1180.63218066031
1180.87593906126
1180.7270529179
1180.91991862144
1181.18079869053
1180.85089208277
1180.82555882036
1180.97520165241
1180.84180781957
1181.47232221707
1180.97305197562
1180.80369216258
1181.46263358189
1180.51552903233
1181.29378070928
1180.63675622781
1180.85998048762
1180.57633251045
1180.62074012372
1180.93435888018
1181.18686185267
1180.50420187873
1180.83967089347
1180.97424639183
1180.92515035805
1180.89270119442
1180.78709892788
1181.20205618939
1182.01650644255
1180.59690943329
1180.75862556855
1180.69622227409
1180.83675365444
1181.22533847393
1180.74963222613
1181.18366830974
1180.72632962908
1180.52419845534
1180.66749295751
1180.66925440897
1180.50207250963
1180.89544283503
1180.81758847745
1180.52873307389
1180.66835067463
1181.08723662401
1180.88228489475
1181.23070676712
1181.07121772397
1180.50367957354
1181.09860682724
1180.61643718149
1182.23181513145
1180.53819422144
1180.67681078288
1180.52694740057
1181.01212032241
1180.75859282841
1180.88287121459
1181.15482040943
1180.86230373566
1180.63136554261
1180.85590658157
1180.59041874443
1181.58674163167
1180.6578098151
1180.69780937434
1180.52326911588
1181.65641125076
1180.79047750895
1180.70993107386
1180.51778731622
1180.5044607216
1180.78894691743
1181.32478119297
1180.5315049139
1181.60495850739
1180.88234033349
1181.00393997425
1180.8556434496
1180.84431283956
1181.03680125379
1181.42951490849
1181.04911011707
1180.5090687017
1180.86875884117
1180.72401589331
1180.63664915364
1180.56653174114
1180.6380324992
1180.93594758291
1180.93589969034
1181.28949479804
1180.8073433753
1181.17229201819
1180.66009806772
1180.68302630441
1180.68647748705
1180.50398293153
1180.95309048953
1180.65102605832
1180.70614610251
1180.96551988687
1180.98876297207
1180.52246982958
1180.59952758198
1181.14315928559
1180.68903465217
1180.63543419857
1180.90555226301
1180.8606283008
1180.52347814533
1181.11424774163
1180.55678760702
1180.59968079884
1180.73671503012
1180.51986969898
1180.76583037476
1181.17210909296
1180.57152303716
1180.85913938783
1180.96658935248
1180.51591568786
1180.53293104254
1180.61318839868
1180.62614610606
1181.02227525464
1180.74501285413
1180.50964250208
1181.24920074967
1180.48939421162
1181.00046333336
1180.6347579564
1180.6863829103
1180.77539829523
1180.70717680579
1180.82992084508
1181.47013865262
1181.10726898697
1181.12716541467
1180.8196120319
1180.91845387404
1180.91897309943
1180.69212471496
1180.51557589683
1181.40500015533
1180.60529745267
1180.69141900887
1180.74191228802
1181.00019272435
1180.73149576947
1180.58666733388
1181.15732085648
1180.53678288015
1180.70779826775
1181.28129116485
1180.56655525804
1181.21045124857
1180.94381415614
1181.92356609344
1180.68458415388
1180.56010889845
1180.56559818935
1180.66794336538
1180.99692360764
1181.96903723686
1180.47077163897
1180.76798671729
1181.21002098043
1180.52885566704
1180.53379456678
1180.50835619794
1180.68947138893
1180.71995002823
1181.15118808572
1180.55737080275
1180.49012663645
1181.51696845034
1180.73143172808
1180.60228019502
1180.74246794794
1180.66017743236
1181.25094402126
1180.56953050764
1180.60376503713
1181.02834753714
1180.65922412961
1180.73858623156
1180.79556868637
1180.89187586929
1180.71362697327
1180.5864062267
1181.34688787971
1180.74828235462
1181.21232765625
1182.08677744361
1181.34910293251
1180.84558851515
1180.51358384072
1180.4757802023
1180.72999664308
1181.1460638496
1180.60534920887
1180.52569011127
1180.84469341619
1180.81660393397
1180.65108171805
1180.68383673569
1180.87002036794
1180.78351554489
1180.71426154302
1180.65549300865
1180.67840012573
1181.173730474
1181.23380613636
1181.57105197829
1180.64617535176
1181.02428133285
1181.25663299035
1180.59357424154
1180.92005510661
1180.53949018774
1180.63481059492
1180.53713853846
1181.41377041958
1180.87777801364
1181.28466664442
1181.58058894569
1180.96815979062
1180.8243085731
1180.51494931877
1181.1489183631
1181.11657747557
1181.17235373717
1180.61858584229
1180.7810648743
1181.10985146167
1180.54769804811
1180.70128929636
1180.91802127281
1180.57423911175
1180.63457981743
1181.08470854007
1181.35494017874
1180.48823394768
1181.10862720003
1180.71909755024
1181.11160883466
1181.06657648302
1180.78683411522
1181.3551604733
1180.88893119796
1181.03267321706
1180.48398551535
1180.96106536463
1181.04719501201
1181.61833167884
1180.67703827192
1180.90682334291
1180.854763551
1180.65484828808
1180.73064153575
1180.6618234578
1180.51404469989
1180.76689530724
1180.71157539815
1181.30618548346
1180.50793324781
1180.86751344086
1180.74398875607
1180.68425212328
1180.71063255966
1180.95951274432
1180.80871121414
1180.83383027227
1180.47648955536
1180.64027995791
1180.5618513366
1181.24863715918
1180.69322290426
1181.15401181981
1180.98252654303
1180.66643344839
1180.55857818741
1180.48036817109
1181.77554670139
1181.23556238054
1180.78029472812
1180.70877281605
1180.9353093873
1181.23955600917
1180.64029732013
1180.55807373861
1181.02211839001
1180.68487819574
1181.18981054105
1180.78339181249
1180.89591346227
1180.77539377937
1181.32010564396
1180.48020955922
1181.06679819959
1181.21170690237
1180.47737135671
1180.85781616145
1180.7276927649
1180.4943676425
1180.59873851109
1180.83895773217
1182.18096074734
1180.89751018196
1180.65270022137
1180.69871688016
1180.69525836734
1180.96159057669
1180.70276682794
1180.56699285098
1180.90393078745
1180.53303307187
1180.68525665979
1180.48987713541
1180.79804421606
1180.49085640487
1180.98466530258
1180.84555258659
1181.04135369068
1180.56657153776
1180.52646677538
1181.84795605027
1181.26737209556
1181.27789764953
1181.35371486634
1180.61521300767
1180.49632009978
1180.62278481661
1181.20758694452
1180.61631443253
1180.61511595202
1180.5228913133
1180.92488536132
1180.59686279503
1180.96627192542
1180.67670545869
1181.3652338451
1181.76533164997
1181.06933000384
1180.87593339698
1180.66512589368
1180.62954910878
1180.80233097451
1180.92672909545
1180.93540916225
1180.7556909601
1180.51284759114
1180.9208015834
1180.92767878508
1180.57296499359
1180.60364843038
1180.54428114898
1181.42140378858
1180.89903697182
1180.82463986078
1180.7735763418
1180.66609260455
1180.69581594162
1180.65187936821
1180.83956353353
1180.51484267231
1181.07426109729
1180.71650747743
1182.12090613926
1180.62867493663
1180.53834358963
1181.38484200788
1180.56804029952
1181.2209901138
1180.83065765381
1180.87949374295
1182.02536579215
1181.58881383275
1180.95933443201
1181.59434044471
1180.58801855674
1181.43768709507
1181.07498727668
1180.47098293244
1180.62286871072
1180.88853598388
1180.50372947331
1180.47961745567
1180.66167880889
1180.52952942909
1180.9046883407
1182.26013863958
1180.75813037351
1180.51522420304
1180.48576372192
1180.50786468371
1181.13269425857
1180.52020183039
1180.55111956637
1180.76396036955
1181.13905394381
1180.95903807228
1180.51749251475
1180.83906207097
1180.83646884328
1181.49789152001
1180.78524997994
1180.52471861288
1180.80822190095
1180.59281984069
1181.99320967366
1180.56130525163
1180.97625702092
1181.77118289382
1180.64098094224
1182.09257765882
1180.85835305585
1180.97429289895
1180.91129264755
1180.95309738112
1180.73703010656
1180.56200740429
1181.09756585333
1181.18382544599
1180.74866622232
1181.06733072445
1180.69259348832
1180.48630315949
1181.04338573362
1180.80050290874
1181.56901106509
1180.48260487197
1181.13059166057
1180.80926792881
1180.64246056807
1180.70535700762
1180.47473620546
1180.5527789774
1180.6160379546
1180.99947841536
1180.88330910019
1180.56264754791
1180.60965346426
1180.85871319703
1180.88287208008
1180.49945732288
1180.6356343964
1181.19351283469
1180.5144198629
1180.71564424062
