1140.24434363815
1140.16788991525
1139.80629045277
1139.75139045711
1139.71086148551
1139.67231278559
1139.64851740413
1139.59292247655
1139.54505466389
1139.53203441407
1139.52658432916
1139.52498464983
1139.5012995337
1139.41296408637
1139.40911890465
1139.38278968727
1139.37149224468
1139.36807848689
1139.34757703041
1139.34711764323
1139.15157649902
1139.15154165639
1139.1325104013
1139.12735287416
1139.12149688731
1139.12057885271
1139.11037051846
1139.10585085606
1139.09359013404
1139.08674557968
1139.07699831176
1139.0764874039
1139.07426785793
1139.05927966242
1139.04777841105
1139.04391460885
1139.03645167514
1139.02547828264
1139.0169485902
1139.01240663529
1138.97495578067
1138.95543646767
1138.93915187932
1138.93096878705
1138.92986316303
1138.90337848688
1138.89393975879
1138.89150033775
1138.88661868863
1138.86100170003
1138.84510730401
1138.82480763403
1138.82316085665
1138.81729578014
1138.81662860714
1138.81497806274
1138.80127759962
1138.79260640917
1138.78470621124
1138.77840538587
1138.7774333481
1138.77008723701
1138.76058732799
1138.74995180383
1138.7482350657
1138.73375856493
1138.7312950411
1138.72896713031
1138.72433906866
1138.72153337923
1138.7070785508
1138.70260627463
1138.68973967864
1138.68900503543
1138.68114382295
1138.67736724881
1138.67162455231
1138.65307543123
1138.64811393208
1138.64323491186
1138.63841294956
1138.60496575341
1138.60398238936
1138.59649911042
1138.59460729734
1138.57682254363
1138.56775107523
1138.55402339762
1138.54411327972
1138.52882849995
1138.50673676194
1138.50418790942
1138.50412465772
1138.5025148517
1138.49971589411
1138.49854124821
1138.49730700005
1138.49620707641
1138.49359280838
1138.4928282232
1138.48742520185
1138.48713207341
1138.48444450609
1138.48197723636
1138.48197080467
1138.47291086594
1138.47102210858
1138.46880307696
1138.46547165711
1138.46517311901
1138.45985477536
1138.45790042725
1138.45380791411
1138.45102769895
1138.44657589839
1138.44359054218
1138.42627173557
1138.42458368453
1138.42011756547
1138.41324259088
1138.4106644225
1138.40856914231
1138.39138956539
1138.377439504
1138.37130705212
1138.36763571777
1138.36487189828
1138.35603238628
1138.35517367823
1138.35377909689
1138.35264067292
1138.34743594923
1138.34535168063
1138.33243564646
1138.32911385026
1138.32481970292
1138.32016590862
1138.31961201899
1138.31289729018
1138.30761719018
1138.304603367
1138.30348911486
1138.30184660038
1138.29685873918
1138.29538326527
1138.28688091397
1138.2856780762
1138.28288080673
1138.27609439809
1138.2733795581
1138.27141645481
1138.26629779881
1138.26571069586
1138.26100094561
1138.2596614145
1138.25800323008
1138.25446546673
1138.25344118076
1138.2525742736
1138.24935190986
1138.24810004779
1138.24525354464
1138.23889540075
1138.23639333
1138.23418894181
1138.23127866884
1138.22878896391
1138.2261371635
1138.22410971258
1138.22032319071
1138.21364809568
1138.20832261826
1138.20448266782
1138.2039102903
1138.20269220541
1138.20065710065
1138.19741044128
1138.19726004942
1138.19196076887
1138.19188314435
1138.18928439685
1138.18916357136
1138.18592776534
1138.18365397184
1138.18309354295
1138.18267094532
1138.18171372313
1138.18152706485
1138.17629908442
1138.17621920637
1138.17520678879
1138.17090943997
1138.16865129367
1138.16531519845
1138.16398868542
1138.16347006613
1138.16270171831
1138.16185748489
1138.16156648038
1138.16140741935
1138.16101008293
1138.15834574255
1138.15743465784
1138.15633558202
1138.15361551331
1138.14770701873
1138.14768089995
1138.14591605305
1138.1434527174
1138.13772808761
1138.13743870354
1138.13682375529
1138.13598631419
1138.13509666987
1138.1297438922
1138.12564233415
1138.12351596998
1138.12017837472
1138.11629653781
1138.11500223327
1138.11442553731
1138.11437117842
1138.11385122987
1138.1109155354
1138.11052094135
1138.11045595126
1138.10795621517
1138.1068305068
1138.10398825613
1138.10380722631
1138.10293122089
1138.10173373274
1138.10128237496
1138.0969475963
1138.09508053009
1138.09407529423
1138.09325839379
1138.09191033315
1138.09158624404
1138.09065591348
1138.08887487093
1138.08861855264
1138.08662855385
1138.08517367773
1138.08370443945
1138.08127206965
1138.08078659254
1138.0801156017
1138.07859041749
1138.07656037629
1138.07606695658
1138.07432974173
1138.07358237356
1138.07293714601
1138.0729359673
1138.07150337004
1138.0701481747
1138.0700303903
1138.06806838386
1138.06537537764
1138.06499910183
1138.06388438037
1138.05971119924
1138.05434214574
1138.05417058147
1138.05150940421
1138.05140677345
1138.05131261267
1138.0462750985
1138.04443728907
1138.03953481578
1138.03817290683
1138.03439472643
1138.03418276904
1138.02867979188
1138.02762926505
1138.02729599713
1138.02483381081
1138.0149165817
1138.01397993289
1138.01008376846
1138.00971592792
1138.00911288539
1138.00890173493
1138.00829641535
1138.00820848365
1138.00812600103
1138.00766059694
1138.00257817132
1138.00236876291
1138.00065369389
1137.99982679277
1137.99934152292
1137.998301408
1137.99799697226
1137.99722612148
1137.99672632157
1137.996296238
1137.99530124501
1137.99132595519
1137.98806695983
1137.98804231791
1137.98713740353
1137.98661521584
1137.98604350812
1137.98496778052
1137.98417401177
1137.98371556033
1137.98331968307
1137.98175061627
1137.98119022854
1137.98020879505
1137.98010513863
1137.97770227141
1137.97664456396
1137.97629664891
1137.97515051358
1137.97329356984
1137.9730486712
1137.97300430123
1137.97106990561
1137.96959767918
1137.96714519038
1137.96416320601
1137.96333823287
1137.96278860291
1137.95956928038
1137.95934809984
1137.95846954933
1137.95737691415
1137.9559601611
1137.95553335171
1137.95236737441
1137.95171157994
1137.95164499313
1137.95038180583
1137.94801368923
1137.94735352236
1137.94704091556
1137.94617697827
1137.94524961348
1137.9438241869
1137.94192476569
1137.94020722823
1137.94005733587
1137.93986611466
1137.93960844444
1137.93896372389
1137.93849455334
1137.93754661145
1137.93666507536
1137.93628427004
1137.93626184607
1137.93502943298
1137.93462811127
1137.9335598797
1137.93353964157
1137.93252583929
1137.93176085462
1137.93166813522
1137.93078504437
1137.92863309157
1137.92661582573
1137.92552451973
1137.92183151071
1137.92169054339
1137.92165339831
1137.91994160502
1137.91949856274
1137.91641846321
1137.91555198755
1137.91527443222
1137.91461225564
1137.91347813577
1137.9127228087
1137.912671494
1137.91112410854
1137.90929885437
1137.90853678631
1137.90825497491
1137.90780521365
1137.90737917612
1137.90696081184
1137.90610339331
1137.90287883993
1137.90283309344
1137.90269947328
1137.9026649075
1137.90126289351
1137.89742532284
1137.89667984496
1137.89540930913
1137.89458736456
1137.89447597306
1137.894320649
1137.89413326614
1137.89367598779
1137.89339249631
1137.89324414695
1137.88860623261
1137.88792186957
1137.88762109981
1137.88750691144
1137.88544079475
1137.8849901282
1137.88459968934
1137.88302183276
1137.88131107596
1137.88034811257
1137.88011190208
1137.87963262505
1137.87943654082
1137.87942162599
1137.87821782249
1137.87674465405
1137.87581794944
1137.8747647973
1137.87445962063
1137.87182960844
1137.87171300713
1137.87153978465
1137.87113815758
1137.87034199208
1137.87023065774
1137.86977751784
1137.86906455549
1137.86818428549
1137.86533464565
1137.86459593389
1137.86372053299
1137.86332998574
1137.86310091168
1137.86232439437
1137.86144960928
1137.85760424164
1137.85586746721
1137.85517057126
1137.85293134722
1137.85240783137
1137.85208751173
1137.85083916413
1137.8498883955
1137.84914421799
1137.84908021653
1137.84876635307
1137.84841581372
1137.8475593974
1137.84702821733
1137.84663316944
1137.84656474024
1137.84634599587
1137.84625442863
1137.84539071764
1137.84523556495
1137.84390783837
1137.84002528293
1137.83990507074
1137.83958592839
1137.8385582384
1137.83833394648
1137.8377239926
1137.83729808303
1137.83708667534
1137.83615934612
1137.8358631881
1137.83568993471
1137.83565278259
1137.83513137146
1137.8347766122
1137.83462996019
1137.83373597284
1137.8334979286
1137.83315485324
1137.83257753837
1137.83217465335
1137.83213391551
1137.8320629339
1137.83106650923
1137.83081879517
1137.82998415608
1137.8284963144
1137.8279708725
1137.82716883653
1137.82687580732
1137.82640914646
1137.82627517877
1137.82510070748
1137.8244348004
1137.82428437127
1137.82404178663
1137.82382215708
1137.82276058937
1137.82252462955
1137.82149785037
1137.82144018165
1137.82050968478
1137.81938489705
1137.81673031611
1138.54951572109
1138.77265388708
1138.63443988614
1137.95434502312
1137.86427078939
1138.01007618666
1138.38837672018
1138.06449341171
1138.6205657897
1138.69491418078
1138.04819801108
1138.02337997745
1137.8197413936
1139.43945539821
1138.1246141663
1138.20392063868
1138.69029751692
1138.79322439332
1138.01117922143
1140.3496556024
1138.0415708902
1138.19990447847
1138.65875505281
1139.24211044284
1138.03322159263
1141.36203227503
1137.92044719916
1138.20189914395
1138.43956852748
1139.02852763668
1138.91642999073
1140.15976964423
1138.40607599901
1138.10503330377
1140.0623745286
1137.84385366127
1138.02260644965
1139.23181845725
1137.85320608506
1138.1064065785
1138.74436692135
1138.07244355307
1138.09551259225
1138.59770585768
1138.38708380737
1137.87995283729
1139.93616340185
1139.07710203337
1138.36840653966
1139.85975405499
1138.2953159486
1139.30659173059
1138.66485787673
1137.8419486354
1138.48517116711
1138.58502663502
1139.13007947039
1137.87427017235
1138.20120262904
1140.57527743849
1137.84904468427
1137.95091812587
1137.98596990239
1137.8270287387
1138.44660343446
1137.98228485005
1138.70686585868
1138.88578487637
1138.59460641562
1137.85213948818
1137.93334546782
1137.83254451293
1137.81596510989
1138.68923855251
1138.10931554901
1140.22321244633
1137.93053733633
1138.43772447007
1137.98102931012
1138.89482315527
1138.34741011909
1138.03818014778
1139.1166217914
1138.43090103275
1139.44573251355
1138.00936732836
1138.47246245456
1138.84806644372
1138.20327530506
1139.7243041288
1139.34255957383
1138.77374780521
1138.24606125049
1137.92505143926
1137.94615981753
1138.1187703222
1138.74801781944
1138.15545602231
1138.24658854635
1138.25273119907
1138.13877780577
1139.23591211308
1138.28277706158
1137.95227469232
1137.96551828326
1137.96721235932
1137.91014069558
1138.17350606299
1137.85165684844
1139.54559391245
1140.19767909108
1138.66880094381
1138.23650035881
1137.94990061359
1137.93326882781
1138.60218234608
1138.64713993593
1137.82640376145
1138.19707965035
1137.99504805484
1137.97333849495
1138.35152216846
1138.44589723459
1138.17899625301
1138.16334867682
1139.46684819467
1138.93895463717
1138.66394999411
1139.23093719362
1138.79267107725
1140.11549324062
1138.06076589544
1138.66947274592
1138.0614192784
1138.53675615311
1138.07803991932
1138.53370979433
1137.9215794039
1138.86460600175
1138.44948514459
1138.70146227359
1138.54524524746
1138.42766828771
1139.11144396411
1137.90825830156
1138.14013296768
1138.74111182026
1138.56443109349
1138.4281193961
1139.33906769857
1138.05951386652
1137.99690204572
1138.10530570409
1138.74339942407
1138.39734469095
1138.11043324843
1138.07470393426
1139.11441502094
1138.69078089008
1138.32815659701
1138.11123244546
1138.10388389806
1139.00256690421
1139.12390100524
1138.00700118298
1137.86010976913
1138.27853744361
1137.89796168199
1138.10558617933
1138.0792361372
1139.07417758607
1138.62881320083
1137.86111773025
1137.93650283574
1137.86193293109
1137.81965637364
1138.33643823658
1140.12209255213
1138.9008984349
1138.00206362681
1138.37533706725
1138.17262990659
1138.36042652474
1139.05301830942
1138.21986096518
1138.21761857596
1138.05941729638
1138.91379215445
1139.89583411899
1138.16937646717
1139.58402062326
1138.31260693031
1138.19829256114
1137.93402699227
1139.50044661802
1138.36325512552
1138.01045455414
1139.44002484715
1138.72060972179
1137.9591640269
1138.33144423011
1138.11798512068
1138.5624309566
1138.95333813071
1139.75712100116
1139.33817496453
1139.16010721537
1138.39720775799
1138.56118632171
1137.89462607661
1138.89636921614
1139.28096615683
1138.32777769742
1140.43135931155
1138.63034200834
1139.00714514237
1138.10183249124
1138.16951807584
1138.55743630797
1137.90583502091
1138.79697035648
1138.29836187559
1138.29657838935
1138.35402764871
1138.01690055182
1138.44804681094
1138.46010701859
1138.2027911962
1139.13841374127
1138.31333885415
1137.92776655438
1138.37579025162
1137.89044351478
1137.85465510433
1138.53541538495
1137.88190246139
1138.2293799777
1139.45900784366
1139.39890926092
1138.54219761747
1139.35152419365
1139.84589265918
1138.16182551311
1137.91046472301
1137.94712372206
1138.08920882558
1137.97009697581
1139.43934761418
1138.08616648755
1138.31173064462
1138.63601561362
1137.94968855299
1139.59575760377
1137.9410694752
1140.26456509735
1139.02000972821
1139.16318175666
1138.07359460052
1137.93670738715
1138.69768145251
1138.82058360785
1137.98336250775
1138.29652337445
1138.06908950081
1138.40955282478
1138.17262459431
1138.14485540053
1138.07574705486
1138.42071202752
1138.48856898304
1137.83465822722
1138.50482088865
1139.34145158432
1138.07594530812
1137.86986273318
1138.24707867598
1138.32234033206
1138.14012241711
1137.84324091554
1137.96475297799
1138.14439558679
1139.56834745799
1138.21413975561
1137.81968188618
1138.3333611069
1138.0801816298
1137.89851191531
1139.49442237895
1137.83951411344
1138.25211522254
1141.0902768416
1138.43503059952
1138.49095573629
1138.04831437426
1138.70466274888
1138.00530241646
1137.91881455611
1139.17596314671
1138.08075480995
1137.92684747094
1137.94755441594
1138.84853995822
1138.37125762319
1139.47783295636
1138.59224403026
1138.54712128522
1138.01443281758
1138.24996263068
1138.20000877275
1138.30507980621
1138.16881533316
1139.10825727027
1139.04818952492
1137.84934054227
1138.19376571036
1138.89656925665
1138.13458250456
1137.98069015168
1137.94762602871
1137.84614298771
1137.92147944021
1138.49500712062
1138.14282892161
1138.45471080462
1138.25202922769
1137.99295387559
1139.34856943135
1138.44385345797
1138.06846283336
1139.1836140181
1138.73684441345
1138.99898349294
1137.8949015149
1138.67330131693
1137.98300217898
1138.77005345515
1137.96725998264
1138.75562643207
1139.17254062101
1138.13018900005
1138.15000132513
1139.42776988511
1139.19624511303
1137.94472246566
1137.86168082685
1138.11144866959
1137.9288633908
1139.66089530194
1139.20700530317
1138.01995898122
1137.90154917608
1137.8897457826
1138.76556669847
1137.89330480412
1138.45492859857
1138.10674001721
1138.59175455832
1137.83304702736
1139.15878528588
1138.28036798067
1139.74834730227
1138.64276663711
1137.82600550058
1138.50539550443
1138.0075005511
1137.95443653233
1138.06343306996
1138.45288023082
1138.42967614333
1138.13614067935
1138.10163085827
1138.11790887958
1138.09133013761
1138.09764043325
1138.42498785548
1138.4185130281
1138.06925236043
1137.90541526184
1140.51081120955
1137.86927813885
1138.52220163665
1138.77955930029
1137.88188771449
1138.63199721394
1139.14757140883
1138.06140934379
1139.70747005504
1137.86889060379
1138.79762362876
1138.03476177951
1137.86259017281
1138.03286919502
1138.12158408309
1138.9751337703
1138.67970807313
1138.71900417114
1138.76540192826
1138.36278406996
1137.93197572873
1137.93972524353
1139.51552673494
1137.96683354734
1138.0861582017
1138.2363881223
1137.95446486572
1138.96605683947
1137.89632838366
1138.94121225593
1137.95475978102
1138.20493252803
1138.75703461716
1137.87405089332
1137.92118534431
1139.08701307653
1137.84672707822
1137.91995433434
1138.1941925745
1138.72295100748
1138.50320826583
1137.93804699866
1138.04676018179
1137.98555007991
1139.09263709461
1138.39934838715
1138.46892336409
1137.92399167312
1138.02764726877
1139.13652960082
1138.1462083395
1138.76477465434
1137.84622372313
1139.74855305813
1137.91217811378
1137.82207691732
1138.47650033624
1137.93131196726
1137.9763411543
1137.87440895029
1137.95530285781
1139.29361831783
1137.98793343903
1138.28622748113
1138.03388494513
1139.31766390382
1139.68017277
1138.54481067891
1138.15904250675
1138.71529544189
1137.9752311242
1138.55650999799
1140.58196387311
1138.02238217853
1141.76331493477
1139.91292991999
1139.89758397604
1139.1395149339
1137.99034431218
1138.68123254857
1138.6052478035
1138.48451866621
1138.1933232859
1138.08082913603
1138.42879566832
1137.96342349145
1139.91467997778
1138.03484183554
1138.79688302566
1139.07143316265
1137.90578977118
1138.9168588468
1138.32457145746
1138.40773007896
1139.10089680802
1138.24300426741
1138.80382834436
1138.19721967042
1138.58979516489
1138.11771035967
1137.86891170735
1137.88951775447
1137.94607301208
1139.79838039416
1138.41204874561
1138.32662890523
1138.33295639779
1139.018353558
1139.53201085784
1139.29593870513
1138.7359081305
1139.23418579345
1139.02994778115
1137.94981265867
1139.52374629101
1138.02747204155
1138.78117212552
1138.9796780633
1139.32878756763
1138.11006013565
1138.03824461566
1138.03250349809
1138.34857990371
1139.06119192777
