1142.94055794037
1141.76331493477
1141.57292054749
1141.52686919963
1141.49276707331
1141.38059595158
1141.36203227503
1141.33328549628
1141.30067222128
1141.22833696684
1141.17684778353
1141.1694361012
1141.0902768416
1141.03303546198
1140.94020142527
1140.90528882965
1140.88635708882
1140.87880234836
1140.77865884741
1140.76520071445
1140.75511222549
1140.73532250194
1140.69028300566
1140.68499238312
1140.68216481044
1140.67515434899
1140.63917180886
1140.62324467151
1140.60030270484
1140.58196387311
1140.57727738825
1140.57527743849
1140.55510005565
1140.51081120955
1140.49376696074
1140.48278746703
1140.46834898821
1140.45216915591
1140.43135931155
1140.42101969541
1140.39170589873
1140.35783680849
1140.3519990494
1140.3496556024
1140.33856236716
1140.30796987588
1140.27615093017
1140.27234055401
1140.26456509735
1140.24485729673
1140.24434363815
1140.2395551168
1140.23809486408
1140.22321244633
1140.22242445613
1140.21372549201
1140.20337252299
1140.19948349405
1140.19872107135
1140.19767909108
1140.17081054289
1140.16788991525
1140.16679595757
1140.15976964423
1140.15284153725
1140.12209255213
1140.11549324062
1140.10395075999
1140.08099234755
1140.06510543979
1140.0623745286
1140.04477906621
1140.0411380691
1140.03242287308
1140.02633431943
1140.01997300057
1140.01708878809
1140.01651142603
1140.0109974302
1140.00727704091
1139.98982868371
1139.98443428238
1139.95656174705
1139.94589738751
1139.93616340185
1139.91467997778
1139.91324668734
1139.91292991999
1139.89758397604
1139.89583411899
1139.85975405499
1139.85545458015
1139.85267284587
1139.85024853628
1139.84916440068
1139.84589265918
1139.8233950262
1139.81861306596
1139.80629045277
1139.80095247128
1139.79838039416
1139.772663625
1139.75896546099
1139.75712100116
1139.75207155419
1139.75139045711
1139.74855305813
1139.74834730227
1139.7479165469
1139.7243041288
1139.7224530592
1139.71599817936
1139.71086148551
1139.70747005504
1139.7034340873
1139.70261463907
1139.69004481451
1139.6846036542
1139.68220296756
1139.68017277
1139.67970661798
1139.67231278559
1139.66089530194
1139.65363722048
1139.65161747797
1139.64851740413
1139.63430678115
1139.63324858509
1139.63019514791
1139.62950386439
1139.62244487391
1139.61927865072
1139.61163906391
1139.6107199881
1139.60317219849
1139.59575760377
1139.59292247655
1139.58601723672
1139.58402062326
1139.56834745799
1139.56609044456
1139.56489900389
1139.56432997829
1139.55371032404
1139.54830523792
1139.54559391245
1139.54505466389
1139.53203441407
1139.53201085784
1139.52658432916
1139.52498464983
1139.52374629101
1139.52254920134
1139.51685421472
1139.51552673494
1139.5054773931
1139.50337436258
1139.5012995337
1139.50044661802
1139.49619983855
1139.49442237895
1139.48993118358
1139.48919686372
1139.47783295636
1139.4694964346
1139.46684819467
1139.46682604872
1139.46660889493
1139.46119016138
1139.4596043768
1139.45900784366
1139.45733400634
1139.45024819814
1139.44605551158
1139.44573251355
1139.44002484715
1139.43945539821
1139.43934761418
1139.43519895551
1139.43483567462
1139.43004120159
1139.42802567187
1139.42776988511
1139.42127666199
1139.41296408637
1139.40911890465
1139.40486338365
1139.39890926092
1139.39783215331
1139.39586638167
1139.39308665797
1139.39045836799
1139.38381127043
1139.38278968727
1139.38080185044
1139.37452640252
1139.3717148902
1139.37149224468
1139.37048752886
1139.36807848689
1139.36093659516
1139.35152419365
1139.34930581403
1139.34856943135
1139.34757703041
1139.34711764323
1139.34255957383
1139.34209325849
1139.34145158432
1139.34131091152
1139.33906769857
1139.33817496453
1139.32878756763
1139.32057359219
1139.31766390382
1139.31576892117
1139.30988408636
1139.30659173059
1139.30415255168
1139.30241897458
1139.30207073343
1139.29774682208
1139.29593870513
1139.29427747761
1139.29403573409
1139.29361831783
1139.29179073176
1139.29075981291
1139.28542234845
1139.28096615683
1139.27791730917
1139.27604849125
1139.2749958961
1139.27062916622
1139.25879905121
1139.2519214385
1139.25110333579
1139.2460467461
1139.24211044284
1139.2399906569
1139.23591211308
1139.23418579345
1139.23181845725
1139.23093719362
1139.23030733425
1139.22313821395
1139.21164891353
1139.20859994376
1139.20700530317
1139.20470781703
1139.20465867719
1139.20001329744
1139.19967118593
1139.19624511303
1139.18890955034
1139.1836140181
1139.18129446138
1139.17685637051
1139.17675408302
1139.17596314671
1139.17254062101
1139.16318175666
1139.16010721537
1139.15878528588
1139.15525227712
1139.15157649902
1139.15154165639
1139.14757140883
1139.14491941291
1139.14174650341
1139.14141988076
1139.1395149339
1139.13841374127
1139.13652960082
1139.1325104013
1139.13007947039
1139.12735287416
1139.12390100524
1139.12149688731
1139.12057885271
1139.12024983039
1139.1166217914
1139.11441502094
1139.11144396411
1139.11073783911
1139.11037051846
1139.10849139233
1139.10827977363
1139.10825727027
1139.10772050606
1139.10585085606
1139.10428542201
1139.10131278557
1139.10089680802
1139.09433405484
1139.09359013404
1139.09263709461
1139.09106855449
1139.08906746204
1139.08795036193
1139.08701307653
1139.08674557968
1139.08499935223
1139.08221254022
1139.08012442854
1139.07710203337
1139.07699831176
1139.0764874039
1139.07542783542
1139.07426785793
1139.07417758607
1139.07143316265
1139.06697814241
1139.06119192777
1139.06012748322
1139.05927966242
1139.05443653189
1139.05301830942
1139.05103838484
1139.0500756259
1139.04818952492
1139.04777841105
1139.04391460885
1139.03929639688
1139.03645167514
1139.02994778115
1139.0292364158
1139.02852763668
1139.02547828264
1139.02276941547
1139.02243607577
1139.02000972821
1139.01954048229
1139.01893043471
1139.018353558
1139.0169485902
1139.01659528793
1139.01240663529
1139.00989734514
1139.00867968308
1139.00714514237
1139.00256690421
1139.00124453549
1138.99898349294
1138.99562593787
1138.99029226381
1138.98950953304
1138.9878903548
1138.9796780633
1138.97717977349
1138.97640771123
1138.9751337703
1138.97495578067
1138.97119405175
1138.970107314
1138.96605683947
1138.95956618838
1138.95699278219
1138.95543646767
1138.95387355617
1138.95333813071
1138.94957777875
1138.94121225593
1138.93915187932
1138.93895463717
1138.93724149874
1138.93444737731
1138.93096878705
1138.92986316303
1138.92964655062
1138.92705355747
1138.92690994356
1138.92520329105
1138.92412821294
1138.92372848504
1138.9168588468
1138.91642999073
1138.91379215445
1138.90994538891
1138.90822760836
1138.90337848688
1138.9008984349
1138.90028344735
1138.89656925665
1138.89636921614
1138.89514132461
1138.89482315527
1138.89393975879
1138.89375622046
1138.89150033775
1138.88661868863
1138.8859282074
1138.88578487637
1138.88088701579
1138.8747047936
1138.87047819667
1138.86513378438
1138.86506144703
1138.86460600175
1138.86181703026
1138.86100170003
1138.86033826199
1138.8600741301
1138.85657555277
1138.85282500643
1138.84853995822
1138.8481473049
1138.84806644372
1138.84510730401
1138.8403327826
1138.83280681569
1138.83263299056
1138.8320261188
1138.82729425776
1138.82480763403
1138.82316085665
1138.8209314627
1138.82058360785
1138.81970270285
1138.818184031
1138.81739780334
1138.81729578014
1138.81662860714
1138.81497806274
1138.81196903686
1138.80855437876
1138.80382834436
1138.80127759962
1138.79762362876
1138.79697035648
1138.79688302566
1138.79419488819
1138.79322439332
1138.79267107725
1138.79260640917
1138.79004653607
1138.78470621124
1138.78187697783
1138.78117212552
1138.77985205854
1138.77955930029
1138.77840538587
1138.7774333481
1138.77587175727
1138.7757569699
1138.77559198435
1138.77439525619
1138.77374780521
1138.77265388708
1138.77237826947
1138.7715786647
1138.77101679384
1138.77026506467
1138.77008723701
1138.77005345515
1138.76925579199
1138.76556669847
1138.76540192826
1138.76477465434
1138.76215271596
1138.76058732799
1138.75703461716
1138.75562643207
1138.75090871085
1138.74995180383
1138.7482350657
1138.74801781944
1138.74436692135
1138.74363629698
1138.74339942407
1138.74111182026
1138.73980383172
1138.73689568361
1138.73684441345
1138.73604932818
1138.7359081305
1138.73375856493
1138.7312950411
1138.73068568657
1138.72896713031
1138.72750125859
1138.72560809151
1138.7244085411
1138.72433906866
1138.72384064828
1138.72348001348
1138.72295100748
1138.72223025394
1138.72153337923
1138.72060972179
1138.71900417114
1138.71834025526
1138.71529544189
1138.71440240057
1138.71342008668
1138.70951272038
1138.70867972515
1138.70751573162
1138.95571806354
1139.5783901359
1142.57646618682
1141.56472027539
1139.74668337842
1139.75253212385
1140.2494004952
1139.09578945884
1139.49388089358
1140.30401144863
1139.04920300724
1138.71800418379
1139.69248451116
1140.16129944494
1138.85377822868
1138.87529201977
1139.64647454645
1140.03633560775
1139.39540613301
1138.81823811606
1139.87006495553
1139.04739012923
1140.55130754649
1139.66177944483
1139.75919225156
1140.84213561972
1140.91704483102
1139.02239162392
1138.80303719502
1138.73083342187
1139.0638373433
1141.60026370305
1139.22569834363
1138.94929882792
1139.34809243244
1138.79784947314
1139.25834309133
1138.92052212589
1139.37218939785
1139.49191866207
1139.34297225685
1139.83762183063
1139.58337311462
1139.30558677046
1139.28698730704
1139.74801969178
1140.18251690522
1139.40367263116
1140.78383981223
1139.52163140961
1139.21001348157
1139.714638305
1139.96781442849
1138.9416382307
1139.74040866893
1138.73988949465
1140.81015397754
1139.87656467295
1139.82643519095
1139.16565404522
1138.76598441767
1141.94348178581
1141.04976357525
1140.75499154484
1139.02612168468
1140.26745608639
1139.54058801285
1138.84421510612
1139.25742146745
1140.10892008277
1139.79931151984
1141.95429429317
1139.89085227458
1139.18146469609
1140.86798439716
1138.93373407808
1144.22577429021
1139.50327288955
1139.05254331394
1139.88372005901
1138.77574929191
1140.20490772671
1140.37832709162
1138.85320201045
1139.0482696178
1139.8133289324
1139.43859275902
1138.98827483122
1140.44118114845
1139.27775804741
1139.10870890008
1139.45779700315
1140.49542865313
1141.06246548948
1138.76412949768
1141.17961851589
1139.57867869855
1140.40185474844
1139.26862480708
1139.78308093168
1140.17717652085
1139.27658407802
1141.06395043693
1141.81055686738
1140.30516489034
1139.29584833577
1139.07762408962
1139.44329391745
1139.46788123167
1139.0938873161
1140.67272695177
1140.22364948612
1141.31982929703
1139.80022277558
1141.30901582624
1139.00569732113
1143.2454911963
1138.92033498364
1139.38341703438
1141.02675713414
1140.21075159808
1138.99715098529
1140.46189585467
1139.0009827891
1139.02818030417
1138.92411965622
1138.89405410759
1139.18171385714
1139.46701531407
1139.3137476868
1138.73105607484
1138.9844792995
1139.86502054074
1140.67305156715
1139.80693739489
1139.81023988062
1138.94589580046
1142.21872457624
1140.15837555003
1140.0883165663
1139.15551656829
1142.05693078067
1139.75936458729
1139.41850214089
1140.64840954702
1139.02646693782
1141.11516090301
1139.63272353799
1138.84644114195
1140.1945800103
1139.09093410035
1139.86487344932
1139.22551984022
1139.13416311599
1138.7998003764
1139.5014577413
1139.78087674558
1139.00418317279
1139.39110320752
1142.14145734571
1139.48448298644
1139.4412682185
1140.81925449342
1140.01710305476
1140.13168946264
1139.30700660632
1139.97251851298
1139.26804289032
1139.87492576599
1141.18551187271
1138.97873890135
1141.819405342
1138.92375151593
1138.86280983957
1139.11467046078
1138.75173070299
1140.79187106179
1139.22416917366
1139.43833391444
1138.81811701903
1139.13813197802
1140.98145489739
1139.48484167129
1138.849710313
1140.90443444505
1139.07576041051
1139.7329706904
1139.1211403872
1138.80261792904
1139.15202246974
1138.96930614865
1138.90380067185
1139.16318061851
1139.30401694348
1139.57408815663
1139.46649177864
1140.10795123581
1139.04168956002
1138.86580044208
1139.6924632168
1138.98104785349
1140.59958926077
1138.86178163374
1139.16023422862
1139.10309763388
1139.14400533921
1140.90366485931
1141.99357677266
1139.03069713943
1138.99979003077
1139.20757113161
1139.20075914654
1141.51926757671
1141.32978945979
1140.00247521751
1138.76210152707
1140.47127352318
1138.71559210616
1138.71367344581
1142.49946632488
1140.39885935749
1140.82050759885
1138.97528713282
1139.13901549162
1138.9716777498
1140.38704620861
1140.98090532286
1139.82775935494
1139.2953311221
1138.97357185872
1138.98630082228
1140.1005117738
1141.52878744097
1139.16241719982
1140.62118513151
1139.0827201659
1138.81182026955
1140.97683992541
1138.77869692242
1140.72161523806
1140.22136049859
1140.62191105324
1138.78370571829
1139.238016142
1139.06239751308
1139.35375050175
1138.72837804197
1140.9052083061
1138.72322001442
1138.74245895437
1139.42741623787
1140.92730968838
1140.70436909354
1139.70291383435
1140.10305705176
1143.27092244704
1138.9016762339
1139.075246076
1140.16537600247
1139.10658345633
1139.66508855695
1139.07693441902
1139.97207754395
1140.28520997419
1139.79501677561
1139.68432409892
1139.27180027886
1138.77356296961
1139.00353751894
1139.83089148902
1140.59679907404
1139.25853415442
1140.68683908465
1138.80426981181
1139.11799242626
1140.10620950638
1139.13507310456
1140.39795107829
1140.60207355975
1139.9915761414
1140.30626839822
1140.02160950422
1140.06936088493
1140.26080594334
1139.12737436338
1139.85340696383
1139.01719371564
1142.20022361492
1141.36967323113
1140.64584631742
1138.91252743313
1140.40386012875
1140.77036603799
1140.09640038155
1138.91612344536
1139.76793924956
1139.86107086571
1141.32993662713
1140.38926797579
1139.74339545386
1139.4348210402
1141.02660724113
1139.69947869407
1141.20671397303
1139.68105274871
1139.83005795765
1139.22170101101
1139.14254822752
1139.31708392755
1138.73581370553
1139.31073912554
1138.83713555338
1139.87439337311
1139.78530702147
1139.95074475249
1139.05490295822
1139.20193647694
1140.26489484023
1139.68651209052
1139.4510179104
1139.92580171881
1138.90822029754
1138.75303835001
1139.15022348404
1139.47192796586
1140.18075956751
1139.46198107017
1138.9891459129
1139.7292639837
1139.13698875602
1139.16031131108
1139.07635084404
1139.12975133685
1141.36181793054
1138.79427638935
1141.70202235361
1139.49053515114
1139.44812867058
1140.01400690684
1139.42348390591
1138.98171511631
1139.48977731559
1139.54865989797
1142.16270614596
1139.61842851518
1139.77453655836
1139.26968756458
1138.84540462835
1140.41370658532
1140.19010779884
1138.80863987391
1138.74048948405
1139.40977035795
1140.73858921211
1142.9946058169
1142.11025197056
1140.14658680781
1140.03744980107
1139.66657291689
1138.98040612292
1138.95394193799
1138.7468689308
1141.71916134472
1140.55367731506
1139.70523899994
1140.26446721142
1138.81713797969
1141.46756330787
1139.3344226229
1138.88206731779
1140.2564600667
1140.41845981124
1138.85644661755
1138.72655100518
1142.56679348756
1139.76733461312
1139.30990987155
1138.92609470034
1138.8640252659
1139.48265442184
1138.89486493152
1139.22705441063
1140.24343532887
1139.6010982277
1139.16429672129
1139.39567236978
1138.92701190859
1139.02329677678
1139.6275584142
1138.80979556744
1139.21415968257
1139.24974234921
1138.92034376028
1139.94909967645
1138.95093083149
1140.94392258744
1139.97625725745
1139.58334129429
1138.75990277436
1139.41949424165
1138.90325950167
1140.20851107644
1139.04925456845
1139.98067580651
1139.34748154353
1139.39955768594
1139.16377494815
1139.34482784045
1138.93838047112
1140.18715184823
1139.99520040582
1139.91189345074
1140.84566777015
1139.05863802715
1139.39062130679
1138.88943965691
1139.2601580928
1140.20179162698
1139.54501655495
1138.87559945415
1142.30477359032
1140.04616297231
1138.80804109025
1142.05229698
1139.81207542502
1139.59578582762
1138.9885789313
1139.05429188555
1138.87055475808
1139.01442644507
1139.64929578513
1140.1983783108
1139.87356243886
1141.60272679111
1139.819366056
1139.17594190025
1139.19478756907
1140.57433618656
1139.12966481945
1139.50194098541
1138.83555682681
1140.40832758243
1139.62224981375
1139.69150130018
1139.94914734031
1139.59835185201
1139.24153809593
1139.13629199058
1140.63600660057
1138.71716974054
1139.90719113432
1139.0081926456
1142.1288580915
1138.99391721481
1139.109553286
1138.73127529865
1139.19232631092
1138.94161038784
1138.91156076396
1139.41955630975
1138.86598390204
1138.77741661979
1138.71336893812
1139.10773544
1140.93281752936
1138.94352956569
1139.59356285185
1138.85645505196
1138.7190865506
1140.58325765583
1139.05783301612
1139.59742894999
1140.10079299498
1140.28270810371
1138.73871167816
1138.87566043418
1139.23068940629
1138.94320781921
1140.40751338651
1140.36181070584
1139.22512030462
1139.12966747556
1139.44432994876
1138.79180501395
1139.40007562777
1140.78735894867
1139.87492281571
1141.27969240902
1142.38424607785
1139.63023396665
1139.10885095994
1139.20524794344
1139.44923962136
1139.69388402525
1138.90825181504
1141.47426693274
1139.03742973516
1141.4646932675
1138.78237916848
1139.7117418609
1139.18180933121
1139.78241350132
