1184.23118514842
1184.23163912307
1184.23244288802
1184.23246026922
1184.23339630323
1184.23358678179
1184.23366539276
1184.23388350441
1184.23425761438
1184.2343780773
1184.23441776562
1184.23486373649
1184.23542658237
1184.23623914913
1184.23673094021
1184.23727710849
1184.23741857089
1184.23765277377
1184.2393460622
1184.23976907852
1184.24118556095
1184.24158322872
1184.24182372496
1184.24201684873
1184.24209529266
1184.24238270138
1184.24310006911
1184.2454848917
1184.24578945208
1184.24609359331
1184.24655343232
1184.24702398678
1184.24739732001
1184.24782736767
1184.2491573965
1184.24954060956
1184.24967690778
1184.25019241456
1184.25024156407
1184.25050260198
1184.25070157137
1184.25089365455
1184.25090772867
1184.2513944416
1184.25284196198
1184.25294671056
1184.25296846495
1184.25336955484
1184.25395549683
1184.25397657849
1184.25473114328
1184.25486875181
1184.25560121578
1184.2568223292
1184.25682930304
1184.25723135695
1184.25754179105
1184.25767113416
1184.25804125437
1184.25842894018
1184.25885330361
1184.25895050691
1184.25992839024
1184.26013083912
1184.26141561601
1184.26187835766
1184.26362038162
1184.26465820183
1184.26556118565
1184.26687113724
1184.26807184635
1184.26838593216
1184.26840148703
1184.26849252849
1184.2688416417
1184.27000550734
1184.27003633371
1184.27142604735
1184.27144265376
1184.27211387761
1184.27228822602
1184.27329408946
1184.27382343807
1184.27417240606
1184.27420339001
1184.27448331466
1184.27474703929
1184.27481743579
1184.27495767244
1184.27503509155
1184.27540103179
1184.27613882568
1184.27630240084
1184.27660627767
1184.27666450673
1184.27669977832
1184.27697495035
1184.27797660448
1184.27872103567
1184.2793042231
1184.27956744961
1184.28008532661
1184.28057290907
1184.28077142367
1184.28090205951
1184.28103104792
1184.28140085547
1184.28178914175
1184.2833905918
1184.28483476759
1184.28525553035
1184.28709406131
1184.287393439
1184.28839280535
1184.28855712561
1184.28864671465
1184.28934832065
1184.2896830894
1184.29159391297
1184.29186867448
1184.29271689627
1184.2935474049
1184.29468118458
1184.29488630952
1184.29537446545
1184.2958976128
1184.29628564021
1184.29659869804
1184.29702158271
1184.29817026845
1184.29869156474
1184.29917637698
1184.29999944669
1184.3000630472
1184.3027225351
1184.30306122321
1184.30384886841
1184.30662550194
1184.3068742507
1184.30691128304
1184.30727728873
1184.30752365791
1184.31067401723
1184.3111496729
1184.31119765596
1184.3119845922
1184.31213013213
1184.31251514393
1184.31275771775
1184.31302381701
1184.31307835856
1184.31342055979
1184.31366037815
1184.31668537759
1184.31695908272
1184.31743536172
1184.31773926665
1184.3178704781
1184.31908826753
1184.31938714872
1184.31955934553
1184.31982621859
1184.32043226854
1184.32220585229
1184.32278332162
1184.32497392953
1184.32604171802
1184.32677768492
1184.32780923979
1184.32856874262
1184.32959353504
1184.32984349279
1184.33313708952
1184.33418946781
1184.33453753363
1184.33457777226
1184.33493009754
1184.3351743762
1184.33538950365
1184.33576103914
1184.33614968431
1184.33830411609
1184.33863318838
1184.33890000525
1184.33896339
1184.34202767185
1184.34208212496
1184.34279263969
1184.34560845534
1184.34743544099
1184.34878055047
1184.35090873674
1184.35096077621
1184.35171016974
1184.35216902856
1184.35226175704
1184.35344675239
1184.35391967139
1184.35393107829
1184.35422771066
1184.35428356944
1184.35431529631
1184.35448354117
1184.35631902813
1184.35638431096
1184.35726194339
1184.35820021993
1184.35821208139
1184.36015250803
1184.36037317396
1184.36132362802
1184.36187630649
1184.3637989701
1184.36384257987
1184.36384787724
1184.36406465063
1184.3643751713
1184.36448963616
1184.36587369231
1184.36645013692
1184.36667046491
1184.36675242873
1184.36886874289
1184.36898402488
1184.36997321555
1184.37179106282
1184.37323979289
1184.37438630459
1184.37447223631
1184.37566329589
1184.37570343248
1184.37630845963
1184.37667546321
1184.37700668342
1184.37803509523
1184.37873105364
1184.37877906652
1184.38042711678
1184.38123686547
1184.38184921235
1184.38262265747
1184.38281813507
1184.38284614144
1184.38310218249
1184.38523136963
1184.38591692333
1184.38654998233
1184.38694253943
1184.3870551486
1184.3873580575
1184.38807932108
1184.38889939581
1184.38901792086
1184.38951768833
1184.3906948469
1184.39321992351
1184.39354482311
1184.39726314291
1184.39778445011
1184.39801586566
1184.39842186112
1184.39879474915
1184.39888990754
1184.3996330312
1184.40113137029
1184.40302651023
1184.40339096598
1184.40418507839
1184.40487587834
1184.4050047962
1184.40520218602
1184.40560997933
1184.40625801019
1184.40627484723
1184.40753966306
1184.40790266053
1184.40824863563
1184.40935187399
1184.41029603277
1184.41088759742
1184.41249439003
1184.41255734049
1184.41437530739
1184.41453873589
1184.41700334622
1184.41793896176
1184.41805148376
1184.41836019492
1184.41945260057
1184.42037528397
1184.42168746981
1184.42192819816
1184.42291424464
1184.42321977573
1184.42339943055
1184.42351628336
1184.42680726063
1184.42705468151
1184.42913081116
1184.42947629805
1184.43060874538
1184.43128558641
1184.43152867438
1184.43163264148
1184.43303650827
1184.43445134069
1184.43478926598
1184.43492182459
1184.43580437326
1184.43600394872
1184.43734203754
1184.43797537003
1184.43821101593
1184.4389291174
1184.44077496942
1184.44111391774
1184.44139171101
1184.44278570847
1184.44289992342
1184.4438748849
1184.44533962154
1184.44543025116
1184.44750773903
1184.44834482844
1184.45325741946
1184.45355820327
1184.45526629097
1184.45618931339
1184.45880476184
1184.46065506736
1184.46071667679
1184.46120559772
1184.46300889908
1184.46306374543
1184.4634249083
1184.46383641674
1184.46452217579
1184.46485967649
1184.46501349245
1184.46565994714
1184.46632022867
1184.46684213543
1184.46799797149
1184.46801155136
1184.46930571001
1184.46978053431
1184.47025032244
1184.47265835252
1184.47278150437
1184.47805374749
1184.47863848024
1184.47895747563
1184.48073596421
1184.48082488504
1184.48267659016
1184.48441512381
1184.48588130588
1184.48721988161
1184.48850803058
1184.48944161771
1184.49024550918
1184.49230578777
1184.49251357617
1184.49339743759
1184.49677450713
1184.49981046519
1184.50386891643
1184.50778660018
1184.50864526878
1184.50899955099
1184.50926290772
1184.51080731177
1184.51109573504
1184.51176268225
1184.51308732884
1184.51414204477
1184.51449929497
1184.51506166284
1184.51536677305
1184.5196482189
1184.52149905827
1184.52307684621
1184.5245783759
1184.52721041119
1184.5284372546
1184.53055244175
1184.53056279069
1184.5323951402
1184.53293484237
1184.53437051093
1184.53541517609
1184.53834201206
1184.53992255071
1184.54355501328
1184.54370185366
1184.54549764508
1184.54903594028
1184.55124284028
1184.55370463175
1184.55374728157
1184.55483833825
1184.55538490488
1184.55735841762
1184.56178731105
1184.56456458853
1184.56648573616
1184.5716142954
1184.57336061083
1184.5753630183
1184.57562950519
1184.57595440221
1184.5834961757
1184.58480791705
1184.5902035041
1184.59590542267
1184.59859800081
1184.60170947658
1184.60785464863
1184.61040198982
1184.61295544007
1184.61366696648
1184.6138892875
1184.61404531696
1184.61836361178
1184.62139073468
1184.62155505757
1184.62272309346
1184.62313533714
1184.62331751903
1184.62552033274
1184.63042331796
1184.63108696331
1184.6399820414
1184.64029022118
1184.64064819259
1184.64075695606
1184.64680831861
1184.64926386515
1184.65154142497
1184.65219905196
1184.65824878682
1184.65947560055
1184.66107985274
1184.66198599634
1184.66488420431
1184.66597271041
1184.67031529274
1184.6711466439
1184.67250346203
1184.67442946841
1184.68265857167
1184.68669371246
1184.69703197143
1184.70036426989
1184.71534917579
1184.7244268958
1184.7261193455
1184.73019244913
1184.73618000716
1184.74131220795
1184.7485065838
1184.74893102317
1184.75228540464
1184.75440234328
1184.7553561073
1184.75742912562
1184.76115061628
1184.76307512177
1184.76646641667
1184.76969202133
1184.7711175539
1184.7732811118
1184.77979113596
1184.78210693799
1184.78417932928
1184.7854017259
1184.79434220606
1184.81416311431
1184.81913143111
1184.83447632072
1184.84085428516
1184.84526978464
1184.85300661343
1184.85701582438
1184.89988547251
1184.91809186263
1184.94090192345
1184.95062466114
1184.96341000874
1184.96490173428
1184.98533448574
1184.98706566875
1185.02000072713
1185.02582733819
1185.03470654737
1185.06129991912
1185.08985972927
1185.09504795958
1185.12390989512
1185.14394908014
1184.38715363608
1184.27028741365
1184.53663660554
1184.47388731922
1184.33388714308
1184.48104161846
1184.28558601551
1184.24261414572
1184.25992293082
1184.52545167775
1184.36542208039
1184.47015464959
1184.24116511859
1184.64182777429
1184.38735423259
1184.31186752324
1184.32440186239
1184.35465117844
1184.61065581822
1184.82838458762
1184.46170011034
1184.36155992718
1184.38903983062
1184.43691376544
1184.87970161173
1184.42350112826
1184.24292069861
1184.68747026797
1184.44242091142
1184.31648612804
1184.56914159206
1184.28176927447
1184.40336193179
1185.66431431481
1184.59459385288
1184.48754505361
1184.39721892386
1184.52719686534
1184.72507314779
1184.3762305963
1184.32073358031
1184.25628828854
1184.51035941977
1184.38201147195
1184.35566107477
1184.39589450768
1184.44081905209
1184.70615465822
1184.32684295645
1184.37732125758
1184.23341229484
1184.64906507317
1184.56138266498
1184.3124082698
1184.22975324354
1184.40020218157
1184.96996223117
1184.91052939416
1184.43535456054
1184.32312043819
1184.28116783395
1184.45972220196
1184.42750735266
1184.2675506919
1184.39718475613
1184.35670489431
1184.23255348489
1184.73433424418
1184.44565063216
1184.39819002205
1184.30566289848
1184.31681217453
1184.32269868857
1184.35617742455
1184.4997515919
1184.25902100765
1184.4193316901
1184.23704323865
1184.31581413907
1184.38421628073
1184.24621732538
1184.56487885958
1184.41910529962
1184.47368756693
1184.30766212683
1184.43119123025
1184.5513221267
1185.01373986634
1184.75753951363
1184.23391885309
1184.27248113487
1184.3795292987
1184.60204847006
1184.49836173503
1184.68294790158
1184.57523895585
1184.25759152835
1184.7775843676
1184.23596021295
1184.23470963183
1184.35823551227
1184.64439217964
1184.47782222094
1184.85922217654
1184.25017704701
1184.27678889588
1184.63368343628
1184.39374496368
1184.26180363993
1184.6843828013
1184.26747197572
1184.2394128971
1184.51173470378
1184.33836384872
1184.78660964468
1184.24286488205
1184.50635690213
1184.32845935337
1184.56116459093
1184.50196603036
1184.32186663994
1184.33253134654
1184.56079544811
1184.25597853793
1184.24017657894
1184.61533318449
1184.60610774517
1184.23980891364
1184.3129886798
1184.23723708834
1184.45230097051
1184.63519655342
1184.59348379415
1184.37273296134
1184.42697729196
1184.47446678112
1184.3211986326
1184.45119207374
1184.43987423891
1185.21470570609
1184.77211014084
1184.62192703293
1184.26372271769
1184.74123356915
1184.26335309379
1184.92549254005
1184.24751468294
1184.46004129901
1184.59981826536
1184.56122496329
1184.26940766503
1184.38846850228
1184.23654612184
1184.32579626694
1184.57765564811
1184.31339103732
1184.40766432576
1184.53091764723
1184.64581753651
1184.95556604047
1184.4047782737
1184.39082843658
1184.25331197086
1184.74999394114
1184.63077465966
1184.27210060223
1184.51868635683
1184.28617158344
1184.44937715056
1184.33726086491
1184.29335542462
1184.35816231958
1184.89933671165
1184.24652007433
1184.41681934216
1184.90039361912
1184.22975569911
1184.66604439656
1184.23422246584
1184.28023056394
1184.43771659049
1184.30838066611
1184.30279821414
1184.41075783623
1184.66446974754
1184.24556132393
1184.30912515601
1184.86996607724
1184.24240496512
1184.32031579105
1184.36823944208
1184.35692845292
1184.34744891795
1184.34843717077
1184.46599022063
1184.53550694683
1184.34105986019
1184.45211314244
1184.36029328048
1184.68611051058
1184.42136833021
1184.58235595078
1184.2633264463
1184.78263405618
1184.29565754707
1184.23898279187
1184.48739583619
1184.35165442452
1184.35234442218
1184.30658053047
1184.26286610578
1184.27577845021
1184.80586700085
1184.37442591013
1184.85178396071
1184.29307907421
1184.45159088325
1184.24886352981
1184.34762582083
1184.33183330735
1184.24788653273
1184.49723428079
1184.23687077758
1184.43184644851
1184.25466023976
1184.24465192448
1184.84566561413
1185.00922424471
1184.37698580791
1185.21926716506
1184.43577903806
1184.49872356142
1184.33650455643
1184.43429561666
1184.37375258459
1184.39704745214
1184.82414977165
1184.60332241379
1184.34865570409
1184.46425918427
1184.62164143604
1185.07619301274
1184.4629823937
1184.29087525948
1184.26844639635
1184.38919437942
1184.50034930723
1184.42340859955
1184.3746113522
1184.40723708489
1184.25490918731
1184.25273766702
1184.42809833605
1184.79514825883
1184.53285617706
1184.42394715301
1184.25890092786
1184.24785428592
1184.30361888103
1184.31702159213
1184.60891141989
1184.40942771206
1184.38017402342
1184.50653902886
1184.27763810673
1184.25661553115
1184.33183913732
1184.4862451159
1184.45689468663
1184.23969391219
1184.48436267333
1184.23621612479
1184.29121816728
1184.49663071588
1184.26375109841
1184.66474733744
1184.80946161409
1184.52094673658
1184.31754490765
1184.40482833567
1184.52171152256
1184.41001874773
1185.18436744599
1184.22935655903
1184.47913827851
1184.50300715234
1184.30889719435
1184.91996936618
1184.81722430567
1184.27100086997
1184.64625444538
1184.25646335049
1184.60312555853
1184.33686911606
1184.87019445292
1185.05947751951
1184.24695457227
1184.48074048337
1184.46711120175
1184.32757377304
1184.9095087051
1184.30071038377
1184.42261069869
1184.63597633483
1184.24486486599
1184.33674195417
1184.2617173739
1184.53623337251
1184.36558325208
1184.66490279848
1184.57792250256
1184.65633330895
1184.50672976543
1184.30745790864
1185.10735439082
1184.80782578325
1184.86767238645
1184.25172433978
1184.43931177307
1184.47315808683
1184.29150051945
1184.36599603677
1184.22950804223
1184.22937679445
1184.54857273951
1184.41367594986
1184.62102232224
1184.43966575472
1184.23295663333
1184.28131740768
1184.47702243445
1184.92621373354
1184.77550397537
1184.33327591111
1184.29594013556
1184.36948517689
1184.25698173635
1184.31429939041
1184.40710412331
1184.45105652798
1184.27783973888
1184.63991541147
1184.88211105815
1184.27649154074
1184.23802642058
1184.36009198079
1184.24742424026
1184.47312602088
1184.24541547351
1184.28168359464
1185.11346601146
1184.26869835789
1184.73373425805
1184.44984840136
1184.30292955911
1184.51357116492
1184.2732708335
1184.24749879119
1184.23145005613
1184.42239631999
1184.28660507642
1184.62868095373
1184.2580155514
1184.78738018452
1184.30795315363
1184.49682250689
1184.32866889681
1184.37905706836
1184.34946148617
1184.23169179088
1184.40442205698
1184.26644291269
1184.76240231934
1184.2688140425
1184.31064968507
1184.47335750895
1184.82986616346
1184.44810444735
1184.32974165411
1184.78732758442
1184.57515425679
1184.53157191661
1184.26312331955
1184.45861821489
1184.59613692652
1184.38770699141
1184.38511409771
1184.35806037618
1184.38643249711
1184.37664361849
1184.36539357583
1184.90657607678
1184.71515258422
1184.43456521655
1184.29599504352
1184.65051475047
1184.38866854689
1184.44934008014
1184.47818051887
1184.46527985866
1184.34290493821
1184.27651258076
1184.67136796372
1184.57049204096
1184.35550308989
1184.27353908107
1184.6088830039
1184.45690484538
1184.46587038154
1184.41682343661
1185.21909526989
1184.32004807742
1184.87741705086
1184.37320477931
1184.93662543613
1184.69742984518
1184.25330711213
1184.25378480653
1184.45978963463
1184.3935262114
1184.32272560779
1184.6413477828
1184.74553177487
1184.39083236707
1184.64506550253
1184.25166102956
1184.29491830544
1184.34800708729
1184.76446221711
1184.60889412479
1184.37255770814
1184.68944585653
1184.32809977501
1184.86552645776
1184.35425435325
1184.37685206134
1184.36413605861
1184.29764461233
1184.41157598745
1184.75165962001
1185.32052135245
1184.46194242642
1185.0194705156
1184.28120600485
1184.29435671542
1184.31111397113
1184.4498004615
1184.8493200093
1184.66573075721
1184.33656465139
1184.25336458108
1184.55541076512
1184.37918606156
1184.32152751134
1184.67120619482
1184.82694860141
1184.83947835189
1184.8150544025
1184.28258178409
1184.38233850497
1184.3403380203
1184.23105001378
1184.41618124875
1184.65841778388
1184.52920914635
1184.73518758194
1184.39073580656
1184.23115857148
1184.41569032885
1184.31631932547
1184.3287238925
1184.30429390806
1184.31735322078
1184.43021527759
1184.30064876253
1184.2677616044
1184.468227366
1184.53568270855
1184.37513477822
1184.50320126047
1184.27599735111
1184.23629621696
1184.68269539182
1184.297984879
1184.6332213611
1184.29116010654
1184.69599196238
1184.30938052355
1184.43410684445
1184.35106921799
1184.36233982673
1184.65097573783
1184.2772669761
1184.73725276851
1184.36872021354
1184.6518373858
1184.31493189054
1184.28568003455
1184.37192670323
1184.32769459971
