1183.29737022454
1183.29774765446
1183.298713974
1183.30023367819
1183.30121023704
1183.30208228035
1183.30217995628
1183.30299477025
1183.30332147058
1183.30418956681
1183.30529739227
1183.3053328014
1183.3066111029
1183.30671019153
1183.307603353
1183.30790556928
1183.30793962488
1183.30837902704
1183.30838668036
1183.30877200009
1183.30897124759
1183.30966757318
1183.30990612952
1183.31057054231
1183.31169720787
1183.31325859997
1183.31367309632
1183.31370201229
1183.31489697808
1183.31527650578
1183.31570149482
1183.31595285239
1183.316820309
1183.31738857582
1183.31821736938
1183.31831656774
1183.31905500176
1183.31918133996
1183.32157827095
1183.32206089514
1183.3222788776
1183.32387706478
1183.32507741573
1183.32507861455
1183.32627004224
1183.32632979839
1183.32683387872
1183.32699115233
1183.3288351973
1183.32944600279
1183.32955172598
1183.33180184369
1183.33292486737
1183.33306964849
1183.33325514636
1183.3334215627
1183.33356871013
1183.33467506264
1183.3348253985
1183.33494925798
1183.33668289795
1183.33811919746
1183.33859404224
1183.33905768909
1183.33947853412
1183.33986066354
1183.34003291191
1183.34059004161
1183.34284244288
1183.34517766916
1183.34562518818
1183.34644882151
1183.34743183037
1183.34761230575
1183.34763243342
1183.34786750096
1183.34853913046
1183.34942213467
1183.3494881268
1183.349775703
1183.35013354717
1183.35033128833
1183.35037099845
1183.35204324431
1183.3521982376
1183.35231952735
1183.35292295614
1183.35343459585
1183.35348113372
1183.35432639577
1183.35539782557
1183.35540208799
1183.35551896544
1183.35667244869
1183.35845240006
1183.35856807856
1183.36008798118
1183.36044759884
1183.36212604834
1183.36224943536
1183.36341587375
1183.36395440585
1183.36416779764
1183.36631061322
1183.36731317567
1183.368440554
1183.36871065923
1183.37042559485
1183.3718829547
1183.37280699243
1183.37318111143
1183.37329121118
1183.37483869596
1183.37618077413
1183.37718998886
1183.37836036984
1183.37889986961
1183.37904987957
1183.37905988723
1183.38285450442
1183.38327200008
1183.38391062096
1183.38413449475
1183.38543202134
1183.38594153354
1183.38628531505
1183.38637146485
1183.3865303757
1183.38654870167
1183.38798839219
1183.38910907993
1183.38928679946
1183.38973401213
1183.39073005833
1183.39209194194
1183.39568566633
1183.39580939082
1183.39605519617
1183.39672413223
1183.39752327291
1183.39770192051
1183.39994093211
1183.40049448479
1183.4006595698
1183.40092565371
1183.40105925357
1183.40113572374
1183.40125650769
1183.40155299166
1183.40238116353
1183.40296851626
1183.40300538651
1183.40327316914
1183.40438675405
1183.40728049817
1183.40766570128
1183.40841643515
1183.40868603033
1183.40901941913
1183.41169089336
1183.41182481335
1183.41251740753
1183.41283680966
1183.4134162565
1183.41491207005
1183.41528988503
1183.41546098567
1183.41613879009
1183.4161757478
1183.41662714978
1183.41668714078
1183.41739988534
1183.41791598142
1183.41824186108
1183.42300717439
1183.42323384505
1183.423654237
1183.42391874291
1183.42477777471
1183.4252758601
1183.42695675161
1183.42746980799
1183.42971471885
1183.42981384413
1183.42992251719
1183.43023667604
1183.43036178167
1183.43040209527
1183.4304374275
1183.43067015579
1183.43148434008
1183.43193533612
1183.43267338995
1183.43460935764
1183.43493488597
1183.43734550069
1183.4376903825
1183.43970746162
1183.43985947501
1183.44115874852
1183.44126230311
1183.44178186939
1183.44239749583
1183.44333728049
1183.44400582222
1183.44464187537
1183.44465779101
1183.44484668926
1183.44512468089
1183.44521501071
1183.44740617482
1183.45211985126
1183.45276869881
1183.45451805203
1183.45581904766
1183.45597351572
1183.45664232381
1183.45957356331
1183.45975448152
1183.46132591665
1183.46178297239
1183.4626648628
1183.46290637528
1183.46307985005
1183.46319541931
1183.46523752942
1183.46662532432
1183.46683375775
1183.46747574706
1183.46821286789
1183.46981833919
1183.47027919768
1183.47153118146
1183.47210621521
1183.4739492828
1183.47621362591
1183.47808580789
1183.47822889103
1183.48129965331
1183.48158733012
1183.4861838948
1183.4874932153
1183.48826287373
1183.48834317213
1183.48893743542
1183.49062725879
1183.49186372814
1183.49320208603
1183.49429566553
1183.49481664299
1183.49673877424
1183.49681518558
1183.49781824889
1183.49789533778
1183.49800936107
1183.49883191761
1183.49974897074
1183.50136457571
1183.50167968832
1183.50274160069
1183.5028125726
1183.50340361384
1183.50516111567
1183.5068035047
1183.50687091587
1183.50778932952
1183.50788837869
1183.50833953565
1183.5100189254
1183.51240985014
1183.51315379928
1183.51359507577
1183.51409510178
1183.51534588503
1183.51687200841
1183.5170070932
1183.51891211004
1183.51930239506
1183.51950460734
1183.51976770754
1183.52033513896
1183.52200962165
1183.52284103519
1183.52284119136
1183.52326498322
1183.52498681844
1183.5258061997
1183.52651373927
1183.52882051547
1183.53013941369
1183.53036424744
1183.53157830255
1183.53195983158
1183.53335005436
1183.53349802765
1183.53358343985
1183.53370708441
1183.53495105592
1183.53584295966
1183.53679247013
1183.53708867277
1183.54035681849
1183.54074543702
1183.54128775092
1183.54322287995
1183.54631571236
1183.54747907615
1183.54796696006
1183.55023448647
1183.55049693357
1183.5520092976
1183.55243374497
1183.55435956706
1183.5557136473
1183.55613380217
1183.55827752508
1183.5607404911
1183.56079887066
1183.56361905012
1183.56378734901
1183.56400870867
1183.5647077274
1183.56610521283
1183.56629786973
1183.56671616255
1183.56763540135
1183.56945161583
1183.57001179275
1183.57081998354
1183.57122032301
1183.57202218015
1183.57404600162
1183.57614491569
1183.57680872092
1183.57848310443
1183.57848772705
1183.58240782525
1183.5830013071
1183.58623242382
1183.58639140896
1183.58883663692
1183.58981799093
1183.59009060768
1183.59016862435
1183.59068361919
1183.59170495313
1183.5940644258
1183.59418211445
1183.59522472173
1183.59657548727
1183.59693067288
1183.59775320089
1183.5980614068
1183.60034863051
1183.6030724909
1183.60365756544
1183.60584750018
1183.60601741808
1183.60610857506
1183.60649122863
1183.60658101706
1183.61269418413
1183.61441035834
1183.61512164695
1183.61538911062
1183.61575806989
1183.62069176012
1183.62192705527
1183.62239991256
1183.62322788426
1183.62359215017
1183.62380610358
1183.62490239766
1183.62721132476
1183.62924937552
1183.63062554849
1183.63153932645
1183.6342494384
1183.63468395771
1183.63485931385
1183.6354117744
1183.63845143926
1183.6410885196
1183.6417152395
1183.64343450954
1183.64345071399
1183.64372415356
1183.64429787497
1183.64610529547
1183.64684743138
1183.65033539495
1183.65129677865
1183.65131045748
1183.6540640356
1183.65531158335
1183.66007592988
1183.66144878309
1183.66298644864
1183.66344165163
1183.66368816287
1183.66701619729
1183.6728876073
1183.67476821305
1183.67835125319
1183.6816842385
1183.68189476223
1183.68536516046
1183.6863080343
1183.688074104
1183.68911434705
1183.68979762565
1183.695512274
1183.69751943835
1183.69768654978
1183.70387813888
1183.71055539373
1183.71086421351
1183.71796779721
1183.71833349181
1183.72248682305
1183.7228874955
1183.72387283308
1183.73127801795
1183.7390241964
1183.74026987684
1183.74051696213
1183.74135349583
1183.74142284394
1183.74292884622
1183.74672731651
1183.7470400027
1183.74726765555
1183.7505842393
1183.75416499351
1183.76350867292
1183.76407685624
1183.77135002498
1183.77469013949
1183.77720037361
1183.7772376022
1183.77795085135
1183.77938415782
1183.78099385001
1183.78347806127
1183.79304326639
1183.79540389515
1183.79706832721
1183.79828299993
1183.80013804599
1183.80122854759
1183.80627075625
1183.80714662893
1183.80738440243
1183.80906091881
1183.80926744192
1183.8126249945
1183.81609321751
1183.82571085555
1183.83106209056
1183.84049000092
1183.84247275325
1183.84395268823
1183.85530308833
1183.86275336481
1183.86621612899
1183.88716524103
1183.89264390782
1183.89714284329
1183.90346658574
1183.90742402123
1183.90805886796
1183.91640253105
1183.93309617744
1183.95030294361
1183.96235334028
1183.97311673565
1183.9755516564
1183.98336560372
1183.99514827327
1184.01335499411
1184.01875692199
1184.01931862212
1184.03421203765
1184.0347281479
1184.03867947712
1184.04956545736
1184.08460317308
1184.09212235656
1184.09585096773
1184.09811625819
1184.11252346787
1184.11926572107
1184.15182374026
1184.17103823972
1184.17139498345
1184.17140427121
1184.30662550194
1184.33493009754
1184.38889939581
1184.94090192345
1184.24702398678
1183.9252821526
1183.29756624655
1183.48373194664
1183.9690784819
1183.37870258347
1183.66769161799
1183.43318611314
1183.4711057112
1184.31366037815
1183.32906793877
1183.33710071136
1184.08801162037
1183.29984723776
1183.46250318452
1183.38355367379
1183.66117341023
1183.51375180973
1183.3778070907
1183.31133901037
1184.09044980665
1183.51527174582
1183.29911484441
1183.34336828074
1183.33775020375
1183.33582159177
1183.42829308534
1183.47645283711
1183.52802719125
1183.91405975661
1183.41621184565
1183.35242898594
1183.88569948931
1183.32088056754
1183.75574788643
1183.52444490667
1183.47894148292
1183.88248471904
1183.51401420148
1183.48148779105
1183.52935518755
1183.62879857038
1183.44067487216
1183.30998405423
1184.39888990754
1183.4208705341
1183.34068062547
1183.82057684893
1183.59338195545
1183.40090247636
1183.43303843607
1183.54234253222
1183.68893186762
1183.81096925317
1183.38377347339
1183.71994459323
1183.42106674063
1183.8550847508
1183.30443312662
1183.46566638194
1183.29714438878
1183.50292091276
1183.3965705272
1183.36285914283
1183.41039239555
1183.49942715775
1183.93349979349
1183.72712930882
1183.55242681431
1183.3316007304
1184.39842186112
1183.99546555033
1183.59340327258
1183.96644381581
1183.39056010827
1183.39954584877
1183.47371473762
1183.56171357772
1183.97617506939
1183.66177762508
1183.72417286252
1183.45839993479
1184.15535656695
1183.31250997412
1183.92614339201
1183.99328233795
1183.41107674639
1183.65353891384
1183.80308942767
1183.41114913831
1183.75020757543
1183.85372616994
1183.30691273082
1183.36268411199
1183.76184872346
1183.66660834532
1183.31631365185
1183.88708480194
1183.44645611411
1183.48419430571
1183.62142934168
1183.44683616796
1183.61421235663
1183.31661586013
1183.70641593392
1183.51551919622
1183.37438334036
1183.79294643623
1183.86678583486
1183.7695356374
1183.34700868067
1184.02010132726
1183.50345475105
1183.43039000339
1183.74334062567
1183.59562246608
1183.41944602432
1183.44613938166
1183.50424091421
1183.3162059317
1183.32084725817
1183.47127800339
1183.45157435885
1183.33687401055
1183.90570199462
1183.36318124769
1183.69445984916
1183.66357853693
1183.56677556284
1183.30979360936
1183.39580297174
1183.43970898583
1183.57529113326
1183.51408324823
1183.97549720928
1183.68773877763
1183.95677328246
1183.84561056396
1183.33890272039
1183.72819061076
1183.48708316978
1183.5111459538
1183.67011942441
1183.41295649616
1183.3224855917
1183.57814474031
1183.35441338027
1183.66898849625
1183.34655544223
1183.4174861543
1183.651812634
1183.61856165213
1183.52930490333
1183.29965743284
1183.62881760077
1183.93750083123
1183.29824137604
1183.6639115653
1183.57101411143
1183.77899883789
1183.38717453837
1183.6155944848
1183.41886878286
1183.98377530632
1183.3761659088
1183.45214814829
1183.37135600108
1183.37587652193
1183.38264407791
1183.63597720054
1183.48036719653
1183.87166708278
1183.54964594645
1183.34541415825
1183.42670190399
1183.89406242796
1183.85657342081
1183.407930213
1183.45735252159
1183.30811443566
1183.34880755955
1183.79587412203
1183.53580558101
1183.81069824706
1183.41427078359
1183.3992833942
1183.36304423313
1183.84369834655
1183.33277483357
1184.07164390829
1183.36291139015
1183.35299281849
1183.5067034614
1183.97434281805
1184.44750773903
1183.65944359989
1183.33623697351
1183.47218022879
1183.79678457234
1184.03415572189
1183.65701737682
1183.61485371785
1183.55504617909
1183.50993369511
1184.32856874262
1183.34321271308
1183.51767431209
1183.43130972308
1183.63969764035
1183.95538482868
1183.55286421866
1183.36038131393
1183.29995525965
1184.13822068792
1183.61090731762
1183.56090433645
1183.40086843839
1184.08477939614
1183.30710790362
1183.36590044605
1183.376708529
1183.37413907913
1183.97951183069
1183.5081806222
1183.35665629455
1183.41560191299
1183.40036582759
1183.59407470708
1183.9226433746
1183.41302657742
1183.30257984171
1183.48375505675
1183.76859075452
1183.61804997581
1183.50985426667
1183.36866976854
1183.31710023988
1183.40666609824
1183.5514056983
1183.56371036027
1183.4121538498
1183.66708261553
1183.51455508248
1183.39956683246
1183.3302837217
1183.40118859307
1183.39399296274
1184.3068742507
1183.48808974522
1183.48760404897
1183.4484801364
1183.47194664781
1183.72897542219
1183.60767619495
1183.98448546471
1184.17736312037
1183.99975275194
1183.59256280991
1183.42722434551
1183.56636992484
1183.71219117608
1183.33204807027
1183.73884050711
1183.46012434297
1183.73788599187
1183.73971062845
1183.9834265233
1183.360396954
1183.47122473318
1183.70358462832
1183.31473812531
1183.49953197147
1184.10039090902
1183.75577519089
1183.40395040967
1183.31157588511
1183.33326139008
1183.68675814274
1183.89220056776
1183.3648538815
1183.33143367814
1183.55179451832
1183.40703885942
1183.46747485637
1183.56191150724
1183.42978412622
1183.36185708866
1183.33623854547
1183.59578693299
1183.59421973487
1183.32385959677
1183.35372971262
1183.36481123684
1183.49647254905
1183.49160322656
1183.93066924107
1183.72266241734
1183.64216329461
1183.68453883053
1183.56758443276
1183.8587345044
1183.34494963755
1183.84896396353
1183.55410774857
1183.56519169793
1183.96980690672
1183.39213200982
1183.93313501763
1183.43181817661
1183.78321845835
1183.50742248574
1183.5023820527
1184.03665429908
1183.33175105164
1183.97919682839
1183.32285572315
1183.31108658205
1183.96627170633
1183.53810791872
1183.94641459842
1183.40020046006
1183.84603855807
1183.73566958348
1184.31119765596
1183.80865719913
1183.37855922127
1183.7052750403
1183.45885793651
1183.49755302858
1183.60983538542
1183.5994125063
1183.85696900374
1183.46163036214
1183.51882996032
1183.30272399477
1183.67091571635
1183.33040094639
1183.84705284151
1183.81927961496
1184.08596891325
1183.67480521952
1183.41203570774
1183.47469217195
1183.85815553594
1183.53985662672
1183.75631588682
1183.38501974015
1183.837387118
1183.39448474507
1183.38276555632
1183.85786111635
1183.8841359483
1183.47844808402
1183.33178446446
1184.13384280984
1183.52633787366
1183.47202818029
1183.51620446038
1184.03263517254
1183.52317428181
1183.38451330076
1183.31270260811
1183.9898041573
1183.73215145895
1183.50994181704
1183.66926629237
1183.34419308681
1183.50009229795
1184.44834482844
1183.66113836508
1183.37083654061
1183.90152115823
1183.34876599421
1183.50828374429
1183.42420138732
1183.73921861285
1184.45880476184
1183.33702737239
1184.10156318583
1183.4402328627
1183.99823925277
1183.2993849524
1183.40567926558
1183.78226710103
1183.35910409918
1183.9490999246
1183.42950678592
1183.36689242985
1183.34069218063
1183.69683383397
1183.99529584913
1183.32224059572
1183.44270833264
1183.62339160017
1184.02164749435
1183.45069196803
1183.47523765198
1183.66121236923
1183.42658390906
1183.61087980643
1183.47489715134
1183.50824687588
1183.4816749565
1183.52455079431
1183.59164300004
1183.31390301565
1183.55525960487
1183.40640602397
1183.47409249123
1183.60180568405
1183.4753554102
1183.55618489359
1183.75642810704
1183.5342923783
1183.31616924787
1183.82881550837
1183.3081486065
1183.98031524603
1183.33143818094
1183.40401075439
1183.9291395509
1183.45827689306
1183.4172536641
1183.30419176238
1183.65199488593
1183.34614923669
1183.476402971
1183.31172317507
1184.02866772784
1183.84787793341
1183.40786140035
1183.63902243417
1184.42705468151
1183.91195824395
1183.66062303985
1183.39301894905
1183.31281681554
1183.34707879426
1183.5137646488
1183.76422298824
1183.34456438551
1183.55550246896
1184.02303561466
1183.50373810016
1183.34560678078
1183.38992784567
1183.37270184545
1183.29708024803
1183.33912368993
1183.5438006504
1183.75463403323
1183.45692328737
1183.35930899526
1183.91555896556
1183.6300898105
1184.2249049154
1183.83765868667
1183.3199282376
1183.39218295315
1183.54744695935
1183.37655124196
1183.47564920066
1183.61621308627
1183.34206428712
1183.54148136225
1183.39228796168
1183.37740420176
1183.35806812734
1183.82786374737
1183.54273329459
1183.51301725448
1184.0370672553
1183.56050229702
1184.04016822798
1183.43995704809
1183.40368834533
1183.45462901661
1183.53820965452
1183.4853837494
1183.61921038685
1183.88980466704
1183.32586151214
1183.38677487355
1183.93174308518
1183.37107221634
1183.47275925501
1183.58482249514
1183.462120779
1183.4324588989
1183.8753989093
1183.53258194846
1183.41561942225
1183.54025896167
1183.59449653424
1183.41613244714
1183.5317870499
1183.57511872922
1184.18214155249
1183.32129963325
1183.39616865639
