999.248480269419
998.891906375473
992.69168696526
990.663333981874
988.817318082126
987.438401671454
986.780091139203
985.854793506026
982.14653466048
979.840360005698
979.492096991937
977.874195392281
977.850337537677
976.841036067453
976.714094775598
976.186664863631
975.909346038431
975.849805792858
975.710805490041
975.310717701993
975.303676266158
975.177001722569
974.851323140805
974.724966343589
974.34761233867
974.321452351556
973.889460198655
973.529443427828
973.472163217177
973.055798567462
972.763888227538
972.134801242932
971.924226714646
971.750709740256
971.707101748755
971.700531752488
971.12426949579
971.091367485098
970.502643673195
970.455010892877
970.357760309609
970.195749142179
970.179404474101
970.154988916431
969.864290862539
969.456696554623
969.454982027218
968.846154406432
968.831904934699
968.780798134973
968.745721500808
968.633644794787
968.526947686239
968.218187441183
968.022774589796
967.929842170784
967.85242453742
967.698571646676
967.697875238227
967.694971559235
967.693521511511
967.455613663981
967.417073785034
967.416117311334
967.043051738429
967.022087754826
966.886972519334
966.70966832843
966.601462236186
966.601033405863
966.501651014213
966.463474207614
966.432294736116
966.325062797165
966.308590341743
966.259639621163
966.223203879196
966.200039296124
966.108730912598
965.956666014685
965.612287873997
965.60468093794
965.431378486057
965.389622003517
965.353815819266
965.31780962603
965.139126127466
965.094764148211
965.050438577738
964.938777533465
964.878212599613
964.871600290294
964.470005574998
964.469430518624
964.451045600796
964.324598755775
964.311283792449
964.229456283968
964.118799171604
964.107231731683
964.089434925076
964.045446196604
963.962006861968
963.917061791216
963.915350873401
963.721809803131
963.612442099587
963.581478273748
963.56350376415
963.562544751698
963.463120309414
963.254970514534
963.248423132579
963.163875531388
963.122089828608
963.007394209237
962.981932179059
962.981692101038
962.962210864865
962.920210040375
962.855035788564
962.848436254486
962.766102555008
962.738852758641
962.671053673351
962.649343612741
962.62596453856
962.621937808794
962.613830829644
962.420378979302
962.362987575971
962.33982890112
962.246811820452
962.240641774956
962.218345157162
962.149195450539
962.083518108667
962.076059293016
962.068240807327
962.051174642913
962.037726363122
962.019055360536
961.913713016445
961.898733280528
961.78413839402
961.637123241787
961.598009179084
961.590916228952
961.583905267395
961.582230421525
961.575178077202
961.454014793492
961.422097788563
961.361407248725
961.329683911252
961.308248435746
961.218840412228
961.16941576704
961.087835902373
961.009929090952
960.988695367026
960.947922505725
960.93794637587
960.925965711051
960.800111464491
960.754643132585
960.747844328087
960.673416354453
960.501723538327
960.420374103517
960.394001297117
960.35423403008
960.342847370187
960.267059020906
960.248894915429
960.214457290356
960.148140782029
960.123277919881
960.112048579369
960.099045318473
960.032780083096
959.941578789026
959.879234095721
959.845040528789
959.832295799161
959.810764623204
959.741099756602
959.726454763304
959.689232874527
959.618411262417
959.596186888619
959.571370724427
959.534500429229
959.5279293872
959.515437853159
959.510000610219
959.498816346718
959.444442828752
959.376784939072
959.352175410727
959.337339285666
959.240893952944
959.2389445069
959.220374331124
959.176893480593
959.155811660079
959.153972705328
959.124986718299
959.096691076006
959.047487568802
959.00478027392
958.971135077003
958.905954963451
958.895765101234
958.878998324313
958.846334963118
958.821682704335
958.805154000658
958.787738483712
958.745454874733
958.742317944066
958.730887587321
958.727358171359
958.718274072218
958.717024666862
958.680264079723
958.663191686879
958.637771490076
958.636285008373
958.627056545026
958.612659759383
958.611527615147
958.569992701854
958.56567183627
958.552718016448
958.543100734334
958.521167979157
958.508441891534
958.500760650882
958.458838319087
958.421818054125
958.418772198775
958.414916523042
958.393213652907
958.338945514233
958.334421894097
958.310907206144
958.298255037938
958.289151461614
958.261973070015
958.251241269759
958.222724591466
958.210562192807
958.204542122502
958.183097906107
958.178235806792
958.132712561308
958.084730006498
958.049827497319
958.003459110007
957.996943440789
957.987997850497
957.977078511668
957.947244980633
957.931148172498
957.916582684841
957.829784775894
957.809982602158
957.809302992876
957.804080178534
957.798926197892
957.760736677296
957.758308747998
957.75053118787
957.698028912248
957.681241743998
957.674061904066
957.658063351749
957.65550398269
957.603945113676
957.596220464633
957.594304265482
957.582998396877
957.561126134806
957.521012083213
957.47762545191
957.469836071344
957.448443001954
957.443229985291
957.439219268729
957.387383061526
957.370230311828
957.360162926073
957.343693742381
957.314880144763
957.311513396164
957.300079595845
957.289725064959
957.259961072153
957.197252726602
957.155468874366
957.147347663131
957.130394160608
957.089410273133
957.084880598937
957.083454869066
957.08080217244
957.076139886862
957.070186970299
957.068869748916
957.050005578167
957.004647923887
957.003663692803
956.942773354363
956.926038453518
956.920556455363
956.873883607174
956.862545791178
956.842004446616
956.840334665648
956.807485865613
956.803911419152
956.681023971684
956.675672161198
956.674637140629
956.672900699637
956.666157368973
956.665643158755
956.648265209908
956.605411205855
956.602226619688
956.573167922018
956.564226690369
956.520880178337
956.508914673925
956.468853869545
956.451035215342
956.401063337292
956.374841765056
956.364068633611
956.319121460008
956.261103322902
956.238138869662
956.21274826736
956.200128638925
956.186441373044
956.148547865731
956.143467818225
956.138677849842
956.13636995802
956.121195483909
956.111181593492
956.105341648087
956.090441153311
956.088195733341
956.084368362452
956.077012965371
956.072042508979
956.066281396311
956.050752201132
956.026268954874
956.008431051758
955.987620824556
955.982174952798
955.958546832382
955.956637370251
955.942735308506
955.93130445826
955.924046602343
955.917280278917
955.915343591641
955.894632301742
955.858071090943
955.82384258935
955.816587891142
955.815037228907
955.804658706657
955.799175087574
955.789949813223
955.770570242211
955.762567522699
955.751816237956
955.746801545645
955.719676143695
955.713687487481
955.668881484163
955.656395187024
955.655735173644
955.651600268693
955.647892020884
955.633980178373
955.633904542726
955.552252509284
955.545458321545
955.528554449439
955.513240864968
955.502563173882
955.500390088637
955.452594048853
955.452501686245
955.452221681323
955.379480511177
955.366387509097
955.359981305517
955.358402674424
955.355146413312
955.320048627248
955.308231675005
955.280716710635
955.274588280555
955.27335337203
955.264522212519
955.243550487229
955.221274382784
955.193817078638
955.15738248343
955.10635794669
955.104704333282
955.096594255171
955.087948507447
955.067685482636
955.056603813044
955.055157585913
955.053975950094
955.035838983825
955.020927389521
955.012598844643
955.007776949589
955.006815163754
954.97743657736
954.965089649621
954.952320876554
954.930416053549
954.922126160739
954.921027195094
954.883064487563
954.877316739372
954.866129142191
954.862473487243
954.858758239753
954.847882450422
954.8045963761
954.769365643161
954.757462700377
954.754862653106
954.74100344881
954.720465113524
954.707717995378
954.690373234672
954.676856108143
954.663599594747
954.652681601611
954.640671779609
954.604139389785
954.589208026548
954.520727817384
954.514659241873
954.513160857112
954.503980602672
954.501771644074
954.492205510589
954.47875940729
954.470193291529
954.469341281946
954.453526658489
954.44448969092
954.371506146679
954.356764070962
954.334266099504
954.330963330633
954.323173404257
954.309774638869
954.294751166198
954.294308818904
954.264732227712
954.260724458892
954.250362582923
954.248315384016
954.247925189829
954.245244974525
954.223777365827
954.220119035632
954.219430588814
954.196140634548
954.194578193905
954.184880722168
954.184837414948
954.181297721159
954.173818473299
954.157887386128
954.148827123101
954.144413613095
954.122067819573
954.089092249047
954.087457720664
954.079018319473
954.058458654807
954.012075275163
960.981785587097
968.66139303677
955.199933358895
955.555876846131
954.558251544619
959.144501969427
974.522518064027
958.40625721971
965.81222742569
955.574832771846
957.016616540814
967.243729011386
959.430026464958
962.575333334312
967.2040551227
959.427663708587
955.861098735779
966.121274085676
960.573829267094
962.502957340369
973.134709078919
970.897208693019
955.321235831411
959.8044637824
956.619293269057
954.921496989244
954.306781282695
954.189895285145
962.236657148905
963.086853000783
958.421816842086
965.75657074195
957.000028079203
959.88913470128
956.290843022307
968.431734382501
954.218648819726
962.36019757773
959.877239399248
955.047863371685
970.559002697005
961.314406026533
957.797886344679
956.006685082671
954.653771201201
957.444742407233
962.765189010437
960.139971838893
966.39566727583
956.576006751328
954.341601623872
956.486526129959
958.201108233259
955.718480807548
955.730852495541
955.204561009664
958.687669445369
977.203073176519
954.208488950978
971.449545149797
955.437231947136
962.657801396211
969.592596265324
985.833913405218
955.497123485516
977.059156941387
963.099766082714
980.657571095035
957.178146054215
961.725260371344
958.283783456053
958.292478611255
956.835921190421
959.500855314616
956.970589075476
960.188131782621
955.859686067558
964.990278687458
958.87183668491
960.080213675146
958.568746823437
955.684597793257
954.597114032221
959.430171894653
954.015944442637
958.56773828304
961.016210725103
957.118590037145
956.515533143641
956.483740966558
970.459852258184
958.993137062299
956.863186139457
959.267763282605
987.523774106341
968.930529064289
959.829293048693
955.419876017124
961.449230039066
956.983825190957
966.955564381451
954.744106453707
964.389164395088
955.866275436785
954.181957025435
954.246772113566
954.040395037194
961.444148385892
959.40220511305
955.082325793484
958.134405368386
955.613856413831
965.345282990668
956.404987433501
981.329302901864
956.678879383956
960.22157939575
966.184388425296
961.346484238186
958.763658745306
966.918947164201
956.490510429404
956.763187617031
959.837999984938
961.790071391141
962.854934190826
955.559423478858
964.795991010471
957.916794276587
954.35015932124
954.458928256876
958.866731363082
958.267106807344
962.52038075777
958.183744890494
954.057730708345
957.032258092118
963.035826679346
957.924212382499
957.37246714233
956.561731634328
956.531390436686
955.847204379969
955.419930535295
958.996880457789
954.727967404741
955.795929919224
956.144795796183
955.00316066023
965.440259006937
954.997136189729
963.310880038222
957.770953960023
954.091155719222
964.149489972752
979.853112034928
959.226909435105
960.404065131394
955.25503619691
959.457755440361
964.443016413914
956.176362151958
954.036341506249
961.03056325631
961.591332591054
954.228758142323
972.087067915686
983.696668072123
955.277892207852
959.36986760233
972.856071521026
955.522074826225
954.297114551496
957.906090421887
955.002273881369
955.483768081931
961.917340102252
967.64105165362
964.044189196929
964.449741330717
955.547819336349
960.990684602427
954.394605204554
967.96935973879
964.67137429262
961.027156639528
955.199751794014
955.095969530652
965.316060441842
958.143739875018
957.133539912399
958.115842195852
965.642242839055
969.589213739778
960.505139106487
955.026154631191
954.723254376405
954.574974103076
960.238777431694
972.950636823633
955.650412175323
954.474440482975
961.941327203633
968.977364913863
968.747543647632
958.548725116933
958.826017889145
956.792809037136
955.599741949907
971.018284166857
959.167674608076
961.060422462662
960.906719861868
958.565337621073
956.082530983825
963.675338613965
960.2671231613
959.402764489717
955.32486854226
954.285260074257
957.754429766402
968.443362789884
964.491495832363
957.473372673555
958.149125113995
955.432514149069
955.409988221903
965.806740880707
967.3789383943
954.745971446379
959.675929002365
955.805024489751
957.658854047482
958.478669434004
962.657812401432
971.300934733842
961.483988181979
954.84410784461
956.663010889519
955.545440430186
956.808390445718
956.976017441106
976.000416726657
970.203117308446
960.398125077579
981.718897053435
954.41911471513
972.31623932504
962.89033295494
955.532320105176
960.970617990538
958.669310884149
977.549073417122
954.597157175052
968.834744020858
957.263418712965
958.603587787387
959.443097934918
967.720628932214
958.575901501434
960.909948703881
958.068255005938
964.594455467097
966.861759913251
963.205905330901
955.551035370428
956.481788810329
962.106725347204
967.865955937204
971.417287560905
965.612436608606
958.30676289322
963.702825322256
957.282586991925
956.703075063729
961.820443649944
956.970659678995
954.443011470631
973.329648910892
956.43092343395
989.735099858377
955.240216976228
958.540786111851
958.318856266436
955.794552080168
957.980675163127
957.661965150744
954.745634675158
954.211308734341
955.462114384175
955.81466263007
963.854478906577
957.910583788308
968.487598947684
992.405454516124
969.787025200114
956.959437703478
959.530615636139
965.824562219099
954.126733276933
959.218879210202
959.445862242964
956.41695338944
958.154965662733
959.548644190104
963.385395218327
955.166475382296
954.953329550196
960.033068525021
963.812495688306
954.79042917606
955.747447262599
972.668429175401
959.056396929359
954.197926954765
959.804040548199
969.436474663296
963.086542419967
967.563676745117
954.020228530779
954.660211110233
975.442682628321
961.345245638429
962.403055503965
980.862911321747
962.624500104214
966.731782226883
967.913617197003
977.038686932757
957.696403461624
960.461772005652
970.915691596865
954.968463574914
955.315079912186
965.984722659076
957.761888418222
957.919339004616
959.658146588435
955.6890008618
975.007062867328
955.876303864525
955.375806731503
965.132566526865
966.329707204175
967.10964056564
964.063878087332
957.46476838116
954.779994491168
961.724597867309
958.240584530123
955.513368697297
955.655802293884
959.184473298951
962.983628463579
960.038658627362
956.708501890047
959.525131464256
958.941741859151
959.531679330794
958.208792221994
977.707730746748
956.817455450598
962.19505269247
963.605105520645
964.26858210496
955.009316764494
963.51940229152
954.306730029336
960.025357493767
956.31143661392
957.319583542201
955.73015625993
956.869707079051
960.20545627524
954.44259231942
967.700089393137
959.838885971058
954.309628590812
957.002999231718
961.13650847763
959.518252372519
983.548127941833
964.507021586329
955.27839130638
954.11321750328
958.879834860763
959.813063112218
956.642190106165
955.05635246331
974.403765446215
963.259777537197
958.744768615104
954.183115710498
954.681792473772
965.672842120549
971.150552332056
966.016084658014
956.290604032057
955.349595970253
958.25882489945
956.055766878082
970.439847409561
955.248854646491
956.503539398067
954.733778807091
972.35697565895
959.810076987003
954.793820778979
954.044348291495
965.051115610517
960.842879302144
955.836556182936
955.166178146212
954.556308594582
954.662687852571
959.896576692961
960.973241677183
958.581613407539
954.898689236775
960.467304295636
957.818345508876
972.024713440185
963.947129902749
960.354188689628
975.938081188039
955.989350430393
968.855280232588
955.138985625531
954.235378867684
965.992578731088
969.115834966841
962.59470213533
956.115185699529
955.132339894242
955.357255594434
959.432097511109
957.966713769084
957.570151487395
958.14601022884
956.296036550488
954.959387773371
954.819911482227
955.214396223722
958.873652110957
954.874361724208
957.164445615932
962.258185084734
961.391024101234
961.20767178826
956.798454952459
956.400727674704
954.552751220164
959.790151054234
956.714658428883
955.816125981547
961.934033853426
965.955300347
977.768872808463
965.871881471748
985.490034329893
956.776257910805
954.290877983017
957.638924019085
954.131739488863
954.039412706679
955.052399853658
958.87580245554
957.735407418826
959.895298699006
955.655498574509
954.066902178009
959.806977932888
969.2915089765
958.819392744218
954.803317743707
957.870344670125
962.621226648314
963.961559715452
964.330739051213
966.082279194854
959.357846062787
956.979301961357
961.214369580061
966.970101537976
955.224591455879
967.895893895856
954.691018349343
990.515540592847
958.020492476489
962.039453569665
955.161438730046
954.417348540117
955.067767022262
955.083268103528
970.343188129375
956.173487799943
970.292152861742
956.867674276
982.829299049729
956.403677122711
956.376581229372
985.474527704966
