1075.92885
1075.934802
1075.935882
1075.948204
1075.957795
1075.959257
1075.985495
1075.987701
1075.988968
1075.990546
1075.994016
1075.994869
1076.007637
1076.010353
1076.014236
1076.018616
1076.022836
1076.024354
1076.024888
1076.025312
1076.026701
1076.030075
1076.030179
1076.037693
1076.050202
1076.053594
1076.055445
1076.061601
1076.06492
1076.069911
1076.075471
1076.080036
1076.08006
1076.089085
1076.10067
1076.108147
1076.109216
1076.122402
1076.123639
1076.134423
1076.139706
1076.155707
1076.169068
1076.169271
1076.195157
1076.196314
1076.1964
1076.211395
1076.213826
1076.220618
1076.229265
1076.232411
1076.234031
1076.235159
1076.241091
1076.252081
1076.253273
1076.255444
1076.262222
1076.263419
1076.265742
1076.27535
1076.276861
1076.279188
1076.282676
1076.283516
1076.284968
1076.285389
1076.286882
1076.302268
1076.310438
1076.31112
1076.313744
1076.332426
1076.337756
1076.338086
1076.339212
1076.346563
1076.349232
1076.352506
1076.353213
1076.356011
1076.362605
1076.368393
1076.374436
1076.378643
1076.396732
1076.39902
1076.409984
1076.414027
1076.420196
1076.420893
1076.421301
1076.422303
1076.425639
1076.428351
1076.442213
1076.444263
1076.44537
1076.44616
1076.449284
1076.452435
1076.45907
1076.45998
1076.46462
1076.470578
1076.475216
1076.489932
1076.490381
1076.491518
1076.496226
1076.509281
1076.515144
1076.523641
1076.523754
1076.525951
1076.527438
1076.529135
1076.530062
1076.535589
1076.535814
1076.546175
1076.550092
1076.557324
1076.557532
1076.558252
1076.567365
1076.569375
1076.569788
1076.574396
1076.575886
1076.578064
1076.579467
1076.60604
1076.615279
1076.631896
1076.640825
1076.644083
1076.645211
1076.652902
1076.657969
1076.668511
1076.668512
1076.682142
1076.686182
1076.692016
1076.705129
1076.705479
1076.705503
1076.711471
1076.725373
1076.729424
1076.730261
1076.734167
1076.742313
1076.744618
1076.746884
1076.753425
1076.755979
1076.759556
1076.766569
1076.77138
1076.777182
1076.783214
1076.789218
1076.791036
1076.792476
1076.79857
1076.814166
1076.823735
1076.824283
1076.826309
1076.833349
1076.849126
1076.857449
1076.860793
1076.864848
1076.873587
1076.880914
1076.889714
1076.897255
1076.906007
1076.907949
1076.909926
1076.912228
1076.917239
1076.932352
1076.956111
1076.956366
1076.959028
1076.96163
1076.963332
1076.974848
1076.977274
1076.981516
1076.984419
1076.99726
1077.004781
1077.011663
1077.020871
1077.022409
1077.02336
1077.02686
1077.028968
1077.034289
1077.035509
1077.037577
1077.043829
1077.066604
1077.081181
1077.084424
1077.097028
1077.100038
1077.102665
1077.105686
1077.111348
1077.126565
1077.129324
1077.130485
1077.130488
1077.144836
1077.15285
1077.15966
1077.183596
1077.188203
1077.188592
1077.190102
1077.200936
1077.20146
1077.206435
1077.209639
1077.214593
1077.217022
1077.217349
1077.220573
1077.22857
1077.23217
1077.235226
1077.257682
1077.258433
1077.263092
1077.263251
1077.270691
1077.27593
1077.286911
1077.2901
1077.29297
1077.309568
1077.319888
1077.322319
1077.323116
1077.327024
1077.327508
1077.333478
1077.350373
1077.356134
1077.370506
1077.374435
1077.374756
1077.375447
1077.382557
1077.398483
1077.399099
1077.401605
1077.401723
1077.410917
1077.417679
1077.418532
1077.420493
1077.421595
1077.422828
1077.427093
1077.434724
1077.438383
1077.438575
1077.442017
1077.44656
1077.450263
1077.453157
1077.455108
1077.473123
1077.473205
1077.47723
1077.479551
1077.485183
1077.501291
1077.504332
1077.507723
1077.511168
1077.511624
1077.515717
1077.520092
1077.520102
1077.522276
1077.524177
1077.537227
1077.544571
1077.544948
1077.55206
1077.553805
1077.553832
1077.562073
1077.562722
1077.563581
1077.567206
1077.569626
1077.574048
1077.586326
1077.595108
1077.598182
1077.611258
1077.612165
1077.614784
1077.616294
1077.617116
1077.62403
1077.628738
1077.63051
1077.648334
1077.6551
1077.66543
1077.67028
1077.673943
1077.680635
1077.682027
1077.738176
1077.740006
1077.747784
1077.758128
1077.76498
1077.767299
1077.76895
1077.769452
1077.76992
1077.782885
1077.787285
1077.788329
1077.812098
1077.81255
1077.813332
1077.814138
1077.818186
1077.819807
1077.823994
1077.847869
1077.880315
1077.886992
1077.892438
1077.899785
1077.90372
1077.905703
1077.907819
1077.919008
1077.919198
1077.923888
1077.928549
1077.936137
1077.954841
1077.981044
1077.996231
1077.998886
1077.999064
1078.00007
1078.020191
1078.024492
1078.028712
1078.029245
1078.044085
1078.046821
1078.06077
1078.070738
1078.072389
1078.076646
1078.080818
1078.088533
1078.09794
1078.102043
1078.102631
1078.103897
1078.108953
1078.110281
1078.118258
1078.126634
1078.132208
1078.133061
1078.139592
1078.139759
1078.140104
1078.145635
1078.15969
1078.171066
1078.172609
1078.178074
1078.181788
1078.186689
1078.190347
1078.221101
1078.245278
1078.25281
1078.263982
1078.265107
1078.27408
1078.287827
1078.29952
1078.301808
1078.345107
1078.351482
1078.351909
1078.354656
1078.365247
1078.367024
1078.37252
1078.372612
1078.373755
1078.378877
1078.386756
1078.392155
1078.396342
1078.404547
1078.405179
1078.4125
1078.422768
1078.428931
1078.43569
1078.439612
1078.446205
1078.450377
1078.458401
1078.460178
1078.463372
1078.464054
1078.466195
1078.470375
1078.477028
1078.478294
1078.478725
1078.480686
1078.482826
1078.499108
1078.511839
1078.524688
1078.533505
1078.550886
1078.56825
1078.57847
1078.58052
1078.596685
1078.602267
1078.604375
1078.631329
1078.63521
1078.642471
1078.646956
1078.65138
1078.684091
1078.687942
1078.700457
1078.70307
1078.720579
1078.722933
1078.725785
1078.73384
1078.736042
1078.747596
1078.76809
1078.771598
1078.772975
1078.776659
1078.782013
1078.78768
1078.788946
1078.793462
1078.814666
1078.827948
1078.830796
1078.833763
1078.836614
1078.846944
1078.851685
1078.854927
1078.857185
1078.861774
1078.866614
1078.870032
1078.878313
1078.881315
1078.887996
1078.888391
1078.88958
1078.892398
1078.895791
1078.897834
1078.903624
1078.936047
1078.936982
1078.938144
1078.938437
1078.949925
1078.952702
1078.959555
1078.960329
1078.990774
1079.013422
1079.014544
1079.015179
1079.022177
1079.022307
1079.026212
1079.031667
1079.032858
1079.038396
1079.045702
1079.048545
1079.068157
1079.069563
1079.0752
1079.075755
1079.077461
1079.077626
1079.078174
1079.078668
1079.09106
1079.091384
1079.103693
1079.105083
1079.106368
1079.112869
1079.11854
1079.120666
1079.127252
1079.14156
1079.157541
1079.1643
1079.176016
1079.194703
1079.199938
1079.201011
1079.202875
1079.213099
1079.219183
1079.220347
1079.237851
1079.260423
1079.261741
1079.264177
1079.264612
1079.269606
1079.275331
1079.277331
1079.281513
1079.283344
1079.291729
1079.292654
1079.292833
1079.294812
1079.297673
1079.306701
1079.314294
1079.321135
1079.3319
1079.333572
1079.334336
1079.334393
1079.334955
1079.336259
1079.33726
1079.368586
1079.371663
1079.372766
1079.384473
1079.387215
1079.387795
1079.398052
1079.40106
1079.401149
1079.435533
1079.437515
1079.438187
1079.438638
1079.451768
1079.466205
1079.470196
1079.477223
1079.486165
1079.494781
1079.496461
1079.499127
1079.504446
1079.516412
1079.517631
1079.520366
1079.522353
1079.529734
1079.535528
1079.565782
1079.568119
1079.572706
1079.588806
1079.58975
1079.592175
1079.595309
1079.596002
1079.613102
1079.614221
1079.634454
1079.641965
1079.646784
1079.647913
1079.649062
1079.655315
1079.655771
1079.658909
1079.661284
1079.674167
1079.681366
1079.682217
1079.689222
1079.700516
1079.705502
1079.706712
1079.712324
1079.716502
1079.71696
1079.73119
1079.735793
1079.745644
1079.765236
1079.790301
1079.799907
1079.80597
1079.814971
1079.84107
1079.84374
1079.846015
1079.849741
1079.851148
1079.85237
1079.853963
1079.854526
1079.878297
1079.902942
1079.905642
1079.928963
1079.930425
1079.937954
1079.938861
1079.94411
1079.952972
1079.961324
1079.969757
1079.979919
1079.982227
1080.014744
1080.021202
1080.043807
1080.047581
1080.066555
1080.073608
1080.078084
1080.099715
1080.10034
1080.101661
1080.120562
1080.130047
1080.146033
1080.147477
1080.148595
1080.154455
1080.160272
1080.163893
1080.173174
1080.181674
1080.214608
1080.221758
1080.242962
1080.243319
1080.249594
1080.257219
1080.267899
1080.26812
1080.270448
1080.271155
1080.271905
1080.273805
1080.285082
1080.289321
1080.290439
1080.315958
1080.326334
1080.358169
1080.376292
1080.378754
1080.3792
1080.381299
1080.381701
1080.387369
1080.398354
1080.399183
1080.412578
1080.419132
1080.448527
1080.457583
1080.468935
1080.48028
1080.480468
1080.481594
1080.488417
1080.506402
1080.528592
1080.530701
1080.561399
1080.563519
1080.572106
1080.576542
1080.586014
1080.635633
1080.640675
1080.645623
1080.648237
1080.663184
1080.666884
1080.667215
1080.669841
1080.670865
1080.671979
1080.680811
1080.68297
1080.686669
1080.720949
1080.721493
1080.737288
1080.74057
1080.744281
1080.753186
1080.762672
1080.774028
1080.805021
1080.836485
1080.838142
1080.852577
1080.85937
1080.861984
1080.862927
1080.867205
1080.871187
1080.872196
1080.880927
1080.887418
1080.900901
1080.917851
1080.920329
1080.92191
1080.932876
1080.943406
1080.959944
1080.982712
1081.004603
1081.006503
1081.033804
1081.036484
1081.044477
1081.050654
1081.067108
1081.075562
1081.083438
1081.083847
1081.090938
1081.094003
1081.100329
1081.121776
1081.16492
1081.168813
1081.168973
1081.206257
1081.207346
1081.211632
1081.222026
1081.232386
1081.23382
1081.241775
1081.252577
1081.260564
1081.277754
1081.286812
1081.295339
1081.2979
1081.308283
1081.310635
1081.31928
1081.337069
1081.343429
1081.346756
1081.349203
1081.352973
1081.382174
1081.385175
1081.408578
1081.421651
1081.429107
1081.440223
1081.444155
1081.450026
1081.461804
1081.465524
1081.470978
1081.471177
1081.545646
1081.551051
1081.55414
1081.566567
1081.57517
1081.636073
1081.641985
1081.642355
1081.64889
1081.658569
1081.665737
1081.675431
1081.679554
1081.704058
1081.709345
1081.722072
1081.729784
1081.735584
1081.738512
1081.75087
1081.763603
1081.764094
1081.778495
1081.783357
1081.800646
1081.822127
1081.825467
1081.846119
1081.867344
1081.871482
1081.891721
1081.910114
1081.913896
1081.92066
1081.920851
1081.934711
1081.968474
1082.01145
1082.023182
1082.023323
1082.047989
1082.050134
1082.071625
1082.09195
1082.111243
1082.113928
1082.143742
1082.14794
1082.156902
1082.19823
1082.198428
1082.198647
1082.21379
1082.21696
1082.251094
1082.255621
1082.257483
1082.287299
1082.322635
1082.326536
1082.327061
1082.334635
1082.341339
1082.357734
1082.359975
1082.364292
1082.380421
1082.399889
1082.403351
1082.406532
1082.41016
1082.430098
1082.435697
1082.44002
1082.448687
1082.466685
1082.487366
1082.540087
1082.546564
1082.549731
1082.560407
1082.643477
1082.653431
1082.662506
1082.670042
1082.680436
1082.706266
1082.70679
1082.713261
1082.725192
1082.739668
1082.775257
1082.781415
1082.791318
1082.805983
1082.817753
1082.833304
1082.836717
1082.837672
1082.873885
1082.877249
1082.879743
1082.921463
1082.92221
1082.926598
1082.934165
1082.935987
1082.961035
1082.971724
1082.972409
1083.035911
1083.05603
1083.097247
1083.103202
1083.118018
1083.176644
1083.183736
1083.195804
1083.212359
1083.262736
1083.298343
1083.307884
1083.323261
1083.352094
1083.423198
1083.463768
1083.467355
1083.47181
1083.492172
1083.502292
1083.548862
1083.549423
1083.566318
1083.610589
1083.619157
1083.683852
1083.691001
1083.700773
1083.702297
1083.793642
1083.796476
1083.851323
1083.886073
1083.903747
1083.938584
1083.957094
1083.971032
1083.972973
1083.984819
1084.008425
1084.019418
1084.024315
1084.071595
1084.080319
1084.092074
1084.118384
1084.120628
1084.129746
1084.138466
1084.194548
1084.213927
1084.219231
1084.276161
1084.336189
1084.345424
1084.414077
1084.45163
1084.511152
1084.546676
1084.592303
1084.702607
1084.706542
1084.710148
1084.793538
1084.833306
1084.856737
1084.920893
1084.93333
1085.028256
1085.121577
1085.133928
1085.255623
1085.300236
1085.320951
1085.340808
1085.382444
1085.404274
1085.514002
1085.525809
1085.562558
1085.664962
1085.989567
1086.059818
1086.623151
