1063.29426851424
1063.28118794045
1063.27197986596
1063.20756795377
1063.14990730158
1063.05288825492
1063.01399574696
1062.99110116345
1062.97243730436
1062.96239327164
1062.93949517073
1062.89171217508
1062.86007113875
1062.85450782299
1062.83952852499
1062.81954397532
1062.81951067529
1062.81083367589
1062.80040225683
1062.78699216755
1062.7781124214
1062.76995314602
1062.76590655778
1062.75913107685
1062.74259901781
1062.73796738784
1062.73657111564
1062.73041796987
1062.72692428353
1062.72383294878
1062.7149040462
1062.71103484139
1062.70597448185
1062.6820588012
1062.67852803805
1062.67598782701
1062.67411486252
1062.66900234154
1062.6674102889
1062.66560089363
1062.66330165464
1062.6520542894
1062.64721452825
1062.62370891495
1062.62261644657
1062.6219513046
1062.61937764636
1062.61301329832
1062.61261597357
1062.60718065521
1062.60258300629
1062.60147052084
1062.60099191783
1062.59797707823
1062.59391687689
1062.58804958656
1062.58602202994
1062.58161411893
1062.57715763934
1062.5749137525
1062.57390243295
1062.57211777988
1062.57093698394
1062.57015906593
1062.56306184326
1062.56227379452
1062.557807999
1062.55744111507
1062.55675817293
1062.55097061812
1062.54720128709
1062.5458779256
1062.54333189845
1062.54219786038
1062.54037860307
1062.53927713629
1062.53681133376
1062.53271358866
1062.53188519389
1062.52959995581
1062.52796058691
1062.52615951799
1062.52487049384
1062.52063618737
1062.51979177281
1062.51823020395
1062.51807959247
1062.51777801172
1062.51762177825
1062.51627302948
1062.51554726046
1062.51319442607
1062.51197499196
1062.50530342528
1062.50288927464
1062.50187229749
1062.50072838725
1062.49804046926
1062.49775828972
1062.49729722157
1062.49535162405
1062.48783576347
1062.48648874165
1062.48586458609
1062.48098354207
1062.48025613952
1062.47653660194
1062.47450692587
1062.47392820258
1062.47179490513
1062.46982174103
1062.46794215323
1062.45486792472
1062.45461053978
1062.45312256799
1062.45130494497
1062.4494355604
1062.44761585273
1062.44673906134
1062.44491207744
1062.44483088197
1062.44464996749
1062.44444879612
1062.44438844564
1062.44415650725
1062.44301835375
1062.43880963249
1062.4369568053
1062.43509769222
1062.43400554856
1062.4339484759
1062.4320241098
1062.42664365637
1062.42632532879
1062.42240038611
1062.42228947913
1062.42134296302
1062.41685724584
1062.41668068129
1062.41374058032
1062.41344584813
1062.41227540271
1062.41175234397
1062.41074583347
1062.40997941193
1062.40931058173
1062.40526971732
1062.40373414043
1062.39990837359
1062.39871216076
1062.3931515749
1062.38944161478
1062.38927580025
1062.38910384869
1062.38720283025
1062.38657348352
1062.38498575637
1062.38426228718
1062.3841284669
1062.383819979
1062.38242855691
1062.381170645
1062.38065297272
1062.37939433174
1062.37920784544
1062.37856621998
1062.37812611277
1062.37642802049
1062.37568732363
1062.37448131825
1062.36693124848
1062.36333351604
1062.36177698104
1062.3574913539
1062.35510995214
1062.35432750939
1062.34935149452
1062.34828841601
1062.3482261754
1062.34803992039
1062.34618435013
1062.34598204209
1062.34535170256
1062.343723891
1062.34353064586
1062.3426709964
1062.34260183011
1062.34237989478
1062.33976355693
1062.33785757604
1062.33633016808
1062.3343279253
1062.33402817934
1062.33391337221
1062.33309877667
1062.33282970915
1062.33281015288
1062.33188701634
1062.33024352217
1062.32838987613
1062.326940446
1062.32571847845
1062.32350380072
1062.32109309509
1062.32031673416
1062.31842469698
1062.31416869803
1062.31399477411
1062.3128448617
1062.31256292826
1062.31245381068
1062.3117118445
1062.31103536021
1062.31093414318
1062.30785905844
1062.30750900745
1062.30613030057
1062.30424780028
1062.30422047292
1062.3012876072
1062.29913328466
1062.29892449247
1062.29477469132
1062.29477351343
1062.29425291293
1062.29364235959
1062.29281354926
1062.28915548151
1062.28864806489
1062.28805856665
1062.28616313709
1062.28607379116
1062.28566483188
1062.28492946793
1062.28484642509
1062.2821477863
1062.28179766419
1062.28148697986
1062.27989249966
1062.27920490353
1062.27919055048
1062.27915041952
1062.27842318816
1062.27781486973
1062.2777553135
1062.27714307962
1062.27612574469
1062.27475218922
1062.27304320314
1062.27056737441
1062.27015469996
1062.26736960281
1062.26567836154
1062.26456270242
1062.26402641213
1062.26077451607
1062.25814400453
1062.25799393493
1062.25693838311
1062.2559088566
1062.25424410903
1062.2504175339
1062.2502342752
1062.24992139642
1062.24887758776
1062.24599721363
1062.2458655175
1062.24530784006
1062.24398644477
1062.24346364505
1062.24298983973
1062.24241381861
1062.24207993355
1062.24102779254
1062.24043368528
1062.2387464301
1062.23860597932
1062.23829532116
1062.23706616154
1062.23680900241
1062.23678502227
1062.23539072697
1062.23333197289
1062.23208326277
1062.23133217432
1062.22957838344
1062.22796449404
1062.22636189815
1062.2259603377
1062.22391806447
1062.22350726634
1062.22330596706
1062.2227886249
1062.22240181364
1062.22233480847
1062.2220659723
1062.22148827246
1062.22096383298
1062.2192316796
1062.21913419742
1062.2181233059
1062.21754636351
1062.21734806018
1062.21668063867
1062.21632212441
1062.21527405384
1062.2150328719
1062.21256581672
1062.21210751494
1062.21161471763
1062.21158030402
1062.20985010944
1062.20969462921
1062.2095884344
1062.2088131119
1062.20736933566
1062.20479297986
1062.20470524034
1062.20425927729
1062.20315648656
1062.20273803452
1062.20171679119
1062.20140997127
1062.1991994077
1062.19824205291
1062.19796200091
1062.19724867261
1062.19685270354
1062.19659147638
1062.1964486884
1062.19590897789
1062.19507712198
1062.19496962697
1062.1940132518
1062.19299323114
1062.19298614618
1062.19229509203
1062.1917921374
1062.19101466317
1062.190733131
1062.1881281348
1062.18795256188
1062.18776251715
1062.18760652733
1062.18625921154
1062.18556997003
1062.18531445647
1062.18478650701
1062.18477234894
1062.18448442379
1062.18220358131
1062.18174783228
1062.18172571898
1062.18166582024
1062.18102720722
1062.18057753924
1062.1798063171
1062.17783155864
1062.17755206177
1062.17735271854
1062.17703187216
1062.17615755839
1062.17595637491
1062.17556799833
1062.17350014819
1062.17303259087
1062.17297785548
1062.17194612822
1062.17158958224
1062.17112567893
1062.17040750555
1062.17036777163
1062.17029186596
1062.16941903819
1062.16896428758
1062.16831866597
1062.16806239688
1062.1677481119
1062.16757943627
1062.16654083362
1062.16599364368
1062.16583629378
1062.16487750761
1062.16380156722
1062.16374503341
1062.16264573741
1062.16191533673
1062.1618469446
1062.16122262858
1062.16031734524
1062.15987865422
1062.15850182053
1062.15784746256
1062.15640088472
1062.15591447388
1062.15516922558
1062.15501504864
1062.15467678821
1062.15450093519
1062.15442359712
1062.15389594661
1062.15234759004
1062.1515431952
1062.15057449763
1062.15039285446
1062.14983488507
1062.14969978665
1062.14927934852
1062.14925226105
1062.14874396063
1062.14854183207
1062.14804176299
1062.14695574675
1062.14689070723
1062.14595632914
1062.14516068416
1062.14320183226
1062.14291132222
1062.14262217282
1062.1413107238
1062.14127503082
1062.14119329579
1062.1402004636
1062.140025785
1062.14000711482
1062.13985363371
1062.13953798726
1062.13935763174
1062.13848092112
1062.13824139599
1062.13673411417
1062.13648627265
1062.13643880843
1062.13636810806
1062.13547494457
1062.13460792303
1062.13353018051
1062.13325857089
1062.13308603918
1062.13249876879
1062.13184409034
1062.13178576603
1062.1316885732
1062.13107982709
1062.13098838276
1062.12966188425
1062.12853382402
1062.1267655082
1062.1253095617
1062.12456164748
1062.12396560933
1062.12369416171
1062.1234597505
1062.12269379243
1062.1218078582
1062.12139220081
1062.12069817195
1062.11963491143
1062.11944446955
1062.11912598526
1062.11830155536
1062.11748145299
1062.11743128268
1062.11685261909
1062.11639972108
1062.11576327127
1062.11563326993
1062.11490828823
1062.11482888094
1062.10976131426
1062.10931435491
1062.10914688809
1062.10913631354
1062.10913233253
1062.10906107778
1062.10900458934
1062.10893820017
1062.10853740997
1062.10822982477
1062.10797571649
1062.10780397877
1062.10767337992
1062.10677651877
1062.10665422242
1062.10650149279
1062.10611803513
1062.10564530202
1062.10554073791
1062.10522800542
1062.10484006763
1062.09833467686
1062.09819188856
1062.09804623528
1062.0979710494
1062.09754221613
1062.09625614797
1062.09539495349
1062.09531751585
1062.25582244606
1062.65113511469
1062.34040215489
1062.16219856572
1062.39037836696
1062.66122015898
1062.09632293578
1062.13197533971
1062.78429854838
1062.87447283162
1062.26116720773
1062.25303666495
1062.52891959232
1062.66854642213
1062.26748665181
1062.38126182469
1062.12606405513
1062.30066302193
1062.45121316284
1062.16695988165
1062.29963284749
1062.10788003329
1062.1448504535
1063.09124474376
1062.17359040362
1062.27203514783
1062.17767293779
1062.24612135441
1062.36102044219
1062.4117263749
1062.37348366237
1062.32038090124
1062.20394280976
1062.50225038287
1062.50687983161
1062.53239924008
1062.87559953753
1062.61674753934
1062.24204982691
1062.44478820969
1062.64523055164
1062.18975542353
1062.28617980417
1062.13720973479
1062.67850139853
1062.51165414753
1062.5265612576
1062.98100850741
1062.14789007529
1062.41680060808
1062.74626522828
1062.32430736258
1062.36715801785
1062.28300742095
1062.55659813394
1062.32599577363
1062.49236154153
1062.60554607465
1062.55299927835
1062.18948194516
1062.13619258263
1062.25621605332
1062.98454078857
1062.41717768273
1062.23081830272
1062.12977562864
1062.50172598754
1062.62452465866
1062.79813244641
1062.29813289943
1063.00386102402
1062.73442934927
1063.17839619016
1062.24998655363
1062.17302345578
1062.91220177369
1062.55243329078
1062.13757501723
1062.67752128795
1062.11669395596
1062.43800345347
1062.80751061983
1062.49930640256
1062.27142299521
1062.46278519346
1062.25795504893
1062.43240104394
1062.45441388787
1062.21311842796
1062.22485722935
1062.35786480186
1062.22353351376
1062.42791235418
1062.70449467968
1062.31710838921
1062.21862207749
1063.26199146345
1062.23360813108
1062.15337438546
1062.17914716979
1062.52945619835
1062.24817830817
1062.48046817786
1062.33649699148
1062.69863102881
1062.20658124646
1062.25237871102
1062.18773342521
1062.23589867848
1062.12176762679
1062.5184900897
1062.11720901565
1062.72153316642
1062.61878227784
1062.26010698183
1062.24167725027
1062.25343113014
1062.53779072901
1062.35290891375
1062.25920665634
1062.11378318734
1062.94079832712
1062.90668153072
1062.10703650384
1063.55677991178
1062.14680154414
1062.2493490768
1062.40918426514
1062.10784164782
1062.38955170513
1062.34470327969
1062.5706053493
1062.47213837542
1062.27742363754
1062.10747115919
1062.35204191842
1062.26296046488
1062.12421744521
1062.68054512537
1062.70775275627
1062.1855954861
1062.71936515427
1062.14396328551
1062.13889165667
1062.11406708111
1062.63292359808
1062.19789804042
1062.15677646506
1062.16760286274
1062.34265645299
1062.84365767095
1062.45656663958
1062.79344701854
1062.47368448316
1062.23252901128
1062.19358185302
1062.39503027396
1062.62459234434
1062.64760580406
1062.76450089268
1062.30878334018
1062.15063005802
1062.20342426829
1062.16230884589
1063.10428522475
1062.41852911817
1062.3075406163
1062.11519940871
1062.18394839335
1062.59292014772
1062.17350898954
1062.44216429666
1062.26164653787
1062.29939229785
1062.34623187722
1062.43243851895
1062.18779892022
1062.2038479822
1062.44215082156
1062.1253861498
1062.19042330759
1062.2136664495
1062.25949048465
1062.85586290856
1062.23975316219
1062.20888297778
1062.7073726467
1062.60269607029
1062.30760347777
1062.57638162309
1062.21294021974
1062.21031625249
1062.36858164506
1062.28567500302
1062.4116419132
1062.29766910173
1062.16535947419
1062.23144392182
1062.29245302251
1062.71960513195
1062.28294222074
1062.0971941793
1062.46638847214
1062.12594384414
1062.44768262048
1062.40015920971
1062.43567075734
1062.15547516405
1062.24942850018
1062.32508438718
1062.19451726571
1062.21701813141
1062.21468089066
1062.52051519409
1062.58954428603
1062.77395896611
1062.11319928294
1062.85084999241
1062.16104059603
1062.39089783039
1062.65854668432
1062.45775206572
1062.18229008716
1062.45666312943
1062.28894753164
1062.68249154194
1062.30415017842
1062.1175181624
1062.33115569576
1062.39519446719
1062.39288907074
1062.09973025285
1062.21352195392
1062.38172511412
1062.38725203664
1062.27499063905
1062.1091744479
1062.16483044856
1062.33872112982
1063.15445235046
1062.3850026687
1062.40223580246
1062.10066297696
1062.3859389583
1062.14501861287
1062.75108514317
1062.4831566538
1062.15303920744
1062.10343314726
1062.65415666978
1062.25162285988
1062.46719280995
1062.10625587062
1062.12571260976
1062.32711643244
1062.25263652535
1062.85878152021
1062.48740311036
1062.13758200943
1062.35423701242
1062.14887501494
1062.15346334753
1062.92880308393
1062.1730863877
1062.17550031359
1062.47575354905
1062.8954615154
1062.27546787382
1062.98226673537
1062.18290769514
1062.39624662792
1062.2240013661
1062.34356944387
1062.89043477611
1062.31138580113
1062.36015968253
1062.17663324164
1062.32744750107
1062.21360442697
1062.48607686093
1062.20911763969
1062.32668658834
1062.23344977322
1062.63037825204
1062.68323239116
1062.12141267644
1062.4700376619
1062.1278732574
1062.18976814208
1062.52550653848
1062.55803820088
1062.7079130056
1062.32913588254
1062.54348097621
1062.16367233066
1062.34641315604
1062.14546362049
1062.11428577273
1062.48161091787
1062.64738754237
1062.12555236361
1062.53056934674
1062.24882240844
1062.45601028552
1062.34860746167
1062.19307471546
1062.1486944852
1062.80944463041
1062.17113700456
1062.11587839208
1062.38322689111
1062.62002483797
1062.39498034506
1062.33089833959
1062.10021813356
1062.33372426408
1062.34258681084
1062.75275062037
1062.99398631078
1062.29448242295
1062.3300457535
1062.1172672602
1062.46230325859
1062.17842187629
1062.22999838824
1062.15435755078
1062.3903603556
1062.54403483544
1062.19801496615
1062.44339921042
1062.14057531523
1062.34038406177
1062.36369702639
1062.51048127472
1062.40487261149
1062.22736251667
1062.77431840759
1062.30321750804
1062.13760980895
1062.15169390958
1062.21072202206
1062.10558524385
1062.71891244205
1062.95272520168
1062.12927319185
1062.44611115134
1062.15806673481
1062.32239000694
1062.40156491346
1062.45982669887
1062.12608164831
1062.77385852658
1062.92742003954
1062.24188302795
1062.13431770075
1062.10336281194
1062.11423886848
1062.1172249825
1062.56556195662
1062.24261049623
1062.15357547014
1062.20800152349
1062.69417589497
1062.28163755413
1062.39054799219
1062.11285219889
1062.50524262108
1062.70484323215
1062.58474595755
1062.31931933987
1062.11904564584
1062.62836735078
1062.18158256998
1062.55792591075
1062.19753888095
1062.33916718862
1062.40295139256
1062.4192304959
1062.44070667813
1062.24584033342
1062.72797411776
1062.64356935987
1062.17227691256
1062.14625306226
1062.10053332789
1062.13193056259
1062.10048430209
1062.25621758637
1062.12928009
1062.09836202491
1062.34872192106
1062.45850209005
1062.36916038778
1062.1449944519
1062.21142310454
1062.37336094465
1062.11074555955
1062.31982366985
1062.3394664184
1062.31873957736
1062.27814758856
1062.3601914655
1062.63028761742
1062.22209256619
1062.17246544101
1062.64994721139
1062.12117002707
1062.5226110507
1062.22107908082
1062.17968008683
1062.38173627989
1062.2524853716
1062.41917400675
1062.50109863863
1062.43843302084
1062.29762452685
1062.46793049397
1062.58225849246
1062.09787572253
1062.15545459244
1062.25285559185
1062.12228898162
1062.16353373134
1062.19883307514
1062.70732629189
1062.14646648101
1062.54813085331
1062.2288719598
1062.37824735837
1062.51004970782
1062.39384255802
1063.02287318334
1062.12856211853
1062.15280025774
1062.17713014351
1062.1528202583
1062.20626998021
1062.58373311409
1062.3537850519
1062.25692199666
1062.36626151825
1062.83915558168
1062.22911294449
1062.25386062687
1062.8500698359
1062.17126829662
1062.4629133899
1063.0003219601
1062.30093083264
1062.46451881334
1062.39342265533
1062.21188058117
1062.22430361343
1062.25722385326
1062.22450023766
1062.1803055888
1062.38186702413
1062.38186742868
1062.51616289759
1062.58293984259
1062.23029909652
1062.36188942378
1062.167833659
1062.42183479421
1062.33256292745
1062.340196172
1062.140748897
1062.09781277602
1062.44582380653
1062.27506705896
1062.10992521199
1062.49120558815
1062.29891539703
1062.31405655277
1063.38646495233
1062.94617406236
1062.10746744669
1062.13726679249
1062.34344304467
1062.14680594731
1062.10225910721
1062.13410268289
1062.21669569008
1062.11264436132
1063.02663621623
1062.41610426983
1062.87193237812
1062.1469695632
1062.41917555334
1062.14165931958
1062.10390005372
1062.81926825328
1062.65185293647
1062.15791537166
1062.12678199025
1062.55778491839
1062.89269460891
1062.56842404527
1062.13624592619
1062.50557486985
1062.47574091803
1062.47265426258
