1058.10172560591
1057.33821044073
1056.87752892694
1056.75562638773
1056.74136689822
1056.7249866648
1056.72453982268
1056.67168436375
1056.67070746646
1056.66884604078
1056.6669762893
1056.64612769399
1056.58752661321
1056.57429578324
1056.56844268383
1056.49557096609
1056.48689236769
1056.46437121398
1056.43748052314
1056.41700386534
1056.40579263934
1056.39976501248
1056.36069510124
1056.31732081549
1056.31292779564
1056.31255311866
1056.26272707498
1056.22182956744
1056.2148212346
1056.2119156049
1056.17771778901
1056.15303274923
1056.13665850869
1056.11860593233
1056.11532092876
1056.11510984546
1056.10689921181
1056.10444265086
1056.09762812723
1056.09395969891
1056.09354824477
1056.0828246714
1056.06382505103
1056.0588038236
1056.05766344174
1056.05505187934
1056.05477935072
1056.05334409743
1056.04805438935
1056.04149978502
1056.02457781945
1056.0218520378
1056.02143753673
1056.02000459225
1056.01149087222
1056.00352316941
1055.98899032852
1055.98832984862
1055.97842878292
1055.97271449255
1055.96661462162
1055.96614103101
1055.95449229748
1055.94921809437
1055.9481013382
1055.94273192278
1055.94007250965
1055.92938811852
1055.92861033413
1055.91916298642
1055.90661963265
1055.90623500624
1055.90510897784
1055.89870512146
1055.89856904309
1055.89746015976
1055.89719069209
1055.89593727357
1055.89383190389
1055.87629910318
1055.87134064677
1055.86424977441
1055.8607615041
1055.8602776831
1055.85966512964
1055.85264502327
1055.84132018353
1055.83857869754
1055.83758924464
1055.83204241077
1055.82901013354
1055.82559261283
1055.81105204153
1055.8106148217
1055.80910054139
1055.80733059256
1055.80480307472
1055.80338148871
1055.80146454723
1055.80105738883
1055.79537868067
1055.79536686369
1055.79441847462
1055.79433908001
1055.7880985686
1055.78333109356
1055.7723877925
1055.76544787194
1055.75958893202
1055.74878310092
1055.74751200331
1055.7449878692
1055.74118938823
1055.74102903674
1055.73987502178
1055.73898855529
1055.73316052464
1055.72937364045
1055.72911142828
1055.72687778388
1055.71503875371
1055.71228896613
1055.70769362101
1055.70718158143
1055.70664246797
1055.69320787812
1055.68774813715
1055.6836841565
1055.67901918755
1055.6785051374
1055.67706012711
1055.6765169636
1055.67603140816
1055.67556152467
1055.67534490012
1055.67426820534
1055.6729594589
1055.67212803801
1055.67158389414
1055.66635801788
1055.66487415255
1055.6546968844
1055.65270285458
1055.64305534092
1055.64158317586
1055.64120095609
1055.63641797988
1055.6324643279
1055.62745217766
1055.62414440111
1055.62268581252
1055.6218338208
1055.61673181306
1055.61216246591
1055.6117235068
1055.61118193713
1055.61043714312
1055.6086207406
1055.60726682977
1055.60720617192
1055.60675791873
1055.60586348421
1055.60490524948
1055.60429376418
1055.60072155649
1055.59922202532
1055.59506376752
1055.59121502399
1055.59109189326
1055.59066030722
1055.59001871663
1055.585261843
1055.58456837059
1055.58383790901
1055.58000667546
1055.5783341093
1055.5763336342
1055.57515714674
1055.5695618865
1055.56899767803
1055.56698649669
1055.56490210617
1055.5612874664
1055.55995748485
1055.55936194886
1055.55468564116
1055.55313505099
1055.55206828622
1055.55126192206
1055.54788511807
1055.5471499476
1055.54663940908
1055.54386133407
1055.54358846204
1055.54337374302
1055.54236462293
1055.54055946771
1055.53193935129
1055.52718662881
1055.52420418445
1055.52328458972
1055.52184810144
1055.52171166798
1055.51775195782
1055.51388986572
1055.51335688705
1055.51080398779
1055.51079586681
1055.51059764904
1055.51027672338
1055.5084000182
1055.50635043481
1055.50506351193
1055.50287572705
1055.50252981296
1055.50224445487
1055.50218298384
1055.50124099954
1055.50006269798
1055.49897807404
1055.49827176044
1055.49649875735
1055.49392029582
1055.4926326138
1055.49196952428
1055.48455227594
1055.48094537802
1055.4800411555
1055.4782552359
1055.47806965871
1055.47720647657
1055.47605785751
1055.47444450494
1055.47401815254
1055.47166565662
1055.47047768796
1055.46898908511
1055.46726000152
1055.46695134742
1055.46436355856
1055.46341145839
1055.46228317792
1055.46183571062
1055.46120187333
1055.46080505799
1055.45692547223
1055.45600990836
1055.45520510849
1055.44794314953
1055.44605799164
1055.44439787854
1055.44391541242
1055.44266823626
1055.44208666698
1055.44055044937
1055.43443958301
1055.43301678033
1055.43069887785
1055.43054161728
1055.43019154322
1055.4292087928
1055.42903295518
1055.42778180759
1055.42750062853
1055.42724863664
1055.42716184847
1055.42668185704
1055.42461014429
1055.42339447387
1055.42175282717
1055.42172105007
1055.42036692287
1055.41902372339
1055.41592123878
1055.41416090564
1055.41374869072
1055.4105941782
1055.40903799517
1055.40827923472
1055.40736774026
1055.40709055102
1055.40524020677
1055.40431092802
1055.39959831535
1055.3987120295
1055.39735103698
1055.39518370047
1055.39309134918
1055.3898256614
1055.38937300365
1055.38783282218
1055.38773552677
1055.38656691296
1055.38629644675
1055.38585892724
1055.38522642461
1055.38308834792
1055.38248840542
1055.38208199242
1055.37968002796
1055.37887984846
1055.37728749671
1055.37550282444
1055.36894578522
1055.36737964436
1055.3671771672
1055.3669869208
1055.36673466689
1055.36657290438
1055.36524566273
1055.36420479743
1055.36198103652
1055.3618720777
1055.36186818333
1055.36122360467
1055.36118460743
1055.35938751046
1055.35855822182
1055.35831703241
1055.3574737701
1055.35661023199
1055.35614323186
1055.35360915522
1055.35091846152
1055.35043943312
1055.34915487247
1055.34798574239
1055.34736827976
1055.34138542291
1055.33931649653
1055.33895357121
1055.33815597841
1055.33808501365
1055.33796075762
1055.3362109818
1055.33594291399
1055.33568424926
1055.33391136128
1055.33212589544
1055.32975983885
1055.32903328575
1055.32774648727
1055.32725147118
1055.32698931522
1055.32582360228
1055.32510516452
1055.32487176051
1055.32373399723
1055.32290271333
1055.32151294453
1055.32148192705
1055.32048566455
1055.32026342126
1055.32025391279
1055.32004841699
1055.3192516385
1055.31776467037
1055.31770369766
1055.31677616539
1055.31589056939
1055.31579500282
1055.31542577286
1055.31498623627
1055.31456711826
1055.31447198757
1055.31298775702
1055.3109672975
1055.31004713687
1055.30961483406
1055.30514488857
1055.3049272738
1055.30379098531
1055.30159235885
1055.30142683123
1055.30013974854
1055.29989054754
1055.29641589475
1055.29640687718
1055.29551361138
1055.29469227418
1055.29400306947
1055.28681543347
1055.28477614838
1055.28259981621
1055.28146605216
1055.28133560192
1055.28092134445
1055.28051122037
1055.27971481597
1055.27934292288
1055.27917989208
1055.27895708337
1055.27820477703
1055.27661553592
1055.27630793366
1055.27622430278
1055.27562102651
1055.27463201378
1055.2740922537
1055.27338203697
1055.27303243068
1055.26960737326
1055.26948967207
1055.26851903722
1055.26801795819
1055.26792250608
1055.26745832651
1055.26730702892
1055.26667864608
1055.26617921943
1055.2649949974
1055.26441938972
1055.26417098031
1055.26031249776
1055.25964965239
1055.25953342424
1055.25938745055
1055.25722091707
1055.25708048486
1055.25559917807
1055.25496135973
1055.25302568499
1055.25232355005
1055.25213890384
1055.25176635395
1055.25130844389
1055.25116733071
1055.24930493561
1055.24576639218
1055.24498850056
1055.24477141961
1055.24460245204
1055.24417845038
1055.24208982144
1055.24205458061
1055.24122028189
1055.24039082921
1055.2399552955
1055.23888003605
1055.23871512828
1055.23858971305
1055.23830251074
1055.23783137656
1055.23668807714
1055.23643811292
1055.2361796264
1055.23602777838
1055.23511441778
1055.23438228147
1055.23398949601
1055.23379107747
1055.23294688771
1055.23233365048
1055.23231725323
1055.23132141673
1055.23104591057
1055.23004445693
1055.2285271911
1055.22849497575
1055.22764827141
1055.22611606131
1055.22446421177
1055.22113627707
1055.22061432832
1055.21828987078
1055.21662151674
1055.21106033267
1055.20856257204
1055.20814568691
1055.20537839765
1055.20508582527
1055.20297620027
1055.20221996786
1055.20126275111
1055.19942362787
1055.19927336992
1055.19754059618
1055.19753326074
1055.19054603794
1055.19040186078
1055.18887388043
1055.18850729541
1055.18827027316
1055.18775239897
1055.18767506569
1055.18569179602
1055.18555790398
1055.18421129942
1055.1838803397
1055.18287184608
1055.18207038433
1055.18174541714
1055.17931162589
1055.17892866443
1055.17691860251
1055.17669443495
1055.17643720746
1055.17639405634
1055.17794862656
1055.27747966433
1055.37152341887
1056.80940865655
1055.69715145691
1055.44586767624
1055.38455577898
1055.32698479094
1055.35537473882
1055.57709892852
1055.83196724604
1055.6518236917
1056.08585053691
1055.56535342845
1055.3215994045
1055.6683875259
1055.77408790306
1055.24171312185
1055.55635392557
1055.18976216488
1055.41423179979
1055.55443262476
1055.47258967853
1055.85497055933
1055.26348881931
1055.8075319517
1055.77189835836
1056.52782130609
1055.7811663746
1055.22235631386
1055.27732269174
1055.37366184276
1055.43221776053
1055.17692012491
1055.19880970038
1055.63343843064
1056.16704686181
1055.76449682321
1055.31861371193
1056.49661901839
1056.65271981493
1055.23575951044
1055.23943889811
1055.36440438541
1055.19273100336
1056.1704282028
1055.39661045492
1055.66131504405
1055.66234303108
1055.45381130863
1055.93810882308
1055.39631053843
1055.6200832162
1056.46063202115
1055.1879241924
1056.52651513192
1055.33010700498
1055.17987615704
1055.45983866292
1055.43754522823
1055.74838912747
1055.33510490955
1055.62459298031
1055.48782905747
1055.29194799285
1055.39529312426
1055.29756037428
1055.18646988352
1055.33121509596
1055.53472482902
1055.26823906645
1056.27565205329
1055.43574927459
1056.31921166944
1055.28198643889
1055.35407116395
1055.6160687458
1055.67802400333
1055.25074487392
1056.19515935648
1055.31933699345
1055.41584991012
1055.21189294871
1056.20919067651
1055.41433601019
1055.35600256672
1055.44074538146
1056.21617094931
1055.4867363939
1056.46486108426
1055.33762375134
1055.48249085093
1055.42431863743
1055.64474694268
1055.91649849728
1055.67335958589
1055.46966414291
1055.50739208083
1055.26513661054
1055.73401167236
1055.62946800908
1056.44019237891
1055.56356556476
1055.55512071435
1055.29642083172
1055.37991183993
1055.45556776284
1056.62207043213
1055.69250846444
1055.26896143033
1055.29330996682
1055.70064371703
1055.47843232509
1055.23280084118
1055.68679454397
1055.23601852867
1055.19244330881
1056.41321480276
1055.86677576569
1055.40928383294
1055.27145632686
1055.27555385104
1055.59218658557
1055.50437341278
1055.2912247055
1055.38269524989
1056.11540756848
1055.56604788026
1055.36150133319
1055.22249283783
1055.27670840493
1056.97637219018
1055.36377274577
1055.7460955203
1055.67365142278
1055.32207571744
1055.7310679787
1055.26438319488
1055.47940220037
1055.5096663459
1055.5386285744
1055.71996349509
1055.57827648234
1055.19850296749
1055.92655695775
1055.54013881934
1055.27737084259
1055.48945877062
1055.33805880831
1055.38139108016
1055.17377716853
1055.71601436852
1055.73796385549
1055.98471637852
1055.60920226251
1055.23302365382
1055.82587561692
1055.83279683844
1055.38583144641
1056.2344408493
1056.47672281667
1055.19120583766
1055.48859700998
1055.33890361121
1055.29325257322
1055.58851956556
1055.20539511826
1055.58995939005
1056.38247587284
1055.3583190276
1056.05634143764
1055.64088458204
1055.81338425786
1055.49271639967
1055.62669868218
1055.92654062107
1055.19479934962
1055.27417902192
1055.60904284798
1055.55853925985
1055.33726212221
1055.18853687133
1055.50517609605
1055.22059156861
1055.9570748282
1056.38379397906
1056.63729985737
1055.41804051461
1055.78830566661
1055.58698875259
1055.30150100773
1055.25808464976
1056.12831334992
1055.92926887332
1055.52157037425
1055.75743260867
1055.47742228699
1056.26451841587
1055.22053434056
1055.24071216806
1055.36745276209
1055.31720972666
1055.48325201496
1055.27239061727
1055.2566816068
1055.26224663263
1055.33227402154
1055.45063082727
1055.40153123533
1055.52575454882
1055.19777127387
1056.24467198113
1055.71903075429
1055.18821764725
1055.41336315594
1055.27150458687
1056.06742395494
1056.91768313324
1055.66281812264
1055.56570732646
1055.9141799669
1055.98122164921
1055.29972928331
1055.97820562749
1055.41232803331
1056.44600351812
1055.40534296907
1055.27097879462
1055.66365155761
1055.58342654879
1055.85077995402
1055.37590007114
1055.23245976546
1055.28226947672
1055.59152092023
1055.56716705797
1055.32055761778
1055.33410566717
1055.30389828712
1056.4825406023
1055.61380534198
1055.71640718882
1056.03785631891
1055.64921470457
1055.20549809788
1055.20501370466
1055.33794589939
1055.28063250249
1055.22904337051
1056.50184912247
1055.32551933766
1055.52999755494
1055.57128142768
1055.40216897537
1055.40212726352
1055.38748711816
1055.19744428231
1055.17867776505
1055.22879861909
1056.00250289863
1055.9276155386
1056.43900361196
1056.43542522494
1055.18253651351
1055.25571453149
1055.55169894587
1055.75870055148
1055.58329971408
1055.27706261565
1055.42608407821
1056.06955534261
1055.19844435244
1055.33337599855
1056.40103697702
1055.56815815481
1055.48020133253
1056.0919867623
1055.33895111036
1055.36691530755
1055.53084372304
1055.42051435589
1055.37620366988
1055.1949745584
1055.32108750076
1055.98558546915
1055.27017572587
1055.41878844711
1055.39515574546
1055.26890596527
1056.35889906557
1055.76551243515
1055.27567756681
1055.31283167728
1055.71503806786
1056.02983358058
1056.41759474045
1055.98693409635
1056.04181918904
1055.18174302121
1056.42872946335
1055.41501375285
1055.97923373838
1055.88413300914
1055.51941174043
1055.42303245222
1055.53280790475
1055.8250379209
1056.05193464544
1055.96316933008
1055.31761971168
1055.4014245445
1055.51897497233
1055.20449856802
1055.45856161929
1055.69330022848
1055.74881015139
1055.21808736639
1055.52943811794
1055.17356030968
1055.2365652653
1055.56477782628
1055.47806213775
1055.62332081532
1055.31788889209
1055.49924664588
1056.08485662647
1055.47729694465
1055.19917571094
1055.17510808441
1055.23626562953
1055.95551438288
1055.69349256646
1056.13554430469
1055.30344320602
1055.92774045277
1055.63054571884
1055.30153643426
1056.0650860022
1055.44469926756
1055.73808483709
1055.61834480917
1056.03917525432
1055.18788781481
1056.32173088768
1055.50931191524
1055.3281173065
1055.36382039503
1055.76711327191
1056.3013992757
1055.29073547154
1056.27612047081
1055.48285858263
1055.35890811805
1055.55338812707
1055.74171792092
1055.59721419819
1055.54479370687
1055.88419586208
1055.37994786042
1055.31955755984
1055.26308789563
1055.21655426778
1055.73210067693
1055.85024834596
1055.66087608944
1055.51894852247
1055.50617176686
1055.62970166889
1055.24815173453
1055.18017258986
1055.78243956395
1055.4634959165
1055.19014366895
1055.41236853442
1055.65680073226
1055.61891522712
1056.04773977327
1055.23719892558
1055.20918409227
1055.73618050982
1055.5407530079
1055.46982498262
1055.52506986111
1056.11950557742
1055.56145718392
1055.54229166153
1055.53340966968
1055.50962114113
1057.37719854335
1055.19268345067
1055.43751984005
1055.48909945052
1055.92296292552
1055.57790842831
1056.51487825927
1056.19039124338
1055.46076500879
1055.25447325851
1055.61298677148
1055.19524627901
1055.52080028153
1056.05243319025
1055.44739225421
1056.28869927608
1055.20672307616
1055.24488844251
1055.23313316873
1055.41488607015
1055.91607323134
1055.82282320262
1055.48681740148
1055.55356911827
1055.90407931249
1055.22795248641
1055.39134993916
1055.42344633511
1055.53046488138
1055.30467450271
1055.64078962188
1055.84151750698
1055.70329308829
1055.20858279633
1055.45450317563
1055.30115078214
1055.32324182981
1056.15018208244
1055.42081874899
1055.91092092716
1055.18800220012
1055.51389672184
1055.24641267147
1055.53083020855
1055.3504568658
1056.19840092933
1055.70723573675
1056.32243490171
1055.64791903641
1055.39013532766
1055.56311758307
1055.23582290582
1055.18567237208
1055.94598638829
1055.23045825389
1055.57668799462
1055.59296234253
1055.27620372435
1055.5339358439
1055.82064839583
1055.33019204633
1055.30344965377
1056.34617262982
1056.49740225611
1055.8750347127
1055.41572558073
1055.48626311329
1055.4600601921
1055.41192988489
1056.26901576974
1055.73744913916
1055.21378330365
1055.89398360645
1055.51881904101
1055.48120789864
1057.63982519843
1056.01972312651
1055.83533206235
1055.43692213393
1055.66687514045
1055.4180034168
1055.42588646708
1055.20184528452
1055.22643477924
1056.51974449924
1055.8131985873
1055.26155162763
1055.42979390734
1055.64704845626
1055.37190073127
1056.06509343928
1055.84944417433
1055.17936789726
1055.29311107928
1056.08917981611
1055.53122709914
1055.76109839161
1055.20466153669
1055.63620798481
1055.55216870116
1055.26536579964
1055.60632101177
1056.04370950732
1055.27275484252
1055.56681015358
1055.84190639715
1055.4664086617
1055.34847301939
1055.41809086902
1056.11927773587
1055.5589502761
1055.28971313206
1055.44466467181
1055.80437391686
