1054.78711727807
1054.4623692651
1054.34565031573
1054.2993216741
1054.27210369368
1054.19078925308
1054.17861366929
1054.08433391063
1054.03963047193
1054.03816118576
1054.00900759174
1053.94806088509
1053.9264840897
1053.91204153629
1053.90200174133
1053.84148780588
1053.78233543599
1053.77962999901
1053.76862093098
1053.71037791851
1053.70194215713
1053.6964439731
1053.68587501658
1053.67624178997
1053.66905685727
1053.66623104445
1053.64826836039
1053.64619449713
1053.64018141415
1053.6329659107
1053.63074254777
1053.61992504294
1053.6165790266
1053.6085396903
1053.60757416123
1053.58890226093
1053.5611451966
1053.5535414248
1053.54712077749
1053.53916731994
1053.53482407588
1053.53285804895
1053.52297903129
1053.50906551332
1053.50489453855
1053.50444094235
1053.44337690838
1053.43901029605
1053.42384041456
1053.42278061465
1053.41930560126
1053.41670107868
1053.41298500351
1053.40922057738
1053.4064779264
1053.39733693316
1053.38854824235
1053.36730224242
1053.36635735038
1053.3622905423
1053.36000355675
1053.34129876506
1053.34030148137
1053.32961838754
1053.32688838196
1053.3238894319
1053.32055238385
1053.31852140584
1053.31712584585
1053.31156601788
1053.31040072435
1053.30899386207
1053.28392449954
1053.25462109463
1053.25272713312
1053.24112433255
1053.24089410699
1053.2317662524
1053.2222437412
1053.19925705865
1053.19350067644
1053.18973422476
1053.17852347933
1053.17683062326
1053.16640802471
1053.16151808689
1053.13184782166
1053.12867047982
1053.1215981302
1053.11369337234
1053.1107816415
1053.10097612775
1053.10062892428
1053.09861400467
1053.09847397449
1053.0972614096
1053.09642718113
1053.09352105995
1053.09070144443
1053.08054945039
1053.07601566238
1053.07539001652
1053.07303071672
1053.06183305434
1053.05575009797
1053.05539664477
1053.05383348746
1053.05182311258
1053.05039676264
1053.04788463369
1053.03956238758
1053.03915233917
1053.03651497256
1053.03443943708
1053.03031166906
1053.02618075109
1053.02197199297
1053.0211745217
1053.01501903358
1053.01227490672
1053.01171985291
1053.00835306679
1053.00830280569
1053.00642105691
1053.00617070476
1053.00577510683
1053.00383710726
1053.00135602952
1052.99614664441
1052.99195484827
1052.99161168782
1052.99118682142
1052.98927705305
1052.98170254417
1052.97906303277
1052.97838164225
1052.97529155672
1052.97294275492
1052.97289933763
1052.95969071065
1052.95899072298
1052.95175181537
1052.94954876999
1052.9482799477
1052.94341286393
1052.9427294235
1052.93841386508
1052.9322161495
1052.92795395823
1052.92607426904
1052.92464146398
1052.91906961537
1052.91887703644
1052.91813618348
1052.91753506345
1052.91585998232
1052.91314132116
1052.91092315481
1052.91051579248
1052.90908016069
1052.90607333234
1052.90280140137
1052.90015434648
1052.89671118756
1052.89666365397
1052.88828828096
1052.88609459033
1052.88560040709
1052.88442137871
1052.88372529085
1052.87996361981
1052.87563520869
1052.87390906217
1052.86981984693
1052.86097794716
1052.85557136661
1052.85120093938
1052.85042638524
1052.84995117218
1052.84772776442
1052.84607744875
1052.84507320091
1052.83944087891
1052.83763342853
1052.83499425288
1052.83236945107
1052.83233029525
1052.83214046962
1052.82890403484
1052.82827791587
1052.82665895373
1052.81747418973
1052.81299297256
1052.81209004615
1052.80891346606
1052.80867770069
1052.80800218064
1052.80798079267
1052.80768104193
1052.80600563746
1052.80575175145
1052.8041697508
1052.80292938827
1052.80154223971
1052.80134745048
1052.79917918957
1052.79720359133
1052.79587298917
1052.7922325061
1052.79166959363
1052.78651013548
1052.78429013687
1052.7825391896
1052.78214226152
1052.77868489214
1052.77860924085
1052.77525373501
1052.77508297417
1052.77142344577
1052.77125976844
1052.76673905412
1052.76604469161
1052.76477334024
1052.76420391563
1052.76409154158
1052.7589502729
1052.75826829975
1052.75302275033
1052.75219803804
1052.74746541889
1052.74033613812
1052.73973200661
1052.73944536019
1052.73537239117
1052.735037758
1052.7322668739
1052.73201951651
1052.73193547827
1052.73044000314
1052.72780503923
1052.72688077323
1052.72570436859
1052.72125887856
1052.72079367061
1052.71865478278
1052.71688056608
1052.71598976678
1052.71354097472
1052.71290814573
1052.71269131032
1052.71226473673
1052.71146149289
1052.71018584984
1052.70996659809
1052.70883632174
1052.70283452688
1052.70185895486
1052.69897300921
1052.69752088316
1052.69701984781
1052.69672772533
1052.69591080849
1052.6955349385
1052.69520775906
1052.69515222837
1052.69488601255
1052.67530589487
1052.67470783505
1052.67213165218
1052.67021189796
1052.66996821783
1052.66666902689
1052.6656819432
1052.66511808718
1052.66448846296
1052.66357960406
1052.66246956329
1052.66185163599
1052.66183930568
1052.65777045729
1052.65594729898
1052.65368846198
1052.65266221273
1052.65247423661
1052.65026546162
1052.64959458867
1052.64915618824
1052.64889455761
1052.64594235484
1052.64426885819
1052.64316207951
1052.64298669287
1052.64117085819
1052.63860610522
1052.63856357071
1052.63734114749
1052.63528608396
1052.6334389028
1052.63152181906
1052.62927567729
1052.62920615991
1052.62875551145
1052.62821210826
1052.62605873675
1052.62564876638
1052.62500259062
1052.62419959083
1052.62404909548
1052.61857035859
1052.6175147283
1052.61550144763
1052.61537429148
1052.61519835369
1052.61079057534
1052.60912754026
1052.60826515133
1052.60716909778
1052.6071378836
1052.60372214953
1052.60220889258
1052.60196682927
1052.60180575836
1052.60150086359
1052.60146511551
1052.60044337637
1052.59810270062
1052.59802224921
1052.59101332498
1052.58962193107
1052.58821191059
1052.58581284237
1052.58372732701
1052.58146715645
1052.58042351406
1052.58034273418
1052.58016165321
1052.57772990846
1052.575744267
1052.57568475204
1052.5751553542
1052.57421058708
1052.57079486668
1052.56866408241
1052.56857088627
1052.56844098406
1052.56811607461
1052.5677247138
1052.56598924435
1052.56469072471
1052.56218880228
1052.56110018409
1052.56078959132
1052.55961290154
1052.55707444979
1052.55148261102
1052.55143054962
1052.55091011703
1052.55054780303
1052.55037787752
1052.5493949905
1052.54848693371
1052.54732216072
1052.54681217411
1052.54661411555
1052.54647881196
1052.54525734683
1052.54525050795
1052.54456721434
1052.54453555021
1052.54434650287
1052.54287238557
1052.54191023859
1052.53993740488
1052.53878974356
1052.53869136743
1052.53826185954
1052.53536882289
1052.53440988273
1052.53393989099
1052.53213614031
1052.52992353194
1052.52944088336
1052.52884919727
1052.52787019543
1052.5275989956
1052.52726232027
1052.52676031328
1052.52670820688
1052.52324301701
1052.52290711054
1052.51966482471
1052.51820561434
1052.51234957939
1052.51220635727
1052.51054535972
1052.50818839247
1052.50796276172
1052.50704433499
1052.50579569172
1052.50574499148
1052.50467048452
1052.50426771569
1052.50322916258
1052.501502004
1052.5005139218
1052.49909732858
1052.49546859064
1052.49466198157
1052.4931524431
1052.4922018131
1052.48996585454
1052.48358994641
1052.4827578274
1052.48168508484
1052.48106781629
1052.47994736602
1052.47966238927
1052.4794175684
1052.47937934647
1052.47779340674
1052.47636437059
1052.47626252736
1052.47578195473
1052.47374249678
1052.47182361029
1052.47174559157
1052.47156400257
1052.46975983293
1052.46946600721
1052.46928868743
1052.46917755099
1052.46643836834
1052.46380189053
1052.45788497024
1052.45602546159
1052.45304593629
1052.45020844983
1052.44976251656
1052.44964494526
1052.44957830556
1052.44652303041
1052.44609961441
1052.44589443296
1052.44480422612
1052.44141774094
1052.44006358835
1052.43973435207
1052.43776923464
1052.43651175923
1052.43551721036
1052.43526111549
1052.43422508673
1052.43331374828
1052.43231334682
1052.43221139565
1052.43100648044
1052.4309538512
1052.43073247804
1052.43063288454
1052.43021171039
1052.42748861456
1052.42663826013
1052.4263316472
1052.42602689558
1052.42577835614
1052.42520116039
1052.42416199666
1052.42195025784
1052.42129344025
1052.42124474841
1052.41991704361
1052.41730405175
1052.41708000568
1052.41310174044
1052.41104052791
1052.41099621602
1052.40962429709
1052.40942776884
1052.40866012389
1052.40853489053
1052.40823899228
1052.40544803615
1052.40228045943
1052.40157159663
1052.39925207748
1052.39909035334
1052.39810783585
1052.39790427192
1052.39769347487
1052.39744609287
1052.39733480376
1052.39732591801
1052.3968492689
1052.39663595763
1052.3962247954
1052.39413839062
1052.39388463746
1052.39171134585
1052.74412462912
1052.46663804969
1053.77130272859
1053.44087088583
1052.8622894437
1053.85751486189
1052.98127091465
1053.88155712083
1052.42855867652
1053.43620093539
1052.63279217157
1053.67320162605
1052.83340136153
1052.42756780368
1053.02592135908
1052.43608926678
1054.40802805715
1052.56285299673
1054.00083029712
1053.11860604133
1053.68209285501
1053.27867619635
1052.5665263211
1053.35627273822
1053.53621878756
1052.90946103373
1053.29736836485
1052.44943163476
1053.0914918718
1052.62644882673
1053.46222266951
1052.63349357558
1052.4316082428
1053.37905161438
1052.71176089744
1052.60246732743
1053.84407628639
1053.06964226032
1053.11191559978
1052.84378216644
1053.46835973908
1052.41695366852
1052.74611546109
1053.20668538197
1053.00905681821
1053.06949028326
1052.65773105403
1052.53204158633
1052.42680761175
1052.55774711853
1052.78889613362
1052.53969612731
1052.46926157064
1052.42526000498
1052.43993003317
1052.78741580815
1052.68205129166
1052.90274717094
1052.9251161072
1052.65174974431
1053.24953458804
1053.02838613228
1053.72427014661
1052.46582008767
1053.02866602233
1052.40841315836
1052.42228858641
1053.24304626323
1052.70759346806
1052.71774230603
1053.24441058054
1052.57045064827
1052.45542639051
1053.33920174275
1053.35454139078
1052.69526324758
1053.45619422746
1052.43452656448
1052.73476049545
1052.69351307873
1052.40232190283
1053.44140226647
1052.97485818954
1052.63253087727
1053.0352087399
1053.00155548237
1052.66691800593
1052.49630940055
1052.76671564453
1052.57029934857
1052.4108581539
1052.42792867292
1052.65093907163
1053.05643479837
1052.99374011302
1053.94060649635
1052.43297082744
1052.73805285883
1052.53311942594
1052.74122971306
1052.93143699083
1053.17324067584
1052.56490768385
1052.52947823597
1052.45821035862
1053.61527504233
1053.00690266468
1052.71532671932
1052.47529892574
1052.859184298
1052.65973039585
1054.26701376562
1052.80592627336
1052.42595110496
1053.11297273251
1052.86115450684
1052.99475176205
1052.50806798543
1052.79193426554
1052.64267993346
1052.73110231209
1052.84668002397
1052.50423146845
1052.91779950832
1052.57571143868
1052.90200972698
1052.80386657225
1053.26299374748
1053.21790950379
1053.47708414364
1053.13273371776
1052.72432575728
1052.4866689227
1052.58216623541
1052.4858478119
1053.23825571468
1052.47150808862
1052.81900941325
1052.44284789872
1052.74465020463
1052.85469794381
1052.46950252443
1053.12151374972
1053.61927802157
1052.62555451689
1052.88888327686
1052.78278176165
1052.55192273433
1052.80609147609
1053.12692098301
1052.41382503582
1053.35114104532
1052.46653265872
1052.5198326828
1052.55862086735
1052.64814881749
1052.52181143449
1054.34646016652
1053.07282327776
1052.84825600581
1053.41722618296
1052.72883927785
1052.52382519566
1053.73862256932
1053.56103374134
1053.29197875854
1052.41370963482
1053.11945797957
1053.09716128786
1053.22070846757
1052.56054078016
1052.92997562294
1052.40607322866
1052.58870758278
1053.44236394414
1052.55692008444
1052.54096840202
1052.45209739022
1052.9387640717
1052.90820040714
1052.43676506496
1052.54337105634
1054.87413092174
1053.93816572599
1052.67947757532
1054.39290877261
1052.77744020767
1052.80858337803
1052.80164503722
1052.46589904087
1052.44424879795
1052.4830201359
1052.41341842917
1052.96607714114
1052.4878012349
1053.12056514262
1052.98615632943
1052.8889048592
1053.02291051104
1052.72244204193
1053.15197934847
1052.96471849244
1052.69151625386
1052.94086508617
1052.39364637009
1053.33996887737
1052.64735277177
1052.63861742749
1052.6330906594
1052.51800735971
1052.61471215559
1052.80744516925
1053.14639619372
1052.45314507399
1052.90653324534
1052.59256822873
1052.76002170145
1052.94135003855
1052.41976149204
1052.39472399087
1052.69916456248
1053.06827872518
1053.46625074686
1052.95933186278
1052.62311408201
1052.60600916438
1052.50671354082
1053.74581340978
1053.01194029959
1052.76400839273
1053.11986440668
1052.76462287824
1052.64820478682
1052.82358473487
1053.07555393374
1052.60288888526
1052.66552877961
1053.09744917604
1052.59895179869
1053.26330351803
1052.45561775681
1052.84250379225
1053.17254423971
1052.46893092371
1052.41068768975
1052.95179141169
1052.61975171088
1052.91369799633
1052.40920870508
1052.63369709701
1052.47852640132
1053.12346819979
1052.55483034046
1052.4492000011
1052.61432159691
1052.51132609098
1052.50105166109
1053.71051234726
1052.56288129827
1052.72137971721
1052.6229257119
1052.72941842444
1053.34916329076
1052.67851401544
1052.66518817345
1053.70374462082
1052.835257642
1052.42327482653
1053.20407821625
1052.6163882306
1052.71932394865
1052.92442374425
1053.27294066991
1052.54426897163
1053.82756088665
1052.51415261031
1052.674927239
1053.88116736675
1052.4998594408
1053.49543932252
1052.42586284362
1052.52142518328
1052.62849977816
1052.46670642021
1052.41478609852
1053.14893362416
1053.89869162176
1053.5372359882
1052.4046419496
1053.32498740101
1053.76522935675
1052.57236812155
1052.42052869249
1052.93997529876
1052.4553990647
1052.64685553645
1052.5738197389
1052.73080867771
1052.56247154409
1052.41764455894
1052.50716800922
1052.85957431751
1052.50857651747
1052.68834945351
1053.33900694567
1052.3982526288
1052.41596175348
1052.92863194541
1053.35033366392
1052.57509281008
1052.88026834128
1053.24564074595
1053.47721531964
1052.62572613798
1052.62020474527
1053.91687036837
1052.48877432346
1053.16520274662
1052.97216853442
1052.89893593661
1052.46425595762
1053.64592808748
1052.45218525753
1053.33561689599
1052.44832707642
1053.00398343567
1052.61086162132
1052.9251042493
1052.86388707047
1053.04625645497
1052.80894832662
1053.21022948682
1052.40487315818
1053.6379513125
1052.74334203182
1053.22809224347
1052.71089784095
1053.01399756129
1052.44323599001
1053.10321890707
1052.92510268828
1052.88646367631
1052.49323486523
1052.81956537729
1053.23439022231
1052.87044000486
1053.18629176757
1052.90330071573
1053.62719059687
1052.83293146874
1052.59431142746
1052.72050896651
1052.54320268156
1052.9079303744
1052.60810292969
1052.51265035297
1052.87368547575
1052.69021363537
1052.90518151923
1053.18900400914
1053.43078300311
1052.42668311959
1052.84286303491
1053.38426693464
1053.13203061101
1053.2321642434
1052.63185650294
1054.37810677549
1052.69576093741
1052.9650916761
1052.64834178074
1052.55035260254
1052.50458627203
1053.26690572852
1052.49667592447
1053.37260904629
1052.46425764785
1053.1634771754
1052.99939598167
1052.70030514076
1052.91759271494
1052.45727172679
1052.96427262801
1052.55834762012
1052.52853908513
1052.56991665129
1052.48876567442
1052.72463886771
1053.22309687644
1052.46891090932
1052.66455802327
1052.80058210689
1052.4824182445
1052.47138947965
1052.67682063383
1053.51938287177
1052.93711727291
1053.20207683436
1052.40492834945
1052.49462850525
1052.66748905738
1052.78422650393
1052.63462761282
1052.76709941014
1052.86749696843
1053.07000613144
1052.99129030796
1052.63278013045
1052.66325197911
1052.86040400542
1052.4808591621
1053.29149563386
1052.69083296824
1052.60357741087
1053.67454624223
1052.70126199146
1052.80152967755
1052.94776436438
1053.19409642218
1052.48682884246
1053.61760728105
1052.80030701057
1052.56109680499
1053.14093110689
1053.24179749945
1053.00372298714
1052.40800055224
1053.08469370609
1052.85475781177
1052.47325089954
1052.62647779587
1054.10408925758
1052.83550651388
1052.47122812518
1052.59460687055
1052.70898493161
1053.71459937163
1052.91844904459
1052.61196076777
1052.53861462139
1052.68738880875
1052.90732804627
1053.36705516692
1052.62804829057
1053.02834613373
1052.8398216932
1052.81055842649
1052.67681515197
1052.92488378646
1052.91869433493
1052.44429864138
1053.35343280013
1053.10039831985
1053.00323540788
1052.6358983504
1052.40088243423
1052.597598407
1052.40894408188
1052.9886938688
1052.39467526146
1052.56450822651
1052.96770844433
1052.94107254412
1052.92271329088
1052.55792413893
1053.23161255748
1052.52107479875
1053.73289995996
1052.51710385118
1052.94911735319
1053.1375917507
1052.56722258366
1052.80162970847
1052.43580054047
1052.73820976728
1052.57694975336
1053.24625678591
1052.65597600106
1052.4255489324
1053.72530172261
1052.92812529208
1052.61495078397
1053.35042261278
1053.24230151969
1052.93560669757
1053.9514449124
1052.68921862155
1052.845179046
1052.56362049965
1052.502637997
1052.67785936065
1053.22179881009
1052.59465935876
1053.78324484294
1052.75385910417
1053.39220474698
1053.12223501371
1052.65724615205
1052.43521436761
1053.58917099011
1052.47233455117
1053.43010766131
