487.308750862844
472.357052189423
453.474077573196
453.093433265959
452.008174596502
419.628792811487
410.940592141017
401.201746242151
398.078926989354
397.544834110099
395.639322305102
394.916290138282
392.585804113274
390.687282851861
389.234365337261
387.838219989975
387.213033712848
387.106231911118
385.617137257136
384.56695905621
383.918107888875
383.386765308425
382.603970428571
381.194876296908
380.808475770501
379.709661079608
379.64059487022
379.556488463675
378.098493467889
377.73541951826
377.730585042395
377.473956779661
377.098883395071
376.885684991579
376.773822782339
376.587910018112
376.485791490639
376.22663603191
375.788087183349
375.713075939708
375.667699509557
375.496923976841
375.439616806725
375.43200998681
375.394332663307
375.318956765609
375.264165875543
375.250617179843
375.202134792158
375.183231287467
375.170603475568
375.153158983542
375.120063909819
375.100038245241
375.07417883833
374.994921782995
374.96576176573
374.959609194817
374.945709186852
374.932934452074
374.909901222142
374.882424859373
374.873911209753
374.862827743891
374.742147179462
374.727358627389
374.724309448985
374.719276822321
374.716217609637
374.693294498172
374.68596016051
374.679716111027
374.679390034087
374.675223867658
374.668167950868
374.662826184241
374.660619638897
374.660335444531
374.660079705966
374.659074970218
374.658383821229
374.657139787784
374.654266411592
374.653784828469
374.651730388691
374.65088943456
374.650544567474
374.650450722733
374.649591060372
374.64937360848
374.649322479279
374.649062321373
374.649062306089
374.649062300025
374.649062232401
374.649062225457
374.649062184391
374.649062094971
374.649062091433
374.649061953828
374.649061774308
374.649061703837
374.649061485683
374.649061452339
374.649061431266
374.649060961099
374.649060656066
374.64906059168
374.64906040286
374.649060290483
374.649059924029
374.649059425037
374.649059286151
374.64905862043
374.649058342458
374.649058248332
374.649057197343
374.649057196227
374.649056635823
374.649056626561
374.649056284518
374.649055973123
374.649055801988
374.649055743799
374.649054644985
374.649054072643
374.649053884689
374.649053725579
374.649053542183
374.64905270565
374.649052573697
374.649052423937
374.649052335251
374.649051663565
374.649051604885
374.649050867159
374.649050294676
374.649048939865
374.649048287092
374.649048013205
374.64904793066
374.649047187285
374.649046993257
374.649046555648
374.649046336497
374.649045946973
374.649045877453
374.649045812416
374.649044350714
374.649043782891
374.649043203425
374.649043114693
374.649041949265
374.649039980666
374.649037431093
374.649036667066
374.649036445579
374.649036122904
374.649034600908
374.649033495387
374.649033009628
374.649032974851
374.649032703707
374.649031454085
374.649029354847
374.649029191982
374.649028549012
374.649026861577
374.64902519768
374.649024178838
374.649020844897
374.649020840832
374.64901970698
374.649019670644
374.649018404149
374.649018146033
374.649018003225
374.64901719083
374.649015918532
374.649015280735
374.649014213306
374.649013858939
374.649013528606
374.649012919673
374.649010015446
374.649004661498
374.649004369708
374.649003960814
374.649003911958
374.64900236312
374.649001102392
374.648998650129
374.648995091348
374.64899456359
374.648990327403
374.648986678068
374.648986642208
374.648983974973
374.648981477114
374.648980091257
374.648979149987
374.648976308654
374.648974589146
374.648970685897
374.648970297671
374.648969364806
374.648968329955
374.64896819406
374.648967884032
374.648967239303
374.648965451908
374.648965209279
374.648965184864
374.648962829243
374.648962200031
374.648962199167
374.648962110753
374.648959548061
374.648959405998
374.64895845308
374.648956337237
374.648952692111
374.648952309634
374.648951088576
374.648949077559
374.64894831683
374.648946955842
374.648946858586
374.648945988688
374.648945896998
374.648945475536
374.648943364161
374.648942335146
374.648940345269
374.64893603299
374.648935357812
374.648932830248
374.648931876996
374.648931639214
374.648929406596
374.648928939711
374.648926918342
374.648926728056
374.648926465977
374.648925566725
374.648922508059
374.648919682425
374.648918815253
374.648917554975
374.648916318653
374.648914963765
374.64891478404
374.648911515457
374.648910870233
374.648909464049
374.648908649244
374.648908226901
374.648906890055
374.648904478877
374.648900777022
374.648897821664
374.648895432411
374.648895021548
374.648894923044
374.648893847433
374.648888724312
374.648886697022
374.648886638136
374.648885663422
374.648881604451
374.648879838286
374.648878759747
374.648877945057
374.648877845215
374.648877385994
374.648877039022
374.648876393375
374.648873562802
374.648871559717
374.648870767308
374.648868304141
374.648867408273
374.648859658997
374.648856512591
374.648854178529
374.648852716274
374.648845380676
374.648844236398
374.648842776258
374.648841372663
374.648836167555
374.648835879681
374.648834109501
374.64883048077
374.648826618929
374.648825142295
374.648823208314
374.648819035039
374.648812633334
374.648812482767
374.648811279637
374.648810766992
374.648809446581
374.648808031531
374.648805482781
374.648805153262
374.648797943502
374.648797886447
374.64879617188
374.648795321067
374.648790678731
374.648790108684
374.648789963034
374.648789450386
374.648788579085
374.648786128422
374.64878202422
374.648775918909
374.648774981738
374.648770974424
374.648767157305
374.648765171772
374.648760468211
374.648757973284
374.648757933509
374.648755322813
374.648753113226
374.64875299899
374.648744022484
374.64874354011
374.648739669349
374.6487388092
374.648735966119
374.648735962602
374.648728942782
374.648728209565
374.648727406369
374.648726839553
374.648724353039
374.648723878989
374.648722621306
374.648721624216
374.648720173936
374.648719115231
374.648716249024
374.648713148052
374.648705643291
374.64870545141
374.648701189686
374.648694208985
374.648690192879
374.648689648652
374.648689514073
374.648688915497
374.648682607799
374.648682488191
374.648681420239
374.648675503918
374.648675366916
374.64867259046
374.648671997558
374.6486707741
374.648660258295
374.648654154782
374.648651825197
374.648650573482
374.648649243251
374.648639016657
374.648637945148
374.648634654629
374.64863407286
374.648628089763
374.648624589373
374.648615959542
374.648610000598
374.648609103092
374.648598697889
374.64859729253
374.648593255383
374.64859185015
374.648587034286
374.648586536481
374.64857919991
374.64857467849
374.648566423424
374.648565289085
374.648563023733
374.648562145426
374.648557382941
374.648553290945
374.648552851274
374.648551609302
374.648551189183
374.648550600129
374.648549193003
374.648547037198
374.648545044308
374.648538295258
374.648534751591
374.648528834407
374.648523225528
374.648522862568
374.648517203752
374.648513521084
374.648513227995
374.648508689918
374.648505921515
374.648501992613
374.648499523347
374.648496876362
374.648485349962
374.648482337879
374.648473641076
374.64847161827
374.648471467266
374.648471336245
374.648470662297
374.64846994037
374.648467824092
374.648467772956
374.64846571826
374.648465244616
374.648461910851
374.64846104968
374.648457906957
374.648457357409
374.648455975973
374.648455729287
374.648451502101
374.64845053978
374.648448499097
374.648431643444
374.648426492928
374.648424663395
374.648423809038
374.648422105536
374.648420734247
374.64841611214
374.648415529135
374.64841404372
374.648412512188
374.648407227494
374.648397382714
374.648395563336
374.648392877329
374.648388880705
374.648383838291
374.648378114896
374.648376734075
374.648373243973
374.648370468206
374.648369564492
374.648364861461
374.648361071314
374.648360263462
374.64835674683
374.648354804241
374.648351468984
374.648349880671
374.648349384588
374.648348519604
374.64834776646
374.648344787337
374.6483435199
374.648343401813
374.6483423768
374.648339874271
374.648336561359
374.648329038835
374.648326042069
374.64831741455
374.648312861905
374.64831246788
374.648311435283
374.648305396706
374.648295582353
374.648287380222
374.648285491076
374.648284615801
374.648281171647
374.648277310868
374.648275786184
374.648270510571
374.648264702606
374.648257335467
374.648244610629
374.648243236561
374.648231182798
374.648226256732
374.648215127827
374.648207376069
374.648201160715
374.648197413045
374.648193884652
374.648192829914
374.648177194271
374.648174853091
374.648165325344
374.64892242946
374.64863651994
374.648526733663
376.548640637335
374.649009788142
374.648777639976
374.64835851902
374.648937695047
374.648781603872
374.648998338431
374.64906176222
374.648735661681
374.648886912887
374.648515490999
374.649320824995
382.149508404528
374.649011597693
374.64841099202
374.648773463474
374.649013522921
374.648203393022
374.648972198015
374.687724529049
374.648241271264
374.648757834745
374.648350283566
374.649008627459
374.648581146535
374.649024400167
374.649017761897
374.649054706624
374.649124550781
374.648988652105
374.648687758718
374.648793558425
374.654805254242
374.648870299701
374.648730020517
374.649049874717
374.648716861284
374.649029246701
374.648829020621
374.649054586953
374.649181370232
374.648822800903
374.648913848878
374.648950484667
374.648930732589
374.649048219654
375.004705771974
374.649046826825
374.649044102213
374.64900812398
374.648814892393
374.648878599448
374.649028505386
374.648663064068
374.649011020001
374.64874503977
376.118192650538
374.648712336833
374.648965771757
374.649062224403
416.545960610765
374.64877102466
374.648441675546
374.648810242275
374.648982654469
374.649062322647
374.648663408874
374.649062346819
374.648394879663
374.648782141792
374.649044736569
374.648340451946
374.648934402947
374.649037616809
374.648612053404
374.648499693296
374.650187795394
374.649037897837
374.648609559005
374.649045347497
374.648806173399
374.648567307987
454.580298363599
374.648918270832
374.648924348942
374.648904504139
374.648824909417
374.648824800501
374.6486787839
374.648321844777
374.648654646555
375.282897073752
374.648870036326
374.649044530071
374.64903907702
374.6489794802
374.648437781202
377.889190502792
374.648866786171
374.649032837109
377.998374111107
374.648189541781
374.648199942821
374.649060446287
374.649051291108
374.648190002247
374.6485110251
374.648464237914
374.64832202511
374.64879452702
374.648883113923
374.649021162566
374.648602680492
374.648219230134
374.648527177573
374.649035336685
374.649061576135
374.648854910052
374.649052443943
374.648706048239
374.648317631307
374.648861289503
375.690496806463
374.648927227823
374.648666786701
374.649049086121
374.648372327597
374.648261174101
374.648981496837
374.648431183764
374.648486609637
374.648238313328
385.286024031073
374.648645631576
374.648358967555
374.648398238657
374.648509582741
374.648563656066
374.649046775489
376.428144593568
374.648943596223
374.648829783131
375.003858750358
374.653528320006
374.648995998623
374.6490268005
374.648827259892
374.951090348717
374.648919553596
374.649040517837
374.648814342846
374.648184914932
374.648911475585
374.649057057019
374.648758706407
374.649058681423
374.648743539616
389.443516596325
379.053544710612
374.649060104355
374.648854475267
374.64901740642
374.649060644201
374.648700908416
374.649062062968
374.648589233431
374.648668952973
374.648987959206
374.648179405202
374.648499365898
374.649061539468
374.648797946535
374.649214167536
374.64846494325
374.648915271125
375.666233295561
374.648531452123
374.648833583853
374.648710578461
374.648430433377
374.648986625556
374.648204586342
374.648816453817
374.648859906583
420.389744771368
376.309253418375
374.648930988332
374.648810182637
374.649058188132
374.64871944555
374.648329083159
374.64886435251
374.649031086866
374.648843705662
374.648558530884
374.649062026279
374.648688977527
376.434633743153
374.648601004921
374.648617839116
374.648940337354
374.648672427079
374.648657171991
374.648889598067
374.648222016725
374.648766254896
374.648734672768
374.648915279744
379.525526932436
374.648353423307
374.648240187926
374.648934712355
374.648557529024
374.648869056509
374.649046278281
374.649059399812
374.649008562797
374.649060781427
374.649028851889
374.649013526416
374.649037868278
374.648708197635
374.648285604933
374.64894515243
374.648905057864
374.649061996631
374.648936623926
374.648971934556
374.648362240893
374.648923395008
374.648854624379
374.686269756935
374.649006927735
374.648304083096
374.648862709231
374.648856960272
374.648400919764
374.648911315787
374.648257452304
374.648409865097
374.649002423151
374.648432839934
374.648902188103
374.648657917583
374.648216236644
374.648549447175
374.648593322398
374.648903032989
374.64886319707
374.648747844748
374.648350134039
374.648423418143
374.648225398996
374.648777756326
374.648823973835
374.649044874033
374.648802671647
374.649038947931
374.648932939508
374.649032780686
374.649006937838
374.648618278476
374.648867465334
374.648302970606
374.648880380298
374.648920514038
374.649027576262
374.648309593042
374.648791649403
374.648604720601
374.64859818091
374.648910766384
374.648803575848
374.648578466377
374.648719701238
374.648739290411
374.648629416839
374.648680794661
380.666982784095
374.648919459236
374.648974971559
461.276428589925
374.648834805918
374.648191593626
374.648341668842
374.649056619608
379.255509071583
374.649010636029
374.649029836036
409.788038224925
374.648187855768
374.648561229207
374.648168882215
374.648181276882
374.648957320036
374.64900486576
374.648419036632
374.648632446302
380.505045214555
374.64904981183
374.649015378135
374.648994602043
374.648950854132
374.648885493292
374.648166474185
374.723600026963
374.649053683197
374.648901957744
374.648925642985
374.648510793994
374.648294100139
374.648829456025
374.648850944259
374.649040472003
374.649035482496
374.648893759808
374.64830398496
374.648243512698
374.648762429932
374.649039385258
374.649002715686
374.649052342296
374.649019733254
374.649005442202
374.648783181251
374.648868641032
374.651068706053
374.648967589918
375.288566290942
374.648984442303
374.648735411493
374.648568697837
374.648780931586
374.648706868072
374.664010639437
374.648855807214
374.648899980212
375.88237332122
374.648825560514
374.64905313722
374.6488856449
374.648703770969
374.64892518226
375.125867666154
374.649006702032
374.648993756733
374.64901392607
374.648627339606
374.648906258965
374.64897504645
374.648692856045
374.648765463309
374.648864447537
374.648905315695
374.649119064271
374.648673721004
374.649061845973
374.648226797342
374.840259092777
374.648951899106
374.648706234216
374.648546143106
375.046491340191
374.648949453578
374.649061548903
374.648889008952
374.649037878031
374.649054332663
374.64895225852
374.649013502525
374.648784711375
374.648899337626
374.818143441427
374.649081971598
374.648888075897
374.648616150984
374.648806768031
374.649042658619
374.648507068285
374.648850226086
455.264599237655
417.904559825853
374.648678231739
374.64874050881
374.649008302813
422.124958428926
449.719042972237
374.648814590113
374.648703193178
374.64905955315
374.649062316671
374.649455329801
374.648886273661
374.648328953545
374.649060922641
374.64885696565
374.648265117831
374.648699789441
374.648538454116
374.648894906058
374.64846148942
374.648845159275
374.648763805298
374.649023716222
374.649011159584
374.648721681551
374.648924515167
425.060831292774
374.649025160751
374.649060048279
374.648754218111
378.347113609784
374.648735456648
374.649056298779
374.649001722226
374.648511465654
376.679104944256
374.649335882168
374.649023515685
374.649003040426
374.648800696732
374.649009645436
374.649035273114
374.648426102794
374.648830630558
374.648929457109
374.64849854275
388.105075544025
374.648986271959
374.648915658579
374.648964313308
374.648948725622
374.64906159134
374.850416102024
374.649036659783
374.649039774507
374.773587956522
432.292161574171
374.648979807309
375.399587905615
374.648571422158
374.648174544033
374.648605497818
374.648870002807
374.64851359408
374.649048632585
374.648583015883
374.649042677248
374.648856493248
374.648826999221
374.649053827719
374.648963269579
374.64844979891
374.648312463731
374.648716237072
374.648892241897
374.648497615661
374.649047694743
374.649033504478
374.648508811162
379.661594229709
374.64901899667
374.649030052577
374.648996967406
374.648831747772
374.649059032408
374.648439838245
374.648824887211
374.648859392746
374.649391116763
393.928472258852
374.648965594786
374.849052442138
374.648741297747
374.649061807334
374.655124915031
374.648275016278
374.649062309174
374.649028593392
374.648380311077
374.649035621574
374.648322904314
374.64889142314
374.649050772566
374.648781352765
374.648361011992
374.648995912825
374.648899011625
374.649052495217
374.648856082874
374.648197957244
374.649017317375
374.648926345305
374.649056010488
374.649049620645
374.649041114002
374.650282964285
374.648155908233
374.649056207542
