975.903373119835
974.487992158715
974.28572679843
972.861873252261
971.134194216825
970.765261056655
970.678939023728
970.400854060614
970.228501505742
970.156823418684
969.993116719293
969.984018656581
969.894466065356
969.798687104125
969.265797006974
969.238524780887
968.617918236569
968.534101030132
968.52953337271
968.342425137113
968.296345502723
967.366758084681
967.334450342724
967.226022781177
967.062847780571
966.695916142041
966.675730251833
966.669358385121
966.648909644479
966.444498297546
965.637392980955
965.627336431568
965.105418100562
964.931991282594
964.853751750921
964.785797059167
964.640512426264
964.632996931921
964.459620432457
964.348153045572
964.323173571429
964.261985950661
964.240076577894
964.185343133062
964.099540385514
964.093898657417
964.090546331895
964.011918861896
963.991880272358
963.923210734871
963.87330098462
963.805365778125
963.657415615479
963.507531707538
963.470438548833
963.456157709858
963.453255665193
963.42118790301
963.372946502887
963.338174387508
963.205539778706
963.16395243791
963.136946626334
963.046058554517
962.999917087196
962.828466142752
962.716028609952
962.570030584031
962.560490278154
962.527720857485
962.508890979532
962.426104648533
962.412229223579
962.38425881449
962.368368145205
962.357313136604
962.243720125417
962.188027093321
962.038690583566
962.032312786336
961.952836311938
961.939527350643
961.910444141888
961.865107342603
961.858549373978
961.744770848825
961.685617587616
961.561648048176
961.511188710342
961.445527143319
961.401304187848
961.387548927435
961.373069925006
961.367864729248
961.308331756398
961.148063699893
961.095017391714
961.036049421863
961.033631311135
960.959451831818
960.939106112071
960.860299067176
960.845808373045
960.810941784794
960.76393804451
960.581447090776
960.565491285264
960.517338245831
960.50965940943
960.487900112556
960.454669861969
960.441915236491
960.434878934814
960.384710160061
960.371504717683
960.341977006636
960.314369018772
960.30946495472
960.152824924386
960.132889601629
960.122511769793
960.120316480498
959.984946742744
959.914698227198
959.901108310446
959.82103764778
959.766976912429
959.691107000667
959.681244085814
959.641290335851
959.504413272166
959.45994970973
959.455829023831
959.365439069449
959.304104206392
959.274883817214
959.246700116843
959.135165324431
959.111805049613
959.066763342248
959.032119459855
959.015798392388
958.992304360632
958.97902371081
958.975277609551
958.943282349741
958.928364395849
958.883909622789
958.871734285284
958.869029014777
958.837827863842
958.836733451963
958.800399114975
958.793437298113
958.773423258925
958.757646310525
958.748341962371
958.737609770398
958.737258320384
958.716924044102
958.658472425705
958.658455366924
958.508496327837
958.493040460333
958.464967590389
958.436466180074
958.424198474934
958.40491061089
958.399594520296
958.398995031434
958.348741110572
958.305929981766
958.289611124697
958.213668931774
958.183845441739
958.147837937297
958.131678276715
958.127843869946
958.087348668274
958.078695803287
958.076937380722
958.016282405055
957.993046640315
957.982269167678
957.950373577605
957.934574381412
957.932215577622
957.920016210635
957.876504503534
957.840142711062
957.835393761797
957.823135798089
957.821155692037
957.820298654731
957.794457277192
957.76247169435
957.737866646087
957.690879639111
957.670688482491
957.617976899615
957.566773656423
957.509567328297
957.491853747058
957.458567654058
957.452001752549
957.451015011853
957.449891513276
957.435006986188
957.416275372024
957.397775022483
957.386678143564
957.375225853395
957.367253672027
957.302965514863
957.273205846853
957.262951595885
957.242318449073
957.237181935069
957.191979641287
957.180876732946
957.154752258309
957.128748501155
957.087182539808
957.084157682912
957.081881452401
957.029562465662
957.009331020004
956.983738489783
956.970850370231
956.961986906249
956.905537160687
956.839089035461
956.839044899856
956.826709878952
956.720288103856
956.716021704499
956.711125765206
956.655505594213
956.640934604284
956.611264516625
956.574944888946
956.539017269132
956.522654863009
956.507546556399
956.485986136516
956.476463759111
956.468509009841
956.43105889553
956.411969625017
956.41171302663
956.409064536693
956.390993902928
956.369083405945
956.367714109595
956.361797361779
956.359088624931
956.35518010361
956.327678223171
956.304359840123
956.291636165286
956.281982372977
956.275552369418
956.27011145164
956.259815604717
956.256522470815
956.234882248386
956.233033597404
956.176704801933
956.171526436809
956.169644330321
956.154817631069
956.143672296555
956.140123050777
956.139334340016
956.131712609851
956.124103014379
956.107263666601
956.106028159767
956.090798520058
956.089450930783
956.085043482691
956.069334582944
956.050915724957
956.048705926742
956.044173453773
956.042355268722
956.030519842388
956.002041281891
955.950985533774
955.937431176434
955.934977837775
955.919967712321
955.915783730084
955.871555329088
955.871003335636
955.850160677682
955.831209261837
955.828809380739
955.820299182615
955.802388784439
955.788248095596
955.76849425567
955.763791082584
955.75878848147
955.713768035252
955.710197377335
955.674671686137
955.671829830118
955.644867867382
955.607903407377
955.59495312134
955.555618311695
955.554879089558
955.54867139929
955.529342952284
955.497223083608
955.49704421949
955.4795667045
955.477055827799
955.465724307078
955.44164309267
955.426078527546
955.393181154339
955.387307000717
955.38594936304
955.376952128454
955.325251802633
955.305838867607
955.301010078952
955.297151894465
955.295948651799
955.249897089678
955.231262177594
955.228752609731
955.206683268428
955.175375278705
955.153575359659
955.151611797457
955.136587001118
955.119962549168
955.117365645402
955.095659989188
955.090864773366
955.087920992395
955.079368940334
955.078037446313
955.063228782354
955.060631500163
955.041932490589
955.040317007227
954.981651400689
954.973303374438
954.973002826829
954.970567208932
954.953544226645
954.953523246125
954.945427823494
954.905280704169
954.905007647806
954.901843329688
954.891723564963
954.868945506995
954.868416615568
954.859686711773
954.849344930773
954.848232875109
954.832714877105
954.809679965736
954.790709694098
954.790279730623
954.777847935631
954.775017347587
954.763223994478
954.759884269448
954.751723130488
954.742817630581
954.719432250956
954.71260689585
954.707102259885
954.705202945998
954.704297028799
954.697838935264
954.684817639869
954.673180499575
954.636900121094
954.63383705845
954.630814462908
954.602979673744
954.549815385521
954.52710584281
954.519062241727
954.509983657378
954.470100955057
954.456235827669
954.454994662117
954.453161615256
954.426334225993
954.4104766839
954.404190737445
954.394626710215
954.383799656118
954.374055188052
954.371871477569
954.368511801493
954.362424639974
954.309866080409
954.299302164059
954.285980427724
954.257764504655
954.251634584624
954.239776119934
954.225404867433
954.222992687129
954.210064796815
954.191921804741
954.159925751799
954.153109215854
954.148302834289
954.128509214758
954.126165495393
954.125269405866
954.12379919443
954.123309231775
954.121896363994
954.114823507743
954.095284051619
954.077496481548
954.046874061272
954.042389316236
954.024854403068
954.001081380687
953.989622265102
953.989073446487
953.987513543819
953.981532823443
953.978983119378
953.959642440912
953.954201090022
953.939676126907
953.939502351746
953.939316065275
953.917639064626
953.899493429825
953.870248657894
953.856659980583
953.848625234144
953.833761750754
953.827862412847
953.80931993428
953.806366687233
953.806292946332
953.794740543698
953.794696147086
953.794232485871
953.777044659261
953.759602303573
953.749471626882
953.717430223159
953.713789923554
953.706168418458
953.69961467625
953.69216891563
953.681659738996
953.672838412521
953.667188393061
953.654238007234
953.653013629279
953.650754684742
953.647565288009
953.643634293163
953.632818647783
953.620111142939
953.61761570797
953.579127964495
953.576920517719
953.573511329705
953.516783343669
953.490874793988
953.488357118813
953.482290143313
953.463295627485
953.452699818982
953.430803033567
953.429017447334
953.427694416901
953.407650620418
953.402995789796
953.395019489511
953.373645115867
953.354530154843
953.354403306538
953.348185025147
953.334497791112
953.316794930919
953.303695731605
953.297481357284
953.291899396448
953.286079496951
958.283736546642
953.572144947313
953.523798675556
966.999025838929
956.564589957356
959.417697768847
954.41406099448
963.417693461904
959.053121024224
954.646067397301
967.460633027377
960.264061288203
957.367284682316
967.449386468585
953.417238643502
957.986171335867
953.390279708115
964.280988661871
955.143450527632
962.674389706444
958.275149312761
964.717954473667
961.996535715183
953.586707512455
956.821575138863
955.170647098772
959.41437647541
955.831529670733
955.43896709985
962.643975370532
956.722453853741
957.414300477705
955.611646136192
967.459986500443
955.320507797928
970.75899181803
957.467472750083
965.295347483358
958.508207023117
956.666256242578
954.907640107358
963.593782495556
962.577022689412
970.306275142996
954.082813926455
956.569701772973
962.851667969923
953.41840033184
958.060777875487
966.282642593449
953.905527646828
954.549201294005
965.348106667952
953.252985317393
962.700401413304
964.749983981822
961.832631151368
968.590900750759
955.614575787491
967.329707448541
960.013833859895
954.919378952016
955.208929154611
956.984645950238
956.555392951729
954.727612691408
955.446872132051
956.093581991332
960.733989810675
959.422871271938
965.050829025406
953.391101657225
954.894041894826
956.840296874085
954.567153571909
962.576861701036
956.839261368783
953.480527577919
958.590553671408
957.683678155036
957.472965477892
953.505776869882
959.322550014272
955.429278986587
954.515871778555
955.987073954899
961.843018132396
954.538022717144
967.938178988353
957.736966072417
962.727788846254
954.123438126742
971.794279241758
959.478399226326
956.926754795472
954.182407293508
963.662967432907
959.681107319036
956.135407633263
964.374624139401
954.902692479397
960.397053560308
954.43025835823
971.377506005136
960.531742752655
954.339901801188
954.00922733049
955.767716412451
958.31394903996
958.773462319015
954.156227259399
960.111090896029
960.955322260121
958.534772718804
953.75052882953
958.746348754476
955.646939934726
963.166119042315
955.176547195963
963.344716348627
957.005433143318
955.194668138449
963.466595015163
967.080804856048
965.708262434041
962.105286223501
957.337439323888
955.143005213146
953.665361081705
957.580443565526
955.328891135583
966.492076555767
953.403102991873
958.373421330069
954.2223508675
956.93231607919
954.918842025028
959.763857884396
957.014132210172
956.337975370289
962.669341107327
961.026446681665
961.522400623365
956.891878132348
966.743595425048
959.961209081552
957.606823891872
957.740676544112
954.863313812711
955.300489427462
957.616469737727
955.761175826797
955.183553248651
956.891289733442
959.487264443684
954.293188672299
956.987659765349
956.352909392793
967.218236024363
957.794406556872
955.448358712803
953.827585031307
959.037801147544
957.753457298037
954.994899936286
963.731170012177
958.123544796926
955.707718307563
957.29940385941
964.897357520824
960.410687722962
958.418906120878
960.655890175985
955.351736567207
956.381341375446
960.227510734206
964.201284418831
956.987257057249
957.950603124933
953.46316217301
956.848450596861
967.737612194788
959.462796678338
964.263610950883
957.282967092139
954.982319024889
980.146483820183
953.526352251681
953.487145070383
954.882592511628
959.706756274494
955.159002891021
963.661034187718
955.510284213856
953.534086298174
963.172029864962
959.697475242175
957.711216682664
954.384131869872
954.488387388429
961.541982159422
957.051317656248
964.424042188695
964.449395202534
958.88929720313
953.991919856889
964.683717669468
953.304402090162
960.944765825657
958.135480812377
954.314521836081
953.960313374601
956.263754986573
955.014220370225
956.385947964496
955.109452119154
953.281489820446
955.899566334056
964.396230167007
959.689987331721
955.157673505954
955.604805714774
970.792177183534
957.226144475515
955.8100554556
953.63226175481
957.800300688348
955.640160376384
954.053266913188
954.282084279557
953.553147365786
953.584707927301
956.615474500044
957.273573818137
957.734444036579
955.935749764287
955.964941005836
959.08676743734
965.438887047547
958.445189035356
954.375820049236
953.695291848519
953.247805437597
956.275602462541
961.650086940631
958.29457400572
964.134232817642
961.967877269656
957.180440747019
958.617897365395
976.806265709635
954.98628529454
954.146255642107
955.908965364826
954.157918281954
954.029719892822
957.580266163583
956.576461160517
959.749522037962
955.156377796156
955.603993424714
953.393463764496
956.552810301747
964.504743501615
960.318368879947
953.809738017481
960.228976001429
953.485727091786
961.385993709317
964.934855340849
956.133186047674
953.698420335242
964.825334439798
953.251365911342
958.717229370848
953.915587183732
958.876832232938
954.786502425777
957.77043662769
958.3023736819
959.32875976644
963.660908794169
962.976429067888
960.880847767547
959.243380934341
959.866106893707
956.309775061355
963.044683284516
968.66326302114
953.789815524812
958.068420254382
953.96514644574
954.736973815654
956.004935758803
962.459983246788
958.33034573641
953.331366935371
957.052887678177
954.27652488441
961.285361634731
968.416229785128
956.377009136757
954.74149526531
959.92038375221
958.786978807221
955.330515409222
954.424371303585
961.167483549891
963.510402991489
953.542384799891
955.519747786778
953.268783925928
973.25277799904
958.623182074897
960.677332612405
954.740429071985
968.695824972171
953.743593232995
953.411190616128
953.628465215132
959.022046954539
966.457250484623
962.905531013159
955.309054025763
953.560072175564
957.574942200347
968.846511487455
956.396727012011
962.7879409847
961.108248798132
964.081683107959
959.947713620559
960.833478985933
955.201701914276
953.593319787215
959.121608570316
953.786714822883
956.004566391679
955.301657467552
960.318453425009
958.47579644656
954.226305039361
956.393725504337
960.711795790897
955.982833754933
961.255535368333
956.800897273886
967.720275039741
964.336760954945
955.742900811452
953.299756211683
957.635155150002
958.714677660509
956.557171683408
958.033881724031
954.914798227315
954.343001954656
958.287839113198
954.605990782838
955.006329945274
956.187899244897
959.790999972877
965.920874409624
970.113146261066
953.920531283632
954.725172619505
975.802091796675
957.660504424357
954.959166112298
962.53918812769
959.677541201517
956.131806833167
954.433405275799
960.011549668411
954.866681464205
954.786235022769
977.238385568322
953.436510461463
972.150002329319
953.759220242986
958.008552552515
961.187608451257
954.378361734631
957.327241164847
963.115496050375
957.699476324892
956.857627842367
953.556051140754
957.679267336495
963.840388338256
953.945565771157
953.296451870209
955.78456110308
956.979382465046
957.26784558255
961.442876748646
954.667590858096
961.404766996279
953.648005826191
958.028615245756
959.020492299446
955.953453675167
962.125742466834
957.928683268174
956.167339798362
955.998323837746
957.081766798842
961.825332480343
961.208911768826
956.512165216458
966.322291711623
953.96987229075
956.450977588861
958.567506328942
962.902327771872
953.519066866369
955.051211651708
956.412473921118
955.527979709682
964.452865500551
958.8528908334
955.365864844225
955.072602233636
962.515443395079
955.491205150875
954.155390314163
954.38881475364
956.777840829933
955.855730818816
975.319160667005
955.851869429332
958.254710404435
971.955000710951
957.877915365556
956.946645239767
954.289399832642
959.189292750524
969.529518482371
953.654705892015
956.851156561817
953.631038225484
954.623770187074
957.916860153901
956.307242635791
958.715071965711
958.04083527997
954.135369095467
954.214386454577
968.361545281905
958.113515351156
955.900833039924
964.006360199136
953.793701643314
958.661685359436
956.977718803895
954.87813057785
955.28921492691
965.798416040934
954.53523843716
953.518100606079
964.251816670913
954.417352878936
954.790221276758
953.789544317608
954.967140843291
958.603731321534
953.955932708425
955.850849251744
953.953343723314
954.197362253283
967.744341816971
955.906447509916
968.717304612378
958.526899853946
959.126771906959
957.860449976703
956.798478756571
957.12412002477
956.450790601247
959.605592601192
958.38326613752
956.495373201278
961.405172471758
969.323165199852
955.619914413532
956.232446106308
955.37295476916
957.331408619256
957.132338493015
956.937887454713
958.279483300296
953.393084977542
960.337571303056
961.693630682289
968.912330354655
959.110663498241
953.51139679436
957.055519643812
967.746144384368
959.947341791425
957.146000107543
953.37759439172
