1062.14925226105
1061.90200121205
1061.71681321682
1061.6930520672
1061.67872706781
1061.67223334413
1061.64484131297
1061.63210107882
1061.62306157053
1061.61574467481
1061.60633691172
1061.57553460646
1061.54229594227
1061.53427471282
1061.52421444249
1061.49888568489
1061.4867921398
1061.48417303459
1061.47876398857
1061.47420851385
1061.47420624844
1061.47314995005
1061.46483420613
1061.425021862
1061.41464383828
1061.3870736919
1061.38364260407
1061.38259615342
1061.37196324668
1061.36868373176
1061.36072279454
1061.35609056478
1061.35423192137
1061.35301205406
1061.34900950723
1061.3430587676
1061.32984482605
1061.32441885636
1061.32155554867
1061.3124655418
1061.30919559553
1061.30704169735
1061.29951485633
1061.29560989185
1061.29265402445
1061.28471900368
1061.27885446922
1061.27437968068
1061.27047465253
1061.2667234097
1061.25240743855
1061.24846753012
1061.24428947165
1061.24245552095
1061.24131384829
1061.23978566721
1061.23092366551
1061.23081089349
1061.22882298884
1061.22751909694
1061.22728136451
1061.22481373305
1061.22361241236
1061.22171086721
1061.21807542139
1061.21432628499
1061.21190813467
1061.20779626163
1061.20597423957
1061.20566947729
1061.19347532446
1061.18946561116
1061.18492053057
1061.1828090691
1061.18121133527
1061.17828674675
1061.17685503088
1061.16730194621
1061.16676519137
1061.15890960431
1061.15800498924
1061.15470823683
1061.1535980156
1061.15201089376
1061.14382949888
1061.14328250428
1061.14281707873
1061.14080149406
1061.14049013662
1061.13646352192
1061.13116329086
1061.12665171974
1061.12509325737
1061.12347135299
1061.12289654363
1061.12133054033
1061.11915401078
1061.11790291735
1061.11731027076
1061.11142514546
1061.11007218582
1061.10569796903
1061.10550883403
1061.10300934699
1061.10086932117
1061.09790179096
1061.09099403653
1061.08868211766
1061.08549691634
1061.07558000465
1061.06904231994
1061.0682800812
1061.06774965346
1061.06070291211
1061.0550687803
1061.05264812344
1061.05030708879
1061.04880793813
1061.04843810398
1061.04455953812
1061.04417460256
1061.04101417244
1061.03714635517
1061.03579473111
1061.03507580683
1061.03494502682
1061.03301200133
1061.02945149041
1061.02605349789
1061.02240700281
1061.02194076052
1061.01854869759
1061.01838130802
1061.01546860851
1061.01192312938
1061.01095392682
1061.00869118974
1061.00743648525
1061.00382769856
1061.00177352292
1060.99895419887
1060.99496114892
1060.99194395364
1060.99150108517
1060.98869849888
1060.98633694639
1060.98612091472
1060.98366133829
1060.98193227561
1060.97724557849
1060.97531948928
1060.97085804311
1060.96838742274
1060.96505143989
1060.96424864176
1060.96330528946
1060.96256560285
1060.96233559729
1060.95836793423
1060.9577050924
1060.95478878047
1060.95430129849
1060.95427930613
1060.95337191908
1060.9417705826
1060.938471586
1060.9383005267
1060.93639655093
1060.93477136268
1060.93300897034
1060.9329187453
1060.93267903136
1060.9309578002
1060.9301970927
1060.93018120626
1060.92953263874
1060.92767455858
1060.92749813688
1060.92665063253
1060.92570345568
1060.92303007909
1060.92291592772
1060.92183171726
1060.91884741784
1060.91544284419
1060.91409538807
1060.90930397485
1060.90682852094
1060.90559105905
1060.90534554887
1060.90233397991
1060.89948108153
1060.89948078572
1060.89822182203
1060.89804150372
1060.89506797406
1060.8948236379
1060.8932598356
1060.89183007294
1060.8914042425
1060.89019557319
1060.88615305204
1060.88427316028
1060.88303210634
1060.88054068958
1060.87715096014
1060.87605225647
1060.87452811154
1060.87448593637
1060.87426965273
1060.87409578331
1060.86726687741
1060.86633853917
1060.86585652577
1060.86548063188
1060.86545147429
1060.86520820638
1060.86272883366
1060.85895852797
1060.855075919
1060.85486965166
1060.85231808756
1060.8519295222
1060.85175485997
1060.8493904936
1060.84935616756
1060.84903984294
1060.84840579433
1060.84797200145
1060.84738236448
1060.84448086645
1060.84401413606
1060.84319920702
1060.84159205529
1060.84155801088
1060.84087361445
1060.84060280763
1060.84055718687
1060.83893713454
1060.8379127298
1060.83736973266
1060.8370437347
1060.83560321822
1060.8353088739
1060.83492570988
1060.83397832001
1060.83239409324
1060.83058052938
1060.82980788586
1060.82516829694
1060.82246049474
1060.82205512222
1060.82193502158
1060.82030958995
1060.81922274304
1060.81876196123
1060.81839686044
1060.81771142631
1060.81712906306
1060.81485391991
1060.8123292736
1060.81149700737
1060.81107408991
1060.80996474949
1060.80942098027
1060.80735324277
1060.80579116737
1060.80432571502
1060.80429614456
1060.80371654523
1060.80360998182
1060.80262068167
1060.80198679011
1060.80165069813
1060.80085749728
1060.79925842093
1060.7977608868
1060.79712741266
1060.79592042102
1060.79503999122
1060.7923076484
1060.79119979965
1060.7893290636
1060.78855207084
1060.78696852575
1060.78626780951
1060.78469553132
1060.77977639123
1060.77943832808
1060.77841310267
1060.77801524154
1060.77727161477
1060.77698180705
1060.77636950439
1060.77511997101
1060.77391798423
1060.7733273357
1060.77288593221
1060.77223323278
1060.77130932296
1060.77046645805
1060.767786391
1060.7648261126
1060.76471375118
1060.76287246889
1060.76147482435
1060.76060546915
1060.76056920585
1060.76048529703
1060.75899732213
1060.75786169152
1060.75649347121
1060.75601589798
1060.75453355951
1060.75428805607
1060.75387131243
1060.74830067924
1060.74761604779
1060.7475554409
1060.74698730466
1060.74670346449
1060.74653319054
1060.74616029807
1060.745686468
1060.74489521741
1060.74350137105
1060.7434741404
1060.74332978645
1060.74063928875
1060.73963538537
1060.73861119955
1060.73835448371
1060.73716352935
1060.73709132563
1060.73652974174
1060.73622756463
1060.73569824683
1060.73546946105
1060.73474368785
1060.73391279026
1060.73385867049
1060.73338844141
1060.73338586056
1060.73267979722
1060.73225684711
1060.73084878297
1060.73072015131
1060.73046206821
1060.72935330995
1060.72882653998
1060.72675915269
1060.72645218788
1060.72639873359
1060.72552825292
1060.72475249255
1060.72234340997
1060.72168151149
1060.72058695181
1060.72048195272
1060.71944925046
1060.71935813634
1060.71909433923
1060.71856311148
1060.71726981573
1060.71702974452
1060.71530366393
1060.71237624359
1060.71216297302
1060.7099109961
1060.70739657756
1060.70649974456
1060.70644858062
1060.70531025206
1060.70495891943
1060.70441115559
1060.7042376657
1060.70319950996
1060.70280114661
1060.70276118717
1060.70218869321
1060.70151753983
1060.70012414811
1060.69999365261
1060.69928513851
1060.69927578052
1060.69918745752
1060.69765458009
1060.69644431952
1060.69634501767
1060.6939011902
1060.69372570858
1060.6931496691
1060.69188385537
1060.68948999041
1060.68791074013
1060.68694827491
1060.68659788561
1060.68524026388
1060.68490859156
1060.68409008819
1060.6829449821
1060.68226193351
1060.68180211567
1060.6804494758
1060.68008764544
1060.67972638133
1060.67897050866
1060.67771928596
1060.67669421595
1060.67560780179
1060.67558525354
1060.67444181949
1060.67425740806
1060.67411243725
1060.67375910107
1060.67224737906
1060.66856245077
1060.66838139187
1060.66810606081
1060.66788780311
1060.66783090196
1060.66689677427
1060.66479295721
1060.66452409353
1060.66362355213
1060.66332885205
1060.66281352528
1060.66248756654
1060.66175640813
1060.66130087113
1060.66052818446
1060.66042008968
1060.65861484079
1060.65861106415
1060.65772343252
1060.65746306378
1060.65741663802
1060.65705530154
1060.6569615707
1060.65657859958
1060.65633481613
1060.65561372089
1060.65488876976
1060.65244259091
1060.65170226391
1060.64830454881
1060.64751918787
1060.64709139195
1060.64597785471
1060.64538350671
1060.64420050278
1060.64415786865
1060.64411462459
1060.64396254409
1060.6432725435
1060.64283998601
1060.64080333396
1060.6404769572
1060.64011662076
1060.6394108214
1060.63844331279
1060.63840139864
1060.63803668901
1060.63803441222
1060.63784385308
1060.63759799921
1060.63718435165
1060.63501790025
1060.63366805106
1060.63338664032
1060.63337253949
1060.63233142106
1060.63020737032
1060.63007003664
1060.62968269013
1060.62677884914
1060.6248868549
1060.62471626253
1060.6224079427
1060.62211245806
1060.62118296487
1060.62042483195
1060.61938741393
1060.61900616712
1060.61891756936
1060.61846928017
1060.61846556891
1060.61844811182
1060.61781144542
1060.61682568279
1060.61625942424
1060.61398992416
1060.61375238679
1060.61363861184
1060.61209790307
1060.61120303857
1060.61115633689
1060.6106543521
1060.88899972445
1060.90708669993
1060.90563557833
1060.80784728597
1060.86668101262
1060.74824218973
1060.96213606457
1060.80887815066
1060.96811966389
1061.02625960256
1060.71401184763
1060.87035443294
1061.73024757984
1060.8310005628
1060.81824944638
1060.7095893561
1061.32032189027
1061.3550948464
1060.67115143854
1060.7998488694
1060.78210648561
1061.51466592647
1061.34068940063
1060.82810503398
1061.11404426093
1061.26213353488
1061.01584114297
1060.85703119749
1060.76453889709
1060.74045522423
1061.29932108591
1060.68640176644
1060.74257240085
1060.73195928868
1060.61040205826
1061.22251072179
1061.18933777604
1061.04735802398
1060.70900192483
1060.66155801098
1060.7533107058
1060.88400072096
1060.88472719558
1060.69743702474
1060.84929061947
1061.00231502016
1060.87008751864
1060.89620269023
1060.74156205802
1060.7609861055
1060.91681835573
1062.14874396063
1061.52674745082
1061.20783086033
1060.66895809116
1061.21504983858
1061.03813140573
1060.90190593845
1060.93523726373
1061.01928426687
1060.90986337637
1060.79771592347
1060.68142543611
1060.71680086649
1060.67379058609
1061.35285205571
1060.61873351774
1060.71844260675
1060.63862283867
1060.98738233665
1061.24514783614
1060.81514345849
1060.6256345017
1060.67667792908
1060.62821861772
1060.6174889245
1061.08004187268
1062.28616313709
1061.24847190869
1061.18114518193
1061.02821614675
1060.66905223852
1061.2686334977
1061.67406082549
1060.67653745875
1060.70675160384
1060.95751863422
1061.02004115896
1060.77107564306
1060.84005850073
1060.62442107186
1061.68213301095
1061.12242058776
1060.9069104026
1060.63192754502
1060.64035225122
1060.91492002988
1061.70862359816
1060.89472630102
1060.94448260384
1060.66442996335
1060.83065049606
1061.29398480858
1061.81804455627
1060.61550206665
1060.67309881085
1060.61972002031
1060.6111491464
1061.08978427491
1060.67076975823
1061.19585273961
1060.97293033448
1060.71440470457
1060.76839745196
1060.95439057224
1060.84623667955
1060.82435189826
1060.7928947604
1060.62317323765
1060.81212145441
1061.36877540096
1061.12091791823
1060.93208330861
1060.68422071229
1060.8388261091
1061.08484517295
1060.98204504875
1060.99338213001
1060.65793184359
1061.21159140094
1060.64135784043
1060.69699490444
1060.82943589691
1061.13909922217
1060.63095952955
1060.77858244522
1060.9835336394
1060.71829149007
1060.62885889548
1060.67486746309
1061.2036635603
1060.75219878223
1061.25640036075
1060.70428851309
1060.86826845071
1060.72717955656
1060.69781514594
1061.01088643903
1060.72746037518
1060.83124969191
1061.25145933637
1060.9105676256
1060.63352363956
1060.89975389516
1060.95744567465
1060.72034976471
1061.08071243495
1060.64028717057
1060.8292665834
1060.9413948576
1062.05023183355
1060.72944739747
1061.08616745879
1060.61259354303
1060.67483186635
1060.8523435871
1061.03603936996
1061.00929864516
1060.71718610925
1060.74427384525
1060.9786602993
1061.0364922747
1060.64172855984
1060.82747229054
1060.61851641257
1060.96866832303
1061.75772460298
1061.95485498356
1061.62183481846
1061.55123652594
1060.87275933788
1060.92181486081
1060.98109258678
1060.70217259541
1060.96509685007
1060.65195330202
1061.45054317066
1060.68692856322
1061.35608867364
1060.73764803576
1060.61897652744
1060.73016951492
1060.73909108899
1060.73399169353
1060.61065482438
1060.70473700398
1061.09914525627
1060.67471898887
1060.87025698824
1061.11245552225
1060.67064989483
1060.84831187649
1060.75943142814
1060.88321450644
1060.88044935423
1061.1898772233
1060.72373176042
1060.95187066934
1061.34572486171
1060.77292077571
1061.51962488826
1061.31303677379
1061.47126539986
1060.91414344187
1061.00143147543
1061.15465832246
1061.03309136581
1060.72303760992
1061.01949856931
1060.88602255035
1061.25727725641
1060.61848775451
1060.84992951937
1060.87290229361
1060.73583939722
1061.07963545788
1060.68319354839
1060.71664433198
1061.04469125275
1060.9957088197
1061.20976866409
1060.66872812719
1060.74627579948
1061.10060150198
1060.79350776311
1061.44597223456
1060.98329698809
1060.63230035604
1060.88613318888
1062.02809649772
1060.88494060527
1060.96455796712
1061.19676391952
1060.64221498072
1061.51484351598
1060.68635491937
1060.75165927099
1060.67520177065
1060.81519214643
1061.03798630172
1060.72825762319
1060.65910832764
1061.13704810513
1060.74202887312
1061.27269777732
1061.01181824046
1061.07719506867
1060.715000099
1060.70398873256
1061.73548070029
1060.93867123759
1061.58258951907
1060.93349028969
1060.77874270327
1061.2102921888
1060.64936596799
1060.63006302893
1060.93868047841
1060.8694452624
1061.01388480802
1060.9015561055
1060.67090716259
1061.23395696635
1061.09088064435
1060.72530391052
1060.75430985746
1061.6289750249
1061.35092438657
1060.76648953528
1060.714989044
1060.68466444448
1060.67276305018
1060.62939905702
1060.6579655779
1060.87468505543
1061.40544140105
1060.93155527433
1061.62398325946
1061.27027853815
1060.98448352044
1061.15143010733
1061.54434924636
1060.63407969693
1060.70121442416
1060.73679993574
1060.87194089511
1061.04973023286
1060.68242939847
1060.871820001
1061.21286949437
1060.72632287185
1060.64940661223
1060.66595880641
1060.87051498988
1061.30152134917
1060.82412888438
1061.16187137699
1060.7713842356
1061.39351149173
1060.72656550933
1060.88723485999
1061.25871597582
1060.82520315263
1060.69482345907
1061.20156661819
1060.86832132152
1060.9191634262
1060.90831410402
1061.04571776309
1060.66484829022
1060.88173648245
1060.91120359449
1060.69300456702
1060.99279537703
1061.28422527842
1060.64519406572
1060.97066697886
1060.84075717658
1060.71594356183
1060.97365496897
1061.06836044872
1060.62284620063
1061.00871625644
1060.70565087646
1061.1290631468
1060.64102990086
1061.37683561034
1060.86440354265
1060.7746278711
1060.76204905469
1060.7680438748
1060.77109362584
1060.76005215891
1061.09256054605
1061.21292702543
1060.74306230103
1061.3084994683
1060.82530338718
1060.91619991787
1061.10219258464
1060.61946819526
1060.61364111452
1060.99521686355
1061.1975897368
1060.81490414248
1060.61723817529
1060.64602073164
1061.23013283021
1060.92934174668
1061.13277881007
1060.77878057464
1061.64731772259
1060.76399176399
1060.7055113523
1060.85882125606
1061.43101523613
1060.8560504056
1061.07663372988
1060.71346393983
1060.64790540313
1061.30667701374
1060.7346453305
1060.75330490165
1060.92252614512
1061.04286644605
1060.69694685831
1061.04361835586
1060.67702785622
1061.24555113939
1061.03496239707
1061.20001284942
1061.46196693249
1060.78802997108
1061.11962193566
1060.92972315557
1060.83687910546
1060.75785726984
1060.66842398311
1060.74954386136
1060.63760358536
1060.68461939241
1060.81806098163
1060.95712291339
1060.6901342399
1060.66907904543
1060.73466793414
1061.03686471763
1060.99710530469
1061.0087703199
1060.68066614894
1060.93624207644
1061.14779213842
1060.72796267509
1060.94027099916
1060.85021311721
1060.77291026326
1060.66907733336
1060.67325704824
1061.2420866912
1060.63394155443
1060.84962412046
1061.28824079269
1061.0018956894
1061.06470841091
1060.6601936328
1060.6192363796
1060.7569785833
1061.17897006686
1060.61219434326
1060.87719625952
1061.26698908284
1060.6353399978
1060.72574417005
1060.73677935089
1061.41712178834
1061.11114476643
1061.27814778647
1060.90926859651
1061.10379352294
1060.68494659801
1060.83793751442
1061.12751100415
1060.62706751646
1061.03187179511
1060.76176511019
1061.42113221216
1060.84425163572
1060.9463771693
1061.03139815876
1061.18846287972
1061.00372102767
1060.91815419969
1061.55189838071
1060.8899994137
1061.18471038066
1061.71196325306
1061.17014776673
1060.98569857908
1061.36119258151
1060.81142166405
1060.94927056679
1060.62082446683
1060.81813408308
1060.77373640202
1060.90009857676
1061.21681792253
1060.88017162074
1060.72902347262
1060.61593582697
1060.65109592295
1060.92608478061
1061.20534315684
1061.25358903529
1060.81691461939
1061.45828189958
1060.67537755558
1060.65353066498
1060.79777736029
1060.73834002189
1060.82601238685
1060.65339601224
1060.66528706056
1060.90538349254
1060.61647110945
1061.45467255034
1060.65616493152
1060.90523003685
1060.91296816925
1061.04074053694
1060.69185679899
1060.91862333802
1060.65632189027
1060.74421170407
1060.75955372401
1060.93542805837
1061.19986817866
1061.34403423018
1061.22279207634
1060.61946646343
1061.07665672767
1060.65855590581
1060.63822522883
1060.98872065095
1060.85503123163
1060.70756184158
1060.82626618325
1060.70054799436
1060.87381639797
1061.64809841748
1061.10433829943
1060.97193974863
1060.6365408079
