651.271832590717
648.701960764841
647.721660435361
647.464943168321
647.420611511731
646.996974916258
646.747201997708
646.643567452578
645.515122262176
644.864156466894
644.74827457813
644.550033702925
643.849530160474
643.539646576092
643.401982018269
643.261656687197
642.909631765258
642.627280470039
642.350985625195
642.090290670838
642.042472304592
641.916957650385
641.526499190567
641.101703729209
641.037836829189
640.847030165629
640.767557278154
640.653350992458
640.041556000378
640.006641001444
639.986151604821
639.900523591443
639.128668975943
639.044227649962
638.92055962347
638.899009589789
638.850707900591
638.417672629397
638.386731358652
638.245890278981
638.122646293881
638.11416965785
637.964871299175
637.908581909371
637.595900442925
637.571712708452
637.520510249572
637.390415241982
637.388346681838
637.088331676525
637.074329437435
636.935093991885
636.846252552395
636.786738808118
636.439379581278
636.417400721393
636.231672762796
636.222487937495
636.188909465691
636.133089619315
635.986686884637
635.917755811609
635.907260982656
635.800909851242
635.776569421944
635.773743123028
635.75241628538
635.744533684887
635.671421607933
635.556635000834
635.500842062079
635.421554370252
635.401702028793
635.379913507572
635.242717581015
635.219679354105
635.213781677928
635.200178239616
635.050470879348
634.929699071447
634.841982285719
634.795538715739
634.713180413391
634.685646099929
634.545925965551
634.536594398156
634.509627306552
634.48467711286
634.468211482797
634.408179749794
634.368155420672
634.321325105309
634.274243587642
634.244808735069
634.231588876315
634.223434812793
634.077987835248
634.003717743016
633.923640942719
633.922829843904
633.768552764388
633.739162896971
633.643164806736
633.590102579647
633.479399920177
633.459857361519
633.396309832749
633.345258758176
633.222277208177
633.216105513107
633.145824997276
633.015500489596
633.011216451563
632.998271721662
632.847324267125
632.842794100177
632.840202682433
632.814900600302
632.806512001198
632.781996526496
632.773782323262
632.559422971312
632.514887949987
632.491513137039
632.485273474298
632.465804852203
632.22562088968
632.192824596927
632.086404512936
631.995865092544
631.990475874852
631.954642785765
631.948581948554
631.856459264469
631.838445619028
631.834576024335
631.783796134645
631.64490858326
631.553187595076
631.544386546786
631.477756179144
631.39206095039
631.367237172056
631.361066781525
631.310250811601
631.308982954617
631.235065585698
631.217326840895
631.029061472462
631.001998658625
630.951089088224
630.707051500793
630.667058104013
630.648838491621
630.645371046891
630.56920367872
630.544024815196
630.442308889217
630.432025848203
630.378433702036
630.347833837653
630.318563563864
630.316069196238
630.241367307732
630.236615117202
630.191359660007
630.150149106515
630.136112943908
630.086117586649
630.049197840534
630.011202251098
630.005996712725
629.993964757731
629.941607948636
629.926969489269
629.892040094416
629.885740407912
629.866440641202
629.866360682134
629.797699076273
629.701993456087
629.676454819901
629.628778140372
629.623521720374
629.535535042634
629.45731845027
629.444035657446
629.431708979403
629.424869674926
629.365821292285
629.363184880481
629.353527052997
629.352804030094
629.319838914694
629.27401948388
629.255344017535
629.248910244173
629.242987862419
629.12267285262
629.119455581623
629.102331548242
629.08033034137
629.051107790889
629.036613983977
629.029064855328
628.838786882709
628.771427502008
628.738535853809
628.730563041868
628.693280980229
628.673584740257
628.670867319266
628.607938047927
628.523684974816
628.514647086908
628.483178138314
628.467181915584
628.43985586023
628.427642712679
628.416827123631
628.372032162375
628.351984919764
628.271555238544
628.240355135201
628.186151991259
628.16805100337
628.120712525188
628.061789444947
628.05713377956
628.053875398812
628.030181815543
628.01460964717
627.978505603768
627.948723295137
627.943257002205
627.837734497218
627.822204870063
627.801472059862
627.792171465546
627.779216778628
627.749488388568
627.701158000008
627.694457823199
627.672037755943
627.671426602386
627.668681774533
627.638775151323
627.633410687125
627.576186867449
627.537255622593
627.525360713787
627.506784627469
627.452658996121
627.367885870669
627.333596711431
627.303309120856
627.281780742639
627.261355529347
627.23880645207
627.231516263166
627.203052077824
627.173946757753
627.169214730301
627.091275947955
627.034991348727
627.012816901562
626.974183938603
626.942443775058
626.922341600485
626.880700775544
626.870579283321
626.842151481537
626.802453856805
626.791625535099
626.785099256326
626.762954987807
626.754288204463
626.679217526049
626.662593906107
626.641697400181
626.603659223712
626.545919111639
626.535659912322
626.507282675999
626.49381370653
626.462931983675
626.422630563447
626.419285260827
626.315298873018
626.308055935585
626.301503800741
626.26911789976
626.223807917607
626.194851315835
626.190522593266
626.183565202802
626.174259263422
626.170819674285
626.159930966385
626.138748559346
626.131015420884
626.121752630533
626.104412103974
626.041435316726
626.03113542857
626.023819180534
625.985952420507
625.957437555309
625.856868409371
625.845369450435
625.844014949976
625.746982416841
625.720202787763
625.656447611726
625.626811013012
625.625678200646
625.597246034862
625.570114892246
625.508715404249
625.498495226085
625.398566879475
625.381608000096
625.367767396287
625.350506879659
625.324330273151
625.317050719406
625.267689802082
625.227884050097
625.223702974352
625.195003665614
625.175789285377
625.171406192566
625.14214301292
625.045310655975
625.025309388187
625.015649856003
625.000909505819
624.978025858145
624.960068136707
624.950612298863
624.944196068993
624.942758455229
624.872243183381
624.834274983252
624.828171898728
624.79239659104
624.78396295078
624.777094422652
624.764741080025
624.728552783793
624.710762546771
624.68746181441
624.678145036008
624.611574704932
624.571354178806
624.550782883059
624.54060305006
624.489356671453
624.466769644084
624.465511074447
624.440544492789
624.362311776439
624.339247495735
624.307920918885
624.296834250794
624.295228398931
624.26942000091
624.222968331897
624.201459357753
624.194637670292
624.169140785888
624.16017097555
624.135146140007
624.0918379582
624.053896049917
624.052369957324
624.022809313001
624.021117801383
624.019646522374
624.016716467327
623.988162763889
623.985941141034
623.983725652954
623.973406312135
623.962320070813
623.956868388794
623.948831660814
623.930861796448
623.906606995464
623.892676472891
623.89262389503
623.88651377184
623.863364964649
623.838779695613
623.832795003497
623.803163477667
623.8012089018
623.714459192268
623.709542740726
623.661169481939
623.655510678683
623.648048744767
623.634871741921
623.610503522382
623.575586914819
623.547782979535
623.54586532602
623.521121663759
623.517990497
623.486420686564
623.482828789697
623.474417853731
623.471837416583
623.449613152957
623.411363113814
623.373087715224
623.369838950048
623.312866886099
623.280608887175
623.263349948511
623.220540974467
623.189629581201
623.170232809746
623.143768310018
623.13396784096
623.100935221078
623.078325399738
623.001162668632
622.959007273217
622.949771776491
622.927840872439
622.921659941534
622.909913258757
622.909079712307
622.884637393148
622.843538863042
622.839264475771
622.834882575425
622.832795311003
622.810722789611
622.803510398531
622.799849872281
622.762903926743
622.757247899138
622.753859888418
622.738423128382
622.721784157343
622.701684110712
622.701465725132
622.649660585771
622.630379558441
622.598686311568
622.592737969562
622.53954090087
622.528823007955
622.462124521808
622.459776103409
622.451304397221
622.416260483476
622.405170261323
622.393102773565
622.341155345073
622.327612220615
622.311127748498
622.284297698117
622.2708899523
622.257689047968
622.252932126936
622.240512309211
622.194219126144
622.192653619055
622.138011607146
622.136768208853
622.076927443517
621.998690964178
621.98268799545
621.970956445464
621.942717550597
621.936220021439
621.936022953027
621.892042056539
621.891410335807
621.890977144232
621.867475865122
621.794953097204
621.787718192616
621.762750318735
621.733050757685
621.731191316454
621.705394742066
621.694962209148
621.66540056016
621.657738938878
621.650342272881
621.633736347949
621.63213614318
621.628077394053
621.612842035516
643.141523952213
633.658043952361
640.138236565299
624.26736071008
635.738747996296
623.213051950516
636.829754237699
630.507118619807
634.162301493789
624.590016872464
625.758799750781
624.532652429977
623.83128439991
621.95570141168
622.148321218219
624.894122386403
624.0982691483
621.634699831724
633.625573634707
626.360017418121
622.481138641165
629.697388703567
632.154469322713
626.379679589065
622.788392127394
645.790073858835
627.884668144836
628.44638831067
627.888305432262
647.748846937884
622.168237937017
632.086393165249
623.279083929558
634.543308371581
636.393807071973
627.660995083525
628.514333747874
621.890295411324
624.290260776456
636.503554850258
626.906884671647
623.29331082526
636.358944370726
640.669588807763
623.330521014583
622.833546174724
640.904487607039
643.676573051917
630.342141768961
633.671249826742
636.246977706345
639.045717108657
624.265351222437
638.093757980574
629.663693672476
636.587667188896
644.030600163523
623.675837529788
629.065544581777
622.970217421659
625.75389744444
626.821963071324
631.700942932352
624.441460180212
634.496566392024
631.438213467983
630.983119870559
623.422443212571
628.489235271652
637.341524007589
637.691797202494
645.722968043546
628.992577320082
657.679981845656
632.474245687814
638.877321242658
633.06744621938
640.900036137796
624.393666944284
632.487296673864
625.687946095001
624.635316519736
641.053598205885
633.854575285989
631.61200512941
623.782908075963
631.531733529352
622.1928266346
628.182767224483
634.68979658828
622.895011714844
631.35591502074
623.366388498036
640.365198505382
631.816200678388
626.538231785462
628.516832892826
629.99521813093
655.050918775302
628.854572737323
643.11734895291
623.527860691345
623.755705310079
621.973191326895
640.37268601831
631.341038751994
635.946231533389
625.855778368251
643.298895944423
623.750927731032
639.367407298046
630.745288716309
643.008610279992
637.337130276495
624.65512420404
629.057019727231
634.823802213143
625.621418918429
631.452801585097
630.460248928675
628.194324537345
628.116152401512
627.073800919798
640.145651990183
627.683126840298
626.776593133947
624.010190242383
623.895729344893
625.37728336014
622.643425156325
626.992575942238
625.469660428545
635.487601483517
630.501311718985
621.738576084535
621.62629495633
640.56776468991
629.30781211625
627.192717465217
621.643279191382
634.188545631463
649.453651245163
629.280259526052
622.555816576181
633.770725138943
623.087255977654
643.221817989794
633.761242253509
630.319085212897
632.394070600031
623.47258820372
625.569442179065
638.865269226902
623.938513487528
637.168156834887
629.243782210825
637.144675588953
635.371301436939
630.071589424314
626.690337878715
649.63784799636
625.224106158176
637.782357197767
624.542752359702
625.916892048634
639.088175413628
629.689165805473
632.476320423139
626.99756738682
623.286248250857
634.324630260492
642.086643709753
631.418550857522
649.788454122586
636.199145338616
621.720052573086
622.844501978278
634.48312125017
631.374428138805
643.260367828646
626.633119376714
642.343195567422
642.344195640865
623.71716963059
625.771151486739
633.788127946366
627.036106683758
632.279221111149
636.684240904244
631.155156737065
636.128608314679
636.355356588669
628.798540402441
630.598413268879
622.303353641173
625.607948710021
625.176913526594
636.523996842862
622.030836488819
625.214760108108
623.104302629426
634.370686984425
621.773573377592
623.635584612412
628.975377223203
634.89878544579
623.64468736331
643.467903820631
630.398310778685
622.5810625753
622.194174104745
630.097653466074
624.544891248767
648.14475948117
624.937295949902
637.923150614543
640.820128022674
625.726666620488
632.501065856023
625.056716902097
638.914835157673
634.421233792373
642.562922324917
621.709925948124
626.006051298724
622.155890227182
635.34176997067
631.908599355299
630.132375124845
631.588010091723
635.446146320215
622.735541632242
649.228080583887
623.694207399345
624.521559478422
622.06263436401
628.279896562245
623.265006519917
628.496919570755
629.342515034354
643.05322871157
627.145651068831
623.242383377613
640.872473049335
631.45192505657
630.705518550692
622.098436759811
640.0080746862
635.423783644372
636.812163016131
623.411463716335
631.904910410275
634.325016226988
622.12895551252
622.925956507159
621.936018331118
635.802445905697
623.587759127326
623.084232848785
636.285201922611
624.055175201205
623.629738909498
628.648573646981
628.532389318056
625.757246018134
644.266774392631
631.242141892758
624.709432187945
641.875127673918
642.61386159766
641.83583413285
626.861366641681
626.742717914674
621.999962597344
636.653817681203
635.829805153887
626.210674483117
631.001514675092
629.618663174129
625.167660335463
627.474095806293
637.03501007483
635.223653565515
637.355163583033
630.945055276085
636.093476664388
644.034064478166
642.940363160913
627.283432742293
624.587937782445
629.272569633793
625.679683395333
624.192831451848
638.687441131159
622.095929937559
636.971164362345
621.7520990613
638.058980363386
628.973431600371
625.703590004821
625.298631685338
622.796698181135
635.974198550136
644.557886606102
629.974990505101
630.851879360127
626.417227831172
623.957220980141
622.400641357113
625.97568837205
628.254751816354
645.496812561898
622.060896802326
637.318623557501
634.182562259427
627.742214059449
626.09709652729
643.657653713448
636.334453105652
627.534605215494
646.779484306616
630.946964560112
640.407788956512
622.100127612773
625.898844493486
635.012651460711
622.900457072175
626.249121286765
624.268418744506
642.167543130701
623.215268749138
632.736535199727
630.026544842547
622.548531544769
624.411817616401
631.604783546617
631.957894554483
626.034901028357
640.24774310851
626.895870311049
636.590173750134
631.87980538978
627.224946512445
631.66395417113
624.284755165544
631.83527238689
623.709478981417
629.976907568328
623.753241133952
636.453350081296
643.499783107329
631.12454035881
640.131366380893
625.862541119269
622.364060547944
625.626865285972
623.805234980617
640.032494425249
627.999496254889
623.025113131729
629.576457424541
622.079807678262
636.286637951418
636.589434713163
627.610595195806
625.596126301012
632.034136326778
625.712408520561
627.90291754849
637.606807072704
626.54142057007
635.492300306716
623.547983814407
636.294530425641
623.348916434785
623.605916688653
625.554764980471
634.904474118808
644.470771084881
623.520645975442
626.182769473201
624.919985022593
636.537388226191
628.169727550751
630.059367731106
625.81501728191
627.787653595686
632.029568596428
638.752112899114
627.791071481075
644.449895519297
637.00211553357
627.989077960798
626.747637285479
631.459519549089
636.760683876909
642.712814252225
641.768664894503
648.648018869369
624.339756998879
626.799288779942
626.744889110603
623.018484481457
621.639403449616
634.675618815726
622.909020620669
626.987174182469
623.621640232099
638.129984017482
626.416125584661
640.15514674253
639.148656023534
644.891386425198
623.658429102903
622.233144939151
625.849160952733
634.913886028555
627.340329121998
625.685220528514
624.17992230521
623.799982929833
633.40858021451
629.722089961743
621.828438665523
621.955864660036
629.378847399899
628.051320966781
631.841790571201
622.339291218644
621.641939196922
622.286429004405
631.848010821941
632.788106378712
626.986176578708
628.865141029265
641.445618503357
628.489094493892
622.565824149443
629.076872750755
637.252435310894
626.788899352191
623.9061877782
622.897991266435
633.338944446221
624.788571177809
645.293789626334
631.818539268751
629.910252415812
636.09729241675
633.555992543345
624.699580863173
630.340293075961
624.480238863516
625.036360841147
625.483192325177
625.760120105803
621.66063119619
647.339627999416
624.958711143074
622.170043576694
626.132866415147
634.736737587505
639.229679039508
634.687067625727
630.206419303279
624.846362998384
632.719302427253
645.828329206047
627.127007791125
628.361460652833
639.413112739784
639.518791960331
628.350117058941
627.428257492572
624.222258505772
625.977405942669
640.902614113944
629.150147412775
634.554881063813
636.694142620169
630.830365430424
624.69002934198
625.857294223517
623.966637261852
638.10158129418
633.334465923152
633.691201495343
626.687382461644
635.459489218838
642.264609363367
632.351149808104
636.310374444551
656.401940761011
631.149673541629
624.919372070855
637.060903598568
624.47334112677
625.656369324761
627.038949502876
632.135778982827
621.824406592049
627.561623022583
