500.935055331996
487.308750862844
472.363593449405
472.357052189423
461.276428589925
455.264599237655
454.580298363599
453.474077573196
453.093433265959
453.020614851595
452.008174596502
450.783175699215
450.465912162196
449.719042972237
449.268085911437
447.291495155516
445.370039194304
444.364904485996
444.183020014214
442.674216731179
442.135843610606
441.838636947946
438.188919924434
438.092903335593
437.901145048118
435.087382183767
434.079487448524
432.292161574171
432.168775197556
431.603144578183
431.341748930516
430.658318077775
425.060831292774
424.343952221653
423.551272755393
423.524227219809
423.224665201008
422.124958428926
420.476576714624
420.389744771368
420.178523477835
419.628792811487
419.016825254333
418.463348633182
418.420137976708
417.904559825853
417.290123516015
416.663087357787
416.545960610765
415.138440961816
415.058089498084
414.401267419134
414.381448872836
413.147460841103
412.250730466189
411.443891623511
411.26633487859
410.940592141017
409.788038224925
408.820276438853
408.17139625522
407.448583640431
406.653069915184
405.985690217546
405.792823978416
405.105737630618
405.101188767142
404.71150690818
404.021712984557
402.643912355247
402.297711441264
401.201746242151
401.09317110868
400.781359900178
400.018535891317
399.370614602237
399.336621475524
399.326730386207
399.132002167648
399.014278403079
398.078926989354
398.066000061336
397.792497179438
397.544834110099
397.448499429186
397.34308949613
396.642267612206
396.421784322296
396.167923522461
395.655796928313
395.639322305102
395.514841915272
395.030726758599
395.012660565758
394.916290138282
394.866960117093
394.684049084647
394.214630131243
393.928472258852
392.631967541426
392.585804113274
392.499113347485
392.448341292549
392.113018100789
391.96152375437
391.861433382014
391.610485983136
391.415510486896
391.300821870845
391.271959061423
390.687282851861
389.779282208084
389.443516596325
389.430665695737
389.339795215854
389.234365337261
389.048176821275
388.820462411357
388.105075544025
387.838219989975
387.54918188208
387.213033712848
387.106231911118
387.017020386441
386.571604874034
386.363116570827
385.891188551298
385.876298825072
385.834286013043
385.617137257136
385.594942255218
385.47154441184
385.387717503465
385.366046382397
385.286024031073
385.267911468679
385.267551665986
385.135177269633
385.130458754692
385.040828707747
384.954694676809
384.56695905621
384.362937595734
383.918107888875
383.917427668658
383.620788668514
383.398465289789
383.386765308425
383.266292888322
383.092497438159
383.006421348392
382.989388807077
382.767399078297
382.603970428571
382.522347921598
382.468550801966
382.238919723978
382.149508404528
382.080927968631
381.802355637987
381.208947256833
381.194876296908
380.972936699284
380.97274843822
380.808475770501
380.789498291752
380.68333928581
380.666982784095
380.616786795651
380.505363262382
380.505045214555
380.498257991521
380.470548634495
380.304295656091
380.145061046644
380.05866113532
379.879021610866
379.810317850154
379.709661079608
379.661594229709
379.64059487022
379.556488463675
379.550045597701
379.535212765074
379.525526932436
379.496380548672
379.361478320414
379.356796371055
379.334419445134
379.27417579052
379.260645696379
379.255509071583
379.236501102188
379.229451277404
379.092889268983
379.053544710612
379.008860224917
378.934821179994
378.777776449586
378.640715774009
378.623597447551
378.605548078503
378.587405817616
378.441525320057
378.435749555451
378.347113609784
378.346752092766
378.255535191595
378.098493467889
378.084493640521
378.082041020527
377.998374111107
377.889190502792
377.844136368233
377.836631615058
377.73541951826
377.730585042395
377.718317061643
377.716963861676
377.649484174754
377.588851084011
377.546793781157
377.488911576703
377.473956779661
377.433374927325
377.352603346222
377.327336607293
377.209553419101
377.177436422184
377.152064205007
377.106802635703
377.098883395071
377.085507846973
377.055389361199
377.003277211152
376.962734326007
376.903175242191
376.885684991579
376.860265637135
376.846599749981
376.841036109926
376.777434220562
376.773822782339
376.679104944256
376.677123816201
376.64799562026
376.638325295315
376.625522960399
376.587910018112
376.578183910468
376.557723002282
376.552588153613
376.548640637335
376.510620529083
376.485791490639
376.466131625233
376.462641257319
376.457514964943
376.434633743153
376.428144593568
376.378554124543
376.325206596872
376.309253418375
376.286444139242
376.22663603191
376.198804237292
376.197737767767
376.131329222885
376.118192650538
376.107459923913
376.104354876915
376.083837827389
376.083017880202
376.05517340934
376.04729884256
376.046709930103
376.045935438734
375.958778158773
375.952572025091
375.932223295749
375.88237332122
375.878070759491
375.868124657696
375.788087183349
375.758110801885
375.739567909528
375.731375258275
375.730949265007
375.713075939708
375.709220571063
375.690496806463
375.685032141006
375.68136014978
375.675319052625
375.670869025224
375.667699509557
375.666233295561
375.649866574315
375.545163259504
375.512908124686
375.496923976841
375.473605986692
375.439616806725
375.43200998681
375.42159338723
375.399587905615
375.394332663307
375.394033035456
375.393504822605
375.377265002646
375.376292108978
375.373963312983
375.365018545242
375.318956765609
375.300422863151
375.299450060753
375.288566290942
375.282897073752
375.264165875543
375.251376862665
375.250617179843
375.2260996933
375.211607256191
375.208792563872
375.206294730345
375.202855114306
375.202134792158
375.183231287467
375.181382077941
375.170603475568
375.153158983542
375.138890264354
375.138282776904
375.125867666154
375.120063909819
375.100453814735
375.100038245241
375.079314476683
375.07417883833
375.072146488656
375.071568965361
375.071210942123
375.060040846576
375.059086502498
375.05071142376
375.046491340191
375.044984207547
375.018942173063
375.007406037277
375.004705771974
375.003858750358
374.994921782995
374.994919653616
374.98029107375
374.96576176573
374.959609194817
374.956983638168
374.954215994113
374.951090348717
374.946780585419
374.945709186852
374.939407226522
374.932934452074
374.927809848157
374.920662746562
374.909901222142
374.887086070278
374.882424859373
374.873911209753
374.873878902645
374.866774630865
374.863337781181
374.862827743891
374.851638205924
374.850416102024
374.849052442138
374.840259092777
374.839410105856
374.83922299276
374.825046536714
374.821465201594
374.818143441427
374.805593802562
374.7890522129
374.778365209323
374.773587956522
374.77170968805
374.762550989637
374.759367785437
374.75920541442
374.757857014084
374.756316840473
374.748504575826
374.74606464511
374.743347541135
374.742147179462
374.735136258742
374.729773292098
374.727358627389
374.725109688769
374.724309448985
374.723600026963
374.723565035142
374.721201827227
374.721170558634
374.720802725447
374.719276822321
374.716217609637
374.715255364276
374.715153259769
374.714520950981
374.704855354515
374.700801579391
374.696170837206
374.693294498172
374.691278732764
374.689056026594
374.687724529049
374.686484612347
374.686269756935
374.68596016051
374.685749678527
374.684089428032
374.680241996728
374.679716111027
374.679390034087
374.678224152818
374.675223867658
374.673531396582
374.673380606442
374.672026421878
374.671638113795
374.671055904436
374.668167950868
374.667923130317
374.666789513834
374.666124913975
374.665616625423
374.665573865677
374.665524292188
374.665265736899
374.66435070068
374.664033459807
374.664010639437
374.663841495747
374.662826184241
374.662373853279
374.66197096358
374.660619638897
374.660598884745
374.660434881105
374.660335444531
374.660079705966
374.659614742546
374.659074970218
374.658383821229
374.657139787784
374.656354428569
374.656283862455
374.655969061689
374.655699642233
374.655456307218
374.655124915031
374.654805254242
374.654403962347
374.654266411592
374.653784828469
374.653528320006
374.653349836633
374.65274828934
374.652662524132
374.652236443163
374.652229224662
374.651967973391
374.651824231002
374.651730388691
374.651525215227
374.651369050091
374.651131984797
374.651068706053
374.65088943456
374.650862772162
374.650637866924
374.650578041609
374.650544567474
374.650450722733
374.650349913989
374.65032595795
374.650282964285
374.650258617652
374.650239890698
374.650187795394
374.650170482454
374.650145999074
374.650112660218
374.650108074697
374.650077727393
374.650060881179
383.101404715154
407.439227975037
374.650109785383
379.050993528838
421.396939828877
376.380398177675
376.582740001995
390.575477384955
378.593546799455
374.656367579748
374.67061576595
400.106654863735
380.106577636384
374.731720363805
383.514288122705
374.863740019615
391.129591200575
384.063435169028
420.542333430691
376.855938624902
376.457243365507
374.780650433695
379.068750502549
378.694343544525
411.099991208869
390.938174707249
378.337505535861
385.272142691065
374.710644776622
374.808365326541
380.304453053265
382.060372077347
442.883523012262
449.535086104323
374.936354368866
379.524331109343
374.656497447667
374.954351688935
384.859470943781
387.0465368016
374.854871738311
392.223293633267
379.595710547278
374.777812355238
377.947871716009
379.565365106632
375.752720998442
482.538080229571
375.315381682607
456.024997948334
375.067747675758
378.965689206406
374.756328169878
380.080476210439
375.834875090139
412.612140220557
379.891373706938
382.956886923392
383.217647536929
375.11834093959
374.779934179646
419.390926852526
376.174375679111
420.328643870062
378.229511831185
439.913303997724
384.432010749575
385.098047064439
375.083320721338
374.763044207624
416.412177718928
374.733315945731
375.347403638556
375.946508563803
378.606084693658
384.438031470189
383.793263426642
378.090831996479
383.425767745613
378.562657207547
374.687587940473
375.505690553468
376.344197472529
380.445595237051
375.187607883726
376.935702566258
425.486313710004
379.099112545181
381.592381355173
374.825735316109
375.265461869476
374.899754967209
375.036223374348
385.692728612946
395.140658433731
374.843622823136
381.60200911911
399.916430958638
376.790468924995
374.663118582054
398.341561684834
374.733363445568
377.543558660162
375.838955420428
383.233178235029
374.65673558036
375.595132768144
379.109160671404
376.422890596346
433.539037264808
382.891165143434
380.054869977704
374.68502130913
374.653230444253
407.745960546808
374.698139523873
375.105922900924
418.121633020092
389.298130643929
380.768956603066
390.82516807198
414.30810172972
374.779165818495
376.895362756376
377.715255311568
380.403664167849
375.429767255561
376.857414012847
375.146005821245
384.686064858639
378.817822681337
374.69410233772
390.844045685814
388.844285290922
381.29700632339
375.383005796451
374.692226917083
376.81931372799
379.243987681182
395.2639803009
374.710622752727
401.732222006846
378.212733488773
389.672991655507
378.077205999173
400.458256981739
432.670251760958
423.162785747813
415.413076612808
449.655346672245
425.614324171592
380.997503253562
426.538242743198
375.433065218379
418.713915087255
441.955892010769
408.048182003541
374.826950596941
394.890531525079
376.269646388435
379.877987195637
378.114878204927
414.725735418431
375.771085242671
379.715690499056
374.931701269741
389.824323200102
376.374961658191
376.985685253338
375.082278424403
375.775968663679
393.528392151317
438.657900960406
389.54323157997
374.756488528992
381.528014917523
382.142218696655
375.387236969158
375.574465837224
384.182865011267
374.650435796326
381.6859651357
376.860179775652
375.496455199455
384.647945317257
377.836733760726
374.686682180473
377.182831650518
395.346506061178
376.019073231618
388.08106355939
374.772232624238
442.416325580091
392.322702189113
378.195678309885
405.114134101291
379.441884828261
383.362224866951
432.884504714897
383.627855901998
376.086714206483
398.219592112717
394.458717871883
460.401461823007
381.235459248427
378.442428500334
399.231898452742
401.527765599815
374.655555236674
374.711103798524
446.813313709706
376.512964568016
375.009671826656
375.787350894712
384.834125733175
381.97485399601
378.894529500627
382.597720996935
457.750168029652
375.094063065484
388.841688814681
376.024848274611
469.261925657973
378.94444863545
374.883596531411
377.314074407803
374.862762339718
375.600052447753
394.954228475938
382.691454737906
409.811419451443
376.413039117508
382.716200049906
375.800960929206
376.239797882491
404.817444627528
400.567057133741
376.703353897503
377.54249276368
409.040647437048
386.31753961391
393.274870056531
374.711699879572
384.771889480564
394.05033150757
396.273856319554
433.684224863871
374.850349206587
380.527678165009
408.183384434725
382.532162852868
376.073056498851
376.072019505642
376.629769755547
412.91876783303
450.829741519299
387.043887308425
398.674699164859
374.717577985477
385.97130277874
374.650519567822
377.063758823655
398.06524326931
378.757023820478
375.09918792705
374.797153087925
377.881969413065
375.23745051003
428.356060391872
376.302084195716
375.107015020201
415.212794900253
480.726044758527
375.674240128121
381.070613301016
374.801990805348
376.434571234547
375.290303773267
385.513469617584
374.81831833029
455.922652386863
381.863776388028
395.052190419773
398.122499957014
380.832154429823
389.462999662058
375.816199438257
381.678398272229
399.859821964683
427.308959083462
376.164462438879
404.863165361968
383.591490576045
386.694961821123
374.779408763378
379.567908668926
407.415868518063
374.67139575785
376.531414394441
391.432116483779
375.725702990335
374.655365201159
380.037689937355
375.897003683873
396.003108629097
422.819545287362
394.222723618806
376.721284483298
380.942519163861
374.973970746001
379.796170209019
374.89756425282
381.491594528834
387.237442880236
400.027661426091
377.294763947778
404.063485452667
374.856777555083
374.816625428946
378.796412254767
387.72384379187
398.35916668506
377.31774690854
377.996527602126
380.835104692712
376.430018441123
455.368740943954
374.665589992306
495.983565789811
395.587307019044
398.974740613845
391.588790522461
375.759979205268
386.901106604844
374.670240996277
446.752582958553
374.739632381522
380.463376509529
402.777791179162
387.502962877915
376.799631189538
377.876273492726
392.183225072576
378.314115505539
374.843150957836
413.467032055964
379.373742531023
375.403505458539
407.438204843423
390.720466918517
385.237997189845
374.695060970674
374.661371222737
376.046378090661
374.988020850179
375.621803415488
380.509433459614
376.719388366576
433.846962563495
374.873294809377
384.796933014735
380.404747532301
379.020929935834
375.927980541269
374.705427717112
386.390505076937
390.250749177876
470.288864379073
412.749345399926
384.999451774606
377.848400552003
374.939652823253
374.666286562756
375.238346354556
405.735593194445
375.649690178361
381.427038690209
375.937510677093
376.710120609425
413.18157332672
374.658044892883
469.82535343299
391.360006713831
391.593791097136
463.049704305407
389.705491880728
377.830271713355
374.655988839788
431.277552384152
374.907631076665
374.714279521478
374.93620224457
374.908088648603
381.932048354684
375.140220463046
374.681586591053
375.143682474005
375.049687614305
374.969648561773
380.527486029819
381.245192633008
392.451005270309
377.028212050097
374.850884657871
384.288917930533
386.087529763333
375.234053162028
374.962560616084
380.028333061345
375.952199713153
375.599636560954
385.092705178393
374.655630208595
405.115799964901
380.193172231094
375.135208697721
375.42008669242
374.649835354536
374.650429866763
377.89024353634
374.664645804128
443.021451957901
401.061576471393
409.453509117026
375.029429935304
383.80717612677
378.110730510665
421.3515990961
393.205499020757
375.521925252114
378.995585295911
376.296928689369
377.658118762245
375.472358412423
374.665661798043
375.2441257919
395.414437094752
374.70563697416
376.225900570001
387.029322341569
380.524853717545
378.732005637827
375.592194213639
399.284735827211
377.050093973867
374.688100610989
374.832644880151
396.091971345166
376.533074371129
377.111744172957
390.417465523481
419.354955246684
384.357861906968
408.130192486249
374.825482711449
374.785294675795
374.735940083983
380.330968074244
376.102265296922
374.968278332647
429.358056700647
374.677755775414
374.747473947222
400.131475769002
375.913456599744
376.666556666578
396.709384628864
374.708616557866
377.649139123912
376.618738819963
375.026273102495
376.280077605172
392.948732616145
389.300243274711
375.627499495778
418.735578508701
431.899650070476
375.132419166927
389.762809400201
424.673334418093
374.720883785846
375.357740340873
380.896127244719
376.744901056506
376.082162881155
375.426109460809
374.655310645707
374.731061961644
376.752355136223
375.095681447291
374.953109692007
400.530124775311
383.792184825205
378.266167444289
387.08727703008
381.665279971257
374.674654771501
474.643990814765
375.894634850082
398.472817081289
374.649940465365
485.789021037096
