1026.71298052113
1026.70745591897
1026.41176334161
1026.23390911624
1026.074910833
1025.93550958947
1025.82293785961
1025.69991914506
1025.55144785178
1025.30884575685
1024.86896784881
1024.85903582125
1024.71204828503
1024.59949369838
1024.57641334745
1024.55246923066
1024.51443786355
1024.32596605552
1024.20993912073
1024.20698302923
1024.16211175894
1024.15653992117
1023.98108203326
1023.9359971157
1023.87709186519
1023.77255236019
1023.73814018126
1023.66745236958
1023.58998714186
1023.57876534885
1023.53999918441
1023.45573010881
1023.28614021844
1023.19033460684
1023.18476660793
1023.16995716337
1023.02151257973
1023.01871486617
1022.9821862693
1022.92385345021
1022.91803749126
1022.87398368793
1022.81925381239
1022.81763098917
1022.80907506889
1022.79872764664
1022.73722353141
1022.73488952461
1022.72486042774
1022.65390063343
1022.53406056728
1022.50946985088
1022.49000166545
1022.43927879127
1022.43311605019
1022.34598879873
1022.3405572267
1022.28148553316
1022.27393050378
1022.27378213937
1022.2587332772
1022.24591140441
1022.20854869098
1022.19725699772
1022.17080409356
1022.09524135019
1022.09523646018
1022.0792553872
1022.066954567
1022.05967203555
1022.05838765661
1022.05042521305
1022.0467010736
1022.02608893459
1022.01641177562
1022.00589947979
1022.00479650031
1021.98635961662
1021.97902482024
1021.91949611132
1021.88808823927
1021.88162037742
1021.80615215262
1021.79373413126
1021.79326894055
1021.76109375599
1021.69703660769
1021.69298248588
1021.65677483544
1021.64363930309
1021.59545128025
1021.58116428255
1021.57312944029
1021.54697704752
1021.52567807462
1021.51712550536
1021.50267703046
1021.48999912082
1021.47860615292
1021.47455546564
1021.461956347
1021.43420888154
1021.40783867741
1021.34912917525
1021.32673745955
1021.2850729022
1021.26208840327
1021.24455097783
1021.23247692291
1021.21921302059
1021.21505194535
1021.20420474876
1021.20316488804
1021.20094266799
1021.19787452061
1021.16006707195
1021.15538321008
1021.14975143227
1021.14770733749
1021.12401962386
1021.11392940112
1021.10627727318
1021.10055223173
1021.08896201863
1021.08729064001
1021.07849184003
1021.07637850908
1021.04707622434
1021.04558695203
1021.02825127593
1021.02523166576
1020.99074318159
1020.96997283837
1020.94252785283
1020.93099526705
1020.92493399641
1020.92159533781
1020.89735920039
1020.88654756603
1020.88606379674
1020.88429579277
1020.88033201854
1020.87511653616
1020.87348817747
1020.87317912652
1020.86829682104
1020.84905360349
1020.84573015862
1020.80248845165
1020.79847910797
1020.7981891858
1020.79022984617
1020.78787588168
1020.77954130269
1020.75204736778
1020.74718090524
1020.74537197536
1020.73991594489
1020.70251261623
1020.68441236689
1020.67620668315
1020.6703003743
1020.6477436526
1020.63389616987
1020.62505235029
1020.58980756034
1020.56203861932
1020.55867421773
1020.54711942272
1020.523584636
1020.50546555671
1020.49784383371
1020.48972491647
1020.48615634407
1020.48454181076
1020.4621021897
1020.4484474636
1020.44770246463
1020.43453546827
1020.40864684444
1020.39868908507
1020.37731846771
1020.37187290293
1020.36617299596
1020.36143122797
1020.36024291382
1020.3420657289
1020.32314765369
1020.32139024422
1020.31900715815
1020.30345445269
1020.28184273228
1020.28067392439
1020.27656282993
1020.24678816995
1020.23292734256
1020.22791462838
1020.18606311971
1020.18291026905
1020.15349130117
1020.14009733373
1020.13482232159
1020.12440716544
1020.11673327813
1020.11603903564
1020.11522035715
1020.11347371645
1020.11088290872
1020.08558601876
1020.08133784373
1020.08107530122
1020.06462201355
1020.05489986398
1020.05401653802
1020.0348121764
1020.03198659829
1020.02257637477
1020.01767094412
1020.01588466301
1020.00251374539
1019.99812130957
1019.9936622217
1019.97401802117
1019.96830934682
1019.9645892602
1019.96119805422
1019.95624175003
1019.94682045948
1019.94611873561
1019.94562173056
1019.94548405086
1019.94175011113
1019.93720026495
1019.92734628746
1019.92497239359
1019.92281958081
1019.91770012594
1019.91423752019
1019.912829964
1019.89885622359
1019.89404468754
1019.88324955049
1019.8717845234
1019.86198810556
1019.85992393648
1019.8595530518
1019.84337585737
1019.82525814111
1019.81089631005
1019.80501105995
1019.80265644621
1019.79068070391
1019.77349109475
1019.76483300241
1019.76398136601
1019.75412119819
1019.75305998863
1019.74808089914
1019.73781752086
1019.73171848086
1019.73094691242
1019.70156262061
1019.69130901417
1019.69094038582
1019.67973339601
1019.66608506345
1019.66352179345
1019.66197167124
1019.65682585301
1019.63549459606
1019.6287694483
1019.62223144987
1019.620230996
1019.61672703878
1019.61599565572
1019.60165575303
1019.5979005472
1019.57962922397
1019.57215819189
1019.56538265253
1019.56340057428
1019.56092838819
1019.56037859726
1019.5587536393
1019.55786650777
1019.55619014449
1019.51427948092
1019.50898856092
1019.50871660215
1019.50795193124
1019.5051184115
1019.49886357159
1019.48365802727
1019.46766073414
1019.46267437172
1019.46190285437
1019.46028833288
1019.45735859077
1019.45197100882
1019.44503570003
1019.43848817873
1019.43436952519
1019.43137773354
1019.43125938093
1019.42319197734
1019.41696803703
1019.38791359857
1019.38562648464
1019.38376722912
1019.38318727364
1019.38258514662
1019.3776719191
1019.37445320603
1019.36757754021
1019.36229324925
1019.35925028485
1019.34746946284
1019.342348023
1019.32356460469
1019.31856674562
1019.29937823365
1019.28755275336
1019.28279025655
1019.27345843787
1019.26953489512
1019.26315711655
1019.26112542602
1019.24450642771
1019.24061274799
1019.23840512888
1019.23728687811
1019.23676006934
1019.22189596105
1019.21573034126
1019.21022742221
1019.20169993699
1019.20151236027
1019.19442268117
1019.19088919909
1019.16804819807
1019.1627837587
1019.16076430878
1019.1555788198
1019.13931509327
1019.13895361923
1019.12460558154
1019.11763044434
1019.099891555
1019.09169868688
1019.09022900254
1019.08763558665
1019.08642668122
1019.07019159726
1019.06443704763
1019.06058876328
1019.05761912959
1019.04572935131
1019.03382380411
1019.02584321743
1019.02566801152
1019.01666166359
1019.0140614776
1019.00972572765
1019.00897414465
1019.00745897072
1019.00487914657
1018.99342112729
1018.99304542683
1018.97965354417
1018.97861171802
1018.97696928575
1018.97224545474
1018.97098981946
1018.95609882941
1018.95075550648
1018.94671144979
1018.93779137942
1018.93731678809
1018.92940900355
1018.91142250889
1018.89992972048
1018.89950174477
1018.89899123693
1018.8946215217
1018.89455762899
1018.88551262287
1018.8765886359
1018.87589505352
1018.8688233765
1018.84149200861
1018.83557336008
1018.8325269117
1018.82778671973
1018.82757641966
1018.81001176777
1018.80243535724
1018.80223058391
1018.78608567478
1018.78029366246
1018.77279402075
1018.77273535105
1018.77272350345
1018.74680276637
1018.73679091935
1018.72744584822
1018.71284580424
1018.70538474307
1018.70383983606
1018.69335562679
1018.68376566231
1018.68075973045
1018.67430080177
1018.65876600055
1018.65823085493
1018.65549721489
1018.64754300256
1018.63143524944
1018.63112574445
1018.61980797119
1018.61919302153
1018.61750446705
1018.61447883445
1018.61444495902
1018.60847462056
1018.60304218702
1018.60177031918
1018.59832444172
1018.59783140102
1018.59630139671
1018.5863524997
1018.56181090921
1018.56170245389
1018.55603318119
1018.54333170705
1018.53760130224
1018.52603712169
1018.52393646334
1018.52024029719
1018.50929918702
1018.49328278838
1018.48543505737
1018.48365889441
1018.48206034456
1018.48124959976
1018.46641993644
1018.46227026593
1018.45601485942
1018.45261723737
1018.43988893286
1018.42231801113
1018.40390670798
1018.40373808883
1018.40340157935
1018.40235843538
1018.39729073335
1018.3904401029
1018.38895057836
1018.38484482894
1018.38463835483
1018.38304370367
1018.38046621941
1018.37915726516
1018.37562319919
1018.37503050916
1018.37492534262
1018.37124116605
1018.36573084765
1018.35955414704
1018.35854950913
1018.35697031742
1018.35594953106
1018.35576476315
1018.35332755431
1018.34995233517
1018.34335385984
1018.33336774455
1018.32581431074
1018.32410908926
1018.32319339744
1018.31339226288
1018.30671519447
1018.30531100343
1018.30292530638
1018.29268682701
1018.27290063522
1018.26945858601
1018.25459102135
1018.2477893345
1018.24112093004
1018.24078234683
1018.22719431329
1018.22436577513
1018.21886566939
1018.21138506589
1018.20939479878
1018.20323871474
1018.20062010695
1018.20005011145
1025.97349683623
1021.26076903812
1022.06428418944
1019.80158958299
1019.09488131062
1019.49025853022
1025.54105570301
1018.40378507229
1018.33114796498
1018.57541941225
1019.61604582151
1019.26165532534
1021.16263188224
1022.2068258078
1019.79786089396
1023.67706088102
1020.09910846708
1019.33048385594
1018.28361712747
1019.23088974103
1018.82476167668
1021.43509994497
1018.66636865691
1020.87222630738
1018.19430446424
1019.54395007991
1018.20241161609
1020.96912302252
1021.03022128352
1018.94166477563
1019.94839962357
1018.87535268125
1018.36623650426
1020.26971766436
1019.45540345085
1019.56885169607
1021.20563119491
1022.78439588214
1023.65550649292
1020.87578372636
1019.83114016104
1022.14341848769
1018.57775626639
1027.17966201534
1019.8249437728
1018.9633114074
1019.8643870335
1019.90928431627
1025.89019020016
1019.24761471104
1020.26767638352
1020.46439342636
1023.8084589704
1020.82133374314
1021.93603306163
1020.31390708757
1023.6519957045
1018.53073731121
1029.84707885486
1020.72623569248
1019.10077087556
1021.2411749606
1021.06326007438
1020.0285747514
1018.52493074961
1019.65143668073
1019.1444532617
1020.05339762503
1020.50649073598
1021.43898785909
1021.078033834
1018.22583830214
1018.25459449061
1022.58912610963
1018.7774024892
1018.2195221688
1019.73887193319
1018.43005671043
1018.65206449527
1018.40837656859
1018.57155104679
1018.3744881644
1018.37661747552
1020.53099377326
1021.31808554434
1019.07785215447
1023.65958709646
1021.08127140132
1018.19786805513
1018.6200258732
1018.25125480583
1019.61493442863
1024.11839269257
1019.08579640862
1019.46290981472
1018.23365497927
1022.01869020183
1019.80704852945
1018.67079527414
1019.9720089798
1018.87308992239
1019.84327986041
1019.21664372451
1019.90428794035
1018.32858610774
1018.29009856102
1018.55879751481
1020.0273120723
1021.50626364683
1020.0486151528
1020.6249326946
1020.74119796742
1018.61882636194
1024.48101553046
1019.74761777824
1019.6295090789
1021.30856156211
1021.57013336969
1020.80854167418
1026.86975481199
1019.16059016375
1026.66044618969
1022.38672893048
1019.231959153
1021.156055991
1019.33507182069
1024.16949108909
1020.39701094501
1018.20540713647
1024.02789800177
1022.54447917146
1020.88138790653
1022.63651269086
1018.72857430822
1020.42102684188
1019.32320203835
1018.29938828874
1022.32966904811
1018.72659237906
1018.2697557067
1021.07468522121
1025.56891366339
1018.38225688478
1026.28654990934
1020.65768959151
1024.23391188263
1019.83629939837
1019.98336904881
1020.53622251331
1021.15755536062
1021.80401111018
1018.44667082003
1021.36510369104
1018.92401214408
1020.00810510992
1020.95047167821
1019.98144890993
1018.78811257606
1022.32306754224
1018.57449413553
1019.87594777785
1018.71592166826
1018.53055768453
1021.74512185502
1020.23943192365
1021.06686276075
1021.55625244637
1020.71210320103
1020.4594433038
1019.96530234396
1022.32348887465
1023.01944237949
1022.09966978355
1021.70898034785
1019.99283383571
1018.78286454581
1019.05146771576
1019.91425892381
1018.22204819326
1019.74748007384
1020.03203352875
1019.56354884655
1019.23324932999
1027.45294149731
1018.19815395471
1019.41415028849
1018.90929721492
1019.84009317744
1020.91457812811
1020.85694056615
1018.74986561972
1021.33173922504
1018.35857794289
1020.51991354596
1024.69712923385
1019.12950024883
1018.24072014842
1018.76385669737
1019.81165758558
1021.69634908576
1019.19939857352
1018.50692566264
1020.85250153972
1024.85516885871
1020.7333767067
1018.82711940128
1019.17857237194
1020.0371408461
1021.10014718245
1019.03104437906
1022.00614134895
1019.99924173611
1018.52202336635
1021.95012648521
1018.74715313006
1021.74603330528
1020.48858911306
1023.04562351222
1021.7970423875
1018.69844032252
1018.86849618664
1020.28288261137
1019.379597873
1020.2084119421
1019.00793879467
1022.13906902783
1024.16140552432
1018.62821376748
1020.52327923854
1018.86143240776
1021.23756894279
1021.08250762364
1021.41064181941
1019.33079524952
1021.40367350133
1018.41898724741
1018.27630743289
1023.91707520649
1018.36776941813
1024.01004704444
1019.02729294025
1025.74022729335
1020.00442962782
1020.38996920296
1020.20965478631
1018.50334427305
1019.40318186575
1021.89711965857
1020.25852679114
1023.18235540587
1022.70512942685
1018.50064244877
1021.4490874987
1019.65546316677
1018.62095862741
1018.58994498393
1024.23815407942
1018.62338927344
1023.64147928124
1020.57164896308
1019.51480299162
1018.22007467932
1020.285717515
1021.6900815388
1020.01003628576
1018.92019405543
1021.38885044559
1019.31856451322
1018.66392723711
1019.53229482059
1021.64494101837
1018.79298246225
1020.87717486992
1018.97080108425
1023.58284645342
1023.00680314436
1020.18154298014
1019.13233550429
1018.98137587341
1018.68865618692
1019.7997380808
1024.16314760082
1021.55349546506
1020.549261197
1018.38369461345
1018.84683371788
1019.25040072545
1019.11435992091
1019.96088173046
1020.62222311492
1018.19644356732
1018.20879114234
1018.66790040839
1020.88745942373
1021.61499862495
1020.61131053912
1028.64654315945
1024.80819564781
1021.95787905522
1021.59279341346
1023.10938676456
1020.79531856548
1023.40852144031
1021.71570752435
1020.20518134061
1019.48470524572
1020.7371828999
1019.23302098588
1020.94855542337
1025.7383761319
1018.22955164108
1027.2718672611
1019.41339343498
1020.15481214773
1019.58398142896
1019.26545659053
1020.59244683533
1025.57451561755
1024.5412459001
1020.10769378588
1020.45923074182
1019.12797413743
1018.63011289948
1018.58125060097
1019.31109128155
1018.57211304665
1018.3931025812
1018.47309325283
1023.42650119115
1019.51157022989
1019.59687909464
1020.51299618351
1020.36872426154
1018.3783958582
1019.87665031744
1018.48663616336
1020.76414347062
1022.95715670457
1019.96931676178
1019.56563698415
1018.45704355758
1020.13482484941
1020.0041649729
1019.27786825004
1019.06213459994
1019.0878621634
1021.65195899077
1018.30849065759
1019.14763457933
1019.78416517639
1020.57865958413
1022.94555660622
1020.07891466572
1018.82656286846
1019.60275560527
1018.3147176985
1019.00443961638
1018.65906066686
1020.126029537
1018.25376812994
1018.5533605202
1021.16570291026
1020.58917682012
1018.34271236559
1018.66689516785
1024.56955322311
1019.60473890863
1018.57552902679
1018.23665642055
1018.3805025712
1019.16823574423
1019.64684813112
1019.52658007285
1019.669077409
1018.406771779
1020.4068337301
1019.15219041471
1018.38643107209
1021.50375453351
1022.23913092808
1023.39638538048
1018.49665427782
1018.83220660641
1020.54944490251
1019.32596260979
1018.94963368069
1020.23373632564
1018.5111101296
1018.81630816147
1019.63488706662
1019.59770445475
1020.03969614882
1019.66540535402
1021.52755617764
1022.0939813944
1021.03900261207
1019.89835363676
1025.95528773089
1020.81882147684
1020.68856108504
1018.43186042984
1022.29193966778
1025.5577886388
1019.84331266373
1020.04305476251
1018.35141818931
1024.07069730264
1027.3969541604
1018.97802463729
1019.25652017887
1018.25755441316
1023.72257519288
1019.83065563834
1019.64265683784
1018.49301253385
1018.5888543708
1018.24446792096
1022.50538891346
1020.1827645886
1018.40665767451
1021.47204018104
1019.14764573121
1021.55008445848
1020.22075228611
1022.15844783428
1020.27234672676
1021.30981476984
1018.95101318953
1019.02278824833
1020.59454429224
1020.35415616612
1019.11104503902
1019.60131197496
1020.40310994567
1022.39531541655
1021.88756839456
1020.13191448648
1023.01337074556
1025.0662581272
1018.49777248147
1020.67323184835
1018.57554422936
1019.69135180013
1018.72213840913
1021.30575842394
1019.20597399981
1019.25678660061
1021.60098748106
1021.50881255147
1020.95360213395
1019.16030878297
1022.21521245445
1018.76732464047
1025.20977755714
1018.75588897303
1022.73072428154
1019.96578990102
1018.88991342244
1023.55105431855
1018.9187223489
1019.40825646324
1019.24998285346
1018.50494010832
1018.80100984792
1018.28740667899
1019.48212496509
1019.04109799626
1019.27290964608
1022.33277168658
1019.82715381571
1019.26337093668
1018.67686714509
1021.34075485221
1019.2974401004
1019.65335734597
1018.36160896468
1018.8050239442
1020.27252883224
1018.86814655219
1020.17850011434
1019.70689613888
1020.76148849166
1025.69815418673
1023.42344385517
1022.19793114676
1021.50407745793
1019.89676992142
1019.88716921305
1021.80161327801
1021.62394421582
1022.82167909317
1018.71494567882
1018.62817600159
1018.43651566562
1021.55815205397
1021.14683709168
1021.9556297434
1021.28218160478
1022.0787371153
1022.88014180917
1023.80009947135
1019.18823038136
