1048.79742919439
1048.7591664208
1048.70882134255
1048.60593797798
1048.60434652331
1048.50084096291
1048.29298754063
1048.1046410754
1047.96621323401
1047.95947966398
1047.91110991547
1047.8511903258
1047.79341621484
1047.73332477815
1047.68856974475
1047.68819832169
1047.68504987634
1047.67970856518
1047.66810904494
1047.66185750445
1047.58815521553
1047.57679568623
1047.55668635383
1047.54982217813
1047.54058476399
1047.53878293218
1047.44237749985
1047.43216019147
1047.4058431315
1047.39106588205
1047.35358814997
1047.3223467799
1047.27469487767
1047.26281364977
1047.26000730606
1047.25355870353
1047.24881680495
1047.20169077099
1047.19062309679
1047.15907589205
1047.13332444834
1047.12147129098
1047.12098117799
1047.11364975944
1047.0830974167
1047.07100288124
1047.07056886892
1047.06507693837
1047.06442759569
1047.06087196372
1047.04790715454
1047.03962900308
1047.03189761219
1047.01416277381
1047.00282438138
1046.96969145114
1046.94673841963
1046.94389112946
1046.92958053843
1046.91786145855
1046.91286342688
1046.90742105517
1046.88323827872
1046.88035377008
1046.88020006399
1046.86777268173
1046.8567893059
1046.84485814984
1046.79391174694
1046.75890621164
1046.71886231826
1046.70742059394
1046.69847913035
1046.68639976107
1046.68529469716
1046.67700030084
1046.66923867603
1046.66278278822
1046.65013638598
1046.63826386078
1046.63602451455
1046.61529554081
1046.60240282473
1046.59940158077
1046.59571555776
1046.59322746824
1046.58931152262
1046.57160867863
1046.54540152328
1046.53648631534
1046.53171353682
1046.51940755166
1046.51746294398
1046.48086545531
1046.4736578985
1046.46549861838
1046.45580666602
1046.44929584926
1046.42681060524
1046.42410039404
1046.42041801747
1046.41882763514
1046.40604808626
1046.40080120701
1046.39732474235
1046.39293784023
1046.38218474157
1046.37840773382
1046.37641174846
1046.37146819711
1046.36339002476
1046.35638772717
1046.35265569542
1046.35018611311
1046.34627592675
1046.33949591719
1046.334425215
1046.33053061142
1046.32950606792
1046.32548148633
1046.32502266161
1046.32321695541
1046.31901725573
1046.30714844947
1046.30420918405
1046.30035044622
1046.29201452184
1046.28424083044
1046.28331027844
1046.28229850559
1046.28032546836
1046.2777333212
1046.27660731192
1046.27516031371
1046.2731787445
1046.26971758028
1046.24480845062
1046.23727788097
1046.22963022477
1046.2175865372
1046.20504469644
1046.20453649186
1046.20395633933
1046.20293034619
1046.19986136936
1046.19055705152
1046.18575573363
1046.18453162152
1046.18257922949
1046.17439121805
1046.17315957927
1046.17254559278
1046.16239063278
1046.15817719039
1046.15559794543
1046.14506536322
1046.14463043041
1046.14136287439
1046.1391462912
1046.13767004666
1046.12859264861
1046.12422980254
1046.12318738469
1046.11787462105
1046.11671384084
1046.10569015364
1046.10156844526
1046.08708163158
1046.07243946082
1046.06975599282
1046.06867400528
1046.06255778574
1046.05930174213
1046.04765990869
1046.04343612135
1046.0411151677
1046.04003075453
1046.03833563881
1046.02901122705
1046.01588267308
1046.0127226122
1046.01248379995
1046.01167095535
1046.00855287593
1046.00842457656
1046.00711251277
1045.99934559283
1045.99921672277
1045.99233830807
1045.98612223799
1045.97608592771
1045.97438870732
1045.97382144964
1045.97377009316
1045.97298541459
1045.97262365816
1045.96964380862
1045.96797122982
1045.9651285767
1045.96134899274
1045.95391324963
1045.95062605203
1045.94685751635
1045.9331913614
1045.93207143279
1045.93085693576
1045.9302738801
1045.92981181433
1045.91216555569
1045.91174341335
1045.91143012896
1045.90781430109
1045.90566881601
1045.89685384988
1045.88773884436
1045.8873717678
1045.88239165992
1045.8723180405
1045.86656752072
1045.85768147722
1045.85068386625
1045.84973278668
1045.84855013918
1045.843482794
1045.8421689623
1045.83721341372
1045.83133233588
1045.83098378897
1045.83069356846
1045.82875681435
1045.8284546992
1045.82506832664
1045.82411911957
1045.82015456197
1045.81578384586
1045.81503447592
1045.81362691798
1045.81199817825
1045.81030175968
1045.80568047291
1045.80540174704
1045.80017580253
1045.77835839468
1045.77691092035
1045.77501548104
1045.77423603875
1045.7729540001
1045.77200351195
1045.76652435495
1045.76466479269
1045.76435696813
1045.76246442926
1045.76120142068
1045.75920612925
1045.75559273914
1045.75106937515
1045.7470314602
1045.74670243095
1045.74629026123
1045.74559232566
1045.74409425994
1045.74331945025
1045.74106497675
1045.73897794362
1045.73855139825
1045.7307553307
1045.73002075488
1045.7296578469
1045.72764320866
1045.72620770052
1045.72568277339
1045.7244965195
1045.71805975331
1045.71484761167
1045.70808513265
1045.70707701987
1045.70364736998
1045.70234302749
1045.70058680493
1045.69986406967
1045.69383453324
1045.68972941934
1045.68722767465
1045.68656138933
1045.68405391625
1045.67332689057
1045.67310017242
1045.67093380787
1045.66967501536
1045.6623155112
1045.66158159688
1045.65935984041
1045.65441539594
1045.65219599705
1045.64878975715
1045.64825997608
1045.64807860295
1045.64231728323
1045.63760507661
1045.63743023069
1045.63641418425
1045.63635300716
1045.63503729191
1045.63206072095
1045.62950014107
1045.62872782404
1045.62837186893
1045.62802401935
1045.62687227872
1045.62110968402
1045.61739713965
1045.61093387025
1045.60934110073
1045.60735691731
1045.6051903501
1045.60442621693
1045.60079428145
1045.59460915941
1045.59322552102
1045.59261911998
1045.59133661148
1045.58706172908
1045.58552510321
1045.58335126658
1045.57802045272
1045.57517653899
1045.57383341364
1045.57258207836
1045.57154026518
1045.57113936424
1045.56590624247
1045.56463933218
1045.55379377485
1045.54954465689
1045.54829781123
1045.54571974109
1045.54131854161
1045.54123992539
1045.54110842126
1045.54033662829
1045.53951046669
1045.53896146571
1045.53635225488
1045.53489642454
1045.53152241111
1045.53044237101
1045.5298314928
1045.52666704629
1045.52362352731
1045.52113459088
1045.51789305067
1045.515579821
1045.51338710054
1045.51218471844
1045.50989621203
1045.50932218661
1045.50806546001
1045.50580512701
1045.49926126768
1045.49596498231
1045.49591711783
1045.48879097138
1045.48372839935
1045.47889413686
1045.47722663802
1045.47085565784
1045.47050401521
1045.45973987702
1045.45911107382
1045.45296806627
1045.45148390181
1045.45026012506
1045.44887607328
1045.44405486746
1045.43427205458
1045.43168828884
1045.42213074789
1045.42038867794
1045.41921693117
1045.41772681451
1045.41752655438
1045.41461462685
1045.41173769389
1045.40867294623
1045.39918460203
1045.39127438181
1045.39023191588
1045.38992863571
1045.38931957038
1045.38913328895
1045.3858254219
1045.38344596298
1045.38050548787
1045.37951249349
1045.37435680281
1045.37396253813
1045.37010893721
1045.36947976811
1045.3690723571
1045.36435794884
1045.36262897683
1045.36240439801
1045.35877157156
1045.35820351582
1045.35580960609
1045.35517464258
1045.3537221422
1045.35283442116
1045.35220917731
1045.35200864617
1045.35097682142
1045.3498216052
1045.34837097777
1045.34704573692
1045.34647837464
1045.34382129929
1045.34328182441
1045.34290900215
1045.34215642277
1045.34064106067
1045.33964199768
1045.33640197558
1045.33620999272
1045.32963905456
1045.3295990089
1045.32648172605
1045.32410549669
1045.32291741664
1045.32017651057
1045.31683491683
1045.3154027274
1045.31238506786
1045.31053182409
1045.31011908972
1045.30932607274
1045.30872123262
1045.30757328558
1045.30444780201
1045.30418982886
1045.30380934844
1045.29856783593
1045.29656526539
1045.29495537222
1045.29222539707
1045.2914326889
1045.29121964907
1045.28766282507
1045.28646940643
1045.28310357206
1045.27952816398
1045.27839796096
1045.27607778231
1045.27417566688
1045.27043405251
1045.26995981039
1045.26881332218
1045.26863091661
1045.26843653438
1045.26641278408
1045.26320814253
1045.26253234897
1045.26057728946
1045.26048385464
1045.2544091895
1045.25424299352
1045.25377847762
1045.25377609385
1045.2527862082
1045.25179245404
1045.24894962983
1045.2488803017
1045.24797888002
1045.24721652572
1045.24580269662
1045.24547680794
1045.24217280062
1045.23941826003
1045.23934242327
1045.23799136567
1045.2372557552
1045.23645676185
1045.23373627879
1045.22892457191
1045.22810143204
1045.22786358488
1045.22159694569
1045.22000263817
1045.21945470817
1045.21672120772
1045.21595913262
1045.2157425875
1045.21524558569
1045.20973543867
1045.20854311133
1045.20214295895
1045.19963917635
1045.19823763919
1045.19733498623
1046.72119573684
1045.50624792561
1045.23640571353
1045.63286824828
1046.43462265151
1046.17458179956
1045.53233508716
1046.36485572754
1045.22362436807
1045.75411418614
1046.01824698944
1045.49683736804
1047.64691378145
1045.69959112026
1045.27573914638
1046.41735930192
1045.23550948316
1047.43179368747
1045.52063954614
1046.14125311502
1045.7972883806
1048.00160325589
1046.74398860122
1045.26231249674
1046.06396742308
1045.90271031332
1045.57291768817
1045.25496095651
1045.6244323639
1046.91580823659
1046.07529962636
1045.91252044846
1045.26972624063
1045.3857524569
1046.27615311441
1046.52796333117
1045.33702122969
1045.2968621401
1045.23206017202
1048.24252546658
1046.27010186315
1046.81893252949
1045.36551465098
1045.7548287058
1045.85602501049
1046.6569981631
1045.27400665591
1047.46394679189
1045.56912367976
1047.53600326327
1046.02793368239
1045.30653404198
1046.13766299188
1045.96092233949
1047.48568239632
1045.52055669511
1045.69787467476
1046.61006367161
1047.85636859115
1046.08601952117
1047.26918437704
1046.74195158259
1045.31837322774
1046.93634546665
1046.27825705998
1047.7352921373
1046.29103135312
1046.48798170429
1045.33747260175
1048.44736604877
1045.90039908542
1045.68589702962
1047.97955730206
1045.78204894138
1046.38488448696
1045.79144360746
1045.27552976818
1045.61312159196
1046.71971883549
1045.49801937178
1047.50258511199
1045.7628583365
1045.65634302208
1046.67148453723
1045.51614584142
1048.74341958802
1045.8231886701
1047.31123790574
1047.16185301771
1045.30599759459
1045.50705282764
1046.97145344381
1045.90992633147
1045.59122086734
1045.90064082666
1045.25772181817
1045.38514946318
1045.65680162894
1045.28115413595
1045.35641403706
1045.60944764106
1046.19164289761
1046.30467637479
1045.97226575938
1045.2172226709
1045.4790997462
1046.20219919704
1045.84363569125
1045.90736166245
1045.9339395186
1046.60230963918
1045.44806377045
1047.930699328
1046.25061534696
1045.48754215934
1046.23720535421
1045.55353075239
1045.56265370332
1046.26077054543
1046.0449809954
1046.11673188546
1046.25035931779
1047.5323628569
1045.62134905117
1045.53596862345
1045.33022974688
1045.27733044806
1046.09026314725
1046.09945396067
1045.70187587526
1045.98065580957
1045.39260915359
1046.48312440929
1045.23999682169
1047.11142847542
1045.66002915039
1045.71746587288
1047.0559439966
1046.29903703889
1048.76621341827
1047.5531338814
1045.53792633706
1047.12271344159
1045.85026625226
1046.75236394549
1046.16927086515
1045.28952540135
1045.82969735235
1045.50596561102
1045.61798399818
1045.42009643098
1045.96104609948
1045.96809245489
1045.54520343865
1046.10231622943
1049.01839888589
1045.49347480773
1045.74857108679
1046.26322965562
1046.64487491408
1047.83897379966
1046.33681105604
1046.42804455928
1045.2924678915
1046.10353293505
1046.05247202969
1045.99260384923
1046.01013494734
1048.95760028688
1045.73979724001
1045.75317710667
1045.72532495198
1047.25094421394
1046.29444313784
1045.48449283952
1045.50634818653
1047.13403789115
1045.26149794694
1045.79911149417
1045.42615928699
1046.13476546062
1046.02113289364
1045.87702550303
1046.38817027357
1045.69681625149
1045.43809469202
1045.70914124242
1046.61166811905
1046.10163248605
1045.86884872635
1047.23831885217
1046.29320105779
1046.38428343175
1047.93404826328
1045.90590948283
1045.23412823326
1047.45680929923
1046.48611780893
1045.42317082602
1048.20792709234
1046.33901878189
1045.49493396856
1047.35813104111
1047.55042824912
1047.76947529157
1046.48870797415
1045.36019575011
1047.6486518135
1045.6989238009
1045.5891318971
1046.22540815802
1046.33241665966
1046.38169430477
1048.61594977871
1048.48447628071
1045.97396360056
1045.79598785856
1045.27979464232
1046.62102230949
1046.98120088009
1046.70515907439
1045.32086714152
1047.19243607678
1046.7954568394
1047.25974436858
1045.98348234604
1045.67489303938
1048.75425349026
1045.28514582732
1045.36434671901
1045.83274868734
1045.30337705203
1045.69739565993
1046.00079895329
1045.9291926107
1048.96293458906
1045.75774064368
1045.21864862933
1046.74388870705
1046.78450896097
1046.09264141342
1045.83971170107
1046.55711426692
1045.2264034797
1045.6476183907
1045.80328351427
1047.33962561812
1046.5541052434
1047.01918166927
1050.0490659329
1045.53400207656
1046.4584348574
1045.38645402365
1045.28152643101
1047.14038061806
1045.66702095718
1046.0151084593
1045.40608670807
1045.98793784094
1045.99825885459
1046.8246371078
1046.49902163067
1046.35988944279
1046.19292600955
1045.62252736249
1045.25867645192
1046.45980261187
1046.04259424192
1046.28370010102
1046.89419299597
1046.33183278538
1046.36310532904
1045.3706464059
1047.34951024708
1046.77675519438
1048.13989839944
1045.81707238039
1046.02027929858
1045.25427532523
1045.43580686829
1046.77142817344
1045.53434577136
1045.45161969235
1045.74188844931
1046.71224358213
1045.72749546902
1048.06534270172
1045.45431170501
1048.83897300135
1045.72904186768
1045.69809923663
1046.0146365977
1046.93055626567
1045.72073178988
1045.30433721517
1045.21552405428
1045.44683462807
1046.39923921667
1045.47297737797
1045.3229339406
1045.49581688141
1046.32426860379
1045.34287874417
1046.06986590009
1045.96663136375
1045.47749309645
1046.34649364025
1046.1237228659
1046.84053700537
1045.23743541474
1046.43334195291
1046.15037505286
1047.18549323455
1046.39380469099
1045.54701310217
1045.46665158334
1047.80061965354
1047.19799798577
1046.56725415856
1045.42402097836
1045.33869576355
1046.30544756398
1046.9192132751
1049.01267766466
1045.45411714005
1045.54978448344
1046.4959768305
1047.36727028587
1046.95976398179
1045.53643298904
1045.8517893155
1045.33463662789
1045.28844163612
1045.23580753531
1045.97733117687
1046.00148037648
1047.3900122884
1047.53427872157
1045.47826510344
1045.59960001734
1045.22857253828
1047.97237176439
1045.79944734523
1045.59137460015
1045.27448869028
1045.76750684603
1046.67067289686
1045.48775780167
1046.5574308776
1047.82646094769
1047.16813449785
1045.22058460164
1045.82707894218
1045.29728181617
1046.53626797603
1045.5522604833
1047.38868055724
1045.92330234827
1045.50798450594
1048.61175976436
1046.84012375325
1045.4771225206
1045.79355632841
1046.16052957613
1045.52308365898
1045.71885183183
1045.45589724911
1045.36852173684
1045.21439230908
1045.71537109499
1045.53688859869
1049.11010942696
1045.51837778949
1045.9986631307
1046.54840926895
1045.55201279542
1046.09647485376
1045.60056037828
1046.41543704997
1045.45504757028
1047.27552859442
1047.25046225821
1045.30068535695
1047.19281045382
1045.99357562137
1048.32168174947
1045.37505165421
1046.40868591127
1045.41661887927
1046.93056822702
1045.42861967907
1048.19821337188
1047.04766245915
1046.18785757578
1046.89936000847
1045.59615539036
1045.75566622029
1045.88821118424
1045.40132938421
1045.69713872849
1045.27093526561
1045.45075419852
1045.7287959923
1046.58801345993
1046.67826205118
1046.9498725077
1045.48216381546
1045.23273366855
1045.24684178568
1045.89550076631
1045.66664892118
1046.81622219022
1046.43517671649
1046.90530212017
1045.2226443447
1045.2207681433
1045.95959985645
1045.71522093489
1046.01388029652
1045.63434839993
1047.13113724772
1047.84651280852
1048.15760801667
1045.19916103199
1046.60485578122
1045.36389059346
1046.321147863
1045.45240765694
1046.10081237146
1045.214131301
1045.30152115723
1046.08399838731
1046.56863432568
1046.3867314385
1046.88767472809
1045.39540393607
1045.75410513539
1045.77344376109
1045.68630260998
1045.45014886404
1046.66712700917
1045.41310571453
1046.08431695918
1045.95831290725
1046.08128384131
1045.81419544065
1045.66983579969
1046.51949359123
1046.3922564124
1047.30074373576
1045.31443017366
1045.20539046672
1045.79995741683
1047.19658479675
1046.176946162
1045.38736128397
1045.40820134067
1045.76909334615
1045.42600575936
1045.37837474612
1046.73161500816
1045.48763727087
1047.80493471996
1046.03377175486
1046.72923246834
1045.9590049902
1045.40172937241
1045.34749495211
1045.49334227233
1045.46945267913
1046.71100169054
1045.51184520517
1046.14024276959
1045.92011769723
1045.69112924947
1045.43137274557
1045.74792276687
1045.36516105225
1045.8386120362
1046.50284271407
1047.92113372919
1046.0623217332
1048.42110132104
1046.35003043083
1045.29459959543
1046.18780504038
1045.4899242402
1045.61790076395
1046.30147242895
1046.06609720116
1047.98817428321
1046.71782939486
1047.61678775543
1046.22941058324
1045.88704074154
1045.85655476221
1045.80825655992
1045.19748744497
1047.20705522975
1045.5875958641
1045.29254874421
1046.10198621614
