1060.7475554409
1060.56085879355
1060.49449089813
1060.44786203718
1060.36636202458
1060.35756468783
1060.314899705
1060.24344525133
1060.22932384907
1060.18488031675
1060.17700081836
1060.16385773611
1060.15287567118
1060.15257512733
1060.15217616326
1060.15102065644
1060.14743094508
1060.13160105375
1060.12925576302
1060.12145949781
1060.12131709536
1060.11552895549
1060.10529975867
1060.1022292493
1060.09984257332
1060.09225734844
1060.08324804239
1060.08317791971
1060.08068339379
1060.08054753456
1060.03723845274
1060.0197606752
1060.01683113671
1060.00981241394
1060.00483654026
1059.99860039686
1059.99323757906
1059.98707015396
1059.97930768661
1059.94025827738
1059.93967364782
1059.93721295284
1059.93195202722
1059.93169312992
1059.92869558198
1059.90089611954
1059.89927065339
1059.88642808974
1059.8815304873
1059.88073832797
1059.87796182037
1059.87595781447
1059.85250304263
1059.84804631248
1059.84472687942
1059.84221948314
1059.84219372264
1059.83531343772
1059.83456708943
1059.83331394293
1059.83271665215
1059.82404476111
1059.8161142942
1059.80867474424
1059.80547643334
1059.80476541094
1059.80358681174
1059.80272590631
1059.80212173376
1059.8019555237
1059.79892484525
1059.79333221489
1059.78969584467
1059.77948474753
1059.77860305974
1059.77505293741
1059.76989841356
1059.75035062567
1059.74730120498
1059.73437157202
1059.73314966146
1059.72698861074
1059.72505675318
1059.72500248973
1059.72094426443
1059.71794160493
1059.71353836671
1059.71093518939
1059.70999927676
1059.70765160194
1059.70486848191
1059.69254218247
1059.69044075746
1059.67760110838
1059.6735638608
1059.67158715421
1059.6711226975
1059.66836894594
1059.66810349812
1059.66696627885
1059.66568676245
1059.66431559851
1059.6601472649
1059.6577756575
1059.65337588045
1059.65329996706
1059.65288913924
1059.65007362772
1059.64447153245
1059.64205190463
1059.64083305147
1059.63911615546
1059.63763050305
1059.63319591814
1059.62947813928
1059.62468450805
1059.62412252051
1059.62341161355
1059.62146807691
1059.61746923378
1059.60110360729
1059.59742613412
1059.59632533986
1059.58414432478
1059.58269251284
1059.58127793918
1059.57915062848
1059.57582640542
1059.57275030903
1059.56911522786
1059.56871738798
1059.56648485469
1059.55595446588
1059.55453211469
1059.55393490463
1059.55372660191
1059.55292652348
1059.5505887031
1059.54818797537
1059.54562631877
1059.5429497946
1059.53368514791
1059.5335751895
1059.53352926779
1059.53338129164
1059.53277036574
1059.53257659042
1059.52702269661
1059.52684203485
1059.52410569043
1059.51630544914
1059.51187762093
1059.51111398794
1059.50610790397
1059.50267652526
1059.50262416414
1059.5014994203
1059.50115321338
1059.49888948215
1059.49819428488
1059.49786722576
1059.49516895108
1059.49339327777
1059.49007431535
1059.48449733808
1059.47617922039
1059.47490284907
1059.47457969863
1059.47390518619
1059.47283727318
1059.46983466601
1059.46911716894
1059.46320418506
1059.46290620182
1059.46228484255
1059.46078091727
1059.45910351014
1059.45812866053
1059.45698909747
1059.45399787828
1059.45318583476
1059.45239518916
1059.45147600294
1059.4502389477
1059.44690256053
1059.44598166923
1059.44481244574
1059.44425884541
1059.44420479524
1059.44312903777
1059.44119399437
1059.43968124049
1059.43408174755
1059.43407778405
1059.43022571953
1059.42903241921
1059.42710967193
1059.42658631126
1059.42439561448
1059.42392959133
1059.42253613354
1059.42233515668
1059.42078055767
1059.42066199237
1059.41476481719
1059.41423574838
1059.4122302073
1059.41191893161
1059.41054690901
1059.4098334821
1059.40872292724
1059.40675954738
1059.40597749113
1059.40502568494
1059.40392245814
1059.40391602729
1059.40182041732
1059.40166475208
1059.40049761202
1059.39729806991
1059.39683218541
1059.39584140443
1059.39150404569
1059.38915792075
1059.38855978817
1059.38830765636
1059.3866214778
1059.3864359811
1059.38614253151
1059.38478594057
1059.38357552527
1059.3834715386
1059.38264572043
1059.37604397573
1059.37594473888
1059.37060352686
1059.36715871906
1059.36363541417
1059.36358703668
1059.3629690356
1059.36195132872
1059.36107475972
1059.3601602777
1059.35841276511
1059.35799693351
1059.35499894273
1059.35362111563
1059.3528678502
1059.35203589276
1059.35116894246
1059.33863789582
1059.33711722931
1059.33400705792
1059.33301537349
1059.33007948408
1059.32892626479
1059.32820686022
1059.32785356105
1059.32591315068
1059.32401528372
1059.31921856922
1059.31606948862
1059.31333092683
1059.30977075881
1059.30912198716
1059.30716396009
1059.30587479769
1059.30430235321
1059.30422246502
1059.30415944878
1059.30367487202
1059.303326942
1059.30215246066
1059.30147096441
1059.29820019241
1059.29768724582
1059.29674914729
1059.29637930802
1059.29536717259
1059.29037036948
1059.28826261797
1059.28697377466
1059.283282894
1059.28270417471
1059.28138290775
1059.27863847659
1059.27516876438
1059.27269783994
1059.2723622203
1059.27163039621
1059.27119066126
1059.26979706171
1059.26919575459
1059.26891294962
1059.26747261184
1059.26541921811
1059.2644979177
1059.26343487898
1059.26296499544
1059.26261506676
1059.26197374602
1059.26063089042
1059.26033967498
1059.2594062155
1059.2581767253
1059.25696986261
1059.25670522287
1059.25660155361
1059.25321720509
1059.25315458834
1059.25146191171
1059.25089035818
1059.25079474097
1059.25076519128
1059.25046758512
1059.24978008422
1059.24964629627
1059.24952995696
1059.24713504339
1059.24548035199
1059.24356709988
1059.241627238
1059.23793521948
1059.23779316315
1059.23672408535
1059.2340213929
1059.22954851727
1059.22946779881
1059.22935989639
1059.22916502946
1059.22911301362
1059.22799661059
1059.22487880025
1059.22312852937
1059.22228610984
1059.22227524738
1059.22175588158
1059.22155668557
1059.22114629255
1059.22086269581
1059.22026754338
1059.22002524482
1059.21984038584
1059.21967414566
1059.21818575615
1059.21602831469
1059.21554811092
1059.21476331421
1059.21355838137
1059.21310755868
1059.21225924023
1059.21215253841
1059.2121005724
1059.21098838616
1059.20916049186
1059.20823766369
1059.20813420533
1059.20114757833
1059.20022134968
1059.19892722161
1059.19596837788
1059.19555180354
1059.19551829186
1059.19486235832
1059.19411679804
1059.19371752972
1059.19287142303
1059.1900602543
1059.189738624
1059.18873500318
1059.18869719043
1059.18848013477
1059.18705517672
1059.18694524252
1059.18669382638
1059.18616683036
1059.1861490028
1059.1859850283
1059.18549469125
1059.18445234864
1059.1837599245
1059.18047427385
1059.18017745647
1059.17931017649
1059.17700818546
1059.17582877783
1059.17569379222
1059.1744863691
1059.17153278264
1059.17040354263
1059.17038081605
1059.17009614445
1059.16875268961
1059.16868052206
1059.16847572384
1059.16845652418
1059.16691706599
1059.16687728082
1059.16627925331
1059.16526419428
1059.16458159922
1059.16381782597
1059.16291508204
1059.1625582726
1059.16200596679
1059.16061788144
1059.15895043639
1059.15825654839
1059.15738951684
1059.15681558941
1059.15670688595
1059.15531653238
1059.15388803813
1059.15264795592
1059.15245865535
1059.15244031824
1059.1517109142
1059.14973088705
1059.14865876047
1059.14801996086
1059.14675875043
1059.14531322218
1059.14165126295
1059.14136704505
1059.14057322709
1059.14016933603
1059.13874069264
1059.13689136552
1059.13575357834
1059.13502059423
1059.13348157161
1059.13316720132
1059.13300597131
1059.13227429415
1059.13024733169
1059.12965478109
1059.12948550375
1059.12876085917
1059.12641239633
1059.12520623035
1059.12378157438
1059.11996292747
1059.1188204254
1059.11852863089
1059.11587720694
1059.11525793632
1059.11499747362
1059.11465237002
1059.11305635883
1059.11276217875
1059.1120565006
1059.10944377159
1059.10816988077
1059.10709706636
1059.10708692415
1059.10618674216
1059.10599611479
1059.10502541265
1059.10268280092
1059.1020555754
1059.10122773606
1059.10092055321
1059.10056865895
1059.09921424721
1059.09822614513
1059.09772685779
1059.09759813509
1059.09737443207
1059.09600520526
1059.09544972936
1059.09544404143
1059.09449754378
1059.09424773147
1059.09370143895
1059.0932626061
1059.09269092099
1059.09224601961
1059.09140160914
1059.08901083625
1059.08558852611
1059.08533244419
1059.0852221255
1059.08345260162
1059.08256963229
1059.0820519804
1059.08140647783
1059.0813564653
1059.08096626813
1059.0805831374
1059.0750654271
1059.07473359711
1059.07338061146
1059.073262029
1059.07209771802
1059.0710286277
1059.07078827089
1059.06906815033
1059.06859393447
1059.27177347393
1059.66957266945
1060.00401627094
1059.2240036441
1059.36113662617
1059.54487178314
1059.63557340368
1059.17875936871
1059.13780568851
1060.19047253221
1059.07594771442
1059.38554676973
1059.15830390071
1059.13572759359
1059.65032668189
1060.31071848244
1060.38117156262
1059.10356413803
1059.07357045389
1059.76125193489
1059.11884078476
1059.65709561926
1059.38895271965
1059.42482383501
1059.12321171922
1059.11635332307
1059.18505385071
1060.1309360664
1059.10050518908
1059.21527415151
1059.23818630277
1059.50646204499
1059.28182466358
1059.09366043424
1060.38651031234
1059.18152331943
1060.08612229672
1059.37631678717
1059.29504870098
1059.21349389775
1059.54026618297
1059.92989439699
1060.73267979722
1059.90066585085
1059.21534088879
1059.11304733077
1060.23443977541
1059.92719985225
1060.38184036458
1059.23176942248
1060.08865873901
1059.08361339161
1059.20633844663
1059.88631962122
1059.63463439449
1059.24971161967
1059.90833955168
1059.42265783712
1059.36695272207
1059.24771126982
1059.5069601677
1059.59224711655
1059.23875488335
1059.33883936784
1059.56015211328
1059.88745381539
1059.77851278509
1059.35892486272
1060.74761604779
1059.39539892352
1059.4283261375
1059.83583882774
1059.34331155001
1059.0808895899
1059.12950941686
1060.11330563833
1059.30866413043
1059.28232822443
1059.60811385865
1060.17698757621
1060.19881047036
1059.25930671437
1059.64251314077
1059.73449130135
1059.27557229375
1059.25754890151
1059.32875633479
1059.23652736783
1059.12372198577
1059.21516445174
1059.50335214018
1059.32794226572
1059.19384460853
1059.38607344959
1059.46687288548
1059.0944400654
1059.20282112602
1059.1411672923
1059.52983702829
1059.2514273274
1059.3588264551
1060.0565039964
1059.07253574095
1059.2907107921
1059.771592688
1059.2956312164
1059.4334741847
1059.21363413335
1059.1822363304
1059.07222607254
1059.26830859979
1059.29599452826
1060.39100783539
1059.43327719189
1059.99827103096
1059.21436800953
1059.81524024225
1059.12813630309
1059.3584035186
1059.67130966293
1059.14011107572
1059.80987682738
1059.31041842671
1059.47335685296
1059.20972983718
1059.20379291748
1059.65864651437
1059.40743871523
1059.31079313477
1059.10028349206
1059.58499483301
1059.11415547773
1060.00473778167
1059.34574784399
1059.22182199931
1059.88075826742
1059.10318528061
1059.44659910083
1059.09097743888
1059.42427528993
1059.28114010623
1059.30245776737
1059.23314167841
1059.29729521672
1059.64496700616
1059.07521066705
1059.13037813555
1059.33041480968
1059.16540220086
1059.0819622259
1059.53514977835
1059.07297239233
1059.20969178198
1059.4350404151
1059.39090101402
1059.20318884136
1059.22985170042
1059.18604907103
1059.32025637861
1059.26459918394
1059.79185874166
1059.13663212023
1059.77590254926
1059.58196659208
1059.98967241325
1060.04786642953
1059.40414340124
1059.62065310583
1059.18883226761
1059.25033923188
1059.55747145399
1059.43326225822
1059.33867284692
1059.13350960651
1059.33607857362
1060.45206719465
1059.39117136311
1059.1560359007
1059.25652806004
1060.00551854426
1059.56546406089
1059.31233023266
1059.71070744829
1059.30222372087
1059.17037128668
1059.18931442991
1059.34151528281
1060.26550307236
1059.36300284435
1059.81533888996
1059.29953651626
1059.29488739519
1059.74698694078
1059.32269437932
1059.11228974823
1059.57747751461
1059.54392046074
1059.75679284827
1059.12006849403
1059.1118209275
1059.26250339909
1059.74746069645
1059.11068260555
1059.66130196174
1059.57056051009
1059.12246490007
1059.37030412241
1059.2017707895
1059.87605445995
1059.38712475024
1059.46752237316
1059.13493006241
1059.4139547636
1059.69832223254
1059.49407925227
1059.19195518654
1059.13559650358
1059.70416164844
1060.12414233331
1060.11921873117
1059.50719997753
1059.69877749271
1059.08645268138
1059.22217143164
1059.22635308135
1059.17035850277
1059.3014715743
1059.55520021342
1059.74377031796
1059.20525561193
1059.35102032208
1059.26677671722
1059.1006760115
1059.2407404498
1059.72668358999
1059.62330513016
1059.19287722567
1059.08354247689
1059.17075995387
1059.4131891635
1059.12069806466
1059.15970361352
1059.07644675408
1059.56172296093
1059.43771643088
1059.35749476556
1059.55758543404
1059.21806000441
1059.21197264335
1059.16899437683
1059.38174566329
1059.67475776067
1059.82722662046
1059.65939211939
1059.09018190088
1060.24300786463
1059.20406471462
1059.16555429239
1059.18961620283
1059.25636241594
1059.1262938776
1059.55254520369
1059.86724892814
1059.21933503157
1059.17086873125
1059.11268070637
1059.12242408558
1059.4479191866
1059.2784784639
1059.13645624005
1059.09193665207
1059.3654461257
1059.71364712473
1059.18470863081
1059.07738374464
1060.25450802201
1059.68706735314
1059.25730092638
1059.62562994367
1059.6870264487
1059.32434658769
1059.54729043451
1059.12265795694
1059.13369713824
1059.10934153672
1059.17337722613
1059.83690653758
1059.65138371617
1059.53180675103
1059.10601843095
1059.29508587683
1059.49805198874
1059.13621493872
1059.68851536049
1059.63594665025
1059.76352182817
1059.53140471913
1059.16674288555
1059.09418889759
1059.21952655306
1060.0852550005
1059.14783779503
1059.68928493518
1059.39809713946
1059.12498861237
1059.07210564092
1059.25308286977
1059.22236561424
1059.61300531381
1059.31503520528
1059.65902519953
1059.26663417152
1059.20469959066
1059.26528673591
1060.01448645294
1059.25368114272
1060.03086790178
1059.78438076662
1059.54003185734
1059.12780080094
1059.54760755405
1059.41773626594
1059.50024671493
1059.26389441728
1059.5331694571
1059.21303895365
1059.9669733008
1059.53956201893
1059.0986688341
1059.70722034559
1059.20729877087
1059.62314409427
1059.0752399821
1059.20156037847
1059.30681281756
1059.20159246927
1059.37068510067
1059.30868157979
1059.26220820877
1059.88601584085
1060.13622354248
1060.00197274354
1059.2072644935
1059.68824291449
1059.40611761749
1059.60351022957
1059.26012978715
1059.36480945945
1059.24460581297
1059.1038681431
1059.36673553719
1059.08882508781
1059.18290102254
1059.34978890983
1059.15592083733
1059.41579761283
1059.10397699924
1059.32920721016
1060.3699645952
1059.25537925914
1059.22319334744
1059.2118962681
1059.31788579161
1059.82130355507
1059.17372547799
1059.92903488356
1059.80773294999
1059.77690994747
1059.41209278247
1059.3936309662
1059.71700958077
1059.4621185247
1059.23533910487
1059.46512435583
1059.23205435792
1059.47219091784
1059.13518510867
1059.73914274432
1059.48761172878
1059.17791342162
1059.67422382198
1059.20465707703
1059.23597095425
1059.79107996988
1059.14209886479
1059.39851927317
1059.62165831885
1059.37706114349
1059.50108229588
1059.41883255246
1059.34249562172
1059.32667225523
1061.01854869759
1059.7310237811
1060.00421750616
1059.68113253816
1059.09955128274
1060.084248813
1059.85599017243
1059.24536266055
1059.60366408064
1059.78953896196
1059.83989801357
1059.10574483036
1059.50793503431
1060.38784915696
1059.28827623915
1059.09212350784
1059.60871388573
1059.56662939036
1059.18527218107
1059.24983795119
1059.189971838
1059.27080075853
1059.73028928245
1059.3454092667
1059.2383653808
1059.47060194991
1059.08600284348
1059.14491064532
1059.30303359656
1059.42081523234
1059.42806602505
1059.40934596996
1060.08208174267
1059.61688655997
1060.14280298074
1059.20257088203
1059.48383964738
1059.32419329482
1059.40552600224
1059.34528641952
1059.96907100562
1059.09705155469
1059.18907204493
1059.09111954269
1059.83941126032
1059.2431218619
1059.13153137407
1059.21328622103
1059.13442539403
1059.41978552998
1059.34754632515
1059.78733687842
1059.09382656224
1059.17243782729
1059.77861564769
1059.83759654147
1059.0997897851
1059.43036857711
1059.74169051845
1059.08078126877
1059.17927779992
1059.08850589566
1059.28142907521
1059.76346327852
1059.9904913913
1059.93427245786
1059.08094860834
1059.12589891228
1059.42829088712
1059.78787190138
1059.59368226843
1059.14864372091
1059.24298892559
1059.16399942123
1059.41208979943
1059.08691639765
1059.86899250495
1059.31271409088
1059.33348217597
1059.15044637716
1059.09673260249
1059.85039411698
1059.49925019252
1059.25414411018
1059.08375994871
1059.72576276051
1059.35506942119
1059.27991702409
1060.58203719776
1059.08440129463
1059.44051937245
1059.49749041304
1059.35205690535
1059.41691616081
1059.13142789874
1059.57313315164
1059.81324548868
1059.0947304329
1059.62129189446
1059.47641915818
1059.11233361257
1059.68126105899
1059.12254496998
1059.27959574902
1059.37156946831
1059.12845211118
1059.78827855013
1059.59064359616
1059.28296875655
1059.33656415259
