1048.60593797798
1047.96621323401
1047.25355870353
1047.06087196372
1047.04790715454
1047.00282438138
1046.92958053843
1046.88020006399
1046.86777268173
1046.8567893059
1046.67700030084
1046.51746294398
1046.45580666602
1046.39732474235
1046.39293784023
1046.35638772717
1046.35265569542
1046.34627592675
1046.33949591719
1046.30714844947
1046.30420918405
1046.2777333212
1046.20453649186
1046.19986136936
1046.18575573363
1046.17439121805
1046.16239063278
1046.14463043041
1046.1391462912
1046.13767004666
1046.06975599282
1046.05930174213
1046.0411151677
1046.01167095535
1046.00842457656
1045.96134899274
1045.9331913614
1045.83133233588
1045.8284546992
1045.81503447592
1045.81362691798
1045.77200351195
1045.76652435495
1045.74559232566
1045.7296578469
1045.7244965195
1045.70234302749
1045.70058680493
1045.69383453324
1045.67093380787
1045.66967501536
1045.6623155112
1045.66158159688
1045.65219599705
1045.63743023069
1045.61739713965
1045.59322552102
1045.59133661148
1045.58552510321
1045.54829781123
1045.54571974109
1045.53635225488
1045.53152241111
1045.53044237101
1045.5298314928
1045.50932218661
1045.50806546001
1045.50580512701
1045.47085565784
1045.47050401521
1045.45296806627
1045.41921693117
1045.41752655438
1045.38992863571
1045.38344596298
1045.37951249349
1045.37435680281
1045.36435794884
1045.35517464258
1045.3537221422
1045.35283442116
1045.34382129929
1045.34215642277
1045.32963905456
1045.32291741664
1045.31238506786
1045.30932607274
1045.30757328558
1045.30380934844
1045.29856783593
1045.27952816398
1045.27839796096
1045.26881332218
1045.26843653438
1045.26641278408
1045.26320814253
1045.26057728946
1045.26048385464
1045.2372557552
1045.23645676185
1045.23373627879
1045.22892457191
1045.21672120772
1045.21524558569
1045.20973543867
1045.20214295895
1045.19722540494
1045.18438987944
1045.15420315969
1045.14328756471
1045.13665944968
1045.13182770994
1045.12617578781
1045.11489654105
1045.10978963317
1045.10777050852
1045.10742726503
1045.10391544777
1045.1037739312
1045.10046709696
1045.09733723302
1045.09280331929
1045.09033541434
1045.08693440747
1045.07074397265
1045.05634185789
1045.05346868276
1045.05342577182
1045.0450096269
1045.04240436726
1045.04041444684
1045.0352670656
1045.02944138296
1045.02256953156
1045.01915516144
1045.01814382964
1045.00356128077
1045.00233688987
1044.98818326203
1044.98003874347
1044.9668442044
1044.96526771143
1044.96005844391
1044.95357383442
1044.949198059
1044.94665814408
1044.94450309105
1044.93662789112
1044.93470450546
1044.9290965135
1044.9174901538
1044.91520754603
1044.90243569341
1044.89611287395
1044.89114933462
1044.88380989731
1044.87514002074
1044.86298205529
1044.85890392294
1044.84924759047
1044.83023423852
1044.82031952416
1044.80953713254
1044.80925312726
1044.80306215726
1044.77903111629
1044.77748357413
1044.77157535687
1044.7590460123
1044.75566309948
1044.75212473312
1044.75001644956
1044.74785904354
1044.74613385098
1044.73762829282
1044.72933925033
1044.71958457196
1044.7173303908
1044.71497352515
1044.71149043999
1044.71061873819
1044.70595257452
1044.70445279886
1044.70360111677
1044.68952709758
1044.67989589882
1044.67954347294
1044.67146652245
1044.65728679508
1044.65437983241
1044.65151207665
1044.64815987595
1044.63881471062
1044.62951694926
1044.6238403485
1044.61847291153
1044.61530844885
1044.61379394119
1044.61140645731
1044.60418153432
1044.60027936337
1044.59860535121
1044.5947675487
1044.59447655986
1044.59235191897
1044.58891784684
1044.58833006206
1044.58643026806
1044.57878900415
1044.57484127045
1044.56961721324
1044.56446974404
1044.56430322793
1044.55373787423
1044.53218298817
1044.52709319433
1044.52703321506
1044.52594997386
1044.52384831235
1044.51904058159
1044.51748343537
1044.51664163453
1044.51651717768
1044.51535179926
1044.50691138207
1044.50433050981
1044.50309751868
1044.49187881767
1044.46823493429
1044.46438546007
1044.46199277326
1044.45605768976
1044.45524737578
1044.4552108926
1044.45172982237
1044.44838539299
1044.44579154192
1044.44435333456
1044.44415268818
1044.44080198026
1044.43827055505
1044.41945403283
1044.41902227675
1044.4110831275
1044.4103632103
1044.40663969427
1044.3987003845
1044.39780232334
1044.39582561173
1044.39496745309
1044.38924068505
1044.38840033398
1044.380103813
1044.37817379717
1044.37806028926
1044.37591018062
1044.37551027059
1044.37184021382
1044.37033205725
1044.36858680469
1044.36759757794
1044.36029567073
1044.35883534921
1044.35316313717
1044.35074945001
1044.34499546771
1044.34374743508
1044.33710348525
1044.33635907662
1044.33346969244
1044.33128761148
1044.32786963506
1044.32512340883
1044.32002562638
1044.31830671259
1044.31773266699
1044.31471512211
1044.31026340094
1044.30826770289
1044.30807777
1044.30648953831
1044.29996146329
1044.29823854835
1044.29409394598
1044.29021781819
1044.28865203293
1044.28746171474
1044.28335380662
1044.26911254945
1044.26405653276
1044.25497495884
1044.25340726244
1044.25033519153
1044.24794633985
1044.24488642966
1044.24459359666
1044.2348802213
1044.22905934487
1044.22824637566
1044.21735847598
1044.21681371958
1044.21621837795
1044.20938664435
1044.20660755468
1044.2030286304
1044.19938684343
1044.19684102408
1044.19448103225
1044.19293377534
1044.18444630962
1044.18438352505
1044.17274383846
1044.16936202028
1044.16580384544
1044.16494594167
1044.16340229628
1044.16207152423
1044.16014527816
1044.15642946075
1044.13796776137
1044.13667507705
1044.13614214468
1044.12551961743
1044.12457497828
1044.12235597111
1044.11896881319
1044.11678915355
1044.11209127085
1044.11068351952
1044.10787234232
1044.10711317527
1044.10581777554
1044.09626131887
1044.0953696189
1044.09525525812
1044.09265507035
1044.09166279321
1044.09032072674
1044.08856784055
1044.08650491389
1044.08443332758
1044.07365558094
1044.07131377485
1044.07113456461
1044.07052625378
1044.07021164947
1044.06264374953
1044.05930197584
1044.05813513565
1044.04764704925
1044.03831384014
1044.03658879088
1044.0329110254
1044.03157247152
1044.02845398047
1044.02567130792
1044.02419516929
1044.01963019308
1044.01906603185
1044.0188099433
1044.01583097646
1044.01574607697
1044.00833591174
1044.00766258838
1044.00722327925
1044.00489256739
1044.00303596386
1044.00258231821
1044.00250371348
1044.00045624423
1043.99712933205
1043.99578802843
1043.99477554435
1043.99237596627
1043.98679181683
1043.98235867682
1043.98096244578
1043.98061206969
1043.97737920792
1043.97706437864
1043.97690563316
1043.97402368584
1043.97371439685
1043.96766425128
1043.96008617056
1043.95761561261
1043.95402055002
1043.95376431071
1043.95046932238
1043.95032567951
1043.94800345475
1043.94620932672
1043.94260936009
1043.94223425141
1043.94180842922
1043.94171480009
1043.93303997478
1043.93195030812
1043.93192673417
1043.93007282716
1043.92527563017
1043.92392852683
1043.9239143676
1043.91980196605
1043.91946642329
1043.91931057103
1043.91750819314
1043.91545289947
1043.91458009413
1043.91443106512
1043.9103578866
1043.90958164185
1043.90697727259
1043.90628049685
1043.90569382363
1043.90489120067
1043.90249582971
1043.89831436544
1043.89755281076
1043.89361498728
1043.88923457168
1043.88422006383
1043.87791343759
1043.87790013336
1043.87555574562
1043.87462951711
1043.87420074272
1043.86507997217
1043.86133194351
1043.8595991188
1043.85918884153
1043.85796638566
1043.85663227841
1043.85612640216
1043.85438523152
1043.85413715034
1043.84686195235
1043.84596194069
1043.84408589194
1043.84133395942
1043.83899714941
1043.83778685175
1043.83598229717
1043.83578545314
1043.82570213011
1043.82489215781
1043.82439960352
1043.82426775659
1043.823394162
1043.82256305907
1043.82077095586
1043.82051867897
1043.81698698069
1043.81554750387
1043.81479865912
1043.8130995964
1043.81164434494
1043.80746572791
1043.80559079975
1043.80515203139
1043.8047815146
1043.8016333453
1043.80157938028
1043.80123508773
1043.8000403087
1043.79923219795
1043.79793058447
1043.79548120648
1043.79345103971
1043.79191322353
1043.79021723706
1043.78877019006
1043.78497141327
1043.78271131769
1043.78146227187
1043.77770264935
1043.77706559163
1043.77663023083
1043.77581375935
1043.77371750354
1043.76513232633
1043.76474596443
1043.7615905475
1043.76140026656
1043.76056551904
1043.75399201197
1043.75188688408
1043.74967560738
1043.7495589976
1043.74780209079
1043.74542758023
1043.74384305499
1043.74378555266
1043.74220785048
1043.7418210965
1043.74148081366
1043.73977322883
1043.73663453183
1043.9956930731
1045.52113459088
1044.67397909091
1043.94480304692
1044.01398532549
1043.83027576509
1044.22298096465
1045.06269076051
1043.73444338955
1043.82433468774
1045.57517653899
1044.26316706943
1044.76163672112
1045.54110842126
1045.45911107382
1045.74629026123
1045.3295990089
1046.60240282473
1043.9842374652
1043.82254354729
1044.93109942177
1043.77710534006
1046.32548148633
1045.22159694569
1044.19392182655
1044.64488529073
1044.40209204641
1044.28221214827
1044.4484652256
1045.13495058311
1044.02998473518
1047.0830974167
1044.34112724409
1044.91499700664
1044.70194437385
1045.03712374397
1043.88354632348
1043.93707574651
1045.0379212559
1044.9838812903
1044.08526583331
1045.12459737708
1044.14535794099
1044.07111983423
1045.13154730485
1044.21489246182
1044.84615575669
1044.15038858937
1045.04166548647
1043.78818025398
1044.03415893684
1044.1415807287
1044.68978786693
1045.52362352731
1045.60442621693
1045.96964380862
1045.27043405251
1044.14475264847
1043.93747766389
1044.87223631116
1044.18389455745
1044.29041463408
1044.14593802417
1047.3223467799
1044.14432996656
1043.92215542933
1044.16630739728
1045.20854311133
1044.32827063493
1044.84969155062
1045.92981181433
1044.69408327231
1045.36240439801
1045.68656138933
1044.54759478589
1043.82938906863
1043.96678610974
1044.12873463392
1044.34816344139
1045.12865058646
1044.38796990465
1044.00986358282
1045.74670243095
1044.35339211931
1043.8133907709
1043.9704494316
1044.42452929177
1044.39497262585
1044.463263353
1045.04041646075
1044.88163707514
1043.8770570111
1045.02681207113
1043.79661993578
1044.00351015828
1043.99435246546
1045.45148390181
1045.26995981039
1044.52050227774
1045.26863091661
1044.70599214997
1044.09337039488
1046.38218474157
1044.41690394117
1043.7936058035
1047.06507693837
1046.59322746824
1044.88993142378
1043.92498820827
1044.07538572524
1044.53543101292
1044.31030074745
1045.34064106067
1045.68405391625
1044.17195670408
1045.86656752072
1043.97183304877
1045.59261911998
1045.72568277339
1045.84973278668
1046.63826386078
1044.74914956101
1045.89685384988
1044.3748210766
1045.7307553307
1043.98536996924
1046.28229850559
1046.18453162152
1044.11960524626
1044.20226586702
1044.72328170137
1044.83390571588
1044.02415921814
1044.21676227502
1044.58848894916
1043.88113849099
1044.21663983573
1044.0411339367
1044.57300757817
1044.26000486076
1044.03976859515
1043.81738348216
1044.89523871154
1044.80498878805
1048.70882134255
1043.90219490241
1047.67970856518
1044.35105416166
1045.42038867794
1045.34704573692
1046.29201452184
1044.27127708406
1044.49107953888
1043.78737824281
1044.83967852931
1046.37840773382
1043.86094202539
1045.42213074789
1043.85049049881
1045.62687227872
1044.01094885738
1044.27343660306
1044.6786621541
1043.83570103478
1045.57802045272
1044.75601038629
1045.32017651057
1044.2127539134
1044.62171505858
1047.54058476399
1043.97955722141
1043.92346235033
1044.44935680517
1043.93800519063
1043.82796090183
1044.62910316771
1044.93888235288
1045.515579821
1044.54342689364
1046.10569015364
1043.8368264673
1046.07243946082
1044.84058011834
1044.31428299865
1044.80223036331
1045.39127438181
1045.03830239825
1044.45968244481
1045.13149979988
1045.02121162946
1043.76002786842
1044.36196968964
1043.85742810876
1044.968291257
1043.81857300175
1044.08344879171
1044.35055275642
1043.95792566892
1043.91305965697
1044.61917490819
1047.68504987634
1045.13986832165
1043.80467442181
1045.62950014107
1043.72632361045
1044.01522629527
1044.26305163936
1044.57817988193
1043.82605602864
1043.86892957676
1046.2731787445
1044.58760067917
1044.44641640528
1044.09420040757
1046.18257922949
1045.97377009316
1045.10775836062
1044.33478530947
1044.60112202724
1045.29222539707
1045.74106497675
1046.66923867603
1044.94168340501
1045.31053182409
1044.12938792111
1043.84435428898
1045.19733498623
1046.14506536322
1045.60079428145
1045.48372839935
1044.34850332526
1045.35220917731
1043.9128795262
1044.73566473536
1046.70742059394
1045.93085693576
1044.73183532535
1044.25991662022
1043.75429598711
1044.0629495121
1045.04308233308
1044.46396452563
1046.19055705152
1044.31031939147
1044.26422552495
1044.26709212231
1045.06648454472
1045.30872123262
1044.11988780054
1043.94703200397
1043.78135457951
1044.41113830616
1044.8850942903
1044.62613652047
1043.97873299063
1045.51218471844
1045.74409425994
1043.83141860696
1043.97802090124
1043.95427956642
1044.50978311025
1044.22280275789
1046.28032546836
1044.34517160462
1044.44660065588
1044.25459528979
1043.94336775378
1043.88694863915
1045.83098378897
1043.95962090033
1043.73806689717
1043.99264889318
1044.28844667876
1045.63760507661
1043.90489481313
1044.52271322439
1044.25304781963
1045.23941826003
1044.79222852058
1043.88150514079
1046.61529554081
1044.52660280734
1045.97262365816
1046.54540152328
1043.94022809418
1045.23934242327
1045.33964199768
1045.76120142068
1045.18455140034
1046.10156844526
1045.96797122982
1043.86244076402
1043.84248541051
1044.20495937122
1045.70808513265
1043.79085401174
1044.69891237992
1044.40483436275
1043.90852979058
1044.21933059307
1044.97252873148
1043.88281246068
1043.82404584369
1043.73735308697
1045.07671794633
1043.73041851142
1044.23696383105
1044.21983569489
1044.98395372108
1046.12859264861
1044.55173404576
1044.05029231304
1045.05150997389
1044.00104924505
1044.22882567239
1044.60479410961
1046.94673841963
1043.83449840135
1045.54033662829
1044.43298002773
1043.96174195369
1044.10037972864
1043.77902912966
1044.86967478062
1043.79833155818
1043.74364236314
1044.35483487128
1044.48258288792
1044.15795433569
1044.97566771232
1044.0890007397
1043.9534201756
1044.58926571481
1044.34633052992
1045.55379377485
1044.03904806706
1046.06255778574
1043.8864425951
1043.83557030989
1043.97448803602
1045.168226351
1045.37396253813
1043.81108017449
1045.05317952417
1045.57154026518
1046.91286342688
1044.90270587124
1044.02961922061
1044.50604546284
1044.55243713311
1043.97775944362
1044.48757601937
1043.74422474472
1044.69775439794
1044.02245609568
1044.07357097119
1043.98768907087
1043.8234927648
1045.38931957038
1044.87702681342
1044.93298001895
1043.80369452759
1044.07356965666
1045.70707701987
1044.00640360776
1045.06419570764
1043.97043875114
1043.94965860283
1043.78995443653
1045.56463933218
1044.28038321139
1044.49191882326
1045.44887607328
1045.76246442926
1045.15805966178
1044.18024126696
1044.46732451429
1044.43260878095
1044.1298365579
1044.27192736632
1043.96271246857
1044.65418952748
1046.14136287439
1046.42681060524
1044.19519515306
1045.90566881601
1044.31032728334
1045.19528984448
1044.20594283331
1044.73098386338
1044.22776153583
1044.83295842849
1044.29361507499
1043.87146933459
1044.05153700893
1045.58335126658
1044.23988598109
1044.31439135828
1043.7926230959
1045.19823763919
1044.33998008924
1045.04639732623
1044.36629403953
1044.66667808644
1043.79606194946
1043.90171180278
1044.6225258516
1043.91772934799
1044.74768393182
1045.24797888002
1047.01416277381
1043.79558697649
1043.98750175787
1044.45155916228
1044.30476609523
1043.88193172432
1046.08708163158
1046.32321695541
1046.11787462105
1044.72129539895
1044.07205369796
1043.83586486522
1044.92748101795
1045.54954465689
1044.11452790799
1044.73322350526
1044.2320798987
1043.74249578261
1044.90718274962
1044.92728332752
1043.78490987299
1045.37010893721
1045.21595913262
1045.12918946936
1043.82327735141
1047.39106588205
1045.49591711783
1044.5708585548
1045.12787515089
1044.0030992145
1048.29298754063
1043.87029440804
1044.15588523879
1044.36333287998
1044.37566691358
1044.47105521754
1047.79341621484
1044.01260913441
1043.9941914029
1044.15393125981
1044.49217295021
1045.60934110073
1045.91216555569
1044.94385151018
1044.17566276371
1044.01507231207
1044.43801563561
1044.36757762788
1045.12493139517
1044.9484719516
1043.99799688206
1045.8421689623
1044.34756811298
1045.2488803017
1044.31008045119
1043.98181671807
1044.01956521188
1044.1442340971
1047.53878293218
1044.76984988572
1045.19677020227
1043.87518296493
1044.67937798694
1044.21342402828
1043.85576859487
1046.48086545531
1046.63602451455
1044.1761066774
1045.28310357206
1043.97915688884
1045.41173769389
1044.9045109664
1043.9202950578
1044.48750697513
1044.30791273718
1045.1071420345
1044.51924794563
1043.83381999381
1045.2914326889
1044.82532394935
1045.2157425875
1043.73954698727
1047.68856974475
1043.72691660271
1043.86447384772
1045.72620770052
1046.28424083044
1045.73002075488
1045.95062605203
1043.77612871715
1045.10260004784
1044.2404600056
