941.227105949714
936.71865614448
935.354308029765
934.050827827412
933.63386275292
933.586066063667
932.78444962506
931.289417045995
930.923851203067
930.578641944491
930.186924803029
930.058167694115
928.356993267367
927.970323312618
927.642020970697
927.180755802557
927.082697153327
927.058304914053
926.09891353603
925.938168010057
925.783652386041
925.765976505298
925.108062674209
924.821939602277
924.796715609227
924.427469774639
924.323210616414
923.505530547501
923.097080755108
923.012642917079
922.864830564411
922.824394321217
922.814826978332
922.738656306538
922.546547642343
922.489988571353
922.475259089945
922.127256955808
922.019078208151
921.639400349217
921.605720789921
921.492530101677
921.229606137239
921.136766505739
920.785794297577
920.436162797162
920.428938077839
920.192150876151
920.114785910817
920.006444198
919.882228596479
919.615418710972
919.442730688509
919.397812120434
919.396720243908
919.269294343137
919.259462301428
919.235176967058
919.137553145038
919.13307237552
919.032839005647
918.699214926655
918.430814506532
918.2456853387
918.105825487026
918.055852249822
917.98567288981
917.921057716098
917.842360787631
917.764010388607
917.717608828565
917.431327722846
917.324503243538
917.249984993626
917.20692157709
917.171070426789
917.122613475656
917.111863601189
917.038132617234
916.985361099615
916.976551748787
916.952952556569
916.923237745727
916.854217692535
916.820277803607
916.566809744705
916.450252700947
916.350178226531
916.20771266446
916.177563540768
916.02436073013
915.803949251121
915.683513079508
915.565865700463
915.550565166964
915.510210032985
915.458291005297
915.349556924613
915.292975584096
915.132478910589
915.131387031249
915.042708492347
914.995202647841
914.970983048521
914.902705089974
914.80230121488
914.598888677866
914.301838158784
914.038010178372
914.022585729525
913.95568436077
913.806287512934
913.684907843193
913.588543071008
913.497227463374
913.456837176617
913.444209619282
913.35233203938
913.276931616501
913.250526029077
913.224660081353
913.211960662814
913.057366265739
912.931421296143
912.919493676892
912.818557129261
912.716704279394
912.708085580326
912.605701929342
912.554349142422
912.531203549217
912.408980361607
912.405629570137
912.393461354803
912.333137172001
912.245944028119
912.181737682218
912.17410852926
912.129500870212
912.12833122858
912.123444611586
912.021014869346
911.947326301427
911.899677945643
911.83655015482
911.833639045819
911.712332524716
911.703470925334
911.70136733587
911.683322212732
911.593911167024
911.54475864358
911.501691115798
911.50100581144
911.422264844025
911.376611632646
911.372649982769
911.342282219868
911.312728796045
911.308545304459
911.302687791342
911.277311843162
911.271061749607
911.212256298475
911.103910166815
911.072802169586
911.054575089227
911.036249665639
911.032283919413
910.974145129995
910.969314072915
910.910413206637
910.886028752431
910.836807721466
910.811895431248
910.68597595922
910.658375466585
910.580476246444
910.509116170283
910.449377470375
910.376506074718
910.312934600962
910.261670158778
910.246180847468
910.231703751377
910.192290017191
909.990096368185
909.972961155255
909.927917855308
909.881330836293
909.838380774898
909.804897994151
909.760745928595
909.689486349347
909.624614117856
909.417567417498
909.414940576174
909.386606672898
909.376430480954
909.350218794516
909.297514372219
909.275714047586
909.262111654219
909.196284579927
909.12702992712
909.04831451379
908.948994352534
908.917709837981
908.889097224906
908.851726009154
908.828424217293
908.814570546561
908.792264138887
908.730181950873
908.687970140204
908.679113537924
908.672989470099
908.610520778301
908.541861610686
908.479954530255
908.443958056356
908.381139787382
908.304759909805
908.146821299405
908.089403940938
908.035074459001
908.018008196544
907.938826651644
907.925583947616
907.923001689661
907.912044853169
907.889913730305
907.832254015617
907.814302431323
907.800212165877
907.763771919112
907.596893954615
907.572944596639
907.555366009021
907.525583510715
907.482162580975
907.47894716019
907.462389774261
907.429013008563
907.410614091093
907.402304483893
907.380327858304
907.286618604598
907.227676582781
907.181846685955
907.167603815584
907.13789612423
907.124848684698
907.122021955097
907.114567370867
907.078124450014
907.059266379094
907.053183520013
907.038222722387
907.030152290683
906.974276102129
906.971771642222
906.911472870796
906.869677440007
906.768502489282
906.740718719319
906.72376862628
906.713113627977
906.657713192563
906.584963430033
906.578899456235
906.514417703526
906.501588697281
906.488005188012
906.43597490936
906.395969540659
906.336190024093
906.323663667111
906.29999217417
906.179791622457
906.063408959746
906.059147048255
906.030533857701
906.016451735099
906.010616160229
906.001383267932
905.965455707374
905.941050058999
905.853732943482
905.804397437288
905.763622111122
905.758346799763
905.690188686416
905.6797454501
905.679624276643
905.662833158361
905.645489679591
905.59614244672
905.571763667283
905.557601552242
905.381012389307
905.372432391255
905.323352148376
905.305888687824
905.302156256461
905.28246512852
905.280996712233
905.266553846335
905.229036679515
905.223397725982
905.220826990335
905.174970890041
905.161960829932
905.120606757792
905.076930363647
905.034701309817
905.000654199842
904.973148283569
904.969673578321
904.911470055683
904.90119465644
904.898612536741
904.89829014971
904.866326272773
904.861103054743
904.85505816409
904.844164212361
904.822698785639
904.768772867758
904.757372672635
904.748297516235
904.729547101309
904.707119879426
904.69316443283
904.64313556314
904.640564258756
904.625105851243
904.536553110087
904.523514007301
904.499145763139
904.462346303212
904.425448940493
904.4008022294
904.379592011367
904.32467111668
904.324195895943
904.312562500288
904.294794288677
904.261563759391
904.25993917461
904.245583850264
904.214562206873
904.151135017521
904.14455542466
904.137661841265
904.122308294282
904.060768495633
904.056405706843
904.04140083381
904.038710436421
904.034363371217
904.032697583208
904.000240530059
903.954448002051
903.924780531474
903.924356634236
903.883004472997
903.85475216916
903.85225534055
903.830605487711
903.829374215004
903.826745211012
903.752125536964
903.706672377063
903.678704336693
903.658132593132
903.639920942502
903.621516824912
903.60808364065
903.565417860941
903.527192033506
903.526881146569
903.516310465664
903.5092134457
903.4465611686
903.431235552507
903.378056756439
903.370981945342
903.355364001842
903.35265783806
903.342225161038
903.321539071278
903.311228981595
903.291213792042
903.249247965906
903.204313680502
903.200177647974
903.192058450466
903.188664607657
903.186126906169
903.156868272149
903.144232694728
903.127251612181
903.126287296717
903.121358932006
903.086406255498
903.055248912573
903.04093911879
903.034721445275
903.003194026563
902.980420540473
902.969201547695
902.96797826365
902.94706446484
902.935978619645
902.868948616364
902.826901325199
902.803377531412
902.773406071673
902.728323867766
902.723599890771
902.702929210256
902.69796732165
902.688776425854
902.685397502646
902.666638006379
902.61569157688
902.603533524144
902.599693598095
902.596544839761
902.583438256844
902.564535534408
902.562767004684
902.494224195822
902.480220214399
902.46911686905
902.454946808657
902.437355235922
902.437035686029
902.420544929383
902.417679522032
902.401889682423
902.35366298248
902.345860572666
902.345444638916
902.314425808351
902.278874386231
902.269296303947
902.208130558498
902.17459732513
902.169177761348
902.167418375095
902.110192602434
902.107959135261
902.03500157093
902.032424213425
902.027900315043
902.015440250363
902.00425384636
901.993341165548
901.96731834914
901.959833089099
901.956262336268
901.929025377663
901.92288386995
901.921816209217
901.908298459188
901.883064745524
901.838455402416
901.836129797165
901.803386301992
901.79970830304
901.792111700211
901.78566572737
901.752776476787
901.73118557787
901.70805058297
901.650280651179
901.646918777008
901.641286352918
901.631185385735
901.598929430354
901.587545573816
901.572287923553
901.553673298307
901.548051818138
901.517699489635
901.515594610186
901.50526315411
901.504084216965
901.500200336837
901.483812719918
901.465662626793
901.458285098835
901.449137502369
901.433282448867
901.429635093799
901.421277869376
906.485110322101
916.838738648802
906.088722424947
905.304675134032
905.446675809404
927.752912671457
903.327665566025
912.738303758947
909.199483874118
921.81832924519
911.497313800238
907.292245730233
907.593093667346
907.539607324392
904.581737832707
918.279159110748
906.870580236404
911.790329883699
902.39365349626
919.146663084044
916.025381014677
903.684993515267
918.301319608495
914.98830541575
905.022114973588
903.823450225565
901.95258414078
908.554015460003
905.817077462312
914.106535945763
918.443299687145
915.523550784109
905.215481311843
954.024854403068
920.833196630893
915.906790062917
917.240116133012
927.761736361952
914.77332669528
901.428913141231
904.801725227368
910.634872341366
910.212719297698
916.140827444895
913.441613159809
908.311701943479
906.83859177647
903.801824052457
907.008169073448
918.738146716866
911.046909755869
905.184971863238
911.863240519893
903.613267744132
903.371914161837
923.044702526496
926.523860427673
906.828505366279
904.543278907938
902.981651499894
912.914849449382
904.492237135969
902.831527242401
904.486920942424
909.753710639305
913.200677435731
903.822782415441
910.781256882005
903.218409987218
913.292534411407
913.115413280529
902.911942483252
924.324703701041
932.576589627841
902.605340029395
914.01186608894
905.435561424251
912.802972547244
904.097837111491
914.597011331909
916.115273798382
906.945615215413
915.480478788417
912.88561691931
913.081322492325
907.389634026153
913.773235053114
910.73446045225
911.268337814482
903.585677168831
929.722483733989
902.596440701416
905.279819821691
913.529193524128
906.607921764214
909.314328175265
905.115262084607
901.900617830516
924.831323218687
902.349385450448
925.517517075576
909.753945264478
901.76924364811
921.397764054965
907.543008900485
913.637675840668
901.460023149508
934.610960664829
903.424821340086
903.622631432429
903.8599759933
907.256976646359
901.640277442404
901.996137446104
911.119835005146
913.487346757814
902.763867867862
907.814863942916
906.103624126335
914.911117299297
904.91513126643
901.727452979591
931.807607980605
907.533957268626
903.946817494778
903.281939752331
905.488661575327
916.69822044749
907.082998765236
904.334502511986
919.958111321966
902.39533514734
904.920546694622
911.372516253315
910.597179045342
902.591013909444
913.250658000537
912.136765740739
909.264395010216
905.211331816348
908.441218130507
905.164349839262
917.827192211175
902.964793639247
901.731404718431
902.81268187624
908.57603787199
909.088134504225
904.156656454195
902.314796038953
910.901457690225
906.696039893749
901.905973155517
921.735460588574
905.976038413434
919.255591316002
915.230933719444
920.861006838789
903.294712100594
903.402333488973
912.535066991545
905.085046970149
902.281929627442
909.248090498762
903.315976544668
902.087833416217
905.486380679927
909.382310537996
906.495770137727
902.512694805632
902.623084261851
915.662470791128
922.576774102952
912.27233160638
927.753419512825
909.103282807268
913.036263006957
906.031960862203
926.750171029576
901.631571722142
922.174859583195
906.161862105487
903.722137923731
908.225266218285
905.131505542912
917.240038635078
911.513145222882
902.079868889054
902.203818678688
907.630496578328
911.733650506223
907.974810423553
905.421205488546
912.775619632846
927.142203274501
910.283987068546
903.867834089274
908.003766559438
917.267469803548
920.318083781302
902.23924218756
904.567940876477
905.830858767946
902.072145872222
918.888284887829
927.510644215241
906.546520254261
949.559096235261
905.034421928876
915.980546117596
902.380718813915
910.357295590025
913.999355927943
904.257849589872
912.657329054482
920.868700458661
906.329921226534
910.168982405899
912.671790381737
920.62211164541
938.113458502598
904.572599052118
908.529478979169
907.188811476699
907.283955843566
912.159868252889
904.63128564662
922.476150796081
902.40334646812
901.675376237171
910.562540624497
914.221372912576
904.525217857823
905.643732445636
911.129855253368
901.369009301157
902.087883726653
906.158031462435
910.676707634995
920.005664657444
912.610409528632
917.678617183483
915.278611559387
911.363066153241
930.757835026575
912.742228747056
901.961692313939
901.386111999769
916.017225953133
912.530111981479
904.019117937143
921.592887990632
903.167858469197
921.979786601304
905.179933423506
902.885540084858
906.821614063245
902.771519166155
911.259224315172
904.846065332976
941.72161771881
927.359769734535
923.405473255971
916.440013985435
904.324097004626
909.264921701769
907.898935151582
908.137029811177
913.038361342659
901.799515037786
910.4275333542
913.190758287797
907.048504907327
902.791568324421
905.151516420042
924.44341186152
903.978074361436
919.222882052239
906.809204130932
906.548578547166
902.786798339336
903.92353441544
913.770899966742
901.989578292764
905.637794275742
901.405450935745
919.427696842649
917.781319638759
921.289550003012
904.494064001189
914.963485207003
916.736602138895
906.994593629668
926.056352043165
906.275476036465
914.181993310105
906.575806174846
912.784016324775
903.605079229273
915.581389359017
910.088659198558
913.842311134094
909.750362675855
905.969140231483
904.583609033508
912.576883085918
910.068464570087
912.46109040913
902.578757267399
905.122730555697
903.705677254993
904.440798213647
911.288201028623
903.989000991574
902.035759405676
907.515114463249
905.622581249941
926.405498842533
908.219621834843
912.499659443665
911.423216876301
903.201721584152
911.628726401644
921.119850862805
904.132872848957
906.143996687764
903.095678361785
905.046306365766
920.304635060565
905.468752548387
901.49409176141
904.724798481707
927.62225617351
927.05818441642
905.604046245742
925.929496862224
921.388511703526
905.91066785444
915.193199169587
916.576536295477
912.874718599995
922.943147655967
908.003107231093
925.235224514173
917.863706912668
913.515530441156
905.919428214733
901.836893497429
915.152460555573
905.313298123427
914.701130885364
901.705107389682
901.752589636866
910.480882069092
912.448154937154
920.637226817753
903.53511779883
911.176479929313
902.800941216668
908.415037819522
904.871519198552
908.626554027944
903.509726392829
905.160085727906
903.06217885598
902.293924796283
906.846430842401
902.308200467685
915.487828363686
916.856432340135
905.945718719336
901.410500118989
909.141156473205
906.953744071331
913.326706400521
902.075907939671
902.718522156775
912.80000711308
903.160655036746
905.211214733548
912.249824074367
905.004102334102
904.477748098891
907.74288564441
910.539347303522
914.648635701685
908.436241180686
923.874810371747
922.399622410272
907.703565132274
914.887406671867
905.715042174592
904.135282521944
920.845925926346
906.983317354127
904.282075471924
912.56281370151
934.336249827449
910.498650857079
922.18051053312
901.566480556573
906.588718992129
917.940119501319
903.757755953766
905.725056561098
904.363105308211
919.694266520187
901.75000526555
921.838703470092
903.546653161777
913.868787374034
906.821788864808
901.504886262543
907.347327520428
918.301375109669
909.111994152055
912.704641921914
903.149063946459
911.068390649114
903.210708803135
902.362917394628
908.82888621716
903.240277260424
922.181632335877
918.523867810565
907.712522280581
913.591211223379
907.301672944347
929.901622166925
904.441178138608
903.666578244178
902.851828445098
913.174787266691
917.823956708399
908.666887216566
908.039464417537
909.032618151018
906.277623566466
915.449192801748
931.808200792642
901.749875416099
917.139636215758
904.439630977438
903.590464577832
901.487841064439
902.964966627115
923.430125100197
905.099654595793
909.189504781055
910.425481246501
902.562013104101
934.091582368391
923.123857781579
903.743042822086
909.203551461292
908.918847643726
907.66469774236
901.552144258311
917.674081855065
919.123948757128
904.037462405951
904.458796924403
912.964682688633
905.323177860535
909.614305122273
903.039114883193
901.908230914333
903.404511154665
914.277583604936
909.945895193562
914.322394286109
906.359963926594
909.698869228232
903.144638405429
906.662123858977
906.144513455388
913.709977538128
905.42488267065
904.777146722302
904.487988308534
905.290669363194
905.094669270835
902.750339208177
904.456849576193
910.479668537741
908.175504643132
908.289807578823
903.33389064413
908.519789603379
909.523165864984
914.803627522148
901.564170447198
911.337503346404
903.666519768185
912.367236365686
921.817215289502
901.368244554257
906.471890888779
901.584602165484
919.2381214521
907.029051365
910.112499181479
