695.209780350627
694.71596467722
694.701197534533
694.635601762227
694.618860972952
694.451628227761
694.428408563221
694.417549311067
694.351601489099
694.325636284043
694.130146721504
694.082807251487
694.079452266416
694.054642490215
694.045909901081
694.015445061243
693.923300384064
693.922759359443
693.910716314193
693.906021169778
693.89556558243
693.828235534872
693.799645485161
693.767964481435
693.751402756916
693.728768735945
693.725514730813
693.668235895472
693.667754614249
693.66389671413
693.620925558364
693.615703335368
693.542525416635
693.503305540801
693.445257181863
693.435740356677
693.422525796277
693.420147808721
693.407399433655
693.404988191092
693.398737296383
693.350810537015
693.342226058802
693.315108499758
693.284438245103
693.279322214413
693.272507671476
693.232997894054
693.227085352096
693.206735482702
693.179698457367
693.14470097959
693.143933250395
693.131485323676
693.120384140549
693.107095216028
693.063436875808
693.04735942732
693.014189475376
693.009483587814
693.00391428505
692.992364993854
692.969639493391
692.931656137021
692.911573869742
692.906727386087
692.879047501648
692.85671175831
692.843028829981
692.840598089743
692.832263804955
692.829319881122
692.82214681959
692.818861611468
692.816608370716
692.809436816308
692.800783304729
692.797254398839
692.778792539983
692.759480194277
692.721530508633
692.684885396224
692.682823997433
692.650470191976
692.634090449329
692.622759770442
692.618952025087
692.617636819635
692.59978490021
692.596566319978
692.567513141785
692.549579751508
692.534997160671
692.533571545035
692.513703993204
692.498531776327
692.481913939735
692.472577225769
692.464424543285
692.452974448854
692.444104065097
692.425473932992
692.410889427054
692.405024799561
692.395686638994
692.382215343205
692.365142757506
692.361058173174
692.356588558301
692.352667638361
692.348848365846
692.318176177087
692.288564475314
692.262677572581
692.23877473471
692.234814466988
692.221863654623
692.199282559274
692.195808152326
692.194076402177
692.192704566996
692.185724588308
692.179313161983
692.16438515696
692.157533235939
692.155323583342
692.145793136128
692.136873637953
692.133911662702
692.131468306937
692.130049026894
692.129247616234
692.128571834023
692.128516732992
692.126314516976
692.111902949943
692.110617561662
692.109887593209
692.109006679911
692.108407098764
692.107605317259
692.086264665106
692.080474375917
692.073358002551
692.071766510325
692.067392344892
692.062510987978
692.057866648695
692.054418503702
692.050945465132
692.050611950107
692.042974824569
692.042136701164
692.042022594343
692.038282003962
692.037174529354
692.036950234439
692.03420470006
692.027953076174
692.026633419206
692.016442587531
692.006310086786
691.995370317016
691.992604077153
691.986639030595
691.981603475801
691.952785119654
691.952746994046
691.951409860825
691.93243303453
691.93128608906
691.911671674581
691.910242653105
691.909674875123
691.901654543193
691.898359570592
691.88777025792
691.887644864083
691.881131160864
691.869666965098
691.868922985426
691.86809242869
691.858858483478
691.856378556466
691.856017079263
691.854111707263
691.852045125075
691.849818345793
691.838544944637
691.831498634875
691.796139724493
691.78832212883
691.786677277617
691.78334127085
691.782634467139
691.776852400203
691.770422540705
691.768647800347
691.764991543326
691.762400740502
691.75980165698
691.739483573056
691.737568510543
691.734359255571
691.729601942411
691.724168458543
691.723936268895
691.716671415305
691.715610745299
691.714974344493
691.708161735557
691.702089212514
691.690418955463
691.685787514396
691.684926556593
691.669540196788
691.667531444789
691.666873686409
691.659459705893
691.654650246528
691.654649889163
691.650750707172
691.648526696075
691.642581323909
691.635967455438
691.635747760625
691.63374114869
691.62006718484
691.608058699729
691.606721574514
691.587223940308
691.587003582064
691.586019811443
691.58115536487
691.574527582593
691.548943306184
691.547883045055
691.543199574137
691.527859342303
691.524634607387
691.523570153312
691.517505622459
691.510899508902
691.507989892273
691.507234280431
691.50094569136
691.493289716654
691.49251930103
691.491721718429
691.479573598009
691.478851592098
691.477667146681
691.472774316689
691.471705237715
691.466549312161
691.464796990154
691.463791465544
691.451117907246
691.447281310435
691.44452372927
691.444142891995
691.442710983449
691.437482115907
691.43743170899
691.427692079272
691.424739950164
691.423949236169
691.423108758102
691.421962671098
691.413878061666
691.41054857497
691.397829491449
691.394299003431
691.386644863258
691.37651548788
691.37124800607
691.367311190044
691.366492955768
691.337688709923
691.336754181316
691.332899191161
691.330441440144
691.317086415787
691.314818282919
691.310756811194
691.307424978454
691.307111283865
691.296370905408
691.294509526616
691.293967372538
691.290379255546
691.28340337285
691.276956583405
691.27261020695
691.268740937039
691.267268462124
691.259196069386
691.257115730895
691.242368366506
691.239448831222
691.23912255367
691.237352787008
691.235279290928
691.229355273856
691.220490968413
691.219983579763
691.210179447977
691.192692263206
691.192225550595
691.189599876798
691.181882550598
691.180766457464
691.180318922279
691.176530993194
691.172894994591
691.169119684444
691.163321764531
691.162555437979
691.161274694334
691.16109158544
691.160315443189
691.152823247265
691.144034711289
691.142798314044
691.141634947035
691.138324926883
691.138163992763
691.132247926811
691.128134218762
691.125037945284
691.122695714554
691.108538964883
691.101903479173
691.09826110295
691.090289191693
691.09011294513
691.08152557378
691.078200991291
691.077085946748
691.06842932382
691.063747390132
691.063252596747
691.059472716527
691.058482027341
691.054009524004
691.050290393382
691.046663128712
691.031510924067
691.029491812913
691.029125027989
691.026769875432
691.022764954561
691.014010335205
691.011508729641
691.003827583015
690.994566850486
690.994276458705
690.983981442267
690.979498438977
690.974714625551
690.973680347485
690.972075714362
690.967447861374
690.963211803397
690.96161364616
690.948081746177
690.94645959609
690.944741753283
690.934380457114
690.932928093977
690.932829936454
690.924324533518
690.921664659931
690.921363119773
690.921331384325
690.921205792329
690.914996091068
690.91429206587
690.901280602386
690.900793393817
690.899223528082
690.894185788821
690.893514941803
690.890539083614
690.890422951849
690.890357775725
690.890042740182
690.886516761339
690.885259327709
690.881198011856
690.875500303351
690.872715014144
690.869069316426
690.868578316761
690.858704768309
690.848216977883
690.841036707877
690.837882285161
690.836978407289
690.834174976475
690.831371964888
690.817443936136
690.815902939598
690.814828980892
690.814195704538
690.81397890328
690.813267644212
690.803413413155
690.803380381494
690.802251574136
690.80029203235
690.796389359833
690.790014156719
690.788350657694
690.787936587473
690.787810444222
690.786042533093
690.785881088834
690.783227156418
690.783002926605
690.7808149158
690.780573295342
690.778532291091
690.777257161699
690.772240855138
690.771780916801
690.769753231865
690.769371289
690.767648889316
690.765194596458
690.764612907352
690.763587882557
690.762631982245
690.762343746337
690.762265384128
690.753818899259
690.753752360464
690.749852922625
690.745985902822
690.743079646936
690.740418851956
690.738766873499
690.736721978167
690.732640896761
690.731842366997
690.726843647655
690.716531134782
690.714138701423
690.712530465972
690.711715594192
690.697741777089
690.697348068957
690.696625739738
690.691655520808
690.689919378673
690.68419968929
690.681667373268
690.68011433547
690.67783556165
690.671706193671
690.668821285208
690.665075952962
690.660431993558
690.660263917397
690.655774959178
690.639361787621
690.638565960805
690.637424992807
690.636310809702
690.635316818742
690.627788978299
690.626291988233
690.62498620314
690.624939207774
690.620884467866
690.620397660049
690.604138739483
690.597634375517
690.595322840122
690.590372195736
690.58555097552
690.584078656563
690.580579686198
690.579656673687
690.573521714958
690.571796983085
690.566031343539
690.564316101342
690.562866175811
690.562238036317
690.558441904051
690.558235418726
690.55719262903
690.555523003669
690.555215594354
690.553395710105
690.547374538671
690.542317146576
690.720835153553
691.782518788881
693.472355994528
690.949786010879
692.290732126692
694.459917230167
692.687446564673
692.572749553825
691.73487762484
691.457175634634
694.281349437753
690.663800250575
691.474906216318
692.112430484189
691.982614056221
693.211523792452
691.876386669263
690.747464883736
690.560262731243
695.044416784458
691.178159375717
693.493099537447
690.913222102835
691.357850594772
691.15556966685
692.668463674164
690.762426173677
690.950748385879
691.168582057099
690.569735533298
692.044488840048
692.109707103155
693.226326201474
693.196552840098
690.683651275473
693.403482746515
692.913009360548
691.838842532823
693.163770361779
692.254693228773
691.183860823738
691.58886239336
690.598440356731
691.651432505241
691.468807895256
691.050328050735
691.976279660645
691.423405600275
690.733276956235
690.797987592029
692.842217527586
692.515938459989
692.195469051431
691.156227878668
692.498405607419
691.967008780848
695.084411561154
691.351849069894
693.641004503907
691.122398721243
691.6676849108
691.959951911812
692.769673826844
692.295412075349
691.786799808667
691.405550703197
691.100397051608
692.250205541435
693.537647360933
690.70007275807
691.725117161141
691.572684934472
692.915746971083
691.356108842566
694.008201774729
692.083610724937
690.690229972682
691.208054866306
692.670727096778
690.599273312786
690.561390867929
692.557270906287
691.775302871725
690.571378708303
692.849136643391
692.435805225341
690.926368479691
690.720257610564
691.954654771968
691.177160336234
692.394091616866
692.117003998525
690.6309939782
691.473257384325
693.897222706568
691.058789064703
693.80702742261
691.420330075214
691.342095673256
691.150984534372
691.083959918156
690.560630418378
692.416409760151
691.401048723929
691.309258215527
693.505546114252
692.09668149606
693.870975725004
691.272214348917
690.799404040567
692.010893962878
692.773830338097
693.241364753651
690.637364538082
694.066092698826
691.314966119514
693.040376974064
691.117246470116
691.489603626177
692.106101114942
692.000227097607
692.424963355954
692.496295929645
691.388242311771
691.587009912353
692.965495695408
692.229660450774
692.191672379244
692.386438840831
691.055489691882
692.854438434704
691.158058085302
692.701386300412
691.148083126167
691.913836825291
693.246623529369
691.042165040729
692.026091218298
693.522069868424
692.117632802233
692.906137466361
692.452301664928
690.589094667714
693.547369783212
694.064498821003
692.962659141034
692.093563097611
691.684975323053
691.879805935884
690.583879285825
691.203731469799
691.316727410888
691.211888129637
692.836633968267
692.021017067358
693.688232903229
691.180961460786
691.749896254273
690.9355230572
694.909710505342
691.987366767734
692.5301077295
691.511645339602
692.737611845014
692.327287529337
692.588838154457
692.449492481549
692.903714764399
691.487219656649
691.781189508966
693.690756712786
691.795492515481
691.84142321162
690.552066729873
690.712406159842
690.795401412164
693.140113479439
693.669131359645
693.325603505224
692.235232874307
690.818802468965
693.715560972347
691.43653627581
690.812236361855
691.193991186438
692.124315315667
692.301025519047
691.027418853602
691.087813698067
691.088121217746
690.540922026087
691.92277291587
691.750066789489
691.438688512552
691.126970778363
692.224018076095
692.166686001484
690.633119057759
691.256573889086
692.069318161749
691.014867532037
691.221000027197
721.371323456844
692.286483708452
691.016205649678
691.684826942334
690.668080787968
691.224565730739
690.993225683768
693.257569612868
694.621995259903
694.190368323617
691.18400072949
694.868913727905
691.955406276936
690.661402092926
691.679163021107
694.246172866304
692.521405426998
692.246976933529
691.934259068362
691.424489665979
692.83081015095
693.608278477682
692.108718604254
691.408832725914
690.578570604371
691.72205675175
691.370913274574
691.29861891715
694.683420778462
690.972350325727
692.288419749621
694.175628654267
692.140818560766
691.081405519747
691.225411589699
692.557986004874
690.789884309987
690.545505429856
691.492890462466
693.258824747075
691.725322895253
691.048473756777
694.123514065453
690.601195402567
690.916424400964
691.09095254199
691.260158381545
690.606765957194
693.694713038382
690.800057137203
691.155571755382
691.119963542452
691.166303848286
691.585093906034
691.004490646785
692.615301819075
692.50592292785
692.815598460412
691.925566471213
691.417935457503
693.796444211406
692.59316626955
691.598007587458
690.997824356853
691.394183431965
693.219762130819
691.280403171531
690.644574453248
695.900767160285
691.762430129739
692.416812610484
690.947348780934
692.883401615296
691.412767466105
695.242765207768
693.2719780251
693.364845903392
693.23917327535
691.958536411765
693.366964611847
692.954479940228
691.52019894994
691.431340821943
692.630434895531
691.399542048733
692.338623142038
692.692352862864
693.219025461638
692.288383934619
693.951989787339
695.388287164802
690.847468757681
692.635396245481
691.810153846476
691.154341176441
690.910633218939
692.878952533237
690.595925060728
691.477509149315
692.393945006365
691.267350989767
691.550343351853
691.00390536922
692.446718188218
692.362314484772
691.659521163842
691.89564374741
691.553327894828
693.575849390782
692.128113097483
691.28981373704
693.114549702038
691.356780465053
691.709854200071
692.928261380718
693.499134499363
695.063913562684
690.622845549315
693.26964736571
691.313054461104
691.475308309779
691.918881293101
691.24721499877
691.028328112944
693.703812299208
691.454873313271
693.31582482774
692.321636695826
692.849290188511
692.745926680372
692.206795842304
692.856257491692
691.03240708187
692.341867367651
693.053791849195
690.92122076949
691.638484112198
690.895630888086
690.94737781967
692.176317119827
690.862879543304
691.961662748363
692.90762127947
691.020263965584
692.374616439008
691.478336535145
692.044978775896
692.088560659276
691.727724221463
691.005153078868
692.550346460837
692.437469157242
694.104659771779
694.173028650324
690.634087047405
691.968039289102
691.903127263295
692.786326590678
693.057150621554
691.129081594413
691.318859594281
693.129128060441
691.721750582825
694.474656586536
692.776427685733
690.737361059248
692.488398769516
692.235743232376
691.579714858703
691.775598289107
693.40703854857
690.825750144903
692.791336336278
691.250815873729
690.595365123204
693.566612914355
692.64047586306
692.396249089339
692.380514260159
691.207928157997
690.955448197653
694.711687475389
691.200349191155
693.740843809603
693.359839103203
690.591533558909
693.885337758549
693.708714639717
692.444842929673
691.314483931416
692.136105959826
691.166792805495
691.390973266225
691.858884658465
690.72050021699
690.568235860576
692.918489977656
692.588537313304
692.204021895458
691.014848513079
693.178863962958
691.065991198868
692.536038571404
690.888801656259
693.786789354935
692.352361127594
692.136894608029
693.304672089101
692.208974905268
692.453638869684
691.802686359022
690.773221388122
691.850105457743
690.580476176027
691.674290418292
693.633932993069
695.471711155494
691.935415976082
693.538105536888
690.709949736976
693.189218381685
693.238111094429
691.284248376941
694.116385568218
693.494354566184
693.729850359064
691.618344782546
692.626455829874
690.669018735966
692.369719495711
691.582480418419
694.153817740902
690.694334123799
691.839221421031
691.981341513761
692.121981192954
692.446447414697
691.595540348514
691.732652006285
692.158639086019
691.757157028832
693.23699151235
693.441875856295
692.876632473621
690.82168273172
691.342117741274
692.015273924705
692.316243433666
692.710282656491
690.562241020588
691.954563591658
692.278036166198
692.934007391678
692.224113402104
692.255033804742
693.432340839666
690.757843117095
693.307895951502
692.553701650359
691.494052515249
691.750014646663
691.526684359132
691.926913034114
692.46573966652
693.032848571053
692.747325598799
691.074677153377
692.844378275723
692.808370628372
692.415002343959
692.840365011717
692.746129255882
693.602769940135
692.16860921735
693.027566984404
691.481211054624
692.630320160102
692.298639439525
692.446664454984
693.17746237937
690.873238667443
692.449734313293
692.140783321186
691.433854331509
691.73281968206
690.70430239814
693.158701324299
693.187517572368
690.932897782395
692.827740496553
693.391102713595
691.566042022522
691.895612697878
691.224065947766
690.593963699318
693.335611145093
691.576876642459
690.703202738504
691.253859825101
690.766576587303
