721.371323456844
699.97919587851
699.793469001371
699.612926984883
699.478909450877
699.455719233311
699.437933372191
699.432616349751
699.39949509913
699.398658671439
699.377784459657
699.367717977448
699.365411500974
699.363770262217
699.344340579186
699.317914798823
699.308287200491
699.284493589931
699.282872137314
699.26574560708
699.243229920143
699.237765868507
699.233792282745
699.229746715162
699.204950115888
699.18968673594
699.17302754281
699.161847893376
699.157448813918
699.140655866916
699.127921448221
699.11000801425
699.096208938366
699.08942774907
699.080637831685
699.071822713281
699.062301792934
699.049994915308
699.043955809105
699.03673651886
699.030238243018
699.027971344634
699.026314943845
699.019973832479
699.007700976417
698.984123677168
698.970352344259
698.968842388136
698.964734228091
698.949542328867
698.924453725196
698.920632691851
698.914836878538
698.912637049993
698.900578055627
698.899828803268
698.894630256224
698.885789783294
698.876034632327
698.869700546839
698.863786113944
698.861329959851
698.850208870371
698.846801793023
698.84665369073
698.845767016533
698.84515573368
698.843277323052
698.838052727757
698.829135399982
698.829113542185
698.828342135017
698.826450899257
698.825237337283
698.817048647169
698.815922515472
698.805543645423
698.791354045439
698.783877372623
698.781350081487
698.780536411964
698.779979425355
698.771964549345
698.767988268265
698.766756513756
698.766313815127
698.764130361985
698.762548983599
698.753876577381
698.732898162641
698.731986919171
698.72931923411
698.721339432744
698.717078547734
698.714280140211
698.712335084024
698.712239280389
698.709526179924
698.709089259724
698.708243707511
698.70604533073
698.705364154879
698.692737438161
698.691570229372
698.687038383386
698.683763701564
698.680119679846
698.679779804273
698.675471808804
698.672769306996
698.67223539293
698.669509099286
698.669241951151
698.668578556806
698.660184577605
698.652968321069
698.651990641083
698.650728137555
698.634122278552
698.633567277114
698.630512264657
698.622374122099
698.620188853965
698.617649059439
698.617444726469
698.612868072061
698.611950988337
698.611828224061
698.604046473484
698.60196997853
698.594372015575
698.593702729396
698.59108726261
698.590545328788
698.589181152892
698.584558893433
698.584520388494
698.582756926542
698.582234708651
698.581256200683
698.578878327385
698.578092968872
698.576444437824
698.565842338083
698.558056813067
698.556329932569
698.553748814442
698.552656119673
698.552016094666
698.551643505697
698.549494291936
698.545643907323
698.543078420415
698.542423255776
698.541428804095
698.539204201243
698.531977882582
698.528719828827
698.528100579493
698.525042821048
698.523558079716
698.522136263467
698.519262406257
698.519166296077
698.5111262116
698.509163795863
698.504075265472
698.503397976668
698.498738328384
698.496333853899
698.494421946744
698.494082614774
698.492275316559
698.492196252755
698.488706767722
698.486375639782
698.485809728579
698.483371201913
698.479530594218
698.472412256836
698.462532066449
698.459967712091
698.459673433562
698.459591370045
698.456120163848
698.45541918869
698.455159004164
698.44786988405
698.44687904331
698.446069667593
698.443955572039
698.442670461275
698.436210827065
698.434510102739
698.43396912506
698.432687020301
698.43120732984
698.423037386897
698.422616725753
698.421162381895
698.42003874771
698.41956563599
698.413987577035
698.412609597774
698.41198208139
698.410577582218
698.408437661361
698.406797296202
698.406339784437
698.404929349389
698.403106300226
698.402569060997
698.400873223502
698.400650650808
698.400640550969
698.400418146366
698.399182955136
698.398484402865
698.391625703188
698.390753624708
698.390288739491
698.389531167723
698.387455845358
698.387181485203
698.382854373563
698.38041589202
698.37712250938
698.373113194203
698.370917118266
698.369915984636
698.369906401399
698.368758583583
698.361129148539
698.360691317229
698.359979701936
698.359894414696
698.357589310346
698.356249835604
698.353053247073
698.352958697026
698.350629337596
698.346961392516
698.346660878093
698.34253559357
698.341157669958
698.338820787152
698.338356698017
698.335481712229
698.335445646755
698.330339099324
698.330305833658
698.327512835436
698.320926837538
698.320822112213
698.320417217302
698.320154685495
698.320154311738
698.31813493239
698.316687365875
698.310868571151
698.309373258454
698.309094216645
698.306906669038
698.306274976413
698.303752650576
698.303351573919
698.303298072783
698.301129544066
698.299178232991
698.298731320989
698.294661540321
698.294103866399
698.294022842815
698.293111218408
698.292598934443
698.290847241198
698.289898990902
698.289292548933
698.288373257622
698.287294631604
698.285954812235
698.285917871953
698.285182226941
698.284125892322
698.282183259486
698.280358209561
698.279442322679
698.271771316831
698.269112152954
698.268867256387
698.264161896844
698.263101067615
698.2606929543
698.259132273299
698.258663277083
698.256442503131
698.256083029548
698.252622203061
698.251717084356
698.249004196159
698.247345932386
698.247316506638
698.245650061824
698.244495431949
698.24446488024
698.239519439345
698.238624817283
698.237844170491
698.237490873836
698.235836837665
698.235610631397
698.234921484485
698.234153194476
698.234091304422
698.232492161996
698.230564567059
698.230540916702
698.227573829562
698.226240510668
698.223815878545
698.223420713603
698.222275853489
698.220106171505
698.216292476554
698.21583579344
698.215764678935
698.215568765629
698.214027631018
698.212551794774
698.211867780043
698.210276726764
698.209742267897
698.207819798901
698.206612136404
698.206086394987
698.203897077062
698.203510382968
698.201230700971
698.201189002908
698.200846119295
698.200328524186
698.197078208608
698.196615228905
698.196540857227
698.196200500551
698.194656061092
698.193543851051
698.191549348145
698.187986775947
698.187609513849
698.179828560818
698.179818824874
698.179303159847
698.177589791302
698.17499819821
698.174495070877
698.174313243254
698.17258711852
698.171937546686
698.168720869185
698.168448532524
698.168227340348
698.168019968757
698.167537564999
698.166029116878
698.165890836932
698.165815731501
698.165367393356
698.163392303114
698.163334380274
698.159795910512
698.159116490976
698.15870248297
698.158023545939
698.156816973247
698.156664979053
698.154844724197
698.152716331741
698.15219336491
698.151991375305
698.150404410479
698.149569972068
698.149384419348
698.147976883846
698.147625566303
698.145254177508
698.14313197361
698.142586033071
698.141957552437
698.141017932424
698.140278354233
698.139720277305
698.136532903326
698.132166953165
698.131017220904
698.129114187323
698.126963435232
698.126720401337
698.126000801425
698.125371874312
698.125246584366
698.122165977871
698.121211503522
698.121047128795
698.120905071157
698.11988235647
698.118278584964
698.115068354919
698.113808581425
698.107753891239
698.107511537994
698.107499800861
698.107138113463
698.105201562498
698.104462877171
698.102678965651
698.099136168804
698.09722301202
698.095760173963
698.095360001123
698.095287700703
698.095193547566
698.09485281838
698.092667562097
698.09076252988
698.087003915031
698.086682874222
698.086378875795
698.085068418969
698.084839847792
698.083413699331
698.082497992748
698.081332891028
698.08082996356
698.075632907874
698.0729413383
698.072916805141
698.072155637662
698.063595160631
698.063305452446
698.060917179356
698.06085132973
698.059270888929
698.056071052048
698.055006119096
698.054220173918
698.052479197133
698.051412184212
698.049352016261
698.045110421164
698.043852886627
698.042077306837
698.041487747819
698.0387432922
698.038409434881
698.037654161171
698.036812926362
698.03649603466
698.035499466892
698.035322321535
698.033789872395
698.033720787203
698.033195943662
698.033033906539
698.032619384757
698.032535464919
698.03164840987
698.03053013369
698.029369115036
698.02914965202
698.029012865873
698.028992046103
698.028943809902
698.028900810134
698.028344697431
698.025155913504
698.024419047992
698.020270232293
698.019928292239
698.018056178365
698.017566054925
698.015781474907
698.009038376925
698.008386901398
698.008353065901
698.006199660169
698.005984763879
698.005865598032
698.004962109366
698.002779691134
698.00168610082
697.999582879643
697.999439291655
697.998887650568
697.998746205623
697.99811987052
697.996559289214
697.996435081789
698.979859364333
698.812214356112
699.518045927842
698.458540991411
698.200160480553
698.216252922365
698.685246929556
698.065457916016
698.037226011091
698.64222220322
698.691801526206
698.35809556551
699.141378677001
698.883144224028
699.526866668797
698.459578150466
698.595130558036
698.172961615407
698.38852459542
715.205076504544
698.107882857091
699.709247135727
698.880903677507
698.298553400146
698.532964874746
698.231977814863
698.511860048556
698.119520823584
698.369281516835
698.33776888812
698.808818020465
698.860157178663
698.375527406066
699.00896334584
698.51156485964
698.770137111098
698.612165107597
698.390829560938
698.144922221206
698.035300443589
698.238866848076
698.347162806017
698.110237532711
698.787714660214
698.661007375618
698.386417154832
698.121002965674
698.1273138767
698.47340261027
698.249008230427
698.29581745989
699.047289431462
698.153392500553
699.446859973474
698.1995855832
698.243417012778
698.619241749911
698.189792839443
699.36758861968
698.932802234453
698.916690943992
699.27612105206
698.808979146942
698.01333622837
698.117639030865
698.491078255486
698.017151061521
698.648393926616
698.62801196795
698.633184511417
698.771267148905
698.07095142469
698.349945339751
698.069615638759
698.257522019835
698.25571428927
698.081763453988
699.824318028676
698.546992611116
698.841623470221
699.321000000876
698.587189810289
698.236739949659
698.141163367052
699.343679526264
698.548065433498
698.132726220096
698.593321937745
698.295643111766
698.251533175794
698.419268740206
698.514715596776
698.320121855225
698.788349126389
698.189475112206
698.73903252062
698.382154823035
698.388363104683
698.806315365519
698.610362931652
698.232417037353
698.493250937303
698.177595703432
698.006567861013
698.097182401019
698.467307610707
698.399044078005
698.594416652295
698.769255977071
698.002364199412
698.348508382768
698.489711295817
698.944627234789
698.125516749648
698.280698655546
699.310641880952
698.3325591353
698.66514648098
698.415010114428
698.269901596837
698.382827488577
698.532142279599
698.567594455933
698.021915578089
698.40736155382
699.060867158239
698.080106033565
698.831706713345
698.062205994978
698.298954305153
698.958611820313
698.951266139734
698.057048744002
698.351444635099
698.422945157323
698.825725169357
698.386619620399
698.018427652239
698.771716932548
698.604483765455
699.030740445654
698.368559113473
699.434900643863
697.99609030787
698.30318490228
698.206939460949
699.473076330668
698.592573786482
698.837523844946
699.369984135727
698.092952824608
698.261872280541
698.084517490098
698.566590466779
698.382609774452
698.150681967584
698.668737852071
698.402115836076
698.123487390548
699.058838770526
698.192770033946
698.549104896567
698.674316658922
698.595865629953
699.908244777899
698.607122658851
699.033019751117
698.097985618995
698.449184136118
698.678288683283
698.0594761829
698.4900515094
698.616609726345
699.069726182644
699.039113441829
699.057424928624
698.41021293044
698.165938175954
698.109166575334
698.759837793489
698.910749547607
698.32722057437
698.69541765435
698.352290455055
698.431528011829
698.170462087937
698.744996483946
698.770753891159
699.250030061647
698.000594961037
698.839848481164
698.589919288535
698.119945570986
698.118875212868
698.888777493823
698.921171719545
698.95994419454
699.035763080389
698.959853350765
699.197442211769
698.412568726488
698.059670142913
698.495925542612
698.783890055124
698.890881839011
698.269048331327
698.974491771469
698.009650621194
698.802492097963
698.976410394388
698.380516555559
698.893342209038
698.797287062891
698.806459171222
698.611418898449
698.851738180886
698.911168107747
698.002486408957
700.161149520762
699.710464451727
698.333632153375
698.244819715071
698.626213405145
698.654956107294
698.696732873819
698.740983527665
698.773744477249
698.998732713117
699.086873075665
698.663174198402
698.391128966369
699.460747357574
698.075868211513
698.093778922005
698.927350983578
698.160869973066
698.003101943331
698.193923100394
698.81549000876
698.981983214453
698.846057978412
698.769182189736
698.382042625161
698.060735122851
698.990440364356
698.413082683285
698.505128283275
698.420814767724
698.066858996123
698.4442282575
698.852872781418
698.437293900709
698.985964999222
698.635457464441
699.662391391631
698.947868191427
698.137111300306
698.212098309286
699.941988277809
698.269472958283
698.559977569595
698.484171687219
698.315827449538
699.310678205741
698.317182734592
698.794787659646
698.055071939075
698.848549582883
699.217869177752
698.912716343523
698.373435160147
698.74231734279
699.25695235426
698.131010748416
699.071178400025
698.414418371552
698.176795391624
698.48038524368
698.804033971373
698.947814554392
698.0771237842
698.352221749773
698.024331961168
698.790036081424
698.856976549788
698.543537087234
699.086179695478
698.012386308312
698.168690847473
698.727013973768
698.030438216606
698.921758196172
698.175151500883
698.073143799284
698.513855762093
698.431142307034
698.236478105364
698.072905616871
699.189593560553
698.376661325023
699.692445256449
698.449228518619
698.232485211199
698.950628171659
698.018991006107
699.198747724646
699.135315413318
698.350648643591
698.416960623954
698.348797417611
698.519215073527
698.279561858763
698.017493557899
698.021213552061
698.431242155137
698.70006643705
698.525014792882
698.453409267908
699.594369877155
698.217042566699
699.853568886682
698.819701540129
698.026089124042
698.649230362146
698.542738774381
698.097734194725
698.440432173376
698.875947557927
698.725843534893
698.369040487229
698.374211659403
698.500632047068
698.680759325581
698.310986451712
698.066252748803
698.298052240391
699.020638610197
698.224382447676
698.937766932834
705.609175900909
698.415233849165
699.374862963933
698.475257183841
698.099384823773
698.666811322538
698.678601048102
698.841367707425
698.089812479302
698.180175286585
698.131670321382
698.406755503464
698.12233372365
698.350486306068
698.909477419323
698.77339333743
698.40782417492
699.186084969618
698.810062750121
698.045890133545
698.043333437208
698.618432297253
698.649362412124
699.195103123003
698.298649497338
699.334959620162
698.563970582887
698.685696785384
699.002764229727
698.485931892149
698.579933338341
698.809629633033
698.227837479238
699.095618276768
698.295701205052
698.334757021855
698.023533819797
698.198797179565
698.943120470625
698.314773728958
698.243765464962
698.552686516715
698.544027813243
698.380636874935
698.793873491199
698.408107234127
698.913905141862
698.075356418952
698.061004382284
698.198612024939
698.83452875896
698.185527619942
698.419607084152
698.488114523924
698.527251597973
698.693942239876
698.847136441262
698.597714221483
698.588564184274
699.211237868825
698.405685258043
698.400934884235
698.151608527986
699.228022485875
698.360971072777
698.718336686006
698.29213802412
698.752452812912
699.064583085735
698.345075964315
698.24074267303
698.076897040089
698.469225318955
698.506351374593
698.178474395532
698.487451721292
698.188333180733
699.332950544552
698.226270080303
698.260693363679
698.583465124398
698.059062519556
698.120351290394
698.182608622375
698.087612218505
698.447480095926
699.077353013433
698.013278203988
698.520480325118
698.028221126354
698.62449086931
698.313947256604
700.227312611356
698.626123371517
698.744747566449
698.118441613551
698.890486921779
698.147031457466
698.011085736213
698.919498168449
698.135645312615
698.608144156739
698.682758252546
698.854706082389
698.384281046374
698.241067605492
698.66461802954
699.66316952963
699.091371616937
698.051452006919
698.06924792475
698.182939364304
698.257474633722
698.214236894406
698.552412486192
698.156036940188
698.335829014127
698.026574544445
698.447853869161
699.02670735757
698.769103865101
698.480980800216
698.113353791255
699.010355150449
698.445856663031
699.053285078942
698.86957548289
697.997910153233
698.103194158145
698.343624975607
698.815839923072
699.532927302051
699.00082917967
698.092176085855
698.685010862794
698.283378748709
698.57643411906
698.397712740845
698.755879834302
698.090876023326
698.591401499026
698.238052182213
698.406281013542
698.231284443608
698.205776764879
699.504959642858
698.707685958164
699.000186554371
698.553656183081
698.252513869833
698.077780030152
699.924082149792
699.111487211334
699.136638700969
698.045876024531
698.173907869773
699.712684908806
698.108554029393
698.429845234728
698.103320771576
698.744055288751
698.499322963024
698.473059622263
