525.291421043458
515.741077082893
515.527803305964
514.673371431207
511.819597711647
511.736398276811
511.026280350617
507.862089970939
506.928920188577
506.884566591425
505.752203727002
505.359955710579
503.47083864408
503.277451245531
502.729935168844
502.271537811499
502.180198012119
501.586382983418
501.58353128729
501.398293538859
501.346644027876
501.25996642678
501.036478116519
500.938374272918
500.935055331996
500.691426490918
500.437984323684
499.023449796102
498.90201757345
498.824862398633
498.411296497257
498.020140998288
497.984507730758
497.520411094127
497.244526128495
496.579973790984
495.983565789811
495.780058487091
495.70491712477
495.698208836814
495.636973952308
495.184646030487
494.755658969996
494.746680099392
494.614602065499
494.41052124612
493.62846067488
493.517111822543
493.406371949286
493.283124674595
493.125640732187
493.097877191242
492.911755166518
492.446224774047
492.408657661787
491.997392536123
491.937055773398
491.835093316956
491.834575360137
491.743357092782
491.290141524414
490.922421295813
490.749081222962
490.439370748244
490.422123711212
490.318363409237
490.266015844557
490.18056604915
489.510654631421
489.421784512965
489.328323227852
489.042820339734
488.968845821054
488.877523338155
488.384890957679
488.36697575004
488.270733176321
488.240097542576
488.211412053271
488.116530924652
487.811612880484
487.481433118963
487.404079650802
487.308750862844
487.185017585054
487.091836007049
486.881547590909
486.704489143784
486.688636996418
486.632337394751
486.433659764574
486.371681134488
486.243591830187
486.240423928014
486.216574013068
486.138683865374
485.957310969376
485.789021037096
485.733535801162
485.709515323245
485.646026725379
485.584068724949
485.564380510974
485.432776345688
485.194709705938
484.835393913452
484.813455505972
484.559155681176
484.523788548759
484.517311143371
484.247319738134
484.058110406828
484.04844723506
484.011718344792
483.891892032981
483.575052593093
483.469799597901
483.230613389017
483.194715613883
483.161935315985
483.120111048638
482.901365142668
482.622373248032
482.553214446595
482.538080229571
482.241260024472
482.164757219221
481.865736337264
481.792276870154
481.652966738275
481.6480747077
481.32506154244
481.167100343678
480.726044758527
480.722985789928
480.718517830341
480.66980625713
480.665691742862
480.606106007947
480.465040962416
480.445975078493
480.348650691519
479.91016372357
479.290852686254
479.284011056106
479.218520334353
479.04728854811
478.965245574529
478.91771763544
478.862846723338
478.635599928589
478.614822902974
478.506239099014
478.31647520785
478.245131189473
478.035421477569
477.891245004333
477.678555143188
477.608015507986
477.595556885882
477.583085610624
477.573836315687
477.469833546214
477.262519110171
476.906600434949
476.848921924344
476.819438683543
476.786484962745
476.673487875826
476.593738486714
476.184615006296
476.091204752735
475.949930065849
475.92708555483
475.794085861763
475.715957880836
475.711655158347
475.641014939565
475.632900891817
475.525779282801
475.510039565002
475.500046862951
475.405496723471
475.38563487593
475.303040022549
475.22403705158
475.168280496155
475.026820540998
474.989248374023
474.892768922736
474.86634224569
474.74158395285
474.654429830342
474.643990814765
474.618656829448
474.595611372895
474.409494437137
474.339468221885
474.23219908838
474.023546774946
473.799901260223
473.725561683698
473.48620810187
473.378412377391
473.35908195571
473.233735040343
473.182529557443
473.064621607664
473.041568262128
473.03944075249
473.002568167441
472.800119754192
472.695731635367
472.665723429592
472.513339308608
472.495294608657
472.416956158293
472.363593449405
472.357052189423
472.146916860652
472.05831399045
471.981699614477
471.977650133153
471.977525053074
471.919797900943
471.845496211628
471.796323253722
471.772177795463
471.678944490029
471.590039125766
471.323259585403
471.20974454674
471.08803891654
470.894285781207
470.877244246475
470.782783259125
470.703058427717
470.648354404463
470.539877288321
470.381974865503
470.38055782265
470.3465845273
470.340277505831
470.288864379073
470.231131160131
470.184171396101
470.01481394181
470.011725222673
469.82535343299
469.790117252142
469.785573603973
469.762397858282
469.758529005527
469.748484264635
469.547938059013
469.544832066067
469.515373093392
469.44347605495
469.421698049787
469.419669529924
469.286999364564
469.279418929604
469.261925657973
469.175407536431
469.095317781817
469.067619906355
468.997745565888
468.808262524139
468.746455140452
468.742202448855
468.642829574211
468.630102898764
468.535824057644
468.467092528997
468.392547787427
468.3043554709
468.121799657214
467.991616314775
467.926633880867
467.90260031614
467.708701383871
467.656141743382
467.607241151924
467.567126221619
467.523280890941
467.48272104478
467.468378736596
467.40076979306
467.364618897227
467.360711675138
467.311471312878
467.245736267684
467.079420624778
467.01441100554
466.99644621336
466.994081452737
466.987551742533
466.877315481529
466.796293267748
466.773780958601
466.57805089405
466.529747002146
466.407952829607
466.282768439072
466.145669901277
466.061163786292
466.058000490947
466.024750044281
466.006218276541
465.995075931443
465.978866310396
465.974179481571
465.665795616311
465.649275600811
465.53635221481
465.508314374171
465.473620229691
465.415598700402
465.403036194157
465.327469745104
465.203423652844
465.201430532327
465.134360577366
464.998919383135
464.913244923069
464.891108419353
464.830573903134
464.826039890937
464.68484266786
464.618781134674
464.511602390985
464.4896209338
464.455217727763
464.444949131443
464.344929347274
464.342028943739
464.306265617317
464.279139265056
464.266468923423
464.191749706706
464.149966927023
464.035968950818
464.011167574077
463.951948098402
463.90646620086
463.843351787596
463.827187266064
463.812012204123
463.699601035006
463.683384591645
463.619998297766
463.594994603225
463.580547803844
463.529853227255
463.468974022299
463.249490412681
463.202919713375
463.142303718023
463.095893857825
463.049704305407
463.01406248679
462.940504986182
462.896135532136
462.71099539096
462.683400302887
462.671972208916
462.633768575957
462.624826995093
462.622913186514
462.525430132391
462.398139193765
462.132310922399
462.092011480301
462.049077369709
461.964161623463
461.945904592106
461.803337083281
461.797010710337
461.76089354454
461.729095811948
461.65495255605
461.628157584919
461.610904614654
461.492680190404
461.43357597198
461.385946788586
461.319960979939
461.282252444797
461.276428589925
461.215526012272
461.145022564638
461.141761200162
460.985194984269
460.983896913076
460.946508370392
460.930800476366
460.906171612978
460.891724264091
460.864503974286
460.833842530122
460.748381220828
460.711039641587
460.41869901098
460.401461823007
460.320589919723
460.318667406308
460.308044867748
460.272538555378
460.195238528127
460.173210428346
460.172796250323
460.167246936081
460.080240614615
460.072349085111
459.925348549876
459.865757617476
459.838137473174
459.830248610488
459.79405626104
459.782001176875
459.781029775473
459.642590935479
459.592846748592
459.411448712578
459.406909305007
459.404847916194
459.39144980353
459.249231562092
459.140274424675
459.129328871444
459.081504445226
458.934800672402
458.846418349569
458.834157877462
458.607583699009
458.607209999703
458.572861897456
458.478413461746
458.400696172166
458.360874233021
458.359439647765
458.34929103852
458.328439880337
458.292147878589
458.21704429523
458.13698921899
458.124207988515
458.087103718138
458.015538370571
457.997960818414
457.970266372268
457.950200758003
457.901661036004
457.872734848942
457.80739908888
457.750168029652
457.747805943229
457.695566809276
457.586161376388
457.553150677521
457.512154324894
457.482805561232
457.416755169418
457.369997130179
457.366397276705
457.3536722701
457.20507132703
457.195411709931
457.194622762114
457.112827932418
457.091807709041
457.036367953882
457.000811688019
456.842353990611
456.751899575964
456.673731237373
456.632895000496
456.631495388845
456.581855280037
456.524572142396
456.500036035198
456.497860902179
456.417321433803
456.394960259969
456.308327780358
456.279486611804
456.268168593754
456.239145225817
456.237727824613
456.159070298414
456.150103354461
456.132265646203
456.024997948334
455.994789783421
455.98976310486
455.984501408711
455.924808507961
455.922652386863
458.263271861653
461.437358230648
464.252681345315
509.831057622115
460.159152593641
526.919588582326
490.670360841333
468.428922599291
464.212247634697
467.303216882034
540.712548797613
458.503793800011
482.140553428661
456.806807534539
465.193601522749
489.072306782665
468.085170709907
501.277724608593
471.000080742679
491.464681344737
471.898374783657
497.000076716128
457.262478246326
460.702728189
477.866106627871
466.986106344409
462.705291050976
500.329449449756
476.909133905881
472.481754426711
461.721563055567
471.228467948472
456.362189244844
484.758835085955
476.476282079885
457.432428823066
474.108721168091
485.776766225871
485.208318214446
481.52390869488
523.345189837026
470.464959990447
480.609652792027
475.512947379412
496.547611356298
485.515428357736
511.096531646261
492.290336213091
480.574680778416
456.422812319218
466.759085944427
468.475065700122
521.158126584155
498.791304286053
473.345485959466
483.149465151142
459.876344784334
486.853157389021
469.437237117751
503.22722681146
476.213693800543
478.478660590936
476.670364425584
487.045993117707
456.075749628458
502.874422735781
479.507166202728
460.045698433822
490.447141152846
477.935972760443
462.718785843808
463.510465364215
465.250736372873
463.786459715346
512.027524529752
459.006627264209
469.519947273533
471.488918376856
460.070225459241
460.3756105425
456.340258158828
525.613055023016
473.114272499402
470.629457713032
497.468541375993
465.868774523385
472.344706447694
509.638643058138
513.217711532044
472.780385857825
487.770385003935
520.358322116906
462.515091819662
485.443615792709
463.364180619765
495.407754885919
508.783068668429
456.736387512391
472.458677633822
457.366630302496
471.799044505124
478.415961825864
468.909978722416
478.395877777405
494.267799413041
493.826525015332
478.743751339339
484.407970047595
456.229272748728
468.59285463448
499.865140292522
458.967505324607
476.624968256413
492.001667191578
486.028295395411
484.479993997001
468.287573114976
525.154962943221
484.142162396417
456.53513407997
457.092620228814
466.635669956599
491.125904487747
492.477966390348
481.680341602797
456.422171349844
510.7611636186
456.18310110761
456.672965393844
470.016102683726
490.973268044847
457.797585346623
491.171229979846
495.366767248718
494.987159883037
475.874802250608
456.80356165336
487.602373242714
492.770192232428
464.266776087174
473.462590527208
464.909465740682
470.352760315843
461.795806280639
478.197945937774
469.216122460926
475.919371981667
483.935636396863
458.431666384545
499.176391582221
490.59313175257
518.586620738797
484.69871429308
461.951520614097
457.497414267597
460.826780187779
474.308868142343
485.24546489351
473.091503641572
456.548357622342
476.570497411618
461.191344235736
475.686144498202
486.999405885452
469.600358874936
458.553866829103
463.120863465646
470.60172082407
503.342272528424
459.402728436397
484.057763402752
470.623556308386
463.650118769093
467.130335163305
484.42408875564
503.161174499729
510.851286279372
457.89045310541
493.400667124291
464.078132699294
473.551593880508
465.84622985355
456.868721326475
474.726266462047
489.100861430111
481.339560124089
467.756634954276
465.580266310748
501.074202483261
468.152597789696
458.943818783324
491.731107710212
469.376946964547
471.474425040316
459.095981491003
488.041352032423
477.112581836781
457.664380668536
472.440879468388
490.981121831093
456.495739823654
476.548964840247
485.505232481852
473.607763941762
480.75381883064
486.631887190307
470.495258375422
485.58965769367
473.943843504707
474.194629167648
484.862297316424
478.745185748022
520.682183820408
510.526897689938
487.624804693954
483.984900987796
459.196037678445
473.444497602506
461.373484478025
458.947923712712
498.164845086888
457.909327153461
459.816308736268
491.502941967126
462.550423316122
505.072003847937
478.715171010439
464.002177552635
461.222093814214
469.995977852032
478.46061222435
492.345454424611
494.33984195808
499.394190415373
467.774546102517
485.120355501738
458.753994078653
461.473537295612
463.22674621588
495.640125566066
460.077763340244
469.107574329061
459.956794025886
493.653538572605
460.078635741991
501.470226638422
472.259135555746
490.162055602945
461.332209937288
459.225642701652
473.074526120226
461.287024678416
458.343084479419
472.951642897883
459.637417220935
462.90514387295
461.514718627265
478.013782213825
464.285495796359
466.206303797378
476.167578505298
457.772508463464
487.758761501827
460.18442809219
465.954411654318
493.787951041849
492.087737476045
487.976436297737
466.44130658032
483.210213233825
476.98104075206
458.343338753088
503.257291254159
463.663980499706
471.557771065963
471.85657689542
509.059738118593
472.891650571983
473.24747260731
473.501054959518
474.068558577518
470.213712053864
500.664249275826
466.783915000874
480.312274990057
465.169803920702
484.939477145674
469.80099792265
485.094849127648
486.406899999486
470.289450384075
457.359944223322
489.67892330872
459.753093782343
502.636375060969
456.576342104245
466.999575083557
483.724206506172
484.589131414663
460.652257813621
479.12304257977
483.3837659397
475.465300436646
486.551314942677
460.474827203212
466.463150626192
477.158586323652
490.334434052548
468.505684741653
487.766568776252
509.260897649303
464.007834467547
511.968009810884
458.073946192147
481.385873843768
475.118931084845
476.052899709629
457.426936761379
471.791894937109
500.741337858222
512.047700249148
500.176603884925
485.817429086418
468.035254728944
479.516989528468
491.789553623822
462.956806564907
472.797507165321
486.689107259398
498.691403055982
462.098674677507
463.243403234656
459.922190691115
475.465970216573
462.922956178345
463.201874102669
460.403104827932
467.117192290794
488.558730508954
483.933359842469
491.338890907449
481.723607464243
462.982763148763
463.322770772311
470.505349344794
460.583571653534
472.179857605078
473.358981838097
460.140076362977
495.573245758979
466.772767846485
480.146415896161
463.998209492117
480.83280207399
503.879590021415
480.578928567003
467.435104071409
483.907690233884
471.090679414096
479.752480172215
498.471308896793
481.472521863108
472.281478633396
479.635116926138
518.431092489629
456.963987092978
489.187252485445
457.6520476844
466.133664059122
487.082919045795
468.760279355387
477.771092480167
464.031834293619
461.317256849248
514.328442021349
465.68489177763
473.574411775376
458.510105438605
494.813492755809
459.92203278209
484.139632737492
467.134288733817
467.80930842489
505.063012450652
459.301651428657
484.095510196706
462.483978738043
471.505441856653
506.901782549071
493.317569092003
456.163560597514
491.698380376596
460.191592253307
500.2900813967
459.695087535559
480.010696305943
508.910864287217
484.6047766995
473.712777585434
472.461216952773
473.489517441017
471.930540537594
479.254322142306
488.708664405511
460.660821787429
458.79381711952
462.979581479626
478.266812413308
503.184516855267
474.409973647599
470.85496378511
469.684740187473
457.01425247482
468.317444005649
456.923745875447
458.59823221271
498.079577709511
490.321697732163
504.601178734164
479.40679508892
489.023833592947
468.747419326425
514.021843319731
496.978711252284
488.032144938159
511.244722397152
459.791626075925
463.691217922606
461.687319711382
465.229219104677
488.168894852599
486.463278004905
472.923731459193
502.491487577465
471.632283436928
475.67131893809
466.330282943295
468.922553889823
503.517291171766
476.907561272237
473.350099876936
468.632606689874
460.18957507448
485.575606949396
464.307532406516
486.176088052224
458.028937648284
460.633716178737
460.538844480034
466.764565816385
461.866451460512
483.136993749181
456.216251469515
493.930479832696
474.429713118029
466.091069494396
462.004294058959
475.966177458884
507.604724609145
514.475063393006
458.175609225799
488.039346267752
497.982745186488
472.512887980051
490.736670735142
455.859954535076
481.885344806072
485.506580632549
468.071126049496
500.313304598478
485.720400083578
466.646335261097
521.362113964602
461.317583989921
492.28535717954
485.300592421807
461.580139612571
460.905423620523
516.563338713596
505.099286743837
523.780665810513
468.006418191467
491.192590318804
463.178090449141
487.988004781474
459.399283285838
496.614985423219
478.753161002791
503.21176292197
496.027735214711
462.43156602812
515.592496985682
485.237063964328
494.153211187986
470.399741488148
477.261134493687
464.757981754614
457.200303054883
463.832175208497
489.909785559512
475.799266235258
490.837535392081
