487.308750862844
472.357052189423
453.093433265959
401.201746242151
398.078926989354
397.544834110099
394.916290138282
390.687282851861
389.234365337261
387.838219989975
387.213033712848
387.106231911118
385.617137257136
384.56695905621
380.808475770501
379.64059487022
379.556488463675
378.098493467889
377.73541951826
377.730585042395
377.098883395071
376.773822782339
376.22663603191
375.667699509557
375.496923976841
375.439616806725
375.43200998681
375.394332663307
375.318956765609
375.264165875543
375.250617179843
375.170603475568
375.100038245241
374.994921782995
374.945709186852
374.882424859373
374.862827743891
374.719276822321
374.68596016051
374.668167950868
374.662826184241
374.660619638897
374.660335444531
374.657139787784
374.649591060372
374.649061953828
374.649058248332
374.649056284518
374.649055973123
374.649055801988
374.649055743799
374.64905270565
374.649048939865
374.649045946973
374.649045877453
374.649043114693
374.649036122904
374.649032974851
374.649032703707
374.649029354847
374.649015918532
374.649004661498
374.649003960814
374.649001102392
374.648998650129
374.648995091348
374.648986678068
374.648986642208
374.648967239303
374.648962200031
374.648959405998
374.648949077559
374.648946858586
374.648945896998
374.648918815253
374.648897821664
374.648888724312
374.648877385994
374.648859658997
374.648845380676
374.648844236398
374.648842776258
374.64883048077
374.648812482767
374.648789963034
374.648775918909
374.648735962602
374.648722621306
374.648716249024
374.648713148052
374.64870545141
374.648689648652
374.648682607799
374.648671997558
374.648610000598
374.648566423424
374.648562145426
374.648557382941
374.648552851274
374.648551609302
374.648501992613
374.648499523347
374.648467824092
374.648465244616
374.648455975973
374.648451502101
374.648392877329
374.648344787337
374.648329038835
374.648326042069
374.64831741455
374.64831246788
374.648305396706
374.648285491076
374.648281171647
374.648270510571
374.648264702606
374.648257335467
374.648231182798
374.648226256732
374.648201160715
374.648161102823
374.648148550044
374.648095223553
374.648084219344
374.648065271846
374.647987872607
374.647975799321
374.647858372164
374.647845942133
374.647837669695
374.647830671511
374.647822780246
374.647819504202
374.647775727449
374.647758324812
374.647675599831
374.647599862211
374.647576902919
374.647569607352
374.647559952384
374.647538575315
374.647519125571
374.64746786827
374.647464266657
374.647462992662
374.647455490609
374.647453272688
374.647435140594
374.647425343477
374.647400796888
374.647372377359
374.647361839699
374.647359108153
374.647338097905
374.647274843464
374.647229147003
374.647172460208
374.647153502655
374.647117839364
374.647093497833
374.647087816996
374.64707011447
374.646852660619
374.646766351142
374.646756040196
374.646749658757
374.646739720074
374.646655466485
374.646635703385
374.64660426933
374.6465779955
374.646557370911
374.646540882561
374.646468772354
374.646425463755
374.646419667993
374.64634672526
374.646327987166
374.646297988718
374.646259530674
374.646245213627
374.64619326709
374.64617926481
374.646140842444
374.646130820912
374.646046525875
374.645929669554
374.645862184579
374.645810833697
374.645558885751
374.645529626233
374.645519682126
374.645475974088
374.645467895439
374.645466305241
374.645436673503
374.645425209945
374.645420140124
374.645321736521
374.645296732197
374.645291918662
374.645245436762
374.644980552369
374.64497341364
374.644925104152
374.644906305825
374.644841212209
374.644798537378
374.644764501324
374.64451935541
374.644452214039
374.644430967397
374.644420139086
374.644412928169
374.64433545482
374.644292223759
374.644256599649
374.644157369018
374.644134242817
374.644053171553
374.644033002421
374.644026922263
374.6440128554
374.644008655148
374.64392685368
374.643925768371
374.643909078286
374.643892338777
374.643858680542
374.643763506775
374.643719539277
374.643552062812
374.643546443578
374.643484481044
374.643471074859
374.643457175057
374.643441924272
374.643437216328
374.643423415569
374.64338147606
374.64324826865
374.643162495754
374.643153049129
374.643149487892
374.643140401511
374.643041040681
374.64304004535
374.643037369896
374.64302372424
374.642994560434
374.642934910432
374.642931401922
374.642798772777
374.642648833043
374.642594054375
374.64251328431
374.642505953955
374.642426267823
374.642372936678
374.642211376776
374.642189429363
374.64212615579
374.642070991465
374.642023439064
374.642004766086
374.641857322333
374.641776784226
374.641768726696
374.641738220853
374.64168693444
374.641607409445
374.641525681478
374.64146589238
374.641464423405
374.641330186578
374.6412714315
374.641218794713
374.641206835662
374.641176371335
374.641142653952
374.641127438981
374.640997912629
374.64099337767
374.640982857953
374.640946999673
374.640806845186
374.640664498741
374.640626512847
374.640576973056
374.640525878873
374.640373496981
374.640320978303
374.640308651043
374.640252691654
374.640146826157
374.640075622718
374.640004427492
374.639821896352
374.639734415162
374.639532152765
374.639519965915
374.639425533103
374.639404850267
374.639263505209
374.639259076617
374.639193874545
374.639176255001
374.639024130253
374.638995958735
374.638870187054
374.638735787283
374.638714247552
374.638599854004
374.638507011887
374.638475247872
374.638436616713
374.638369020945
374.638312365282
374.638312223961
374.638130939448
374.638121376779
374.638082923503
374.637976745312
374.637851232715
374.637719284413
374.637710529809
374.637665153257
374.637590334348
374.637550524559
374.637479985282
374.63746030644
374.637419262507
374.637330879011
374.637231667585
374.637222316606
374.637177697191
374.637100158662
374.637093039322
374.636937218525
374.63691459723
374.636804282391
374.636741980401
374.636695912891
374.636618016153
374.636617735683
374.636430730879
374.636214799622
374.636091064774
374.63603061266
374.63600166533
374.635890117991
374.635821878306
374.635629236953
374.635406611107
374.635065170514
374.634988731268
374.634970273702
374.634936313733
374.634858195112
374.634537904895
374.6344765737
374.634460529925
374.634445360491
374.634390785784
374.634369113587
374.634344170546
374.634293710205
374.634232178065
374.634179995312
374.634131737557
374.633910820934
374.633830706468
374.633816380697
374.633710948026
374.633680796153
374.63366665788
374.633642003434
374.633625238793
374.633506026153
374.633498727523
374.633405404039
374.633321338242
374.633243787103
374.633144648344
374.633120013486
374.633043994758
374.63301616493
374.632861143124
374.632675395574
374.632664230943
374.632577981158
374.632453885408
374.632413817572
374.632360044724
374.632356162468
374.631650656563
374.631564404179
374.631297814348
374.631279761791
374.631127725889
374.631106289451
374.63108165021
374.631053405722
374.631027275587
374.631023843371
374.631013114964
374.630994481533
374.630831453463
374.630742396556
374.630709479648
374.630581140966
374.630336850134
374.630295929035
374.629771335082
374.629703635237
374.62939299817
374.629326636858
374.629315769843
374.629161224682
374.6291343196
374.629094459766
374.62898655286
374.628919404484
374.628760067918
374.628549923496
374.628477246498
374.62793228981
374.627921738831
374.627892998153
374.627804402696
374.627795633944
374.627456646487
374.627337960616
374.627299732567
374.62718893995
374.627184435612
374.62718434257
374.626890651829
374.626744579107
374.626507002602
374.626278317938
374.6260273813
374.625971534064
374.625945618552
374.625703174966
374.625581154839
374.625495269768
374.625457334006
374.625438678695
374.625273151417
374.625259789553
374.625233118283
374.625044046389
374.624632371725
374.624574485909
374.624416029454
374.624166028319
374.624128367496
374.624048680598
374.623996522214
374.623872135119
374.623807746364
374.6236345002
374.623572636306
374.623410649251
374.623318804624
374.623148687127
374.623006296592
374.622990821144
374.622990142715
374.622891992815
374.622765203789
374.622690244524
374.622551071514
374.622495999049
374.62248401553
374.622445196632
374.622405818814
374.622379415908
374.622355112722
374.62219948011
374.622127311197
374.621844471262
374.621786998095
374.621746414581
374.62166167668
374.621595214409
374.621552485933
374.621269593763
374.621263440644
374.621139163537
374.621072412929
374.620851037787
374.62072358307
374.620442938448
374.620340354431
374.62021154483
374.640593943072
374.649019670644
374.635373942467
374.648790678731
374.64171503669
374.639232542763
374.642467882855
374.644814015797
374.624038491592
374.627798761849
374.644102045192
374.873911209753
374.647159060362
374.648004621781
374.679390034087
374.648587034286
374.648089992118
374.634133345685
374.646997304987
374.646774266318
374.644386162672
374.625424628951
374.648825142295
374.648726839553
374.647687812067
374.646456349416
374.648284615801
374.635935814618
374.637027665732
374.640639646884
374.626829870537
374.636482836448
374.635964285866
374.645274784763
374.645856770275
374.632720791027
374.64841611214
374.631917307107
374.632503463992
374.645711291753
374.644857155857
374.639697566634
374.648808031531
374.648675366916
374.649024178838
374.640671136022
374.629183080424
374.628105058602
374.622714160663
374.649054644985
374.641868569916
374.649059924029
374.635700669682
374.642569567298
374.643883842754
374.632755145486
410.940592141017
374.643726489305
374.626649211607
374.64891478404
374.648553290945
374.646690587733
374.640726959872
374.647745250584
374.645608359755
374.64770782234
374.64834776646
374.643831427775
374.625317630149
374.64863407286
374.647206519974
374.635117974685
395.639322305102
374.647711443298
374.643044657565
374.626212291282
374.642557830816
374.628975361282
374.648765171772
374.648881604451
374.634252264224
374.639077944751
374.648397382714
374.647296741266
374.628503572707
374.6437852998
374.646768370292
374.647507617339
374.63341143981
374.639201165316
374.627995194587
374.648990327403
374.630616134065
374.647919494
374.637309476344
374.643147276269
374.630246660208
374.648538295258
374.649057196227
374.649004369708
374.649045812416
374.648959548061
374.639714537988
374.647196488735
374.632507946261
374.636945549855
375.153158983542
374.647270247229
374.640684352357
374.679716111027
374.636153805448
374.646813850429
374.640536481423
374.649020840832
374.640403249667
374.625628685162
374.641853469259
374.626950532635
374.64937360848
374.636168660364
374.643888176852
374.649036667066
374.649052335251
374.641075228313
374.622892812379
374.628148884136
374.643922069252
374.636307969995
374.624298002598
374.646916642124
374.642158771473
374.638202121599
374.644351764938
374.648082830117
374.637428239087
374.642944615969
374.648900777022
374.649062225457
374.636449811516
374.644355302181
374.632740723231
374.648873562802
374.62150930726
374.647912409612
374.628875479263
374.645577417562
374.648928939711
374.646105479977
374.648637945148
374.640059780244
374.648004091445
374.647225530519
374.637245061206
374.639920058381
374.640040516193
374.648095488315
374.624988121905
374.640662519088
374.625860931787
374.628520261819
374.645508169684
374.643904844422
374.648634654629
374.647954308594
374.6474521911
374.648505921515
374.632527069075
374.693294498172
374.641915729837
374.621882655844
374.636596350206
374.646347108947
374.641867721633
374.624484309762
374.629001314986
374.636536950091
374.64902519768
374.648980091257
374.648788579085
374.643997035874
374.644247881287
374.654266411592
374.648609103092
374.642725545567
374.648757933509
374.628465935126
374.64901970698
374.639179860539
374.644562303586
374.635162192316
374.640499103653
392.585804113274
374.62468905803
374.648721624216
374.643071844701
375.713075939708
374.631593897219
374.641034270735
374.64584781854
374.633623795353
374.648244610629
374.635954865386
374.645011701504
374.625326047228
374.648946955842
374.648885663422
374.64904793066
374.648922508059
374.648728209565
374.64901719083
374.633905236719
374.636684630611
374.632735617313
374.649053725579
374.635648402842
374.64754851921
374.627052320811
374.648797943502
374.623076690174
374.647380706857
374.640502980285
374.639328635589
374.65088943456
374.620600296978
374.643411296296
374.648805482781
374.647495546008
374.621216784401
374.629072493595
374.644754217689
374.648660258295
374.648311435283
374.639596367948
374.623420470709
374.648893847433
374.638948906768
374.636495615469
374.636638466155
374.640868213607
374.621535574658
374.647496170649
374.644156931442
374.639182666752
374.629773452334
374.646737487388
374.625968448522
374.632881520212
374.636297386065
374.625959885384
374.648724353039
374.642008777933
374.640870380321
374.646201388953
374.647239473432
374.64422649577
375.788087183349
374.64895845308
374.627516960579
374.647773622555
374.637870793681
374.642973250692
374.644883833301
374.635340338547
374.632079548428
374.645282471734
374.648770974424
374.639371856522
374.649051604885
374.648932830248
374.646869572846
374.648886638136
374.638502486748
374.635748105138
374.643971256799
374.630538308447
374.648926728056
374.632271573874
374.648649243251
374.642085715088
374.644960238564
374.62212532862
374.641630640271
374.645477272009
374.64899456359
374.640354198839
374.641267039572
374.645823960801
374.6261045445
374.647086173863
374.638841042414
374.648877845215
374.64209537491
374.642485425782
374.629697234178
374.642644336118
374.641180008758
374.645858883611
374.637014276511
374.648925566725
374.647505210202
374.648879838286
374.64846104968
374.644684164479
374.642390363375
374.637110270601
374.638205297225
374.640205390902
374.645882592682
374.64751004508
374.653784828469
374.626496076529
374.645728545425
374.643101607341
374.647893415383
374.626203625438
374.648786128422
374.647733582248
374.634200370989
374.64857919991
374.641794952454
374.620394132132
374.648364861461
374.639636651433
374.64160037173
374.64245022211
374.628154475245
374.647675598471
374.648351468984
374.646329394518
374.909901222142
374.645947017455
374.649043203425
374.641470478126
374.641821062185
375.202134792158
374.648090589306
374.642756161976
374.642392895828
374.643600660658
374.649026861577
374.648739669349
374.642889945236
374.646529784276
374.648720173936
374.647242244058
374.64764515504
374.64900236312
374.636151150168
374.638826315092
374.625955246908
374.647475547785
374.648919682425
374.648522862568
374.62437387609
374.649033495387
374.649061485683
374.648965209279
374.645091031196
374.645009044159
374.644170031424
374.622286877163
374.646984640809
374.648639016657
374.6385058692
374.634508723931
374.6483423768
374.624375035266
374.647047790119
374.646986212356
374.645898658618
374.63910557094
374.647894775367
374.648373243973
374.635859881149
374.628913833075
374.638833421384
374.648275786184
374.645833572722
374.643014029672
374.648455729287
374.64654418765
374.643482181901
374.648565289085
374.959609194817
374.629381801388
374.645870069684
374.64590755225
374.636507346276
374.637756331639
374.650544567474
374.649322479279
374.641989591125
374.659074970218
374.647090545119
374.648675503918
374.648508689918
374.635994298957
374.638661591427
374.645831910685
374.643459855017
374.632393935015
374.647727807937
374.648215127827
374.642217955646
374.647895161949
374.645495185401
374.645893769979
374.645403583287
374.629992900771
374.635486601143
374.644743493175
374.640306542002
374.635963379787
374.648383838291
374.622546377873
374.648534751591
374.648870767308
374.63860586302
374.632659570655
374.643387247723
374.648688915497
374.647411880083
374.64419175755
374.626476935994
374.631737068165
374.637954116499
453.474077573196
374.64306674618
374.645155757186
374.629364977033
374.641341772119
374.634228895682
374.622743970817
374.641926014225
374.648834109501
374.623831089552
374.62866890637
374.62326726882
381.194876296908
374.629279414598
374.62422537594
374.645985207999
374.639196935463
374.645662102909
374.638385290805
374.647430715495
374.649053542183
374.648063966845
374.644508533297
374.642097322857
374.644626046366
374.648407227494
374.648836167555
374.63397707254
374.641146268933
374.62738067574
374.636407822742
374.648945988688
374.648916318653
374.623734020713
375.183231287467
374.624142109455
374.648755322813
374.643310726876
374.642295263638
374.629272765159
374.620869664938
374.648979149987
374.639112185717
374.641310615512
374.648471467266
374.647616658511
376.587910018112
374.647235386252
374.634064876391
374.637706595215
374.621274779717
374.624136289059
374.629954182921
374.648424663395
374.638066943693
374.648809446581
374.632996897284
374.642822921256
374.648952692111
374.649034600908
374.64502518025
374.632844208503
374.648485349962
374.640739508848
374.648131585838
374.636846847187
374.647293269584
374.62593838654
374.648015210218
374.645748142486
374.642123569997
374.651730388691
374.623497008354
374.625366045237
374.626699436039
374.624495940616
