487.308750862844
472.357052189423
401.201746242151
379.64059487022
375.264165875543
374.648552851274
374.64302372424
374.637710529809
374.631027275587
374.617450913978
374.596319284063
374.55420625032
374.551580998
374.539160487117
374.518727713116
374.448759479674
374.408896439072
374.382021334194
374.370399800761
374.364155563492
374.322747651943
374.295770088752
374.293301129859
374.290788258431
374.28982556218
374.098931607598
374.082521998252
374.031937925201
374.00275610899
373.83344022252
373.773490816607
373.63147424873
373.533408092241
373.383684590636
373.382592852571
373.363877081477
373.311073109919
373.197578149716
373.194558082837
373.032794762761
372.994394358932
372.871960323992
372.868830931945
372.805764588387
372.264022051819
372.109279619887
371.780751900856
371.603869678754
371.594971469314
371.503099001314
371.496769735654
371.210961433539
371.189614224346
371.142956477785
371.121845233821
371.057581634093
370.67861268471
370.514826151425
370.373861362577
370.299292874707
369.925844102113
369.868301427885
369.781272398168
369.625185570646
369.618618701482
369.391280454817
369.097259633132
368.522089539519
368.229750454533
368.183558323695
368.179430274592
367.87931605496
367.650767012452
367.628230449488
367.227005723322
366.985981469041
366.968710452042
366.855198134145
366.708424174835
366.687946706338
366.606222602552
366.52708026103
366.168739043138
366.081121185003
366.015379646382
366.00461964371
365.757300176054
365.706317290772
365.351763348534
365.267979332737
365.138670804482
365.005605673938
364.618117759511
364.39834034056
364.149369831193
363.374862276104
363.155804901578
362.593735864354
362.416153536042
362.246988556033
362.139550064472
362.106139319041
362.076089292601
361.849437567447
361.643726593638
361.186841487
360.703268112091
360.541077331363
360.530997839985
360.475166217804
360.333142376348
359.96235085765
359.539096961913
359.398472651423
359.145191590074
359.046648682566
358.417018743128
358.066473136995
357.193430762001
356.43893230018
355.836934076184
355.80774580708
355.290943917978
355.282482612037
355.196512576484
354.828705414629
354.396079848115
354.332630479084
354.024372490765
353.829052148478
352.962888919157
351.73296446503
351.185303540158
350.86202705777
350.243526651538
347.683946727692
347.589908059894
346.574055094186
346.025192586001
345.93293484959
344.917382681133
343.389829866155
342.356230671072
341.963231467671
341.301904168711
340.071450103342
339.592090310599
339.287865336201
338.620394655134
337.464895665734
337.032154252634
335.781304228074
335.199234476118
332.618123180263
332.129943587526
330.434303946069
327.616793926487
327.404774398124
327.12512271091
325.613618394495
323.410566338846
322.708999609587
321.953540770069
321.195588649209
320.609854571752
318.398763127741
316.798676162272
314.723808097706
314.43385239874
312.603128273151
310.897212908276
308.879830741323
307.8305812938
307.488483083471
304.612041542591
299.452952435811
298.763632018942
296.388747575284
295.643727965339
292.945356325571
291.384438750546
290.252091630806
288.974550534807
287.050645149469
286.823692571326
286.469949133839
285.945758923226
283.416231829572
282.035441221217
275.963340156843
275.460846835674
267.995529580837
264.015274118897
263.137830349021
261.946053630536
261.739102148792
260.520796239322
258.342642323461
255.239826618675
254.838665658303
254.664584690515
250.894756401591
250.680660196833
248.231574342305
245.890542359938
244.404337647193
234.59775263011
231.100464347016
230.56123908525
228.614952433947
227.432487546796
226.589351799868
225.411389665535
224.377420392946
219.453990903562
217.78231809538
213.859637189179
212.265237871123
210.97460111017
209.14355122573
205.407680908529
205.14365395238
199.505887993372
195.627781400838
195.574989346166
188.820590472716
188.52928265661
185.906087154433
181.977849048958
180.380781808682
177.710711072201
168.822245640433
166.90821426307
164.734520154206
163.396611138074
162.707527948533
160.574759406024
157.429321626754
154.45859569725
154.3696109533
152.223969283356
141.28349674807
141.270678551598
139.031586220843
133.968176703913
130.030444403594
128.782593714939
127.617667093022
126.022289657071
121.052165881914
118.641704582093
113.14404341359
107.567152835422
107.219129674161
106.298402131282
104.298108307311
102.459072821391
97.3499484592114
94.2759138422903
93.8903212195558
91.2925029811456
87.8326238010507
87.3137770854558
85.5148077171259
74.2675165488027
73.1276306213074
69.8980972077818
66.6086414388255
60.2812434223921
60.2456646669576
59.113761817436
58.9602561059277
49.6397951192111
46.1060961226934
41.143966175856
37.6933786355516
34.1500143905334
33.2204998082732
29.4053263578915
18.3780870081672
15.9581811823396
12.5034608494209
11.1975968839093
3.84608992465309
-5.4113229826541
-13.7802253549028
-25.8069246007104
-28.7740982034124
-36.4000264712606
-37.6676091946907
-37.9068377191468
-59.4625304816021
-66.0350465314338
-67.0005058326535
-70.9674669001606
-76.4683947333447
-79.1022936668118
-79.1088200541721
-79.3318357381382
-80.3241526463915
-81.2986642442896
-85.4909773787681
-86.3148674986947
-88.3098171213669
-100.679959487608
-107.204410428625
-118.649149127533
-121.450925499819
-122.716072902748
-123.340719026073
-127.893712825459
-128.306439825273
-132.403354364144
-133.051326332896
-133.655855645778
-143.362573074744
-150.958632040269
-154.326183666067
-167.907092030195
-173.141078626205
-177.482426817517
-177.95455744384
-182.033429059825
-193.580667268146
-204.193706344225
-206.090123009974
-206.114212462342
-208.156714333303
-235.154157843604
-249.667375438255
-255.27159004652
-275.574048291722
-276.247248151416
-277.056238689345
-288.762424663582
-290.173660843594
-293.627217940481
-293.655492871399
-305.178165893032
-317.523131745898
-318.110927422291
-328.93044418087
-345.772550372509
-365.084250387415
-374.166104378269
-379.099194338442
-383.877828788386
-388.676816406866
-397.276100343922
-402.7439671631
-406.515778916637
-406.787089489244
-422.098229273706
-430.120249083442
-432.301377634239
-434.104071209406
-437.425976595816
-441.67477784739
-449.5972629912
-455.843277031608
-457.870932656893
-466.020701188103
-476.158873620239
-483.789037295784
-483.820534379919
-487.644904098851
-493.675734274134
-501.857710075246
-509.804255141964
-514.39434226629
-527.195149749912
-535.959747924305
-539.869242901419
-553.631698557814
-564.28620418693
-597.295626877526
-605.365161792142
-614.109571251834
-615.12448374372
-615.543735710334
-658.109822528803
-661.884054937948
-665.236898921026
-673.94518597081
-678.725513766558
-690.148020120207
-692.84260848289
-700.834727682021
-704.879040007131
-709.917853292427
-734.85273060696
-740.53145543258
-740.743985802735
-742.435000476298
-774.478311774022
-777.098682181031
-788.125452631137
-791.172854943291
-799.374709095557
-805.526914726047
-808.191807778028
-825.144155030562
-828.011115333904
-840.97981864341
-863.289969402914
-890.263814560865
-898.737708712437
-911.400955944405
-917.054125916562
-940.233292812205
-941.347909772802
-947.644795663721
-994.896482492588
-1026.0725311498
-1059.13943007989
-1076.04556426976
-1079.56171605354
-1104.6314005008
-1132.09403541642
-1141.34288466362
-1147.65190874367
-1162.8686729025
-1168.04378927933
-1181.4735614613
-1182.19132857533
-1183.95160139238
-1195.06527530869
-1202.95675130107
-1205.19471861238
-1209.5676899172
-1229.1983176278
-1253.67072785076
-1270.7027067798
-1279.55258456469
-1296.61307261094
-1325.8203914059
-1336.22106278783
-1373.33298820426
-1375.04676456628
-1378.24752198837
-1393.82530951365
-1398.61201911397
-1410.27434405397
-1419.82361056068
-1432.71961656337
-1442.98094176259
-1446.86890210792
-1449.79054103011
-1457.19316795339
-1478.98687127718
-1481.93185068121
-1489.4554419324
-1505.45454305614
-1516.19712298214
-1538.74425728264
-1539.28665737906
-1549.22636868853
-1564.98389804557
-1644.94611103247
-1667.19916650335
-1676.29130329318
-1692.24324203072
-1705.47642615474
-1715.19438447472
-1719.69151672759
-1730.66732997758
-1731.61475794666
-1750.4309923888
-1796.96355827112
-1814.94142616545
-1819.97596052221
-1835.38110661888
-1838.15296787788
-1863.36847844398
-1912.71644817618
-1935.13405336734
-1940.55455472767
-1966.39345089804
-1982.33792668844
-2010.34507661914
-2031.81965060823
-2047.41366624847
-2057.11133364833
-2092.40898955176
-2112.36101025858
-2139.50757327039
-2148.37170055906
-2205.6937426486
-2223.40585688871
-2240.40894213516
-2242.43279630848
-2256.17484036076
-2328.60736032702
-2332.37982465437
-2334.976167488
-2372.3854675001
-2379.57332421626
-2421.76729215032
252.99656238083
131.649357899341
304.300962439293
-66.3451452903366
77.3705845297311
275.127097813669
298.690015906166
-745.685204990568
322.302562616528
355.73157571996
372.435139735043
303.291390798213
-1868.38708266409
222.311906901136
68.2523337542963
225.098985485908
-266.190842158569
337.258914144488
373.390713720955
306.556662092422
332.787292983796
-635.050606814973
104.512349735989
289.5493721489
-1155.75018136735
372.399369548872
-568.634762897968
37.098193134977
350.41268662699
306.345493777249
52.0485645019832
342.139033017606
212.201345498391
-1171.56675429717
247.66463134351
122.120650825931
374.524579117883
347.92555694279
83.829962271251
262.752772721601
358.194278536593
-2427.47370400249
374.549300430501
41.4238414402184
-53.6615116141091
178.0775366662
-106.844449746605
-317.983609635171
-434.401382283066
-71.8480333437708
-520.635540355526
-252.407523531594
280.489361550842
373.907929685668
331.113584024198
163.536065029019
-2198.86361756883
357.842963121169
-880.650272954575
15.0193439181771
-287.087296164664
-79.8984710623025
374.644026922263
372.671153084982
-2344.76102550469
-292.75317570574
101.28582367114
373.84276308401
-544.166052224434
368.093841684748
-605.041370090141
374.234224793769
374.32826896644
250.690472069347
368.04950753212
369.749259066555
-756.752566955157
292.806999577967
-805.039411673076
332.976080371807
354.059615296487
-373.420271150738
97.260207877433
-6.88926419748013
357.676811787679
360.858334198959
-603.307239640086
222.48178171201
320.569294359962
-381.835948646979
-205.635607493009
-854.633104657615
-724.287994887905
192.054898580384
-1345.1089642096
254.167593787714
261.56590550364
-972.908086541489
368.289291948285
-1893.80842691765
358.795343914424
-86.176783587323
370.080175529872
-864.133102857192
351.114033816288
-174.995302522572
371.114649794814
344.026450271752
-821.710162805491
-362.277602152607
309.705583323901
-23.5051048003577
93.3593652652426
-427.817083229138
-2222.22603577194
372.972754845736
293.788542689452
-62.0508234892005
220.946308460267
110.669251092486
371.475094931889
-1.23185483256195
307.183249650229
182.059486163483
374.564759426984
-64.0534683085897
370.091833900712
248.188538625964
327.511290503649
-671.811532307148
-643.567705791305
-851.836841388397
-167.434529243919
98.1138289146191
368.711569427987
303.95276961382
334.134631250486
-2027.15745410547
13.1882956517725
-537.478386620122
-978.087635834554
372.10344173254
-2297.30468515014
-2416.81912955688
-1101.2795633691
-717.319940081036
-1032.69639593794
332.387354712541
-660.767665538119
-798.569124755777
-773.779233749877
-1985.97151023185
373.675998066446
263.295377633444
-609.778845423803
373.837497762474
269.029871446718
120.024189932135
-111.82714311127
360.536343554271
-1384.67327239189
238.507778612799
-316.270798835308
366.693092381475
224.138808587716
273.485048409723
374.02255999093
-1929.10419917117
198.342379305056
268.065404524111
353.379432235011
-145.337219040841
236.078350123154
266.804141449026
374.045562083214
372.444501319696
362.87689269009
-69.6205230550921
302.627863414342
368.508803056676
-349.872815367148
371.169944203357
-1217.39461545834
371.086026545764
-1784.24989795463
374.469667836939
328.93209355351
326.238693425648
278.907277797192
-2376.1635245436
356.554249439285
231.250672470415
328.517544260761
367.534859235857
192.444798958625
311.415038170609
-817.698733888548
-765.517407356109
233.434943697639
309.330879238163
183.596316705337
-339.417890967757
106.407648073196
298.917227885731
-289.726301544968
-67.9138335200059
-1466.35282750441
263.102853262929
320.532633194644
227.479197150892
257.360130639258
374.634232178065
374.457799793897
358.748157390407
283.624235429204
349.828390682626
-375.089151576491
274.430940416111
-1357.7581123985
295.986590923941
338.046562220188
-909.781661910699
-417.306881754393
358.242574502974
122.394040644451
-2216.52834892332
371.304839745132
-1091.06296550366
-1156.88796352147
-86.1899147751273
-473.284690896227
345.262296391506
271.480457408649
-290.287962623572
238.495265149152
-99.9758807678086
125.036201779885
-473.069111096989
323.190682058384
357.186834392293
364.269740789946
304.892987828343
364.667930356168
-2024.61952824375
-383.90267280025
373.877129794462
-1088.17286033703
-715.994157491324
75.6180135219924
374.495426276529
246.959031237012
-775.306802171894
25.6735707175771
372.155729937599
347.155721292234
153.106217583677
-1514.75177770762
361.992888323111
360.59112818768
128.569901938443
-104.398126011274
-1361.91012155158
273.274220352069
195.839488799254
203.507594571864
160.620895174351
44.2192649834788
163.480905003625
-2376.68327344164
222.215960583086
-715.125059840535
341.921996399694
321.288216211339
-1945.17907702754
13.6643852793067
367.845746539512
282.666207949621
160.477508009814
250.536774883014
-139.155418833385
355.427225327458
195.875569700483
-1304.94581978655
364.373053778193
105.845803047887
373.732085318088
-140.771881196831
366.548375046046
368.940177208409
333.32786546834
368.843797668705
33.6911823533877
97.4342669812256
158.431224335571
139.218863050685
243.038805982678
-2374.77866175775
364.211010816976
113.49113553409
-915.878268505933
233.141082093123
-1167.57709842596
-1002.58227749274
-58.4024145337629
-82.7807277890568
-1899.38613313984
-1263.19118067525
374.356742944454
-324.641402761903
-71.6728272077396
-136.453910088495
374.449623939368
-2028.30407717283
346.950381727689
285.141631858152
-1424.69518666763
217.158809836272
-1346.76518318921
-161.940092148244
371.721364292181
-2077.48519330608
322.041118070405
-574.205650857499
348.703703057614
352.657978431179
362.19090277907
-1636.37975928255
180.042979769713
-625.453983746101
174.261747506588
-1219.35397125329
359.772550173823
373.349478072836
-741.561046373916
322.409254172063
320.589952435464
-338.284900350464
118.449463220499
365.211178906887
372.686934832636
369.278070826921
-48.9548671044271
294.755253491436
-2045.81475847048
251.679342648515
-1272.58404676297
-72.6403189614694
-2021.1816038296
373.9054302483
20.3570207156799
374.557607828818
-7.75038637985397
-2078.88353288671
-484.572675860648
364.649356552534
316.370397219605
249.029386198915
-237.338304815452
-791.839741137406
-249.043539084038
319.866500096359
371.448061487525
-1342.50433207527
385.617137257136
303.184779803297
137.615755165176
318.756682552348
-126.224735411767
374.62793228981
273.269317594312
280.487365091614
369.48884232479
28.902163620447
-2033.54190367563
-1132.5988835053
-89.9157728831352
-123.324932036479
281.840198605458
166.326431939409
223.986891423085
-190.282860976696
-1689.38442362172
-1175.59816320811
319.66153680274
-1024.35771884408
-782.897521017888
208.167985435961
297.181221039071
-1598.23176516399
-42.1210648148726
163.531251452858
334.151801217842
-1396.61710017395
299.283188461562
-561.906446800242
374.395801487066
374.042923271688
-2363.24970433259
153.878624781106
369.316969192064
347.775335128732
-1063.01011327706
14.6296280856682
268.751652688409
-11.7754364740066
330.127909141363
320.166257763284
-2065.07555446344
263.861750106212
366.517413341764
-1133.92147266671
334.431191502258
311.2987300093
-291.610906957893
317.31304031959
-972.583370842385
259.593661685759
-64.9851457644936
-2273.36661692545
-1875.61607923564
329.858921435084
345.500658984152
40.6827925179998
86.7638255542857
-637.295334608451
287.460151418141
-143.17612756994
-209.407859934933
368.606159678588
-448.808924053676
-978.504320853463
374.586555726896
312.52642729803
374.191057772499
-347.974021042518
362.940898620901
-329.620451427974
361.90531252403
87.1474777913448
351.013927764409
374.312811706989
-513.112789221739
166.013760628116
373.527645836973
111.873125325665
302.698135905228
351.879513965385
362.774764969706
365.928595366671
-2194.36370793597
-183.268577675048
180.885965948022
341.069970307479
-14.9535304091202
361.924722992607
-1729.30761365796
-298.708457727093
-1728.00028362057
206.189120272269
-1400.71674767409
-73.5594399086769
-388.012811477082
-1560.04822304123
295.743372168234
329.401858591524
266.928596928525
363.201657478193
370.561943057136
287.73533500449
359.580706324518
362.746341479621
343.366763789976
369.466530210797
269.143346385785
229.063034808681
169.143201498687
-663.977031531052
-1996.60584380672
-0.6991146124879
-124.047297469827
-2270.61544095401
365.206071450772
-945.41472853323
-2236.66793473357
-204.628721926123
233.598263688613
371.676926189681
141.529488777084
-471.789281104564
-278.74068318908
-2184.20761608404
-107.664939191895
371.546775045362
-1552.65217308298
148.7872105484
-727.028401787609
369.8288847145
280.127316076514
-550.802256651732
374.647093497833
361.795132090595
48.6173001166576
