1061.57553460646
1061.53427471282
1061.3430587676
1061.29951485633
1061.21807542139
1061.21190813467
1061.18121133527
1061.14328250428
1061.01854869759
1060.99150108517
1060.96505143989
1060.95478878047
1060.95337191908
1060.9417705826
1060.90559105905
1060.87452811154
1060.86272883366
1060.83893713454
1060.7923076484
1060.77977639123
1060.77698180705
1060.77288593221
1060.74761604779
1060.7475554409
1060.74616029807
1060.74063928875
1060.73338586056
1060.73267979722
1060.71856311148
1060.71726981573
1060.70649974456
1060.70151753983
1060.69644431952
1060.68694827491
1060.6829449821
1060.65772343252
1060.64830454881
1060.64080333396
1060.63337253949
1060.63020737032
1060.6224079427
1060.61844811182
1060.61363861184
1060.60762436187
1060.60756183081
1060.60399713701
1060.5996946809
1060.59785612189
1060.59024587876
1060.59017144663
1060.58203719776
1060.58049736576
1060.57931269836
1060.57923221931
1060.5752624255
1060.56793162072
1060.56085879355
1060.55355208579
1060.543504474
1060.5418303774
1060.5399293097
1060.53766801733
1060.52288001726
1060.5184717109
1060.50840050981
1060.50001742827
1060.49490262867
1060.49449089813
1060.48979301608
1060.48232197074
1060.47833194889
1060.47728869577
1060.47155715536
1060.47012057944
1060.46929767647
1060.46235912327
1060.4600764839
1060.45903279147
1060.45596787748
1060.45206719465
1060.44786203718
1060.4335906365
1060.43104256411
1060.42680461809
1060.42273474824
1060.42197681091
1060.42094511059
1060.42090838446
1060.4153073872
1060.41478382112
1060.40388092141
1060.40370194606
1060.39985614813
1060.39417807047
1060.39100783539
1060.39023226027
1060.38896635519
1060.38862590496
1060.38784915696
1060.38651031234
1060.38184036458
1060.38117156262
1060.38116690968
1060.38047094051
1060.37357517145
1060.37098946882
1060.3699645952
1060.36788921093
1060.36663299004
1060.36636202458
1060.35856806629
1060.35756468783
1060.35243512992
1060.34601065951
1060.34061478163
1060.33823790699
1060.33448971831
1060.33439356295
1060.32734543198
1060.31556611769
1060.3151443114
1060.314899705
1060.3114812226
1060.311447264
1060.31071848244
1060.31040271568
1060.30559423485
1060.30515924549
1060.30400277199
1060.29613925033
1060.29281366628
1060.29278811562
1060.28591593625
1060.28442411585
1060.28269068536
1060.28078590549
1060.27749826295
1060.27746621122
1060.27711239986
1060.2765673291
1060.267286929
1060.26714055134
1060.26550307236
1060.25743546625
1060.2567391704
1060.25476955898
1060.25474650618
1060.25457972606
1060.25450802201
1060.25071656514
1060.25043747869
1060.2465904725
1060.24540341558
1060.24344525133
1060.24300786463
1060.24127659117
1060.23443977541
1060.23428886997
1060.2333864464
1060.23330658614
1060.22932384907
1060.22771842253
1060.22730257628
1060.22711615112
1060.21779603579
1060.21584483582
1060.21535300163
1060.21451696384
1060.21244246715
1060.21221438467
1060.2102486224
1060.20626125546
1060.19881047036
1060.1980506378
1060.19377465859
1060.19047253221
1060.18946526381
1060.18774860505
1060.1873031612
1060.18488031675
1060.18401743074
1060.18235202774
1060.1821020677
1060.18002296594
1060.17753361048
1060.17700081836
1060.17698757621
1060.176208352
1060.17381634979
1060.1729032763
1060.17243340024
1060.16609668049
1060.16514883301
1060.16462820424
1060.16385773611
1060.1635690485
1060.16312586432
1060.15931694121
1060.15736813817
1060.15703673303
1060.15646017743
1060.15618204541
1060.15457196963
1060.15455903811
1060.15360339591
1060.15287567118
1060.15257512733
1060.15217616326
1060.15142944386
1060.15102065644
1060.14970726791
1060.14743094508
1060.1448219791
1060.14280298074
1060.13738391548
1060.13735128335
1060.1365186288
1060.13622354248
1060.13473518535
1060.13344216386
1060.13160105375
1060.1309360664
1060.12925576302
1060.12462702594
1060.12414233331
1060.12202464104
1060.12145949781
1060.12131709536
1060.12097213909
1060.11921873117
1060.11907219153
1060.11630253839
1060.11571742657
1060.11552895549
1060.11537040439
1060.11507069045
1060.11484297678
1060.11474283991
1060.11426882129
1060.11401024676
1060.11330563833
1060.11307922981
1060.11055101679
1060.11021262088
1060.1082866612
1060.10733156227
1060.10589508732
1060.10580830976
1060.10552630208
1060.10529975867
1060.10517222527
1060.10235294719
1060.1022292493
1060.09992515382
1060.09984257332
1060.0969932339
1060.0941479127
1060.09225734844
1060.09154828552
1060.08865873901
1060.08737097639
1060.08688531619
1060.08612229672
1060.08578180865
1060.08569259002
1060.0855785479
1060.0852550005
1060.08463915618
1060.084248813
1060.08324804239
1060.08317791971
1060.08208174267
1060.08202424689
1060.08137115443
1060.08068339379
1060.08054753456
1060.07819550597
1060.07779648499
1060.07708208564
1060.07638791006
1060.07435450602
1060.07383233186
1060.06843182171
1060.06823948435
1060.06724183773
1060.06397249357
1060.06254250353
1060.06217064595
1060.06191727442
1060.06127922956
1060.0565039964
1060.05614248479
1060.05593320714
1060.05245545082
1060.05209168835
1060.04887950124
1060.04786642953
1060.04773234448
1060.04758408555
1060.04633964801
1060.0457860982
1060.04551728165
1060.04542789523
1060.04368311387
1060.04359796105
1060.04158459242
1060.04115241102
1060.03901075398
1060.03866543791
1060.03864232349
1060.03767149544
1060.03723845274
1060.03671304704
1060.03569038798
1060.03453781763
1060.03213121464
1060.03086790178
1060.02949100287
1060.02847928596
1060.02675380437
1060.02632990562
1060.02050521971
1060.02050356187
1060.02015080621
1060.0197606752
1060.01844087437
1060.01683113671
1060.01561490641
1060.01456875099
1060.01448645294
1060.01107028059
1060.00995035943
1060.00981241394
1060.0086231362
1060.00551854426
1060.0053844507
1060.00492289987
1060.00483654026
1060.00473778167
1060.00421750616
1060.00407520499
1060.00401627094
1060.00308310029
1060.00197274354
1060.00156371999
1060.00072185234
1059.998943801
1059.99860039686
1059.99827103096
1059.99797003601
1059.99783234532
1059.99634774862
1059.99633977914
1059.99461279605
1059.99323757906
1059.99254029437
1059.99213765887
1059.99207660281
1059.9918964249
1059.99170000259
1059.99072246235
1059.9904913913
1059.99002673113
1059.98967241325
1059.989527996
1059.98848015131
1059.98707015396
1059.9858084149
1059.98574343916
1059.98408895631
1059.98374384758
1059.98338102632
1059.97961617958
1059.97930768661
1059.97902627683
1059.9770048586
1059.97545738418
1059.97432915847
1059.97408571735
1059.97337588297
1059.97191962824
1059.97128807853
1059.97118781469
1059.97046010084
1059.97041978517
1059.96922530677
1059.96907100562
1059.96899913624
1059.9678518664
1059.9669733008
1059.96479787755
1059.96179878418
1059.96043730703
1059.95904556666
1059.95869449883
1059.95608617927
1059.95495264742
1059.95439608243
1059.95436437427
1059.95043977097
1059.94838211597
1059.9481685555
1059.94815559698
1059.94531007221
1059.94428752548
1059.94316295379
1059.94217471604
1059.94136858643
1059.94126433144
1059.94025827738
1059.93976602422
1059.93967364782
1059.93806049243
1059.93800368766
1059.93797025611
1059.93758121436
1059.93731596519
1059.93721295284
1059.93714209505
1059.93671451623
1059.93645087764
1059.93590769668
1059.93556150443
1059.93427245786
1059.93279503645
1059.93195202722
1059.93169312992
1059.93152988553
1059.92999735222
1059.92989439699
1059.92929104051
1059.92925039175
1059.92903488356
1059.92869558198
1059.92850994782
1059.92809259996
1059.92774186223
1059.92756562863
1059.92749193877
1059.92737820502
1059.92719985225
1059.92687957288
1059.92634173932
1059.92585363812
1059.92577922815
1059.92565543654
1059.92559097323
1059.92484879095
1059.92123218109
1059.92054143365
1059.92046874363
1059.91761401389
1059.91758823106
1059.91573944078
1059.91472648038
1059.90969446078
1059.90891814734
1059.90839325965
1059.90833955168
1059.90818082652
1059.90734184029
1059.90582385334
1059.90550984733
1059.90376884449
1059.90363486105
1059.90328886469
1059.90312392681
1059.90285142969
1059.90155744197
1059.90143105414
1059.90119937605
1059.90112879149
1059.90089611954
1059.90066585085
1059.90019029411
1059.89927065339
1059.89766034966
1059.89726233494
1059.89660573958
1059.89552190928
1059.89528509537
1059.89427401864
1059.89342407458
1059.89340651305
1059.8926862479
1059.89253954173
1059.89250413453
1059.8923040659
1059.8899133989
1059.88748775658
1059.88745526298
1059.88745381539
1059.88669856433
1059.88642808974
1059.88631962122
1059.88601584085
1059.88253957007
1059.8815304873
1060.09612956774
1060.06318481671
1060.1309575209
1059.88090354989
1060.26087892694
1059.91816944708
1059.88372314184
1060.37494720634
1060.31813289758
1059.94762641144
1061.03494502682
1060.84159205529
1059.90136792936
1060.0341964403
1060.18431264655
1060.13339241393
1060.21091338382
1060.13295822836
1060.02731063517
1060.07244549183
1060.20025130829
1059.98022105569
1060.43107296983
1060.22804666331
1060.24600977071
1060.01639742731
1060.34073086701
1060.05639040846
1059.91791533483
1060.20175284015
1060.84087361445
1060.10252420257
1059.90281054932
1060.00768728861
1059.96502738925
1060.07703383861
1060.14296322097
1059.888925857
1060.1977989076
1059.99850658717
1060.38118140205
1060.30985841131
1059.93444942602
1059.89997970029
1060.05655206742
1060.27159974266
1060.39262252762
1060.0151606594
1060.07595846222
1060.52944179845
1059.99556404822
1059.9563675911
1060.27828335538
1060.13323449185
1060.37397416628
1060.05286307883
1060.24631101218
1060.68008764544
1060.29303292051
1060.32025083771
1060.62118296487
1060.42810052435
1060.34696265288
1060.12442350431
1061.04880793813
1060.70319950996
1059.96636044858
1059.88869377621
1060.10883300776
1059.9012169653
1060.01935697
1060.32182034563
1059.90942557578
1060.2678649804
1060.53576485335
1060.179784164
1060.287496933
1060.07503164746
1060.0605659685
1059.93380956461
1061.15800498924
1060.24968884792
1060.27316910326
1060.12803943795
1061.2667234097
1059.99660145043
1059.91024118568
1060.0935992525
1060.35075533542
1059.90730430578
1059.88364871976
1059.9201934481
1059.96632109444
1060.61209790307
1060.53223977518
1060.11585646572
1060.13967984422
1060.44082230098
1060.46075495419
1060.32501442039
1060.9577050924
1060.58031964769
1059.95511411988
1059.89426804275
1060.13744154317
1060.25571429256
1059.9691723622
1059.92188247124
1060.21956842356
1060.115652315
1060.53278152628
1060.50383462387
1060.1310464653
1060.43305793446
1060.02006189988
1060.43534625541
1060.11657587603
1059.93842551838
1059.98841169324
1060.24664431205
1060.05606422683
1060.29328217594
1060.3115490281
1060.15258319995
1059.96098094426
1060.52242350087
1060.23308852688
1060.22367635704
1061.20597423957
1060.05807411689
1059.91927756843
1059.90669193285
1061.04101417244
1060.10120749789
1059.88362849969
1060.9329187453
1060.04394499443
1060.92749813688
1060.20466252535
1060.47786506357
1060.22073618071
1059.95352125239
1061.02945149041
1060.01464978088
1060.29289852071
1060.04826304434
1060.20363063509
1060.25096025599
1060.09366867962
1060.46114857326
1060.22026714964
1060.00001599065
1059.94051507606
1059.88541623722
1060.06387669569
1060.30985343956
1060.02606169303
1060.66788780311
1060.10212263125
1061.00743648525
1060.09596482783
1060.00622606572
1060.13718969436
1060.03575371533
1060.47717489485
1060.31618864721
1060.64415786865
1060.03425572412
1060.21274425296
1060.10319658862
1059.96126986444
1060.12521271183
1059.98271173631
1059.99299143238
1060.00631672717
1059.88326244403
1059.97285205862
1059.94857397666
1059.96242862704
1060.4117025352
1060.47033069749
1060.45568296856
1060.18699981935
1060.24640116412
1060.45414551792
1060.52830801315
1060.15315002137
1060.75899732213
1060.12717690833
1060.18414376503
1060.0266305528
1060.33606131791
1060.25452867942
1060.67224737906
1060.32333756599
1060.24111649944
1060.43234643339
1060.10825532565
1060.45727879922
1060.27818921252
1060.16807986135
1060.05191730431
1060.51453358141
1060.19558773901
1060.36468981872
1060.86520820638
1060.32133904913
1059.93182498999
1060.8353088739
1060.04888565044
1061.03507580683
1060.39267654081
1060.73385867049
1060.67560780179
1059.945080627
1059.93889228824
1059.9196254919
1059.96833922053
1059.9912910906
1059.89859328384
1060.04689134496
1059.92618882619
1060.17050627567
1060.08655725645
1060.07699706444
1059.96367031234
1059.98089439279
1059.98126246707
1060.06644410606
1060.0440552142
1060.15736060603
1060.03300127278
1060.17936573998
1061.12289654363
1059.90462820078
1060.14768358579
1060.58988253517
1060.00561144611
1060.33153915559
1060.19999807556
1059.92630688205
1060.34376271273
1060.58093443738
1059.94740776571
1059.92163000352
1060.31035667025
1060.05925639601
1060.79592042102
1060.12689289122
1059.97574895259
1059.88211488825
1060.13708955904
1060.72475249255
1060.21932279355
1060.22041923681
1060.75453355951
1060.86585652577
1060.04455552012
1060.2349486888
1060.34462405456
1060.24690392956
1060.16218603767
1060.08253980455
1060.03425405642
1060.55342698254
1060.08845460617
1060.01279820609
1060.05265048225
1059.98315400387
1060.53522598712
1059.88956152133
1060.40606859712
1059.93166786011
1060.10568761922
1060.09415998373
1060.13954509372
1060.1923195595
1059.93422649406
1060.09366484127
1060.49082977148
1060.138828593
1060.21993112845
1059.9496635865
1060.39719897164
1060.10968600212
1059.90211833082
1060.18372300469
1059.918186305
1059.8836277464
1059.97271708852
1060.10008370642
1059.97831089318
1059.97727293212
1060.21773452056
1060.47404385991
1059.88424663596
1059.97045159421
1060.42508500286
1060.05123001926
1060.21726511879
1059.90245638441
1060.00666480593
1060.18444006091
1060.03707386355
1059.99335815451
1060.49441757478
1060.81712906306
1060.38762626711
1060.07238738671
1060.26202576971
1060.14393243198
1060.18499349244
1060.21287170732
1060.52474294688
1060.8914042425
1060.29671144749
1059.89316505215
1060.12854788897
1059.93999479678
1059.98269405981
1060.13192070009
1060.10229618566
1060.35688881122
1060.36076412046
1060.73084878297
1060.26781648393
1060.02087089821
1060.15103421359
1059.8932133956
1059.92214802149
1060.49381469605
1060.50446954409
1059.94711303461
1059.88933587176
1060.0775273129
1059.94445401159
1060.43431404301
1059.99232229745
1060.06045573573
1060.25630940535
1059.9701644471
1059.94993605436
1059.92507944812
1060.44199877699
1059.9454955157
1060.77801524154
1060.24364855808
1061.27885446922
1059.90396846894
1060.51715589488
1060.18821101321
1060.72058695181
1060.73391279026
1060.04229664918
1060.66783090196
1060.54138287899
1060.57958878279
1060.33155406976
1059.91639884247
1059.88334764476
1059.98800132599
1060.0865798088
1059.89446532267
1060.19895567804
1060.57239043872
1060.47793893447
1060.41161218768
1060.47640804182
1059.98153626529
1060.11965148991
1060.14124292574
1060.34096866514
1060.00434677774
1060.51396195929
1060.02095668602
1060.42985530415
1060.84401413606
1059.88575885618
1060.22993225486
1059.93795064883
1060.169935739
1060.20303939701
1060.24180467762
1059.97895781264
1059.98470513828
1060.13572563285
1060.23020097157
1060.62042483195
1060.76060546915
1060.84448086645
1060.02245938064
1060.20942322298
1060.40054591046
1059.89189951704
1060.4115048931
1059.96264654246
1060.37751617407
1060.05957867405
1059.95180227338
1059.88900351362
1059.98914025508
1060.17064777928
1060.04307524953
1060.56437843836
1060.43547082118
1060.18314043782
1060.41943620237
1060.67411243725
1060.2366095373
1059.9525805278
1060.5971487378
1060.57607032638
1060.15001795548
1060.33963658907
1060.21969645283
1059.93389569127
1059.94530620146
1060.0576592078
1060.55320824093
1060.01560980992
1060.49183637847
1060.03948351724
1060.13479326485
1060.11773106414
1060.55571525118
1059.91531411261
1059.89844535987
1060.23657729984
1060.57334712263
1060.88427316028
1060.16888230577
1060.06391674377
1060.10612916739
1060.4929651993
1060.08939917051
1059.93532162242
1060.17300933482
1060.00780028855
1060.1919345443
1060.0147917907
1060.93300897034
1060.03382720673
1060.00166668897
1060.24102406345
1059.92595062167
1059.99843367434
1060.05290328777
1059.95036986638
1060.24264505518
1060.40870520138
1060.36789921765
1060.22217952521
1060.61120303857
1060.38325855552
1059.9203343286
1060.4248484143
1060.02442833966
1059.89015880359
1059.88798248606
1060.04195720765
1060.26038298877
1060.274702675
1059.89439568904
1060.0333703333
1060.08640945785
1060.02840260912
1060.47301643321
1059.91034602137
1060.26424554673
1059.94614075254
1060.23385128377
1060.84935616756
1059.91790962758
1061.22751909694
1060.03274087691
1060.8948236379
1059.96219844412
1060.3687985639
1060.25313183178
1060.69765458009
1060.07435487281
1059.89065172903
1060.22863588889
1060.30370133747
1060.44169133404
1060.06555290724
1060.08097806144
1060.10125963163
1060.2520292351
1060.12030683564
1060.17394306197
1060.0567403799
1060.27025211495
1059.99628395878
1060.29044844489
1060.39829639588
1059.98763030595
1060.02636425231
1060.99194395364
1060.06883008191
1060.1129511713
1060.68791074013
