962.570030584031
957.273205846853
957.029562465662
955.426078527546
954.383799656118
954.024854403068
952.599619322893
951.166360011227
950.278796863899
950.083381935035
950.027659246415
949.559096235261
949.514053506729
949.043566569749
949.033111494434
947.344944051063
947.035984054856
946.640071949606
946.333006022386
946.274811827413
946.092255965174
945.838479985532
945.278713116782
944.58394318883
944.322425099221
943.41604469193
942.93957723654
942.700180457641
942.503866504984
942.367181553703
942.188837895884
942.076444701566
942.055170013787
942.049480324021
941.72161771881
941.609466389443
941.515546995278
941.419915791824
941.405759649002
941.314512211163
941.303523137496
941.251157856265
941.23334385014
941.228552876814
941.227105949714
941.071583093203
940.820493488738
940.680703456447
940.648414473212
940.11270386664
939.920664272706
939.903961109671
939.895568967832
939.866504935157
939.664269523244
939.584213506866
939.562376029855
939.049511025483
939.003939813705
938.983576193289
938.798339417381
938.774095230882
938.754753482113
938.692641667626
938.685301495751
938.337485439538
938.28481963746
938.244243224102
938.139438508544
938.113458502598
938.087199809164
938.085045767064
938.001851657536
937.912880698154
937.857323322888
937.844424297388
937.828889023366
937.7240731418
937.704498885028
937.701323249903
937.673161834862
937.524077545141
937.454259264364
937.37204636869
937.285948905471
937.169266329529
937.16676301082
937.130078026399
937.017699265027
936.976458616263
936.9742733299
936.947505790042
936.88740659666
936.71865614448
936.409124524108
936.371306382045
936.349279482649
936.308208472579
936.297786375417
936.224667197797
936.195664741694
936.15171392413
936.144804603225
936.102465987281
936.077078152109
935.875678968162
935.861608429127
935.821471558325
935.774578899419
935.763507186983
935.678862588276
935.660477862389
935.62773230702
935.619354553263
935.558334056049
935.557670379232
935.488257436363
935.425543405775
935.368595006435
935.354308029765
935.305075842298
935.207988519616
935.112359736315
935.11176402706
935.043110697621
935.028330564785
935.020255176933
934.996936438533
934.941314545833
934.890966094357
934.873695211402
934.799637302882
934.610960664829
934.561074298051
934.555387028117
934.547958897583
934.462472150815
934.428507036404
934.336249827449
934.292989733679
934.200955520054
934.174757479405
934.091582368391
934.064763282714
934.050827827412
933.861179874125
933.857321017152
933.806849117763
933.744661873893
933.722194243407
933.700425694957
933.63386275292
933.632951171585
933.621709941901
933.586066063667
933.546087737489
933.545195189583
933.492436968162
933.458642559535
933.361712250786
933.34389325434
933.295298837219
933.288696804942
933.284992598883
933.279251278118
933.254092858263
933.252062405567
933.225286379705
933.20988235771
933.053820228645
933.004260737752
932.96666203627
932.949150233108
932.928816467033
932.922682431854
932.89764645727
932.883948186161
932.831616358338
932.78444962506
932.75231968063
932.74892239963
932.747660589503
932.739433206238
932.712948539311
932.70837077659
932.683359790556
932.669764984344
932.649362506113
932.592948522771
932.576589627841
932.56332341906
932.561073666704
932.544038038206
932.52079964343
932.480533273881
932.478547096462
932.437098146996
932.367911222177
932.302610252286
932.2049929993
932.159627903884
932.129330260967
932.093269479729
932.079876335159
932.043284132968
932.013312020625
932.012216710759
932.000197164863
931.983322729724
931.948240323339
931.91815804509
931.838063775305
931.808200792642
931.807607980605
931.807409622091
931.801819078638
931.750542941836
931.689003525569
931.657861450275
931.657122771085
931.606300241584
931.56303746455
931.550455396302
931.514574280057
931.509696606791
931.492559863111
931.458401734574
931.45332348127
931.445137503427
931.429190455682
931.415846128039
931.411568683241
931.361793095663
931.352940242343
931.34284818095
931.321468707362
931.300323959853
931.289417045995
931.232092961007
931.227295374445
931.214762899298
931.209182823146
931.191843916078
931.151377280306
931.142865037126
931.138831506985
931.120834593143
931.096904271367
931.006715244659
931.005214168041
931.004305723843
930.947144257093
930.924547506543
930.923851203067
930.91116182155
930.889451811259
930.840910901345
930.838089127055
930.823814089131
930.814856698041
930.81189500168
930.794238088819
930.791942499782
930.768609900926
930.768470180849
930.765408686971
930.757835026575
930.705321780674
930.70051405098
930.665977797227
930.621487777105
930.605831900793
930.578641944491
930.570541149232
930.544673568722
930.535445660876
930.475611161916
930.473855754817
930.468167784188
930.344521188249
930.315108558856
930.310500712533
930.217263908367
930.197070060026
930.193983062295
930.186924803029
930.154972303934
930.149346251383
930.144337787065
930.127644817572
930.058167694115
930.054453911205
930.051612281829
930.013267374708
930.003739110644
929.95139910095
929.916455704419
929.901622166925
929.893084400344
929.832047317379
929.813874744117
929.807051597399
929.792968091964
929.723626840128
929.722483733989
929.704111582974
929.687911248212
929.676314270285
929.653083631005
929.637161843295
929.596496041749
929.58950570713
929.586847430219
929.517861127337
929.477001334434
929.465328756973
929.423342759574
929.401732523452
929.369723545478
929.355622145995
929.347650848763
929.344635885573
929.335053490566
929.302259753749
929.294044372655
929.276109650711
929.242723640946
929.238016277684
929.228332293443
929.175234838084
929.16996870797
929.128251015018
929.103798312859
928.999419656454
928.898352872659
928.862976686943
928.861316133405
928.766827703766
928.739023950745
928.735640397942
928.731409551573
928.702852460445
928.686074093584
928.675384447272
928.675099234924
928.674588953642
928.66312898337
928.646149615716
928.604735208971
928.511655333566
928.487903344463
928.480563907862
928.479119308667
928.470671231398
928.454758770288
928.4504114052
928.408611334992
928.40575876731
928.397769126187
928.397087749228
928.396267827887
928.3784066497
928.368170364437
928.356993267367
928.355871860117
928.349965326549
928.344788013873
928.343905470896
928.3209888887
928.287008183764
928.251814110246
928.249247743047
928.243872068199
928.2397608274
928.234747514514
928.21811873228
928.190034100876
928.175474486268
928.172750091224
928.172090624486
928.155128993134
928.151716742223
928.147424159618
928.142826590647
928.124051857946
928.065338562773
928.062217832169
928.041857744151
928.030863840203
927.987084319547
927.97238692252
927.970746970811
927.970323312618
927.92673535829
927.922913407306
927.878108242821
927.858893368547
927.836843521582
927.799548403463
927.778783726618
927.765708388247
927.761736361952
927.753419512825
927.752912671457
927.751058754419
927.738121666683
927.73051688251
927.714855579161
927.663766295321
927.653230372813
927.651796264299
927.642020970697
927.627820506393
927.62225617351
927.613885382543
927.548026011058
927.544343944013
927.540029790496
927.529995380222
927.510644215241
927.490430302693
927.489771950351
927.444432617082
927.408231426013
927.387484646345
927.386122966
927.369825994958
927.359769734535
927.35941381557
927.319429854793
927.314984153494
927.29874883368
927.275192392758
927.257130371766
927.242205561231
927.23592431237
927.231708007951
927.223998751392
927.191604343371
927.180755802557
927.165428943254
927.142203274501
927.138877890323
927.120076468448
927.09939097654
927.09171842622
927.086755960027
927.086132830103
927.083144565227
927.082697153327
927.060562056029
927.058304914053
927.05818441642
927.04034222808
927.034819366707
927.006165956414
926.959378050105
926.935231274952
926.920838823884
926.918110219349
926.917563606607
926.880376128694
926.872592029732
926.825751773004
926.816556119921
926.811885057666
926.790391695374
926.778928375214
926.770061579051
926.750171029576
926.749412826864
926.739537607801
926.719527414962
926.716659363084
926.709379193892
926.7013241209
926.681768721515
926.677466253974
926.671647473078
926.662043863116
926.634540512402
926.611836491143
926.602034715443
926.594924579839
926.556960458119
926.523860427673
926.517260894346
926.511925045941
926.511243686274
926.508140763336
926.497297271967
926.480763976158
926.477771503751
926.463804750701
926.430387837208
926.405498842533
926.404992026648
926.403562638189
933.568106314745
938.837747313506
928.248005902082
931.654843819973
930.521564726415
926.491915190029
931.532931199639
937.46845856553
939.011432668555
927.848960166514
927.119697700311
938.090170052907
926.858834397224
927.973791316937
929.91283271497
931.571092143341
935.240237430633
931.263122551513
947.945409180985
942.271975467978
934.202879659182
929.061204896333
937.541529857253
934.009851923671
941.619434015591
930.790964569581
928.776913966487
935.502502730626
935.835649986011
927.414695582403
927.232172507474
933.115504956617
926.438622717471
928.287156798921
942.048636000589
928.313245771612
926.871630002265
938.298893895344
929.339531192321
936.192693200333
934.798305578355
928.762250374922
931.649190355207
936.218665539939
938.776804752224
932.846030146172
927.863407443545
943.393412829226
930.440111254948
927.814819244414
929.196533610088
939.054670364179
930.149992305468
930.00604285054
954.71260689585
928.213873912607
926.835686260773
931.098495481836
929.717823531546
926.529057608226
932.018187524942
932.115142017868
965.627336431568
927.854073593549
937.081329000045
929.981736665333
929.102381026608
928.390741688024
934.537136870235
926.479561589423
927.399554610617
932.065158937706
942.46972023426
937.99665607568
943.644201742455
936.539422358918
943.581124160186
928.088942006809
929.962064698693
935.696054342749
927.805194232558
929.729691203637
927.45855844098
935.497609389204
934.737620917602
927.441608203048
933.260462606586
927.487165268074
937.028409222879
926.994630475515
933.157128374477
929.485382601567
950.848922129433
937.391518338293
932.896159786318
930.200659807625
938.980841130049
930.574645015888
944.802058178624
931.822796325074
927.710026521881
936.23071489034
942.563972875902
926.589754080167
931.240332827091
928.32897858203
936.498540297128
938.494873815169
931.451651709373
931.532660452879
935.269290707093
929.438653067423
941.537991931774
938.856784773857
930.918549192422
938.930899074269
937.839075070364
936.912521404572
936.200004547253
932.46002703175
938.451016577098
930.49783853147
928.671696900032
942.692298355033
930.298472572645
941.477773639068
934.26733041552
930.178170425529
931.290174161826
926.531691610054
927.590792214681
934.404215709823
936.41986440929
944.314533448296
933.133171848638
929.19689135789
927.654773990622
927.231149373236
930.158349521626
947.295199595762
928.631181158832
942.762548893747
926.447836200579
937.06049169566
928.164015820838
927.434492245268
931.230305927402
933.23183431835
934.6767864546
942.183208738267
936.411748219061
927.611463041504
931.092097835277
934.622716338847
926.485105645505
934.379419578847
928.313570272289
942.644473093332
936.830038867519
929.986429967328
931.388216113214
929.301089616178
936.656707410813
942.741024963084
932.333328283812
928.631013497797
947.150451205863
934.95495175967
937.134083691584
926.533479502725
926.787123094426
948.026405881044
929.064632350698
938.386898038607
927.655123140136
953.989622265102
937.020387475975
930.306354673984
929.291416842272
928.68393966039
931.207735477925
937.612984136896
945.286334489193
932.772106189542
943.016911713475
939.193645345054
936.84679966891
928.948386010813
933.465169061472
939.318003964084
929.08880891871
926.424286477407
928.843255100767
930.521676865985
929.079996454009
934.927663217388
938.95047619407
951.395470454711
934.09268555502
934.733962084333
940.47987473306
927.675894901227
926.797012690839
931.740848100489
933.471829221683
934.657466096018
931.687899404919
928.351960678452
928.603771039165
927.063767895124
931.590907243056
938.76631787371
950.691626356041
935.385212625009
929.666916928626
934.720193573055
931.300330294993
951.213015295902
933.109423491013
937.260164953071
927.678938195714
928.055922789216
935.529263110015
927.037945214868
934.215637497599
949.940467866988
926.567509332863
926.703881630489
940.822740163577
928.852155558135
941.014822766073
927.97795446995
934.227080696602
932.993118461407
931.208264743864
932.563174937626
929.956525475668
928.649637978062
937.222328990563
941.412896222051
932.352589916271
929.18066552622
935.665880681969
930.791994595318
927.015564401086
932.269282760909
927.930621939846
936.107490121234
937.048291837129
942.9918184761
933.218862444322
926.841031278503
929.959031984346
939.803778548618
930.881476108541
941.14876713506
927.59312080421
940.569549462235
930.462223541315
948.728204307167
944.734944294908
934.027323779986
927.686546365047
927.730542706376
926.631940466792
928.064910188
928.069327893495
935.240374323084
940.591511832163
928.472017551847
928.882388401111
933.547871718841
933.868711978911
938.15972433083
934.321559907193
934.491905819278
932.050256957628
942.739873070408
931.857449385736
930.489428202279
935.599438221071
926.393851296333
937.478438186945
927.928140437849
940.471191640721
933.696264724669
927.097041713628
926.868802327223
929.756691324134
931.109748727186
927.353786273375
930.852186984174
939.877945581702
937.528268208316
928.711418857242
940.42735306507
929.448195538404
927.830380835452
932.313654419369
929.088545013876
930.738437931487
942.040619001452
936.051455461882
928.753034049517
930.4044984091
935.087034644863
941.581499396605
930.143967673915
936.607564729862
929.198731927508
937.013894719491
926.440769081308
936.255419166076
933.833290448721
937.277944523349
933.321571380261
933.386062594149
929.140110802942
929.906070149759
931.643623133196
929.600949771539
940.53451729988
943.20051426212
934.328057035875
937.192391266952
934.12024359937
937.006069235593
933.791937923331
930.058545465007
932.957665095744
946.169118465542
931.199469065661
928.551425560898
929.287446751495
928.86438297548
946.244983952017
937.962839180919
929.427963181915
935.731247729366
930.338901933514
930.123651800594
926.598204155565
934.27255172518
936.156694526738
933.397774014061
930.8682261434
933.480134003554
934.862384192954
927.972479615317
931.941276538669
936.35471528132
935.645821314292
932.841671901526
943.464836918302
944.486789739979
933.263134604802
938.060881268289
943.131560226014
939.935054017201
928.095483540516
927.770397865527
931.129278330717
937.219341089509
931.464861200782
926.381384935812
933.365479373689
936.254185503081
928.122617918152
930.002081125748
939.446154901168
940.465067835923
934.825440433217
927.613506164016
933.177995404141
931.18901152953
927.17991363241
930.603292145938
928.200316994442
936.678006526405
929.974371116502
932.951084700824
940.504562136368
927.323072345553
927.796240983941
928.38727021828
944.638775110536
927.128447274753
931.1381575479
945.436475180755
928.122044114877
941.924389372027
928.018199694381
932.365227954997
926.492681047653
939.985839109435
926.854797928632
927.19562228044
937.550945274492
930.844247073106
928.106952007153
930.860156949354
929.187850731467
931.891430747469
932.794120408946
933.864827259555
926.73191448015
927.823469059859
929.738801251328
936.589480465532
934.765618654553
931.990756134936
929.450121572719
928.921000413333
935.989817745065
931.239308976544
930.080335295496
932.247269669209
926.729442291377
930.615358884508
932.247424611535
942.252171845692
928.215217054894
928.916100558058
940.108179642466
932.121573660791
946.098554342254
928.962598877986
940.66065404197
931.643605358648
937.326324024304
926.489397740292
935.527541610388
937.70427782569
940.576708528344
937.039977989764
930.318578061314
934.417163413995
929.821442799206
936.155482730331
926.44552885151
929.420827719514
930.502516983156
932.316699168424
927.553588016955
936.149755895835
930.569504014817
939.638888036846
933.201068388067
934.156890321078
929.259846667508
940.951051081777
927.594433301478
939.206579936132
936.997327461374
935.085392305884
926.753513410963
930.427602313944
934.537470311297
932.11087087897
933.545490233901
939.468639816186
930.722876211934
944.618609425354
927.897744800497
927.865645428394
932.804110434377
932.032883120725
932.095902621332
928.162577801436
926.619265129131
932.306312065788
927.339773977099
929.688542010838
947.500012053138
938.27209035754
933.959157507318
936.553543793471
931.739006196407
935.389457066847
939.656129273462
938.296269170477
943.380903684762
928.164198363459
927.170916310949
935.395685232815
935.29354676206
927.710463267161
931.0510099857
926.329582494621
930.587121372934
946.605965155623
947.107884067444
928.515931199101
931.236482464447
932.827780012376
927.485029600354
947.739232101318
931.283048138667
950.625372150351
941.714259661867
935.113124547529
928.434205833078
