721.371323456844
698.402569060997
698.256442503131
698.125371874312
697.95710304871
697.931064779565
697.887069845302
697.750623734506
697.710185782767
697.682509567178
697.600479791937
697.54229878603
697.515351621353
697.498147301109
697.431258017615
697.427125312029
697.406291423585
697.397370622907
697.377036839788
697.370734440946
697.366170786669
697.341393922771
697.339289895872
697.336060755957
697.32541980258
697.324736374209
697.314432046587
697.304112394949
697.297655284736
697.291466566024
697.289896062881
697.263662852111
697.251556144418
697.225571962118
697.204612522494
697.198841667469
697.171066510269
697.168221140098
697.152863802075
697.152155871139
697.14928799312
697.14907573785
697.148172800394
697.145805543679
697.138967772144
697.138331430656
697.121636121243
697.12149592451
697.099611294173
697.076560999463
697.075219132689
697.073359720099
697.068015669411
697.067787416933
697.058305045733
697.054841038589
697.050085599208
697.048634183431
697.044936516382
697.037661715889
697.025273048832
697.016263689266
697.014636854994
697.011061769581
697.0028416818
697.000511524976
696.988707162105
696.986434766872
696.984061880061
696.974731252875
696.967145842017
696.965778905757
696.963923383183
696.959662000446
696.948468391813
696.943761511892
696.943703399989
696.935471648093
696.935025125333
696.934908419087
696.933283469701
696.932641854249
696.924751022597
696.923854812553
696.901845824808
696.896847979758
696.895962278774
696.890222177548
696.889068785656
696.886021949309
696.884506518023
696.878970971085
696.872516321976
696.862747795303
696.860222721103
696.852042754804
696.848683471656
696.844159060056
696.841116715708
696.840057073067
696.829142723674
696.82895787506
696.827020523248
696.826322365655
696.82446099353
696.823884264258
696.816909469638
696.814917979317
696.805286101741
696.804090850919
696.800857159845
696.799808247342
696.794678298815
696.793998466023
696.793607685574
696.773940700079
696.773504855804
696.772890960254
696.772015225587
696.75316761344
696.736893108793
696.73471653813
696.733283258083
696.729661585934
696.719643143244
696.705795811641
696.70447061113
696.698600981814
696.697684025532
696.691321680766
696.690768069683
696.688898697418
696.688115226968
696.68446781319
696.677117154095
696.674241478843
696.674198043786
696.670112968156
696.668291046685
696.664487251183
696.661721040487
696.656322380551
696.654930598488
696.654097739227
696.653081616224
696.651178495775
696.648820426498
696.647244136461
696.646798141547
696.643528582747
696.637084088074
696.636240910838
696.634765908983
696.630356608763
696.619704496511
696.617948557378
696.617086969976
696.617058801556
696.613498089337
696.610611718791
696.610318138575
696.606152478866
696.59651870505
696.596325539687
696.594430417163
696.594227014593
696.586487066164
696.58636037353
696.58550202378
696.583474625128
696.583349730763
696.57860459423
696.576799127972
696.576232346453
696.576120707471
696.568601200229
696.56669756298
696.565488323768
696.564340554732
696.564210882877
696.562776815073
696.562562287183
696.557320248429
696.557073609195
696.555281710982
696.555237551081
696.551944995645
696.548842228645
696.546532295751
696.546114388023
696.542288272923
696.541849948632
696.541355964032
696.53990436046
696.537165553502
696.529138602351
696.525953110126
696.523328587657
696.51697729808
696.516787596798
696.516416598608
696.512808633062
696.506060291851
696.502204158965
696.498262228727
696.496212050028
696.496111266211
696.494594915775
696.492287394815
696.491371810471
696.490287007514
696.489109548764
696.484444207308
696.477950884227
696.462337480543
696.457450216373
696.454891460676
696.452736427213
696.451324448427
696.448442046943
696.448011306607
696.442700522695
696.440516838746
696.437528182867
696.437369070239
696.435843474502
696.426985343892
696.425255749535
696.422718063521
696.422029342058
696.420748791799
696.419494973685
696.417846574055
696.416011587991
696.414951254793
696.408430648238
696.406529291122
696.399839092557
696.399827448283
696.399396811073
696.393503923844
696.392610976382
696.388242123193
696.38789621171
696.38789321643
696.387821165092
696.385894998673
696.385870530939
696.385495363101
696.384109993613
696.379889841701
696.379627122753
696.37417453313
696.3676413736
696.356888690922
696.356660408632
696.355156792369
696.354939275404
696.345362402623
696.343371637024
696.341842429986
696.339951364032
696.336110419956
696.335591659386
696.334083599351
696.333738209967
696.333400778008
696.332352595753
696.327683619264
696.327586436807
696.326252407408
696.308184046846
696.306559977498
696.301892024536
696.301192947114
696.299775300936
696.295141032659
696.295044971154
696.292196590405
696.289682497061
696.289321819129
696.288184012634
696.28681379377
696.286039316973
696.283294569825
696.279874864437
696.276697038262
696.27588345574
696.2748014742
696.273036386872
696.268928038488
696.264429303085
696.256705857153
696.255793672519
696.252656152654
696.251155730074
696.250785780502
696.249706647871
696.248840625736
696.248333332639
696.246838214879
696.245509608406
696.24458102467
696.235397644933
696.234649980427
696.234254433804
696.232334732135
696.231633479637
696.231234261688
696.231064509746
696.227423955434
696.226765743774
696.226542532263
696.22527949834
696.224729551517
696.220651769567
696.216280173975
696.205675563637
696.201671723222
696.197999708548
696.194908377514
696.193015154679
696.191117922158
696.188736929535
696.187852982352
696.187645674079
696.18098401644
696.180889880768
696.179037178735
696.178600699073
696.174456137891
696.173477709325
696.172917854726
696.170414565802
696.165959286764
696.164917895498
696.164126070214
696.163403918348
696.163056269184
696.160980912917
696.159440231013
696.157838209087
696.15316301117
696.151326548206
696.147283929652
696.147008595913
696.146829027257
696.145107575686
696.142049013847
696.13724414208
696.136437962704
696.131516473162
696.128551610324
696.126367271015
696.123343563792
696.12331335411
696.121758071232
696.11719837525
696.115864833846
696.113437647763
696.112608871256
696.111408855896
696.108804399168
696.108756956311
696.108741099715
696.108025961081
696.10550304719
696.103885943531
696.10262346781
696.101114160435
696.100553706892
696.100514519771
696.098477956656
696.097761084161
696.097241594872
696.096507792641
696.095958512107
696.093175474301
696.09223672333
696.090765037979
696.088259979148
696.08765520946
696.085614921223
696.077139547229
696.075030938757
696.072883060667
696.072033719802
696.071374582833
696.070838113526
696.068239383438
696.067512052569
696.064203908409
696.061674676756
696.061193046842
696.059847005647
696.059100608966
696.058146283083
696.057663858913
696.057386877572
696.056695641314
696.056496926855
696.055772387644
696.051397002164
696.051000224546
696.050941778685
696.050824658618
696.048349491026
696.046847739939
696.046624166567
696.045908128459
696.044767127902
696.044324544337
696.039329752644
696.038282667482
696.037643587653
696.035885197099
696.035023330786
696.03405846356
696.029998691082
696.029519125188
696.029498798915
696.028997184459
696.026426743915
696.026306865529
696.024905335995
696.024884975071
696.023543764753
696.021809336801
696.019351650287
696.019303131241
696.014040144477
696.013775428356
696.011827472543
696.009092385047
696.008998522107
696.008564168933
696.007913627892
696.006106874695
696.004705277072
696.00205968988
696.001295084407
696.001293924342
696.000610388804
695.998164660049
695.997165014477
695.992774556792
695.992442572405
695.987080806085
695.986546716688
695.985742379433
695.978173443679
695.976859399115
695.973448750179
695.972422814176
695.971756702444
695.967952810424
695.966338730078
695.965667716718
695.963790817722
695.96205164222
695.95863221681
695.957993908664
695.955774273035
695.954457922901
695.950822155148
695.950487769504
695.949588963925
695.945565103508
695.944999811283
695.94473828561
695.94249573248
695.942387030412
695.941407325743
695.940846469064
695.935101714283
695.93246113675
695.931357375757
695.927657919759
695.923144726113
695.920804503505
695.919021914249
695.916374359213
695.911676671033
695.911259969503
695.911040122046
695.909916217131
695.909500764073
695.906405113996
695.904586915947
695.901858571721
695.900832722345
695.900767160285
695.899580094609
695.899414496294
695.892239336325
695.890358970769
695.889377762569
695.88501967166
696.784370359361
696.516407214733
696.473688660124
697.621802807852
697.034077386767
696.767501112393
696.72403971726
696.274542286062
696.140337849151
695.914325827198
696.445427381889
696.374449786786
697.555785921823
697.106106954457
697.365202176337
695.970967657046
697.388488690729
695.940121373115
697.30340741966
696.862347262666
696.595699264779
698.037654161171
696.275453440047
696.921468011587
696.247860446126
697.529920093735
696.562156648294
696.4087735726
696.254615677954
696.320846834587
697.776845570932
696.324915980289
696.740458240789
696.659045905674
696.442519962623
697.033114262059
697.129340761285
696.294189174696
697.042978514401
695.94387583156
696.373454858932
696.666033564381
696.867039718027
695.989262472398
696.039039805028
697.824665179699
696.826797269116
696.686924556986
698.122165977871
696.142531230101
697.124440020969
696.324436999071
696.355894754539
696.466379824359
696.800874361714
696.918657340934
696.231705789046
696.877714366559
696.05685550313
697.27172051882
696.293810870295
697.056616660784
698.136532903326
696.776679955853
696.499526980783
696.346972975736
696.145519432494
696.620354065456
697.232661547795
696.529220240402
696.395419612424
696.691582813961
696.654453799944
696.025597729176
697.081592559619
696.074242173713
697.405272904119
696.331064759276
696.872219713081
697.268265136075
696.744180327266
695.957749335541
696.173248367774
696.145116466041
696.297878749663
697.460607173589
695.894659510473
696.030634866149
695.992817377679
697.061736896882
696.160595759206
697.37599610105
696.536555363715
696.363289849689
696.124853050148
695.974703575998
697.049213037819
696.615071255605
696.294477585219
696.453820491287
696.821278834566
696.043228699415
696.372329691316
696.833671070282
696.449206047652
697.475873236124
696.711189233959
696.297125538964
696.040620996319
696.408060633383
696.745047123723
696.637580207666
696.898507744216
696.259223090099
696.21759619416
695.978976747854
697.24199618521
698.920632691851
696.436394443402
697.328605089665
697.741778656485
696.922461509252
696.276721807537
696.591327965299
696.701925479968
695.972379897933
696.859549561423
696.672189171737
697.99811987052
696.440295972664
696.615937531301
696.294537367233
697.480675154467
696.127919294175
696.478805619683
696.196359031855
696.142134936368
696.071261126292
696.573848232081
696.463367824387
697.120715959056
697.074279934763
697.84390006965
696.520386680867
696.112862940746
696.186101362325
696.524439254033
697.079117928285
696.88050322552
697.682511117637
696.127316830613
696.658649295956
696.281663543245
696.101307834462
696.194552759385
696.974216055861
696.746511472549
696.374860644757
696.949811441019
697.722439030387
697.678203419435
696.827761853466
696.616356626349
696.002684006248
696.095526731894
696.204395246161
697.063703777631
698.498738328384
697.00511583933
695.92780366135
696.894067894952
696.93835652506
697.316750875154
697.966655303816
696.450999194875
696.451577216276
697.406673372815
696.115819835473
696.888299344299
696.185274792868
697.217318103112
696.236312714953
697.090825133972
698.712239280389
696.330632858977
696.87329421262
696.53773085248
696.004898704852
696.567244924732
696.837493232148
695.945339728673
696.534406173033
696.505394546918
695.950990112098
696.866896955655
695.981798506025
696.482069690293
696.274776779588
696.10084390619
696.287376925082
696.298639694266
696.654778449561
695.96590259391
697.543131976572
696.3998267485
696.63224970479
696.530282127588
696.223335434853
698.083413699331
697.286922386373
697.022656454223
695.9013442821
697.136958991336
697.896979978632
696.420659390149
695.987363724178
697.785148358935
696.715481128915
697.024273862078
696.576309409484
697.334140686363
696.472294648409
697.387663446943
696.78204618377
696.414368715325
697.25198114929
697.019175669654
697.136300942885
696.114520240109
697.196359591741
697.509423527669
695.938053892184
697.239701707677
696.30276474202
696.715588322469
697.112601380323
696.122124854465
696.46728234882
696.548685883029
696.641839998116
696.051039816035
696.275699356997
696.084909598047
697.909627091523
696.214263845515
696.50595913272
696.48817239595
696.426807829217
697.095369143047
696.289955696279
695.956501015847
696.860823864657
696.167292981703
696.91169235417
697.760141445869
697.022212587679
697.221472903754
696.131296554365
697.071470881878
696.378902529858
696.586927623372
696.067964250746
696.318593647335
696.606335195909
697.990287416368
696.043015414455
696.806092117885
697.244091703984
696.186376247587
697.708262304869
696.330261073146
696.524607269858
697.167804891777
696.251180182847
696.124165320673
696.555900555037
697.707825663514
696.157420818509
696.088210057692
696.134962599691
697.150387909995
695.888819683137
697.474364129681
697.065890770833
696.709698950179
697.196238812772
696.180635204115
697.210568618274
695.939212699829
697.441478814418
695.903880414757
696.177222952353
698.285182226941
696.799238527205
697.054753209433
696.123948325912
697.559170134813
696.768452627784
696.191884402743
696.433524111063
696.910176065439
696.283219098423
696.310532661775
696.76128888521
696.2112673985
696.168291040942
697.00468643321
697.349710978613
697.372336568831
696.463274186754
695.901916375801
696.182877887261
696.835354280651
698.107511537994
697.077561724625
697.55558506956
697.51856002823
696.139902218954
696.464778525121
696.471425046021
697.033561909636
696.054231810813
698.147976883846
695.976542716267
696.749675100951
696.708174354829
696.814055583782
695.971411391758
697.432152807002
696.798552377843
696.440129892965
696.637463066213
696.81860925808
697.084771312333
696.956937658352
696.257414015431
697.749445732617
697.110108305558
696.555590112532
695.916166731588
696.846880713305
696.574249603984
695.982050873568
696.433299251836
696.653006799713
697.53095945501
696.928939713518
696.398971043601
697.553472428611
695.949874625732
696.10997822539
695.949576483377
695.91364626656
698.280358209561
696.618315846175
697.200794012817
696.554470530694
695.921431476236
696.476758401314
697.408225668447
697.166530126098
698.542423255776
696.791336676005
695.950644542406
696.414119763731
696.234108793312
696.731214966721
696.076327780015
696.005685936016
696.608988581823
696.258452665676
696.97020842588
696.485759346184
696.911177841042
697.013058774367
695.933087967244
696.699133510437
696.60342479206
696.092488901566
696.286760778747
696.045081352301
696.926755411228
697.023002498102
696.311685018775
697.444652226479
696.18120664847
695.938038986664
696.973478076217
697.762325612709
696.406183631194
696.014544759333
696.82270758866
697.08311037846
696.935602426434
696.153551876278
696.329570504886
696.291450259703
697.622905147227
696.284629920601
697.551500434153
696.296267137862
696.232152664419
696.872519348482
696.876031626723
696.121845641731
696.953512302215
696.708484301939
697.063686067296
696.389683333631
696.213586319562
696.605860319561
695.957904849584
696.3777897806
696.382314711169
696.816435467178
696.121584045762
697.168231131311
696.882648990777
697.323857350603
696.584649184495
696.479490148225
695.884037315383
696.97996450518
697.139152651983
696.190870203822
696.398637308778
696.418626947977
697.584797733121
696.392707905565
696.118496270264
697.067050862751
697.167352572317
697.62069699716
696.291094927275
696.347721314024
697.430799082752
697.018274015998
696.174303826686
696.640907551005
696.194491983194
696.302795203799
696.127287914734
696.366021928444
697.626445555404
697.603254445353
696.92895585128
695.962971014663
696.047101081414
696.588696791699
696.054468456783
695.979648914236
697.005959693316
696.702730022389
696.103955435838
697.194690885055
696.136818256641
695.90795373277
696.301707187545
697.023924449854
696.031257603701
695.994326613536
696.706381068414
696.927959715133
695.914245804411
696.868543500039
696.156460177904
696.658247087686
696.083304398315
696.233222753059
695.92193794134
696.436367066669
696.066119652306
696.003503419011
697.25025726529
698.320417217302
696.099534402717
698.129114187323
695.924886336421
696.812991085681
697.80457687006
696.946595981461
697.008630919949
696.192851071995
696.565195905322
697.265335652003
697.886863102703
697.148358845722
696.000498025092
695.987205838597
695.920803755817
697.167589966708
697.286942643213
697.282051480001
696.623810499736
696.310313163116
696.679249515261
697.328772164188
696.735841265053
696.454142894275
696.135604626097
696.831153079817
696.918372791026
