1062.28616313709
1062.14925226105
1062.14874396063
1062.05023183355
1062.02809649772
1061.95485498356
1061.90200121205
1061.81804455627
1061.75772460298
1061.73548070029
1061.73024757984
1061.71681321682
1061.71196325306
1061.70862359816
1061.6930520672
1061.68213301095
1061.67872706781
1061.67406082549
1061.67223334413
1061.64809841748
1061.64731772259
1061.64484131297
1061.63210107882
1061.6289750249
1061.62398325946
1061.62306157053
1061.62183481846
1061.61574467481
1061.60633691172
1061.58258951907
1061.57553460646
1061.55189838071
1061.55123652594
1061.54434924636
1061.54229594227
1061.53427471282
1061.52674745082
1061.52421444249
1061.51962488826
1061.51484351598
1061.51466592647
1061.49888568489
1061.4867921398
1061.48417303459
1061.47876398857
1061.47420851385
1061.47420624844
1061.47314995005
1061.47126539986
1061.46483420613
1061.46196693249
1061.45828189958
1061.45467255034
1061.45054317066
1061.44597223456
1061.43101523613
1061.425021862
1061.42113221216
1061.41712178834
1061.41464383828
1061.40544140105
1061.39351149173
1061.3870736919
1061.38364260407
1061.38259615342
1061.37683561034
1061.37196324668
1061.36877540096
1061.36868373176
1061.36119258151
1061.36072279454
1061.35609056478
1061.35608867364
1061.3550948464
1061.35423192137
1061.35301205406
1061.35285205571
1061.35092438657
1061.34900950723
1061.34572486171
1061.34403423018
1061.3430587676
1061.34068940063
1061.32984482605
1061.32441885636
1061.32155554867
1061.32032189027
1061.31303677379
1061.3124655418
1061.30919559553
1061.3084994683
1061.30704169735
1061.30667701374
1061.30152134917
1061.29951485633
1061.29932108591
1061.29560989185
1061.29398480858
1061.29265402445
1061.28824079269
1061.28471900368
1061.28422527842
1061.27885446922
1061.27814778647
1061.27437968068
1061.27269777732
1061.27047465253
1061.27027853815
1061.2686334977
1061.26698908284
1061.2667234097
1061.26213353488
1061.25871597582
1061.25727725641
1061.25640036075
1061.25358903529
1061.25240743855
1061.25145933637
1061.24847190869
1061.24846753012
1061.24555113939
1061.24514783614
1061.24428947165
1061.24245552095
1061.2420866912
1061.24131384829
1061.23978566721
1061.23395696635
1061.23092366551
1061.23081089349
1061.23013283021
1061.22882298884
1061.22751909694
1061.22728136451
1061.22481373305
1061.22361241236
1061.22279207634
1061.22251072179
1061.22171086721
1061.21807542139
1061.21681792253
1061.21504983858
1061.21432628499
1061.21292702543
1061.21286949437
1061.21190813467
1061.21159140094
1061.2102921888
1061.20976866409
1061.20783086033
1061.20779626163
1061.20597423957
1061.20566947729
1061.20534315684
1061.2036635603
1061.20156661819
1061.20001284942
1061.19986817866
1061.1975897368
1061.19676391952
1061.19585273961
1061.19347532446
1061.1898772233
1061.18946561116
1061.18933777604
1061.18846287972
1061.18492053057
1061.18471038066
1061.1828090691
1061.18121133527
1061.18114518193
1061.17897006686
1061.17828674675
1061.17685503088
1061.17014776673
1061.16730194621
1061.16676519137
1061.16187137699
1061.15890960431
1061.15800498924
1061.15470823683
1061.15465832246
1061.1535980156
1061.15201089376
1061.15143010733
1061.14779213842
1061.14382949888
1061.14328250428
1061.14281707873
1061.14080149406
1061.14049013662
1061.13909922217
1061.13704810513
1061.13646352192
1061.13277881007
1061.13116329086
1061.1290631468
1061.12751100415
1061.12665171974
1061.12509325737
1061.12347135299
1061.12289654363
1061.12242058776
1061.12133054033
1061.12091791823
1061.11962193566
1061.11915401078
1061.11790291735
1061.11731027076
1061.11404426093
1061.11245552225
1061.11142514546
1061.11114476643
1061.11007218582
1061.10569796903
1061.10550883403
1061.10433829943
1061.10379352294
1061.10300934699
1061.10219258464
1061.10086932117
1061.10060150198
1061.09914525627
1061.09790179096
1061.09256054605
1061.09099403653
1061.09088064435
1061.08978427491
1061.08868211766
1061.08616745879
1061.08549691634
1061.08484517295
1061.08071243495
1061.08004187268
1061.07963545788
1061.07719506867
1061.07665672767
1061.07663372988
1061.07558000465
1061.06904231994
1061.06836044872
1061.0682800812
1061.06774965346
1061.06470841091
1061.06070291211
1061.0550687803
1061.05264812344
1061.05030708879
1061.04973023286
1061.04880793813
1061.04843810398
1061.04735802398
1061.04571776309
1061.04469125275
1061.04455953812
1061.04417460256
1061.04361835586
1061.04286644605
1061.04101417244
1061.04074053694
1061.03813140573
1061.03798630172
1061.03714635517
1061.03686471763
1061.0364922747
1061.03603936996
1061.03579473111
1061.03507580683
1061.03496239707
1061.03494502682
1061.03309136581
1061.03301200133
1061.03187179511
1061.03139815876
1061.02945149041
1061.02821614675
1061.02625960256
1061.02605349789
1061.02240700281
1061.02194076052
1061.02004115896
1061.01949856931
1061.01928426687
1061.01854869759
1061.01838130802
1061.01584114297
1061.01546860851
1061.01388480802
1061.01192312938
1061.01181824046
1061.01095392682
1061.01088643903
1061.00929864516
1061.0087703199
1061.00871625644
1061.00869118974
1061.00743648525
1061.00382769856
1061.00372102767
1061.00231502016
1061.0018956894
1061.00177352292
1061.00143147543
1060.99895419887
1060.99710530469
1060.9957088197
1060.99521686355
1060.99496114892
1060.99338213001
1060.99279537703
1060.99194395364
1060.99150108517
1060.98872065095
1060.98869849888
1060.98738233665
1060.98633694639
1060.98612091472
1060.98569857908
1060.98448352044
1060.98366133829
1060.9835336394
1060.98329698809
1060.98204504875
1060.98193227561
1060.98109258678
1060.9786602993
1060.97724557849
1060.97531948928
1060.97365496897
1060.97293033448
1060.97193974863
1060.97085804311
1060.97066697886
1060.96866832303
1060.96838742274
1060.96811966389
1060.96509685007
1060.96505143989
1060.96455796712
1060.96424864176
1060.96330528946
1060.96256560285
1060.96233559729
1060.96213606457
1060.95836793423
1060.9577050924
1060.95751863422
1060.95744567465
1060.95712291339
1060.95478878047
1060.95439057224
1060.95430129849
1060.95427930613
1060.95337191908
1060.95187066934
1060.94927056679
1060.9463771693
1060.94448260384
1060.9417705826
1060.9413948576
1060.94027099916
1060.93868047841
1060.93867123759
1060.938471586
1060.9383005267
1060.93639655093
1060.93624207644
1060.93542805837
1060.93523726373
1060.93477136268
1060.93349028969
1060.93300897034
1060.9329187453
1060.93267903136
1060.93208330861
1060.93155527433
1060.9309578002
1060.9301970927
1060.93018120626
1060.92972315557
1060.92953263874
1060.92934174668
1060.92767455858
1060.92749813688
1060.92665063253
1060.92608478061
1060.92570345568
1060.92303007909
1060.92291592772
1060.92252614512
1060.92183171726
1060.92181486081
1060.9191634262
1060.91884741784
1060.91862333802
1060.91815419969
1060.91681835573
1060.91619991787
1060.91544284419
1060.91492002988
1060.91414344187
1060.91409538807
1060.91296816925
1060.91120359449
1060.9105676256
1060.90986337637
1060.90930397485
1060.90926859651
1060.90831410402
1060.90708669993
1060.9069104026
1060.90682852094
1060.90563557833
1060.90559105905
1060.90538349254
1060.90534554887
1060.90523003685
1060.90233397991
1060.90190593845
1060.9015561055
1060.90009857676
1060.89975389516
1060.89948108153
1060.89948078572
1060.89822182203
1060.89804150372
1060.89620269023
1060.89506797406
1060.8948236379
1060.89472630102
1060.8932598356
1060.89183007294
1060.8914042425
1060.89019557319
1060.8899994137
1060.88899972445
1060.88723485999
1060.88615305204
1060.88613318888
1060.88602255035
1060.88494060527
1060.88472719558
1060.88427316028
1060.88400072096
1060.88321450644
1060.88303210634
1060.88173648245
1060.88054068958
1060.88044935423
1060.88017162074
1060.87719625952
1060.87715096014
1060.87605225647
1060.87468505543
1060.87452811154
1060.87448593637
1060.87426965273
1060.87409578331
1060.87381639797
1060.87290229361
1060.87275933788
1060.87194089511
1060.871820001
1060.87051498988
1060.87035443294
1060.87025698824
1060.87008751864
1060.8694452624
1060.86832132152
1060.86826845071
1060.86726687741
1060.86668101262
1060.86633853917
1060.86585652577
1060.86548063188
1060.86545147429
1060.86520820638
1060.86440354265
1060.86272883366
1060.85895852797
1060.85882125606
1060.85703119749
1060.8560504056
1060.855075919
1060.85503123163
1060.85486965166
1060.8523435871
1060.85231808756
1060.8519295222
1060.85175485997
1060.85021311721
1060.84992951937
1060.84962412046
1060.8493904936
1060.84935616756
1060.84929061947
1060.84903984294
1060.84840579433
1061.11545529459
1061.34046783811
1061.14279633327
1060.92264026144
1061.30735943402
1061.10666940484
1060.93304698332
1061.15542981843
1060.9854080884
1061.1977611228
1061.00638591093
1060.88718342514
1061.81999236272
1061.1767554369
1061.52095010459
1061.14377779051
1060.95611274175
1061.42428167387
1060.9780747165
1060.93746494716
1061.63788556469
1061.02631936406
1061.07613408581
1061.43803611763
1061.07147796534
1061.4953454722
1061.0981794075
1061.04246925682
1061.49227328542
1061.62803826434
1061.90486336154
1061.02211828491
1061.29748862019
1061.0767782221
1062.27612574469
1061.15381944529
1061.00476012079
1061.13334287632
1060.85180718276
1061.31735888682
1061.16232093544
1061.061107449
1061.16206271212
1060.87687564943
1060.85812102706
1060.87961730136
1061.49163531428
1060.93012257675
1061.39588883177
1061.48459214711
1060.96931510721
1062.00554976589
1061.16615370456
1061.08239310712
1060.87599178948
1060.92245314043
1061.81699538701
1061.08123877944
1061.33829406313
1061.55733760093
1060.99600878997
1061.67260725675
1061.24537370538
1061.48454728918
1060.86735546341
1061.07714663308
1061.24537113505
1061.08139982097
1061.07110653397
1061.67025662339
1060.94684514063
1061.38060290872
1061.51514749279
1061.04545719563
1060.91974277508
1061.32159178178
1060.86472643892
1061.48261017138
1061.76034563819
1061.47333784266
1060.91230051497
1060.94069025532
1060.9272588116
1060.99920900976
1061.27147129022
1061.00451411038
1061.09531566018
1061.45293540399
1061.24196691779
1061.29706689623
1061.50888118338
1061.42909179312
1060.9550476336
1060.87925007578
1061.13548520583
1061.01096507346
1061.81403505544
1061.62922527984
1061.67133143425
1060.90688293324
1060.95101725103
1061.16863636601
1061.00023340757
1061.06747944508
1061.00605038495
1060.96261124255
1061.36983638241
1061.30934244426
1060.89155561326
1061.17666991837
1061.34173116808
1061.1095084155
1061.09235659808
1060.97337077799
1061.15838820799
1060.85963767892
1060.99050549125
1061.13478854229
1061.21664648233
1061.26863956396
1061.19654656168
1061.1740642525
1061.15611749113
1061.18466151937
1060.93437558205
1060.9161958641
1061.40323968864
1061.04143329156
1061.03792494029
1061.12399085545
1060.95335212317
1061.22703993325
1061.09853305369
1060.97096674821
1061.2079681045
1061.8134354037
1060.89410775973
1060.88569216469
1061.67645470056
1062.32350380072
1060.90802071452
1060.99223325207
1061.22530264103
1061.3536581425
1060.88828843339
1060.98034253345
1061.39363657219
1061.24818693572
1061.60139406583
1061.22619079012
1061.61526697673
1061.0292357166
1061.35987463221
1060.87045450168
1061.13919594187
1061.52332105511
1061.4180267701
1061.41407174673
1061.76068141715
1061.23637290567
1061.01402946579
1061.41186580771
1061.33237681052
1061.62903808315
1061.12530286212
1061.17327926687
1060.8820822179
1060.98057097198
1061.0439271223
1060.84857050934
1060.9100538657
1060.98646410094
1061.0683763588
1061.17968518776
1060.85555602795
1061.24963689947
1060.90133619161
1061.00212804106
1060.9251710628
1061.11113820732
1061.22650165936
1061.46063900165
1061.39880634023
1060.96906071713
1061.37169092266
1061.02368420607
1061.10269421913
1061.45246260923
1060.89396557419
1061.35593286662
1060.90889934778
1061.37039402526
1062.38910384869
1061.03968474978
1060.91850834648
1061.31564605414
1062.40997941193
1061.22931794027
1061.03497138586
1061.27233618055
1061.13890697555
1061.23328834666
1061.52723113175
1061.08966111651
1061.03184700289
1060.92484287947
1060.85238987837
1060.8621986733
1060.97011667703
1061.35699099545
1061.32275072659
1060.89721738045
1060.89993878623
1060.85419422713
1060.93968967644
1061.58762567139
1061.14986049803
1060.99879040488
1060.95221197418
1061.75406870043
1061.23452904527
1061.06904170586
1060.94309244828
1061.40437625348
1060.85431137849
1061.36311262402
1061.04260859176
1060.95627773694
1061.18656275225
1061.16378207965
1061.4196267697
1060.87850516305
1060.84890395732
1061.15502435474
1061.15100901009
1060.879805319
1060.93554450053
1061.58089299823
1060.96059756194
1061.07927320348
1060.94983472253
1060.85372616433
1061.09702188614
1061.43148325672
1060.86005957549
1061.16135043914
1060.89566209215
1061.31866617989
1061.3794419578
1061.98562043735
1061.0808544249
1061.10503168122
1061.15122598132
1060.87705689488
1061.38584564706
1061.39407093594
1060.87924649485
1061.40568327944
1061.35430165611
1061.11338459447
1061.00419715256
1061.4389836427
1061.74346842554
1060.88823225819
1061.0408552739
1061.31884243331
1060.8623135491
1060.94686292291
1060.92975236636
1060.88904484051
1061.7685442607
1061.00332580533
1061.02326268061
1061.05470630474
1061.54597316767
1060.91528343529
1060.98638909137
1060.87660186776
1061.13604490111
1060.97028738499
1060.91115903274
1060.85589740838
1061.84760987694
1060.88053704104
1060.8560595321
1061.20122883597
1061.77666020719
1060.9670952328
1060.84844464146
1061.17312017045
1060.86379715531
1061.3793124131
1060.98032755825
1060.89242158077
1061.3591827062
1060.85851978285
1061.21863973013
1061.12937421189
1061.23019422716
1061.36420320743
1060.87391238118
1061.05764922527
1061.0547550941
1060.85353019328
1061.09115217541
1060.96039433558
1061.26051780737
1061.80328413083
1061.20979990577
1060.88326183149
1061.12247370559
1060.96000318752
1060.88045249583
1060.91081291725
1060.85280614198
1060.95247550266
1061.04933185399
1061.04293650814
1061.28459498176
1061.39786676315
1060.87426582214
1060.96979649238
1060.86020517131
1061.95939982228
1060.86580737794
1061.01053056163
1061.80345026016
1060.8590702125
1061.45067912648
1060.99922317601
1061.14303496903
1061.06145288983
1060.88399067747
1060.89490654323
1061.14907675843
1060.98703247446
1060.90394665737
1061.33994351481
1060.92711474447
1061.09253437838
1061.01122234174
1061.0259262256
1060.92740488198
1061.73038132112
1060.89023299314
1060.85311482559
1060.92980804913
1060.92734096085
1060.9191251881
1061.06365631921
1061.68545888864
1061.23047223331
1060.89014620958
1061.21105183289
1061.05283829109
1061.30497239911
1061.23747396611
1062.2821477863
1061.0342177386
1060.97809348731
1061.43739236407
1061.41022038862
1061.89945386667
1061.06708072395
1060.94403381519
1061.09068951953
1061.89478088016
1061.22551307833
1061.36596215845
1061.11285716912
1060.87707275823
1061.29853031051
1061.61191714796
1061.50745173125
1061.15311625181
1061.12932446313
1061.17106580144
1061.20544156091
1060.85239711013
1061.02386412986
1061.02149710883
1060.88381562279
1061.12582424443
1060.9005791975
1060.86700169175
1060.9544995567
1061.42057672248
1061.90738555078
1061.0434968236
1061.18869354613
1060.98927241314
1061.30416628232
1061.33004823243
1060.86804062639
1060.94865641993
1060.88317029205
1061.68477508495
1061.02642612266
1061.00472451612
1060.92356898842
1061.46403380467
1061.42732620783
1061.4097317897
1060.99665048633
1061.14978974979
1061.03641842191
1061.53197868551
1060.86304209543
1060.90427534246
1060.877475995
1061.40415988018
1060.86037867887
1061.54954458885
1060.9742416006
1061.149548085
1060.89705649313
1061.72536140394
1061.0057431368
1062.09448007018
1060.95499770907
1060.91910054595
1061.28843425461
1061.08225945624
1061.15085920481
1060.97784848476
1061.09883847454
1060.91263350791
1061.2397499887
1060.86455188069
1061.08280068442
1060.9371451141
1060.97099955485
1061.06439396077
1062.25424410903
1061.26304343544
1060.95584555922
1060.98927731243
1062.05000466989
1061.50336400369
1061.20476721666
1061.08914699184
1060.99796957862
1061.31017107251
1061.28514291025
1061.3738133083
1061.00814584442
1061.61023220359
1061.24767452155
1061.03767394452
1060.90383375426
1061.58441385951
1060.85798305402
1061.11078168623
1061.480421807
1060.89211194958
1060.96943222168
1060.92159551313
1061.18289381615
1061.20897044107
1060.99396882329
1061.10832842259
1061.06393563747
1061.10314067344
1061.32357790985
1060.93986805623
1061.0064078993
1061.55102991895
1061.38689266452
1061.2393119025
1060.91203618463
1061.30085499069
1060.88435906656
1061.0873302409
1061.56599598084
1060.96328372598
1060.89970869056
1060.91659876728
1061.54178314618
1061.53672434216
1061.43962288438
1061.05676686521
1060.84893023381
1061.20520299838
1061.22813421044
1061.1412914834
1061.2781687015
1061.35908439248
1060.9327998409
1061.27626410738
1062.19724867261
1061.23885625639
1061.23664713231
1060.85069403903
1060.88856604285
1061.22518223188
1060.9315065171
1061.1913915735
1060.99385213714
1061.23632326782
1061.18027235302
1061.52060789345
1061.24084176873
