1041.5369148987
1040.28045810953
1039.06715666685
1038.1456451535
1038.14364598241
1037.95367679477
1037.81185743352
1037.59203898556
1037.33232695499
1037.32030184685
1037.29443078531
1037.27633560558
1037.2686219673
1037.23006776592
1037.19843695491
1037.13007687067
1037.11375555142
1037.07765687206
1037.06560989253
1036.95078587408
1036.94819066159
1036.92457225363
1036.85029895989
1036.78004609616
1036.73556151385
1036.71835542637
1036.69475626604
1036.68755935062
1036.61275776679
1036.61047734253
1036.59238791112
1036.57227086966
1036.50567233672
1036.46861061457
1036.44030821519
1036.43874449705
1036.42104944346
1036.41386879128
1036.39860592688
1036.37583850167
1036.31238242072
1036.29830717183
1036.27737105605
1036.26177381465
1036.25585583555
1036.23486296211
1036.2345699949
1036.22156103672
1036.21768203893
1036.20608023639
1036.157385322
1036.13217942817
1036.12946470432
1036.10527202912
1036.09405504222
1036.0887538083
1036.08628451289
1036.0849375097
1036.08010342592
1036.07675199002
1036.07080146175
1036.04757385978
1036.03344094
1036.01997555385
1036.01626602584
1035.99407933866
1035.96715369057
1035.95390455313
1035.94616092779
1035.92797903199
1035.90550772471
1035.89406362208
1035.88099285445
1035.8523432636
1035.85152870076
1035.8210509457
1035.81252265306
1035.81104451422
1035.80352616556
1035.80086752289
1035.79316976029
1035.79076909304
1035.78732294367
1035.78598418909
1035.78025452967
1035.76937429354
1035.76902687746
1035.76504923367
1035.75333928101
1035.75323804738
1035.73343085621
1035.73134239219
1035.73104858649
1035.71128416024
1035.71071431571
1035.7090175938
1035.69239891676
1035.67985856284
1035.66791070608
1035.66001649803
1035.64909535984
1035.61355032964
1035.61346973108
1035.59783529435
1035.59462914976
1035.5889172205
1035.54983122082
1035.53428278374
1035.53119800299
1035.52423843345
1035.51589031209
1035.51181970767
1035.47499415017
1035.46226649451
1035.46202178767
1035.45817255607
1035.45353311072
1035.44936682332
1035.4269660306
1035.42253787074
1035.41224388777
1035.41219701586
1035.3892236674
1035.38824578081
1035.38523867828
1035.38075334241
1035.37864345978
1035.36476530017
1035.35630999468
1035.35352202847
1035.35067545214
1035.34903652362
1035.32857019518
1035.31414553136
1035.31141984697
1035.28146915298
1035.26785578886
1035.26444439603
1035.26297780247
1035.26273008072
1035.26257979442
1035.26236517371
1035.26049503933
1035.25893252345
1035.25851786899
1035.25504123931
1035.25308981861
1035.24816260928
1035.24786991303
1035.23251380279
1035.2185273387
1035.21350135709
1035.20875212149
1035.19966604885
1035.19471378269
1035.18900448495
1035.18731557055
1035.1828613962
1035.17554437036
1035.16463701825
1035.15714611921
1035.15157332505
1035.13631124515
1035.13433536913
1035.13187788708
1035.12641470686
1035.12328717894
1035.12037156355
1035.11988191426
1035.1103895843
1035.10964492245
1035.10618713125
1035.09968548759
1035.07968189677
1035.0759868847
1035.06827044322
1035.06524273746
1035.05776025526
1035.04656472954
1035.04080953939
1035.03836155453
1035.03692947017
1035.02284656717
1035.02256876448
1035.02054892958
1035.01841343001
1035.01821538156
1035.01368304493
1035.00856061254
1034.99826483196
1034.99599320338
1034.98576286654
1034.97950984312
1034.97384538888
1034.97278188782
1034.94684502004
1034.94200062878
1034.94145894631
1034.93837382675
1034.93117128602
1034.92105214136
1034.91947919693
1034.91586667263
1034.91138643997
1034.90761805775
1034.90683882896
1034.90441171667
1034.90071951883
1034.89753268773
1034.89673764415
1034.89273909101
1034.89272985439
1034.87864427048
1034.87631265089
1034.87473514031
1034.8719412545
1034.86882347998
1034.86832010678
1034.86821927181
1034.86764576557
1034.86189812144
1034.85650641223
1034.8550810971
1034.85278558769
1034.84975951537
1034.84689628269
1034.84362480263
1034.84318402948
1034.84288057255
1034.84167268468
1034.83381925252
1034.82435018777
1034.8047942242
1034.80040805562
1034.79390155535
1034.79302360141
1034.78524058622
1034.78398274322
1034.78109301739
1034.77568619227
1034.77458389631
1034.77296301344
1034.76700884395
1034.76650264624
1034.75537679492
1034.75368089498
1034.74708551125
1034.7451965936
1034.73906099533
1034.73397247035
1034.73393838831
1034.73016307004
1034.72593630694
1034.72501364024
1034.7193386631
1034.71823539025
1034.7178701769
1034.71543024406
1034.71051340037
1034.69968794839
1034.68993138451
1034.68738295954
1034.68708032677
1034.68162766972
1034.68074003833
1034.67762357017
1034.66648862563
1034.66444181517
1034.65980233937
1034.65584690671
1034.65489767778
1034.65478935433
1034.64996632207
1034.64978510586
1034.64765529537
1034.64084266705
1034.64045142364
1034.63552959032
1034.62478670644
1034.62230459615
1034.61952213498
1034.61752483876
1034.61699484805
1034.61388745663
1034.61053939048
1034.61050421118
1034.60986780904
1034.60527832322
1034.60257364992
1034.60168025741
1034.59744272839
1034.59022931423
1034.58407551333
1034.57900702614
1034.57592351267
1034.57546648014
1034.57361188121
1034.57360274878
1034.56979397401
1034.56774163685
1034.56178033947
1034.56006093636
1034.55916046975
1034.55671359413
1034.55576765799
1034.55458943904
1034.55407255081
1034.55211197824
1034.55200539839
1034.55198273487
1034.55081031346
1034.54545939586
1034.54349357618
1034.54187037381
1034.54107738327
1034.53879428945
1034.53564774843
1034.52877717244
1034.52790224112
1034.52675106617
1034.52651918636
1034.52035891654
1034.51678820881
1034.51564033508
1034.51540978297
1034.51511268389
1034.5092125781
1034.50851229287
1034.49924576708
1034.49808159988
1034.49320391079
1034.48952899132
1034.48851939325
1034.48753153886
1034.47939775704
1034.47856582098
1034.47059406649
1034.47012420131
1034.46778767521
1034.46710679772
1034.46571212835
1034.46114606317
1034.45926300491
1034.45533687176
1034.4530420993
1034.44368919846
1034.44145589871
1034.4352062569
1034.42955283314
1034.42807218539
1034.42526745513
1034.41983514163
1034.41863420386
1034.41853514072
1034.41767584528
1034.41601876639
1034.41576020588
1034.41227782406
1034.41100200559
1034.40655165045
1034.40196112656
1034.40156494027
1034.38644824294
1034.38309235471
1034.38268954938
1034.38069175178
1034.37980483522
1034.37793935077
1034.37610335818
1034.37120725314
1034.36959895388
1034.36731026924
1034.36610249189
1034.36216589796
1034.35813210075
1034.35812143482
1034.35745739527
1034.35131753258
1034.34666675093
1034.34661018874
1034.34612099033
1034.34221725005
1034.34072061821
1034.33194547233
1034.3304572987
1034.32309003917
1034.31989501531
1034.31843139818
1034.31600979661
1034.31262506213
1034.31199261661
1034.31122946356
1034.30884244578
1034.30768890945
1034.30528802155
1034.30326766859
1034.30310643056
1034.30162954946
1034.30082221515
1034.29993673613
1034.29711798134
1034.29637514852
1034.29420022851
1034.29243574977
1034.29224279624
1034.28952000621
1034.28512136498
1034.28343959828
1034.28007091546
1034.27985638519
1034.27777306918
1034.27444600262
1034.27360570774
1034.2714799745
1034.27012476963
1034.26816208926
1034.2616926643
1034.25910207911
1034.25753819866
1034.25479359378
1034.2539653988
1034.25246048813
1034.24982170934
1034.24968681792
1034.24741184209
1034.2393182506
1034.23818742369
1034.23762967197
1034.23035865104
1034.2300852317
1034.22861240328
1034.22816905081
1034.22751236515
1034.22526943208
1034.22012353886
1034.21424398242
1034.21222235819
1034.21079759531
1034.21076726599
1034.20013692433
1034.1996650296
1034.19951795508
1034.19749292486
1034.1964732092
1034.19634612031
1034.19064528867
1034.18698225663
1034.18643820824
1034.18499867366
1034.17723542475
1034.17687278849
1034.17099698946
1034.1676136894
1034.16450767253
1034.16230745719
1034.16220266781
1034.15738870868
1034.15614989343
1034.15320997
1034.15236650463
1034.15133495448
1034.14949501456
1034.148439537
1034.14836320719
1034.14493322635
1034.14173666192
1034.13901233245
1034.13896577159
1034.13792122468
1034.13260554304
1034.13179768656
1034.12838758771
1034.12831992891
1034.12751312408
1034.12619910245
1034.12490322804
1034.12451449233
1034.12337378532
1034.11910602452
1034.11758235528
1034.11642529534
1034.11269443654
1034.11236752625
1034.11131171453
1034.10760856789
1034.10725679204
1034.10685924268
1034.10651900973
1034.10569113512
1034.10455932189
1034.10201640711
1034.10174428007
1034.10093515675
1034.09750305262
1034.08918346982
1034.08695498623
1034.08360997051
1034.08274034091
1034.49823080997
1035.17248777479
1034.49032231665
1034.44934207222
1034.35631856328
1035.10323270679
1037.46792546396
1036.07573774427
1034.50732466823
1035.71764853071
1034.50735515388
1034.08232151037
1034.73527414034
1035.31397973454
1034.10631614324
1034.90071957394
1034.50840846702
1034.61252280469
1035.97210788449
1036.15823314465
1035.13578745715
1036.01086621861
1034.6106745576
1034.48565659603
1034.60317863526
1034.36401579634
1034.49882441289
1036.76141967897
1034.81861621441
1034.38849730159
1034.37547547361
1036.49135845211
1038.00321141177
1034.14216896742
1034.57762203228
1037.873348101
1039.32131695567
1034.39795695417
1034.8487572494
1035.85831915984
1035.16995426756
1034.84221183793
1034.32870104717
1036.34913836387
1034.23334690774
1034.64355820689
1035.8450731481
1034.68727678413
1036.74662664961
1036.6315108128
1038.54304305685
1037.31568854454
1035.3575487724
1034.48297862921
1035.69240548757
1034.27390433969
1036.03553354971
1035.17369323935
1034.29964426305
1034.73018458378
1034.5935819775
1035.04751358719
1036.99949193218
1036.15622715866
1035.16580172549
1035.09091307493
1034.92183220587
1034.14755682961
1034.8912810545
1035.2406568906
1034.08631248945
1034.94658203435
1034.22394532276
1034.55661772663
1035.98328838993
1034.30591021476
1034.08497315357
1035.5451873688
1035.00063061826
1034.25625394941
1034.1215902674
1035.57295942903
1034.17834984299
1035.05656659605
1035.19761947187
1034.4727172321
1035.88424356393
1035.16201556944
1035.65369694375
1034.27057939038
1034.50997150816
1035.07938618073
1034.42144792256
1036.50204765056
1035.67927572
1036.455969008
1034.1544992163
1035.09663318566
1034.91000661588
1034.41382920507
1035.15833759845
1034.33822964272
1037.22291089226
1036.46557031812
1035.82871919353
1034.18668717682
1035.1280280591
1034.82478337733
1035.74798342514
1036.25394275409
1034.50574091323
1035.88137975741
1034.81365615851
1038.11429524247
1034.2070534123
1034.49921834201
1034.21494650304
1035.48971592093
1035.00753641239
1035.35746245325
1037.48268905472
1036.1508069503
1034.78230869743
1034.25431648155
1036.33304478266
1034.28409603368
1035.79469620852
1034.34971979158
1034.32728525774
1034.4641234444
1035.13189065265
1036.12989551409
1037.23974301577
1035.25190898558
1035.89072579896
1036.34470523508
1034.1092298069
1034.42990064405
1034.25602489908
1036.38488239829
1035.85819651815
1034.75466435018
1034.66467041501
1037.74479017557
1034.29558038871
1035.26388102022
1036.36699384575
1034.27975021311
1034.69502113123
1035.34883240594
1034.30017063676
1035.16523206683
1035.71441884716
1035.79352226657
1036.34322881913
1034.21563568764
1034.19698684585
1034.6098641281
1038.67167801908
1034.67227413048
1035.86432811074
1035.47486934876
1037.82484344744
1034.21423138069
1035.55755252927
1034.52441552673
1035.95458271514
1034.74226636017
1034.93025026376
1034.2191218773
1036.22715086173
1036.38665249614
1034.7853936363
1035.51132916749
1035.5649284018
1034.21119976592
1034.1538030528
1034.97636360856
1035.08927910383
1034.90002622097
1034.19997866971
1034.67139381035
1037.97545954663
1036.07493021208
1039.21378413548
1035.29212124925
1034.29288312435
1034.99394679333
1034.35323650053
1034.55894430449
1034.87449103451
1036.60759127227
1035.7228183902
1035.97813368012
1034.46553273512
1034.51444868828
1034.93942630327
1034.2101155239
1034.89425235628
1034.84112965414
1034.46751748133
1034.11818970423
1034.6979390075
1034.35157113036
1036.61105995533
1035.87960117548
1035.09232712446
1034.09171279392
1035.39208419097
1034.87256178628
1034.63351407476
1036.32689537793
1036.42064871093
1035.4130259774
1036.35110497517
1034.38636263528
1036.40967772589
1035.92108824796
1036.36209244187
1035.77739787975
1034.19808407272
1035.86659366415
1034.17674219081
1034.34946458754
1035.15280155368
1034.55818414092
1034.859249609
1034.47786398015
1035.55140025643
1035.06271140706
1034.3090120683
1035.88606995269
1037.03447006834
1036.06463397058
1035.63670711238
1036.82043799377
1035.1502491293
1035.47041572859
1036.8953068662
1035.46481492395
1034.1386442177
1035.34952841698
1034.89341847977
1035.78775788915
1034.946147655
1035.16695992697
1036.37920676255
1034.72628141399
1034.64470174391
1035.10873180935
1034.15883140771
1034.42630396525
1034.29607421125
1035.51354275375
1035.38095158541
1035.08157472501
1038.33935558644
1035.4314128602
1034.34322323396
1034.16141349624
1034.43210898205
1034.29661560492
1035.22594284655
1035.29946294881
1034.67518472657
1034.40890879335
1034.18594933732
1034.55435069214
1034.18173852177
1036.60620804274
1034.39151452383
1034.57931456758
1034.45393828131
1034.55259837942
1035.04763964112
1034.79669838617
1035.36226450871
1035.69073903572
1034.35805033839
1034.10778195401
1034.27562137001
1034.79079562384
1034.70684048552
1035.47738520278
1036.1981882789
1035.7748127263
1034.21699124242
1034.88314397371
1035.85615030712
1035.89871662939
1034.24775624351
1036.15222186557
1034.99430074264
1035.6660097808
1036.36658061275
1036.27923053755
1036.24093390361
1036.22248433735
1035.27407316927
1035.10807336129
1035.03695617182
1035.71514699772
1034.3683818681
1034.12745692068
1038.28264650563
1034.13363338242
1034.29280975764
1038.27271230432
1036.03566958229
1034.86371286163
1034.36841367444
1036.01340891459
1036.10013167967
1037.88713374078
1034.62101985896
1034.78466549391
1034.99156721097
1035.04316325488
1034.18820408271
1035.27841645584
1035.34576917955
1035.61849590115
1034.48255437444
1034.20995373254
1034.53533449441
1035.5137857495
1036.41800380179
1034.44315947173
1034.98337505563
1034.72067338975
1034.36558834366
1035.26885666495
1035.10042658371
1035.49727347149
1035.16163934586
1034.29779674083
1034.10095909066
1035.35525539603
1040.5846849385
1034.27817131717
1035.40174222938
1034.7449696834
1034.77865393762
1036.11223729522
1034.27392771997
1034.84275046113
1036.87778043046
1034.69184437451
1035.34041640445
1034.62526549495
1034.09273805001
1036.82541402314
1035.06721023595
1036.26002350534
1035.55407459473
1035.58819520172
1034.126896098
1037.52767760765
1034.88323271184
1034.78238638208
1034.76365218001
1034.14184387251
1034.4167770492
1036.53621165242
1034.37686485043
1034.38439970244
1035.76918651963
1037.31553170243
1034.48855513362
1034.52191668266
1035.5295609622
1034.34415986382
1037.71025681621
1034.11814923673
1034.54811832676
1034.24139464478
1035.65053484676
1034.98956809691
1034.62427874458
1034.34052166287
1035.44627196119
1035.10042859351
1035.63269662166
1034.38384405873
1035.48082446809
1038.09654084731
1037.46512165202
1034.61018511608
1034.07627329504
1036.49606876723
1035.68765753653
1034.88945586075
1034.30443470409
1035.6761989323
1035.60865105869
1035.09396969534
1034.37786617861
1036.9139332122
1034.52671589419
1034.25825460542
1035.43252510096
1034.31218942709
1034.91211688304
1036.50391054755
1036.07898953712
1034.68521818587
1037.24170897706
1035.24814922992
1034.97722957174
1035.13176307688
1034.10223841035
1034.40744329911
1035.90584033153
1034.93508808945
1034.71777684934
1038.06073659999
1034.55104191271
1034.50035628735
1034.10465868938
1035.74229883326
1038.29668504869
1034.34900389577
1037.44050851341
1034.58065369568
1034.33440794162
1036.81690704579
1035.54695733392
1034.82365748764
1034.58861193108
1034.32572471999
1034.6159818533
1035.67826437554
1036.02869580623
1037.01041803393
1034.41093737292
1036.17418472179
1034.11429965918
1035.49211118335
1034.90587809463
1034.65566690348
1034.22483456036
1034.88031382009
1034.41446775129
1037.37131955071
1035.22966459587
1034.14672577454
1034.07908521767
1037.25815050621
1034.11836289028
1035.97156377039
1034.61180111861
1034.97912111267
1034.48017241547
1039.50045594631
1037.55770488932
1034.1988871648
1034.27280761131
1036.63826463745
1035.07076885337
1034.83498163716
1034.40515391195
1034.97342003656
1035.86726387075
1035.43797045478
1035.38366613516
1034.65580414829
1036.06766573855
1034.16931781471
1039.56600621505
1034.89684465078
1034.43227372214
1035.08827914577
1034.09907377431
1037.6817619819
1036.48775679018
1034.87374105378
1037.2462437161
1034.24299329905
1036.86694935318
1036.44432515197
1035.50050912713
1034.59851365147
1034.1390491191
1036.05104570178
1034.18206629545
1034.08134157478
1035.60997457002
1035.08221547186
1034.5273469269
1034.19341973468
1034.78186360229
1034.20521548906
1034.60179784928
1035.3734638334
1036.82222635662
1035.2208664876
1035.48503406331
1034.10838427341
1034.33067609699
1034.20860923345
1035.05731249812
1035.22084993424
