1053.67624178997
1053.41930560126
1053.36730224242
1052.75219803804
1052.71290814573
1052.66185163599
1052.55091011703
1052.53213614031
1052.41708000568
1052.33774894674
1052.30418247657
1052.2263342466
1052.22146123909
1052.20353790823
1052.14470504683
1052.09678398793
1052.08572618307
1052.08134941623
1052.08014402886
1052.0768170688
1052.06254082556
1052.04330515478
1052.03318350672
1052.00010576818
1051.99740930508
1051.99215442345
1051.97631565096
1051.97022394503
1051.95512432461
1051.95460741984
1051.94506008969
1051.9330041578
1051.92568845918
1051.8889706086
1051.85023661296
1051.83962161194
1051.82410802085
1051.79488761198
1051.79376058124
1051.78695875373
1051.76158845561
1051.75943781622
1051.75768584721
1051.75522139267
1051.72395277232
1051.71553315324
1051.70680115697
1051.70646135561
1051.69539044929
1051.69199914914
1051.68937586366
1051.64610959137
1051.61962960386
1051.61327395972
1051.60812669861
1051.60053137492
1051.59433136998
1051.59291950117
1051.57934112678
1051.57305561947
1051.56945748495
1051.55661623193
1051.5547711463
1051.5400510101
1051.52996464907
1051.52084192615
1051.51819981424
1051.51480975638
1051.51284240649
1051.5060726644
1051.50393810041
1051.4922080898
1051.48684329389
1051.4738018559
1051.47138501228
1051.46860971405
1051.46169879296
1051.45064832107
1051.44779737914
1051.44039534711
1051.43895645053
1051.43267611969
1051.41869385226
1051.41476856384
1051.41456648201
1051.39810094835
1051.39053015857
1051.38400156275
1051.37654498845
1051.35563309937
1051.3500035395
1051.34762368813
1051.34548584544
1051.34175453292
1051.32546106806
1051.32209865758
1051.32207478904
1051.3175401486
1051.31204208316
1051.30652118715
1051.3060104834
1051.3033314896
1051.29165224989
1051.29074897078
1051.2777131663
1051.27058851526
1051.26538719973
1051.25632895771
1051.25610132501
1051.24331568494
1051.21741327474
1051.21661042118
1051.21570696792
1051.2065746052
1051.19657570409
1051.19617033113
1051.18879253045
1051.18349533431
1051.17812185903
1051.17271645543
1051.1711868873
1051.17113588278
1051.16941871789
1051.16923502221
1051.16020734447
1051.16009031311
1051.14967410417
1051.14447665589
1051.13259877894
1051.12707818725
1051.11587233873
1051.11460034849
1051.11206518467
1051.10902594032
1051.10764733249
1051.10717703642
1051.10351096042
1051.10332449476
1051.1014224417
1051.08759578032
1051.08688570888
1051.08322472754
1051.07214744415
1051.06722951203
1051.06611688474
1051.06520985978
1051.05736831158
1051.05189255984
1051.04729065733
1051.04227453289
1051.04181245575
1051.03860674594
1051.03356032859
1051.0250562615
1051.0240686448
1051.0217463183
1051.01230455272
1051.01111883098
1051.00771465722
1051.00408490658
1051.00339816683
1051.00276884634
1051.00171462438
1051.00074317185
1050.99984901144
1050.99083902667
1050.99057440634
1050.99009082601
1050.98998032843
1050.98968833049
1050.98921119834
1050.98400501082
1050.98244390809
1050.98222196682
1050.98006012421
1050.98000802072
1050.9736605934
1050.97228517759
1050.96784307658
1050.96780649631
1050.96471223054
1050.96358413963
1050.96340466671
1050.95535103285
1050.95476037583
1050.95137832981
1050.94662976117
1050.94653490473
1050.94381861137
1050.94072182777
1050.93975614994
1050.93533918091
1050.92486586693
1050.92463121033
1050.92404904552
1050.92148244919
1050.91906010554
1050.91893650057
1050.91893371264
1050.91636636111
1050.90842507758
1050.90285716253
1050.90025098401
1050.89880372004
1050.8978363406
1050.89104623633
1050.88990394391
1050.88928295772
1050.88573195199
1050.88511934244
1050.87330448986
1050.8724612636
1050.8682908395
1050.86737912622
1050.86140798429
1050.85320837213
1050.85278840744
1050.84941960834
1050.84671823629
1050.8462156318
1050.84372816867
1050.83926244383
1050.83637648195
1050.83463871489
1050.83455649546
1050.83402213936
1050.83346739698
1050.83252294833
1050.83228155025
1050.83107745948
1050.82917282643
1050.82318033767
1050.82173642763
1050.82010101837
1050.81842770209
1050.80704189882
1050.80329458851
1050.80270806484
1050.8017728231
1050.80096204146
1050.79989005273
1050.79939100355
1050.79287618613
1050.78925179975
1050.78784113929
1050.78081343165
1050.78070420208
1050.78015864627
1050.77940930578
1050.77670978482
1050.77160834579
1050.76908748853
1050.76873747562
1050.76450137891
1050.76037401393
1050.76036570788
1050.75693127684
1050.75601111568
1050.75398559437
1050.74954262862
1050.74802901613
1050.74155589636
1050.74017593186
1050.73960147899
1050.73788803816
1050.73444489304
1050.73166820644
1050.72474735579
1050.72113549284
1050.71687564867
1050.71495497673
1050.71092456524
1050.71044445686
1050.7099503476
1050.7084185651
1050.70446662509
1050.70051845345
1050.69814099955
1050.69779671886
1050.69727765865
1050.68968776156
1050.68748925939
1050.68681948313
1050.68464441131
1050.6836065223
1050.68330276223
1050.67977458754
1050.67750227668
1050.67156644878
1050.66622602009
1050.66606886123
1050.66568862939
1050.66370159604
1050.65984026921
1050.6591650888
1050.65812074119
1050.65730406566
1050.65250535696
1050.64739511936
1050.64512752279
1050.64444442787
1050.64412800188
1050.63702813733
1050.63655731364
1050.63402645094
1050.63237174163
1050.63053216717
1050.62980755799
1050.62881833722
1050.62829797245
1050.62822215577
1050.62724041183
1050.62673127768
1050.6246651508
1050.62406087149
1050.6240412664
1050.62311043341
1050.61963929336
1050.61922453269
1050.61886631582
1050.61750704024
1050.61500328485
1050.61323819856
1050.61153376999
1050.60879373749
1050.60188065288
1050.60001651724
1050.5957456746
1050.59320135009
1050.58923234175
1050.587260659
1050.58296667569
1050.58211582578
1050.58069004968
1050.57868107726
1050.57030972819
1050.57024468544
1050.56758455648
1050.56630359825
1050.56399997366
1050.5631315692
1050.5607244036
1050.56040122769
1050.55491380873
1050.55383370932
1050.55256262904
1050.55091411692
1050.55053915397
1050.54882649868
1050.54842767708
1050.54702036542
1050.5465460278
1050.54644732047
1050.5426279734
1050.54138906651
1050.53848817259
1050.53736862053
1050.53144494428
1050.52587762649
1050.52491584865
1050.52330423369
1050.51668859198
1050.51639080141
1050.51635802856
1050.51530428334
1050.51279244656
1050.50674471189
1050.50263416681
1050.50049172015
1050.50025200424
1050.49913596158
1050.49844293887
1050.49632206258
1050.49616050105
1050.49557442089
1050.49520567904
1050.49400419134
1050.48930593259
1050.48787475906
1050.48318148266
1050.48268013919
1050.47705971122
1050.47497487886
1050.4746103339
1050.47316109522
1050.4730657363
1050.47181680174
1050.46926328668
1050.468920103
1050.4670350556
1050.46423514379
1050.46091707677
1050.46012868668
1050.45766498614
1050.4565888111
1050.45658452204
1050.4547689635
1050.45366649832
1050.45176699091
1050.45123894035
1050.45065007618
1050.45050084297
1050.45015137012
1050.44984364525
1050.44737706626
1050.44565714732
1050.44531115797
1050.44377777278
1050.44354465691
1050.44226480862
1050.43422139389
1050.43183321877
1050.42982535215
1050.42871450537
1050.42864313292
1050.42693591565
1050.42631828338
1050.42577018933
1050.42553343524
1050.42411915634
1050.42305452367
1050.42074396057
1050.41635078799
1050.41539857737
1050.41504928622
1050.41485714892
1050.41390604183
1050.41273870936
1050.41257917766
1050.41081043573
1050.41068182383
1050.40949508119
1050.40726248565
1050.40483394245
1050.40472515736
1050.40383741454
1050.40314829663
1050.40307354708
1050.40202194352
1050.40066341256
1050.39934715592
1050.39823857703
1050.39728559323
1050.39567772385
1050.39545385309
1050.39500724816
1050.39482124295
1050.39379314484
1050.39344821371
1050.39327265131
1050.39153499427
1050.3906253705
1050.3865650039
1050.38548570921
1050.38525929156
1050.38298610236
1050.38271727885
1050.37980758533
1050.37762998824
1050.3759720103
1050.37547988994
1050.37508413795
1050.37132773767
1050.37062821184
1050.37032747739
1050.36767460647
1050.36634381327
1050.36605685422
1050.36443902652
1050.36359636232
1050.36355198123
1050.36332846271
1050.36325805478
1050.36293855319
1050.36246251301
1050.36017137927
1050.35927265338
1050.35858510335
1050.35752238405
1050.35507137056
1050.35423146259
1050.3480846628
1050.34773003698
1050.34721564178
1050.34714064519
1050.3450177927
1050.34481774998
1050.34294056336
1050.3428124524
1050.34055168726
1050.33564513399
1050.33505896249
1050.3327979709
1050.33276380276
1050.33138020724
1050.33103197722
1050.33082593067
1050.32967180082
1050.66484592332
1051.3526996848
1050.68101237674
1051.51146480472
1050.43374610633
1051.86468140211
1050.34646120719
1051.21096873383
1050.7659868663
1050.43632493035
1050.57632739832
1050.85493740228
1051.35756214163
1050.39208531079
1051.09123326211
1050.91590133411
1051.70270431805
1050.43731030992
1050.37548575518
1051.46112352256
1050.33185276734
1051.398692802
1050.75757517076
1050.39988151617
1051.32051041926
1050.96915022749
1050.51924732221
1050.79922845407
1053.43901029605
1050.69005002293
1052.71146149289
1050.5096699735
1051.32166652861
1051.07909332549
1050.33510735421
1050.78884651282
1050.55897653771
1050.51577711154
1052.31460473208
1050.69581112325
1051.04905299588
1051.30666750732
1050.75920843985
1050.60077406284
1050.76185220291
1051.41684937235
1050.97281579591
1050.61658429077
1050.81837516815
1050.4844769055
1051.12766025742
1050.76943958022
1051.08305129912
1050.65904983311
1050.59941507375
1050.56941834091
1051.32367211744
1050.37125399176
1051.15382390279
1051.88362390845
1050.33943891977
1051.72888569092
1050.86837604713
1050.50996226048
1050.49119930964
1051.77314963344
1050.38981337446
1050.47833693223
1051.94479571432
1050.72518015792
1051.13765098567
1050.94930669673
1053.31712584585
1050.50302486824
1050.38726720718
1050.56650873944
1050.53302722705
1050.33154710581
1050.73028899751
1051.13895394406
1052.31413498824
1051.53779447534
1051.06217100159
1051.27716877403
1050.70429560154
1050.89572170097
1051.63287141613
1052.25410006461
1050.63511914858
1050.7194129266
1051.05182026913
1050.78484750744
1050.53802192963
1051.0271753695
1051.35998150748
1050.85112910769
1050.72729343564
1050.409152984
1050.49429791829
1051.98626667282
1052.60180575836
1051.51369853002
1050.67195510818
1050.89327138516
1050.65817244764
1050.5689168237
1052.01558858016
1050.9232230127
1051.45587045353
1050.33960815011
1051.10590407406
1050.82877002628
1050.35761121614
1050.84196688222
1050.7669151298
1050.53024831538
1050.33282868596
1051.05773460802
1051.29543055807
1050.36068925691
1051.58708328615
1051.12043499278
1051.25029909002
1050.6949252091
1051.36389622042
1051.96546397722
1050.80586759999
1050.8954618825
1050.63845007909
1050.51158968726
1051.97520405206
1050.94340754567
1050.57075462996
1050.55619026036
1050.65534230602
1050.73486436894
1051.94580867558
1051.39784962937
1051.94814584418
1050.46132143868
1051.49276903525
1051.2326264284
1051.05250408925
1050.89685346765
1050.6238774838
1050.97784034793
1050.47603594365
1050.89742292675
1051.68169637487
1050.76931787938
1051.2787413496
1052.1421637072
1052.61537429148
1051.95905476691
1051.47401578244
1050.4256278015
1050.47849374326
1050.56552193068
1050.43200299855
1050.56442416184
1051.86709467068
1050.49211752742
1050.41936172718
1050.54982583591
1050.70472895408
1050.43512398277
1051.03880646431
1050.62401201997
1050.44255592493
1050.79865170297
1050.42984398472
1050.41445704966
1050.5459354234
1050.38983257881
1050.37562384888
1050.71945950495
1051.26334016462
1051.66694659358
1051.52397299095
1050.88453970048
1050.51899364818
1051.35483081509
1050.98538213208
1050.68261092975
1051.16815923308
1050.88171437919
1051.40923772545
1051.209234014
1051.38307057721
1050.91649718219
1050.90239690948
1052.45788497024
1051.07764807395
1050.3940980199
1050.5641606413
1050.830789315
1050.86725095612
1050.34040508274
1050.89765706271
1050.97394468617
1050.47360189661
1050.8462339254
1050.81425416762
1051.03190975148
1052.76477334024
1051.47508797372
1051.1749062977
1050.4868490189
1051.14643399515
1051.60032412196
1050.64846891324
1050.37811242416
1050.73653145028
1050.37214959431
1050.35546221521
1050.4757095153
1050.9693194958
1050.82638043309
1050.65708999597
1050.78527807765
1050.45780170901
1052.00483841821
1050.77336810352
1051.61773402719
1051.06607498663
1050.68354417052
1051.20148038065
1050.95458566742
1050.85859904182
1051.23856578791
1051.29039910467
1051.16512876016
1050.39849410789
1051.2013935344
1051.20903414336
1050.91542469412
1050.37778753449
1050.97434895881
1051.82515891315
1051.57833524765
1050.41647464964
1050.50720038192
1050.66227111905
1050.57746454738
1050.93475001168
1051.03740715124
1050.46305168887
1050.56486712648
1050.76157045536
1050.75644216708
1051.72372518737
1050.37709368038
1051.0243044684
1052.10084140013
1051.27314114824
1050.77603645582
1051.36488549012
1051.74978481861
1051.3835395116
1051.06663138118
1051.16282264582
1050.64570748584
1050.47022119555
1051.13635302531
1051.42710334555
1050.93164085528
1051.76760607898
1050.84283909311
1051.5804665448
1050.42841441421
1051.03555016084
1052.28345683492
1050.94457653714
1050.79298556548
1050.48499991037
1050.61081836475
1050.65274735726
1050.60756639919
1050.49502110357
1051.25525695306
1051.04527385635
1050.63574675455
1050.94772925644
1050.67788382044
1050.97653407889
1050.67427375598
1050.68514955492
1052.02218566237
1050.42133712821
1050.78804913415
1051.59917275614
1050.32189456489
1051.9602506737
1050.81819387774
1051.17934985035
1050.96618630538
1050.7493630411
1050.48272914862
1051.01479573689
1050.69157181026
1052.32030873529
1051.07051504622
1050.48710560799
1050.58145749832
1050.34613521695
1050.44705825112
1050.62214539898
1051.19540573266
1050.62860992253
1050.48422856176
1051.00735681197
1050.74680616366
1050.60967216202
1051.06036219874
1050.56397955937
1051.19956977129
1051.2158768622
1050.45759672644
1050.74485290452
1050.78914331971
1050.99592862859
1050.54260891145
1051.51950656031
1052.41099621602
1050.56883208635
1050.74364497237
1050.74381110781
1050.53415835324
1050.67786674295
1050.81279893407
1050.46131886777
1051.35568581774
1051.42244656928
1051.02060990315
1050.46826156848
1050.73241342184
1050.32373282795
1050.67180320818
1051.18979192705
1050.55404570074
1050.62096777078
1050.49906741609
1050.78732418688
1050.38719234138
1050.73637548464
1050.43668446397
1050.56312560683
1050.44616990647
1051.18426705641
1050.99973342654
1050.42806928446
1050.48453495025
1051.03912133131
1050.88465687213
1050.82989142198
1050.40155053856
1050.35726160947
1050.53448202984
1050.62225012616
1050.66903269865
1050.62110920363
1050.79267060809
1052.24717261724
1050.76043989538
1050.43328352818
1050.38422728745
1051.09249684453
1051.15590507221
1051.37260114399
1051.44425979106
1051.3241900213
1050.46403573511
1050.88600788243
1051.5338681171
1051.54122333296
1050.3806352395
1051.68218867055
1051.55696611441
1051.35336208193
1051.12187953972
1051.2724354158
1050.45476715354
1050.52316160026
1050.81478650891
1050.34765286006
1051.17286245264
1051.09419344511
1050.66554404193
1050.49482472509
1050.42937313801
1050.65062985072
1050.34443752691
1051.47965898365
1052.15130767827
1051.43817485761
1051.08954297161
1050.52614962581
1050.38761648509
1050.51413702649
1052.05666830607
1050.4979474239
1051.48281545741
1050.38420936992
1050.37935756331
1052.2922805974
1051.3733900312
1050.84878408286
1051.91933697407
1052.03051395697
1050.51667671164
1050.41092735816
1051.6703365738
1050.7881555894
1050.99410912334
1050.80572683734
1051.26775586184
1050.40425357702
1050.72125734496
1051.36489653544
1050.99127427759
1051.00032396181
1050.85037307416
1050.66935323862
1050.66151978628
1051.83784377542
1050.57066112579
1050.50280016
1050.48836514544
1051.44789263805
1050.95484494847
1051.32274894534
1050.4587491663
1050.80679894397
1052.47626252736
1051.2694305507
1051.26495322667
1051.1342727386
1051.69389839292
1052.59802224921
1051.38638049965
1050.8372891534
1050.52542552675
1050.92549653599
1051.33388934919
1051.26973343618
1050.53362968576
1051.29118146197
1050.45562303517
1050.40382089153
1051.9401774138
1050.60196721194
1050.55566313523
1050.54071960461
1050.80578224374
1051.21395505804
1050.89130053378
1051.51542768657
1050.6811799593
1051.08347480728
1050.46736953092
1050.38394171743
1051.67032772247
1051.18695376652
1050.72003656476
1051.11012548877
1051.02797519452
1050.88303791448
1050.90137434633
1050.9938967791
1052.85120093938
1050.3325712435
1051.71830122259
1051.5419968877
1050.50936388597
1051.0374720449
1050.5342951409
1051.31472747125
1050.34211341447
1050.80156947923
1051.20320725396
1050.86355703272
1050.45668753123
1050.5493745528
1050.92723552306
1051.15632122834
1051.28439265775
1050.71384514757
1050.46865052468
1052.71354097472
1052.07759093447
1050.52304166105
1050.49610620459
1051.31089322154
1052.53878974356
1050.81285733187
1052.83233029525
1051.07437614819
1051.35004094468
1051.5092860027
1051.92647865114
1051.7760158691
1050.35220509711
