1051.00339816683
1050.11484368056
1050.0490659329
1050.03272901617
1049.65683114138
1049.55753014441
1049.2199604204
1049.11010942696
1049.05625326431
1049.0383015829
1049.01839888589
1049.01267766466
1048.96293458906
1048.95760028688
1048.92914659988
1048.83897300135
1048.80766336705
1048.79742919439
1048.78387500424
1048.76621341827
1048.7591664208
1048.75425349026
1048.74341958802
1048.70882134255
1048.68585409096
1048.67878932338
1048.67005662325
1048.63491548674
1048.63367822555
1048.63165324736
1048.61594977871
1048.61175976436
1048.60593797798
1048.60434652331
1048.57737227351
1048.55128038724
1048.50867930525
1048.50794068023
1048.50084096291
1048.49234439612
1048.48447628071
1048.46002050009
1048.44736604877
1048.42110132104
1048.4183501042
1048.39836283417
1048.36693356802
1048.36277769901
1048.32168174947
1048.29298754063
1048.27507521193
1048.25663430717
1048.24252546658
1048.22202650371
1048.20792709234
1048.19821337188
1048.18692496935
1048.17539127376
1048.16971262206
1048.16355419044
1048.15760801667
1048.15729395085
1048.1543404731
1048.13989839944
1048.13716267
1048.10578834721
1048.1046410754
1048.09140162875
1048.08979956349
1048.06534270172
1048.03195131557
1048.00160325589
1047.99481227557
1047.99019388596
1047.98817428321
1047.98447458185
1047.97955730206
1047.97237176439
1047.96621323401
1047.95947966398
1047.9579979528
1047.94892124823
1047.93404826328
1047.93376109148
1047.930699328
1047.92247822042
1047.92113372919
1047.91110991547
1047.90930758375
1047.90098228024
1047.89517376947
1047.89083830776
1047.88952172393
1047.8840443705
1047.86463686032
1047.85636859115
1047.8511903258
1047.84661437798
1047.84651280852
1047.83897379966
1047.83799082432
1047.83717689458
1047.82646094769
1047.80493471996
1047.80061965354
1047.79708355097
1047.7941035738
1047.79341621484
1047.76947529157
1047.75821613367
1047.7352921373
1047.73400631754
1047.73332477815
1047.72309137619
1047.69007737172
1047.68883369678
1047.68856974475
1047.68819832169
1047.68804724322
1047.68504987634
1047.67970856518
1047.67849269943
1047.67272381444
1047.66810904494
1047.66185750445
1047.6575564012
1047.6486518135
1047.64691378145
1047.64656915418
1047.63773007
1047.63509058663
1047.62185894938
1047.61678775543
1047.60222253919
1047.59655053482
1047.5910369179
1047.58815521553
1047.57679568623
1047.57550009667
1047.57101935437
1047.55668635383
1047.5531338814
1047.55224511515
1047.55142027486
1047.55042824912
1047.54982217813
1047.54972568233
1047.54058476399
1047.54021848288
1047.53878293218
1047.53717215005
1047.53600326327
1047.53427872157
1047.5328488663
1047.5323628569
1047.51278760885
1047.50258511199
1047.49663246016
1047.49643579569
1047.49213454335
1047.49200245997
1047.48688116062
1047.48568239632
1047.47546501713
1047.4751994729
1047.46394679189
1047.45740121678
1047.45680929923
1047.44237749985
1047.44096338232
1047.43768194516
1047.43216019147
1047.43179368747
1047.41862465824
1047.41379898882
1047.4058431315
1047.3982965516
1047.39106588205
1047.3900122884
1047.38868055724
1047.37998008856
1047.36727028587
1047.36506688571
1047.3616977744
1047.35813104111
1047.35358814997
1047.35242059394
1047.34951024708
1047.34925637807
1047.33962561812
1047.32958879115
1047.32441101688
1047.32282707582
1047.3223467799
1047.32125021827
1047.31123790574
1047.31080115573
1047.30074373576
1047.29186286798
1047.28206381855
1047.27899951382
1047.27552859442
1047.27469487767
1047.270320081
1047.26918437704
1047.26681813798
1047.26281364977
1047.26136483177
1047.26000730606
1047.25974436858
1047.25525711765
1047.25355870353
1047.25094421394
1047.25046225821
1047.24881680495
1047.24542889624
1047.23831885217
1047.23393554441
1047.23212845739
1047.23012510828
1047.22874549536
1047.22458283952
1047.22014005421
1047.22010669632
1047.20705522975
1047.20485634773
1047.20254449558
1047.20169077099
1047.19939756134
1047.19799798577
1047.19658479675
1047.1944999889
1047.19281045382
1047.19243607678
1047.19062309679
1047.18907636188
1047.18643964841
1047.18549323455
1047.16867859628
1047.16835968509
1047.16813449785
1047.16527911025
1047.16185301771
1047.15907589205
1047.1475044767
1047.14408285434
1047.14038061806
1047.13509639598
1047.13403789115
1047.13379988163
1047.13332444834
1047.13113724772
1047.13112320954
1047.12776996648
1047.12612859667
1047.12292535481
1047.12271344159
1047.12255190589
1047.12147129098
1047.12098117799
1047.11993701246
1047.11364975944
1047.11142847542
1047.08895016065
1047.0830974167
1047.07100288124
1047.07056886892
1047.06507693837
1047.06442759569
1047.06087196372
1047.05921119448
1047.0559439966
1047.0524802736
1047.04879059125
1047.04790715454
1047.04766245915
1047.04179182687
1047.03962900308
1047.0384472822
1047.03296413309
1047.03189761219
1047.01989291988
1047.01918166927
1047.01471876107
1047.01416277381
1047.01312010407
1047.00506891185
1047.00282438138
1047.00228341014
1046.99655992264
1046.98120088009
1046.98045847478
1046.97145344381
1046.96969145114
1046.96583696168
1046.96580491031
1046.95976398179
1046.95552947726
1046.9498725077
1046.94778742827
1046.94673841963
1046.94389112946
1046.94164502639
1046.93634546665
1046.93056822702
1046.93055626567
1046.92958053843
1046.92319192919
1046.92011876942
1046.9192132751
1046.91830699087
1046.91786145855
1046.91580823659
1046.91286342688
1046.91275653289
1046.90947431907
1046.90742105517
1046.90530212017
1046.89936000847
1046.89878893006
1046.8955108121
1046.89419299597
1046.88767472809
1046.88323827872
1046.88112424937
1046.88110106368
1046.88035377008
1046.88020006399
1046.87696986216
1046.86777268173
1046.86417738488
1046.86393065211
1046.85791957275
1046.85704899642
1046.8567893059
1046.85414756663
1046.85182415973
1046.84953551553
1046.84553782055
1046.84485814984
1046.84429766081
1046.84053700537
1046.84012375325
1046.83833409782
1046.8246371078
1046.81893252949
1046.81622219022
1046.81318010547
1046.7954568394
1046.79391174694
1046.79050637134
1046.78994392547
1046.78759721735
1046.78450896097
1046.78051978622
1046.77915894446
1046.77907689715
1046.77712958217
1046.77675519438
1046.77142817344
1046.77029548775
1046.76633503329
1046.76078226475
1046.75917685632
1046.75890621164
1046.75677131265
1046.75479930074
1046.75236394549
1046.74398860122
1046.74388870705
1046.74235528636
1046.74195158259
1046.73858206251
1046.73768728352
1046.73291182049
1046.73161500816
1046.73119601217
1046.72944609617
1046.72923246834
1046.7269245923
1046.72583538599
1046.7250767281
1046.72119573684
1046.720894956
1046.71971883549
1046.71886231826
1046.71782939486
1046.71278481076
1046.71224358213
1046.71100169054
1046.70742059394
1046.7069399776
1046.70668809868
1046.70562982277
1046.70515907439
1046.69847913035
1046.69729299561
1046.68982411133
1046.68877867531
1046.68639976107
1046.68582804665
1046.6856302641
1046.68529469716
1046.68182522667
1046.67826205118
1046.67700030084
1046.67287296523
1046.67148453723
1046.67067289686
1046.66923867603
1046.66712700917
1046.66372851066
1046.66278278822
1046.66178250477
1046.6569981631
1046.65660708452
1046.65630860232
1046.65505307396
1046.65286946554
1046.65063061454
1046.65013638598
1046.64487491408
1046.6409958869
1046.6394564716
1046.63826386078
1046.63743743991
1046.63602451455
1046.62102230949
1046.618940373
1046.61870445435
1046.6163267975
1046.61529554081
1046.61282992648
1046.61166811905
1046.61006367161
1046.60576970972
1046.60485578122
1046.6039610545
1046.60240282473
1046.60230963918
1046.60167531979
1046.59940158077
1046.5969440527
1046.59571555776
1046.59322746824
1046.59204437573
1046.5905630585
1046.58964521073
1046.58931152262
1046.58801345993
1046.58465873575
1046.58205238246
1046.57902747345
1046.57776346159
1046.57260945968
1046.57234871157
1046.57160867863
1046.56863432568
1046.56725415856
1046.56531806455
1046.56206750956
1046.56179587976
1046.56164337664
1046.56120265885
1046.55873314359
1046.55848741429
1046.55818957012
1046.55815115875
1046.5574308776
1046.55711426692
1046.5541052434
1046.55318546198
1046.55284303527
1046.54840926895
1046.54540152328
1046.54172519401
1046.53821220742
1046.53648631534
1046.53626797603
1046.53171353682
1046.52796333117
1046.52473543806
1046.52374135028
1046.51949359123
1046.51940755166
1046.51746294398
1046.51244742884
1046.51121264383
1046.51116127081
1046.50987406708
1046.50818289618
1046.50648258323
1046.50284271407
1046.50102744477
1046.49914540609
1046.49902163067
1046.4959768305
1046.48870797415
1047.40729219427
1046.85194640187
1046.91064368259
1046.84778938758
1047.37621723791
1046.84708647587
1047.75400885376
1047.99611029907
1046.92799809444
1047.07783890422
1047.92726999344
1047.11093076084
1047.06112872179
1047.19210644438
1047.34486273321
1047.18446811027
1046.80381349271
1046.81828774935
1048.65450098338
1046.87783421002
1046.83461581552
1047.46739074629
1047.24578799493
1049.13244817194
1047.0852801256
1047.73641987942
1047.93051454638
1049.33673552195
1049.16097485177
1047.70031669531
1047.19720942638
1048.88973849337
1046.83653123234
1048.00864477258
1047.86484427319
1047.21796411601
1046.99046864147
1046.52019280499
1046.64330729902
1048.80024330078
1047.69613617549
1047.40999784879
1046.95947395528
1048.14200191048
1047.77884150485
1046.67547191474
1046.76612979367
1047.5295892113
1047.86410804593
1046.70207189599
1048.12191112044
1047.74385683035
1049.00623847325
1048.80545280838
1047.01283264129
1047.4416285885
1046.61139374154
1046.72064340832
1047.26895590216
1048.04278512701
1047.14948730742
1048.2657209906
1046.97617485314
1047.83298071209
1046.63202420041
1047.74790144415
1047.02679198186
1048.36444330618
1046.57263408622
1047.371886175
1049.47235710459
1047.04260046267
1047.35419274658
1046.52720243988
1048.53506912854
1046.92524104187
1046.5275582234
1046.94945852864
1048.12604504691
1046.76377772737
1050.07366060068
1046.67676739852
1047.2502631341
1047.78900933322
1046.69891762617
1047.27210333423
1046.90200706332
1049.427942378
1047.39487397444
1050.05190077237
1047.248647076
1048.46098065432
1047.39595205273
1047.7547776959
1048.57934302761
1047.02814977175
1046.82326491783
1047.45884506373
1046.98565801543
1047.20439092516
1046.71300536337
1048.1306152312
1047.51494879349
1048.03845521095
1046.84340076014
1048.1826484705
1046.57978219698
1047.55526751005
1048.683844736
1047.94637391597
1048.55740259321
1047.31804234881
1048.28762854629
1047.59183228747
1049.26457034849
1046.62997676929
1048.55519280147
1047.53439590556
1046.56443905403
1048.49428596039
1046.73513300731
1046.63880156191
1046.75763241286
1047.5173493329
1047.15118551757
1048.96619910633
1046.89897341794
1049.35439127491
1046.60485339368
1046.54988345966
1048.20126338607
1047.45034107794
1046.8849858809
1048.09094469464
1047.68092525723
1048.48046854182
1047.51288226556
1047.05676237769
1047.00424976195
1047.65215789044
1048.15522550235
1046.74247478631
1048.27951376873
1047.2821041562
1047.74124105066
1046.494478914
1047.00333008285
1046.79068143077
1047.68244109837
1046.72357591905
1046.62839821621
1047.13613986524
1048.19100391486
1048.59062109548
1047.47742564247
1048.50270847961
1048.27321177867
1046.89320077476
1046.48742938961
1047.37204273944
1047.2618813044
1047.63598377379
1046.86321058031
1047.08146604964
1046.52330882518
1047.18808272965
1047.88637667252
1046.532190081
1046.8470142793
1046.7437227761
1048.84952826171
1046.50149810306
1048.08261520588
1047.44219451067
1047.83277277261
1047.73791198127
1047.65777063802
1046.57431538959
1049.19401079602
1046.9630102333
1047.16691974641
1046.65957749889
1048.25577502586
1047.4156707024
1047.64072682741
1048.1811663755
1047.98714077587
1046.51210677633
1047.31842120806
1046.71222036235
1046.77482127232
1048.34720872216
1046.5269711849
1047.16803081781
1046.60005088461
1047.35439714126
1047.703325426
1046.81675412316
1046.59565351558
1048.31525388031
1048.90379737281
1046.94772063665
1047.97924234026
1047.06034193113
1046.49345816587
1047.40403342554
1046.88686807509
1046.54995487145
1047.77219459254
1047.12646904032
1046.73926547362
1048.1632099181
1046.49234608078
1047.9690844672
1046.66998894384
1046.9176903199
1046.72435204708
1047.50935325257
1046.85663763311
1047.18965013914
1048.43906040856
1047.48013766116
1047.57278310775
1046.49084674039
1049.36259418845
1046.70431741188
1047.03021395591
1046.74315256647
1047.44491750608
1047.35999798264
1047.13928064695
1047.07081697341
1047.39581124255
1047.29795918661
1046.61532668613
1046.98974195981
1047.44133077499
1046.78011746425
1046.8705111667
1046.7240284023
1047.17576844202
1047.36316440767
1046.59096349303
1048.07530046877
1046.97413914488
1048.44698403336
1047.40056873386
1046.9988576493
1047.78252480162
1046.57527576599
1048.3911893733
1047.47213867407
1046.80276374501
1048.33113996047
1048.29536349273
1046.5160248086
1047.22194693569
1047.12239090831
1047.01994431434
1046.96323403818
1047.50758642558
1046.6379337893
1047.31648812014
1048.55637827091
1047.84677842528
1047.95241378724
1048.29376366396
1047.04239795724
1047.47983545433
1050.73788803816
1047.05255744922
1047.08307642257
1047.40893009388
1046.77312103059
1046.98299993592
1046.94185925132
1047.68881415348
1047.38072824727
1046.968845011
1046.7786556088
1048.45737369149
1048.35631746987
1047.29589400059
1047.51041119562
1046.67107829321
1047.04897172574
1046.83991279273
1046.69554446464
1048.54189497554
1047.74687863883
1046.84477370083
1046.65284814133
1047.25005248295
1047.54989876944
1048.30346358148
1046.6376868191
1047.07020635776
1046.81766788409
1047.84796502903
1046.60553936426
1047.10657963403
1047.21797295152
1046.66641528403
1048.68015514269
1048.37855733203
1046.95914914999
1046.92183560721
1046.69509238515
1047.13129033708
1046.98626032028
1048.31710892419
1047.7784797363
1047.43462735376
1046.58645397045
1048.31439406516
1046.69200252288
1047.55206039254
1046.9474182636
1046.88279736899
1047.54433587007
1046.65062817177
1046.80622990824
1047.21830994521
1047.80702160546
1046.56552527046
1047.0061428079
1047.04445003518
1046.56659197036
1048.07546770959
1046.61778019814
1047.592193838
1047.19004783159
1046.95762527839
1048.63598479225
1047.92984138439
1046.54950481657
1046.67019974395
1046.73870205456
1047.35211599463
1046.94410143189
1047.6110434876
1046.96227264482
1047.53358939667
1046.56493782314
1046.96442663057
1047.67821453835
1047.0354188812
1047.28707056611
1047.5705386882
1046.70386756629
1047.38718486235
1047.71287145029
1047.37506319038
1046.50509700423
1048.16316409832
1046.68042677493
1046.99473555068
1046.7204148744
1048.18006197059
1046.69637202025
1048.44072970358
1046.67348950785
1047.6252876047
1048.20817637268
1046.760575757
1047.09724875628
1047.13228643893
1047.14721875633
1046.70263301129
1048.14914662984
1046.56999898812
1046.5162528369
1047.33069817142
1049.19684477502
1046.96320013191
1048.04542846972
1047.95121560853
1047.08382027511
1047.65190718013
1046.58140413193
1048.42223491237
1046.73411759353
1047.05303005925
1046.98648503179
1046.91352222732
1047.399045745
1047.66966136154
1046.49358193754
1046.514105142
1046.71796550715
1048.85113552456
1047.42271900598
1048.23175465208
1047.74956132148
1046.89964632255
1046.5165876054
1046.51380161522
1048.7746071902
1047.13456178972
1050.10231980918
1047.82737614689
1046.54338704426
1048.19446148871
1048.40039530114
1047.27685754876
1047.77095063794
1046.7432094146
1046.66777002108
1049.10758072129
1046.92691061652
1047.30005761817
1047.85615230963
1047.07636279592
1046.50059446696
1047.28777453691
1047.84319673396
1046.71082142776
1046.7544358682
1047.90286106031
1047.31774786946
1047.97140232117
1046.92925780915
1046.70523559642
1048.31757457332
1047.27256086534
1046.7315309225
1046.53571405889
1046.95616397584
1046.98712925093
1046.51044057977
1047.09480460306
1046.65247425106
1049.83996324262
1047.24078965644
1048.40363508242
1047.99440081795
1047.26158480448
1050.22105549731
1047.94426859209
1049.1849149824
1046.66234563962
1047.82421688791
1047.04947527016
1046.66662759306
1047.06633936052
1047.58854683447
1046.92492519134
1047.51413585455
1048.51146453046
1046.56070925114
1049.40241048302
1046.6904675192
1047.27390564415
1048.0647242918
1047.3128076921
1047.53595508791
1046.57861338273
1047.0620199697
1047.16823449944
1047.98746754921
1046.71962371486
1050.19607109301
1047.51535005394
1046.75162121222
1046.88179842945
1048.23287706797
1048.2004859678
1046.83195813671
1047.2703596622
1047.1099036444
1046.81454818528
1048.15746937818
1047.31581508862
1048.19053162481
1046.631353208
1048.73662113758
1047.89045676761
1046.92572369919
1046.5983887471
1046.79920404519
1047.70492469225
1047.08237945764
1049.3996926556
1047.38523171471
1047.90960120476
1046.71438514173
1046.59674371676
1046.77522662848
1046.82039008098
1048.12477221583
1046.94903534937
1046.79214571913
1048.50270513828
1048.34992428027
1047.43139715957
1046.73307104172
1046.74698695656
1047.09955521817
1046.65965226657
1046.68797352674
1047.00328144308
1048.28517703242
