487.308750862844
472.357052189423
453.093433265959
401.201746242151
398.078926989354
385.617137257136
380.808475770501
379.64059487022
377.730585042395
375.439616806725
375.264165875543
375.170603475568
374.994921782995
374.649591060372
374.649048939865
374.649045877453
374.649004661498
374.648986678068
374.648962200031
374.648789963034
374.648682607799
374.648552851274
374.64831246788
374.648201160715
374.648161102823
374.647361839699
374.647229147003
374.647117839364
374.647093497833
374.646245213627
374.644980552369
374.64451935541
374.644026922263
374.643925768371
374.643719539277
374.64302372424
374.641776784226
374.641607409445
374.641525681478
374.640664498741
374.640308651043
374.638082923503
374.637710529809
374.637177697191
374.636741980401
374.636618016153
374.634970273702
374.634232178065
374.634179995312
374.632453885408
374.631027275587
374.628760067918
374.62793228981
374.625945618552
374.625259789553
374.623807746364
374.622990142715
374.622551071514
374.621844471262
374.621746414581
374.62166167668
374.621552485933
374.621139163537
374.617767384327
374.617450913978
374.616764863179
374.615801445146
374.615465608641
374.614295578286
374.612524917741
374.610486699841
374.606606862267
374.601462989447
374.601046356155
374.600546979708
374.59707624662
374.59707371472
374.596545794981
374.596319284063
374.594424495457
374.592686980667
374.591280140944
374.590870998869
374.586555726896
374.585790207312
374.585155087056
374.584839345723
374.580248167209
374.57747585573
374.575457679946
374.572410886085
374.570338723839
374.569929699591
374.56651137566
374.564759426984
374.559762081088
374.557607828818
374.55420625032
374.552930101339
374.552044739885
374.551910081677
374.551580998
374.55081261225
374.549301295932
374.549300430501
374.54849501005
374.548429395062
374.548326729828
374.544249358847
374.539160487117
374.536245658698
374.535187789554
374.53348330875
374.532976867632
374.524666857847
374.524579117883
374.518980308806
374.518727713116
374.518394551708
374.515751029955
374.513807483208
374.512260771006
374.510457827362
374.505176337851
374.50264944265
374.50085527595
374.49998724555
374.495426276529
374.491361190255
374.48988327534
374.487641786972
374.486715741043
374.47902951183
374.4776935275
374.476782935136
374.471210904485
374.47042260239
374.469667836939
374.469002079133
374.464356523852
374.457799793897
374.454496483764
374.450852384054
374.449623939368
374.448759479674
374.441293923789
374.441212282257
374.431404793828
374.415809113495
374.414865202956
374.413051482199
374.408896439072
374.398183279145
374.395801487066
374.392918491981
374.392151305117
374.388919881397
374.382853514572
374.382021334194
374.381973845279
374.379915008444
374.377809743368
374.371905366276
374.370399800761
374.365787200403
374.364155563492
374.356742944454
374.352514015214
374.3480331915
374.34020194371
374.339954654919
374.33879332092
374.334225323944
374.331526935934
374.32826896644
374.322747651943
374.322101630514
374.318436234601
374.317203425
374.312811706989
374.308419177385
374.30133330441
374.295770088752
374.294178875706
374.29391785633
374.293301129859
374.290788258431
374.28982556218
374.28625972195
374.279297747887
374.276079080792
374.268153904845
374.242569221267
374.234224793769
374.225854125854
374.225442802576
374.220856470341
374.21671684923
374.208571388936
374.191057772499
374.186692327853
374.177978867947
374.169227795314
374.16468902807
374.160473403083
374.153293829197
374.153099936368
374.151827600542
374.132931305138
374.128458062408
374.115422642759
374.098931607598
374.096608282241
374.094784907926
374.084227481051
374.083489595229
374.082521998252
374.070552023988
374.058573148865
374.057272962505
374.055150606332
374.051412459487
374.048817028018
374.045562083214
374.042923271688
374.039805347846
374.031937925201
374.031095969553
374.029318793612
374.024085183145
374.023431822405
374.02255999093
374.020321863773
374.017243071904
374.009722105639
374.00275610899
373.99074998806
373.974391088909
373.971652707112
373.961944244943
373.949858094459
373.937434068863
373.93442072768
373.923194715282
373.920125042211
373.907929685668
373.9054302483
373.901095006198
373.897414909462
373.894838075583
373.893796961297
373.891993324448
373.889011794346
373.886553242592
373.883608336985
373.882396634021
373.878417786181
373.877129794462
373.868461307665
373.868357940582
373.859903871425
373.848422410213
373.84276308401
373.837497762474
373.83344022252
373.830199786816
373.830053843578
373.825178009769
373.802382770422
373.784894214444
373.777878660824
373.773490816607
373.769055876854
373.732085318088
373.728751195786
373.726998788332
373.726751967244
373.705459236535
373.696644758089
373.69393752948
373.677332872745
373.675998066446
373.672990498559
373.643569687019
373.634276092084
373.63147424873
373.631266384282
373.610519067193
373.593291501366
373.592797936548
373.571960506308
373.565167426429
373.559087631071
373.533408092241
373.527645836973
373.517429141517
373.510760278778
373.507608401539
373.502888237485
373.493375073664
373.4680816578
373.448955455859
373.447861027243
373.444550347122
373.441906473969
373.438641317213
373.417067366702
373.409122363614
373.399680216396
373.392047458847
373.390713720955
373.383684590636
373.382592852571
373.376729103869
373.371817933852
373.371488005188
373.370385084618
373.363877081477
373.36173923706
373.349478072836
373.347625768569
373.337831979602
373.333886450278
373.333797218545
373.325859478573
373.319645833627
373.314878358671
373.311073109919
373.282476536068
373.253667180636
373.228440083067
373.212716457594
373.197578149716
373.194558082837
373.159796408948
373.156125686
373.15130011688
373.144481900959
373.129023705199
373.118626101657
373.094868888725
373.089060935007
373.080227208897
373.074008295499
373.073599067337
373.068640312721
373.060866288309
373.055296924414
373.053973071453
373.046535525616
373.043689244918
373.032794762761
373.020565856137
373.014380292115
373.008369135542
372.994394358932
372.985214548854
372.972754845736
372.959431169179
372.938304977057
372.937169238795
372.925209041347
372.918993361564
372.904698745564
372.871960323992
372.868830931945
372.844154511063
372.831113268712
372.831032038686
372.824675160173
372.81861771198
372.805764588387
372.804235177109
372.77376928028
372.768653315669
372.759243828283
372.753643828836
372.745903162663
372.73612004003
372.729728197263
372.728144906885
372.716948846724
372.710258243884
372.694382861067
372.686934832636
372.681140098132
372.675200695845
372.671153084982
372.649959620346
372.635622233619
372.608810334521
372.579355856851
372.547188047455
372.539284124821
372.538434897065
372.531114084715
372.477086218289
372.474841919896
372.449471298765
372.446744720725
372.444501319696
372.435139735043
372.432592494495
372.399369548872
372.38308324571
372.38185085873
372.35829339655
372.339119722639
372.317403767007
372.303803252335
372.267421653419
372.264022051819
372.261985510294
372.257148141392
372.248688283395
372.246739769909
372.165949650985
372.162074299514
372.155729937599
372.14371161358
372.117746992075
372.114557878829
372.109279619887
372.10686179911
372.10344173254
372.087822172859
372.066635663774
372.006875887595
372.00593710749
371.979656580325
371.965538919401
371.95167539788
371.931132108092
371.92983333477
371.912030134137
371.850880440196
371.81553522253
371.812946533468
371.80804728678
371.794654007203
371.789081372594
371.784402192679
371.780751900856
371.766863803857
371.748294704215
371.729304807803
371.726465182177
371.721364292181
371.715032211717
371.709284684097
371.693491568957
371.676926189681
371.666945062291
371.655117733892
371.617421410971
371.603869678754
371.597106191437
371.594971469314
371.592131064705
371.579746089576
371.549679980067
371.546775045362
371.534873793487
371.528537555133
371.527958746536
371.523790788586
371.506824325329
371.505393644676
371.504725178036
371.503099001314
371.496769735654
371.491888903696
371.484785230088
371.475094931889
371.450451024301
371.450171207665
371.449042170734
371.448061487525
371.433479278499
371.43083084002
371.404316551072
371.393892370019
371.381531670574
371.364476349705
371.345434020436
371.304839745132
371.298212360551
371.2914017815
371.230323561842
371.228027772244
371.210961433539
371.20466107692
371.189614224346
371.182938976738
371.173264111925
371.169944203357
371.166154436986
371.142956477785
374.269161951845
374.486535820615
371.744346679068
373.51094810707
374.170202340112
373.790797226105
373.490461360401
374.882424859373
372.708243300782
374.559390278188
374.139589582599
374.184033863416
373.693828088669
374.119993105536
374.634537904895
372.365613700357
373.550598842773
371.93664113132
374.499908775457
374.345725938964
373.86378752437
374.553835392638
371.895028657177
373.965253884797
374.576234593847
374.308278476695
373.149146347533
373.221709829377
373.467108253878
373.195879119579
373.76964602762
374.583515341847
374.60802668176
374.363939159729
374.592102659963
372.043141196232
374.490890611956
373.124865762601
374.534709240071
373.660434211254
372.685520971015
372.878607577625
374.200729172575
374.515367193816
373.894230101914
374.075941529608
372.452317659492
372.105292568752
374.403661626412
373.079961505191
373.57397858691
374.636617735683
373.761768160362
373.227156887079
374.104983651201
373.73959965041
371.278722251561
374.112626479921
373.476447034391
375.394332663307
373.979658332206
373.480384975919
374.471970965615
373.311406186393
374.648897821664
374.449128810389
374.390952092483
374.213479373446
374.648551609302
372.844330421064
374.567646769013
374.592148847279
374.417078881811
374.356298381448
373.742473905847
372.447029561485
371.794289499386
372.935039394342
374.576622326017
374.263325313026
374.43968602831
374.565002880662
374.68596016051
374.40017198708
374.644256599649
371.312303383697
373.219519984947
372.407484379584
373.659537099823
373.748836256766
374.586423243101
374.612699994131
372.399951649871
374.014642061031
371.263043149582
374.547076429568
371.566646229579
374.566383351107
371.956223501249
374.570313600146
373.062842450868
374.603224689726
371.322164439515
374.565016484616
374.139205648417
374.120478595258
374.513165197113
373.303797123775
371.951954644104
372.462978332811
374.62219948011
374.488089897776
374.618663660635
373.655118128926
374.348050764528
373.840886754108
374.417001710185
373.254845887455
374.627184435612
374.648877385994
371.448483751966
374.509118546961
374.106079556569
373.092124499136
372.398937426172
371.571586930836
373.878273756872
374.375206468867
374.392157618649
372.373447595336
374.616753067229
372.345136029035
374.397710872602
374.427037941126
371.419572391642
374.286472041851
373.26725941293
373.060358140833
372.383393842411
371.958182925337
372.414448425395
374.070057878813
372.597515932252
372.882152841588
372.769126086801
374.613908930514
373.663589107182
373.962181928824
373.168496556383
373.222991184866
373.911648377526
374.460399337786
372.491087934695
373.309791315651
373.496493025888
372.480675986575
374.588154229547
373.636941084955
372.734423772606
374.643162495754
374.554952076774
374.442641350969
374.572386773027
374.238221996461
374.505475967675
373.908617301758
374.59600474885
373.199649543363
374.620089652178
373.868184118978
374.646766351142
371.33483368049
374.628477246498
372.453607935269
373.714028880759
373.095092916577
373.237658081118
373.922880886546
373.789966785956
372.672314595029
374.544359086703
373.766356862048
372.711422075727
372.025294362951
389.234365337261
372.292683876777
373.478492960069
374.539333616534
374.633144648344
374.395860778805
374.577682633536
373.368947085728
372.747356473634
374.444221336389
373.280298617182
394.916290138282
374.644008655148
372.800650930421
374.492963426
374.326935521016
374.389611930854
374.367655982049
373.805609513208
374.491080231699
372.833224121752
374.424311290588
371.988638787183
372.042417643994
373.881537385798
374.561282941679
371.147535234607
372.824374972821
373.606514730191
373.175685825392
373.155372855471
374.647576902919
372.812157275716
373.734477292281
374.642798772777
374.35257670293
374.447056576159
372.945087973395
373.857632278482
374.564726203017
374.452114567708
374.364302699907
374.510304601322
374.34208629996
373.351075714897
374.041356516455
371.135929177379
372.78656704819
373.07215228194
374.317994880759
374.578854645626
373.195677765258
373.316989719636
373.645446891803
373.894923724967
374.625971534064
373.916212412296
373.377064431852
372.127838770516
374.544133787346
373.973535216587
371.30411957976
374.603024596936
374.220896836124
374.033477298063
374.541712155205
374.308599455477
373.909845570715
374.608291281918
372.806640818931
373.101980345945
373.229887295525
374.507402845726
371.847487946785
374.326788211483
374.17728136424
374.309136736727
371.704165995357
374.649003960814
372.74052869301
374.066504117131
374.528011202611
374.252082677747
372.323330852145
374.643484481044
374.643041040681
372.268787392374
371.790206454543
372.926728991999
373.672535248346
374.11368353449
374.578793556695
372.582603268925
374.472138277819
374.639425533103
374.648231182798
374.043564656867
372.190093901115
374.588880493284
372.422174089854
374.400704917301
374.254207971007
374.018943072054
373.432977294168
373.871669264757
374.647975799321
373.841932537689
373.994485566324
373.714592227519
374.58821282494
374.420959827328
374.501006502349
372.351958238595
371.731738995693
373.016213077862
372.551936833454
373.287249594458
371.243319002956
374.002655642923
374.299277229971
373.638181762568
372.704335992688
372.706510883028
372.408749336715
373.377884491091
372.21391307318
372.870458740076
374.496114589404
374.591504929245
373.910486964035
373.831114381412
374.058185182353
374.168997313778
374.646140842444
374.641464423405
374.648285491076
374.609074052531
374.595662021804
371.28120871653
372.62397837144
372.916698710928
374.59052162637
371.71688490104
374.597050788951
374.603213206578
374.017462539654
374.470509664821
374.457245215035
374.596045054841
372.145449454831
374.42919228753
374.645291918662
373.18735633876
373.246941551987
371.54658213104
374.642426267823
371.632817794528
374.592929234414
372.97750175324
371.811201018511
374.121028009698
374.570373437674
374.563371800677
374.47085113811
372.366287078831
374.304392164328
373.081461985572
371.392191668407
371.87942035918
374.481509435811
373.611617962745
374.006301788328
374.06725137885
372.917295089678
373.920078955699
374.627795633944
371.233721345059
373.427668078028
372.856540297054
371.534437677646
373.134792784148
374.558397540122
371.81358832732
374.6291343196
371.463437630084
374.255737733339
373.881420184035
374.58154957535
374.602872076873
373.317234471431
374.049767150455
371.194087840418
374.314011525038
374.014768858431
374.358904574414
373.353922751488
372.70155380351
374.537047627238
372.342450871941
373.251524004726
372.317189010158
374.42497803046
371.408648448042
374.493183037712
373.140876092944
371.206645871187
374.043110882131
373.939968681678
372.505274416801
373.375549726693
374.532008974865
374.083820106624
374.482930705088
373.61907920243
374.287003570239
372.276511419064
372.752145149783
374.454496848857
371.946240472191
374.355298630421
374.346344515914
371.735992059181
371.919238050152
374.43915387267
372.950200145563
374.590089124265
372.258066576403
374.250282340525
371.430148292804
371.751639806042
374.630581140966
374.594787395614
373.438604187267
373.708442898832
374.196530648486
371.642174683318
373.843074130456
373.68461950552
374.36779498935
375.250617179843
374.402417569654
372.949147833904
371.40238385861
374.583595971804
371.601750610666
374.645436673503
372.017588129902
374.517676099396
373.337542358257
372.233559545253
371.231375293623
374.454917880727
372.262787599179
372.59316967008
374.648671997558
373.976202945337
373.930726267491
373.721818188793
374.43774097652
374.64304004535
374.498286516154
373.947183684752
374.416058196591
372.721657063342
374.648499523347
374.520545016446
374.164476735209
374.259973416203
374.312062566273
373.217612727396
373.225961990279
374.348501749499
373.643914152252
371.532233876693
374.605791635302
374.551597038022
372.063964922112
373.121760116415
374.283606205087
371.324093907407
372.946852209601
371.600522838008
371.263635893783
373.78553822514
374.405845685227
373.307090147548
374.647858372164
374.434169287086
372.913156180736
374.432494206438
373.699194156989
373.210401422641
374.618160512826
374.412375650342
373.117195214102
374.410477955111
374.639404850267
374.405241158542
374.138209085845
371.683875520266
373.250446782086
373.896728011369
373.874200766077
372.516615243038
374.379178230631
374.588624705839
374.606654180453
373.713072601456
374.64099337767
374.264357693492
374.33914974803
374.647455490609
373.121700236181
374.648392877329
374.584971672278
373.338220642218
374.002159679695
373.109695508382
