721.371323456844
715.205076504544
705.609175900909
701.369911678388
701.272258268375
701.202153694623
701.191942241081
701.165676119449
701.163075157599
701.134955812297
701.117546561261
701.113440984004
701.111930388699
701.086650578286
701.065310534578
701.006167866832
700.959801991516
700.952889252821
700.943635791337
700.918566613886
700.910125438089
700.870331632256
700.854987255801
700.846004760229
700.812741404641
700.803386168375
700.794471915343
700.782761063179
700.780789156918
700.780040552711
700.760881478703
700.74815978135
700.733588027476
700.731004847979
700.72543080298
700.721553231851
700.719877764125
700.695589132706
700.691480298091
700.688566814207
700.677428823427
700.668644238331
700.645891892725
700.636050888586
700.631511985112
700.616006648588
700.610294546347
700.610156594037
700.609486194466
700.602793655466
700.600217784455
700.593040095436
700.589400706354
700.588580063247
700.584300186435
700.582460194937
700.569124425467
700.560206532482
700.547268726089
700.546194799233
700.543217448444
700.531558523925
700.52945477086
700.51718518123
700.516560817608
700.509052660688
700.506530657772
700.503669789285
700.502748764114
700.501708997966
700.497196696078
700.485540671387
700.470877999842
700.470247604354
700.466960446402
700.463932794449
700.463626458218
700.459259002732
700.453925511448
700.452985866174
700.450603644587
700.447607813446
700.439788361633
700.438296545244
700.435550035773
700.43472022987
700.426763921082
700.426568145058
700.426107931379
700.424519843992
700.413853359742
700.407755425294
700.407696722926
700.405358708689
700.403153914777
700.401650283603
700.400622986561
700.391997768666
700.391880623818
700.391302997849
700.390518591605
700.389594820228
700.389370499709
700.388818847651
700.386613516346
700.38504294592
700.38233694357
700.376572884264
700.375240272484
700.374215956158
700.373179133205
700.371189032072
700.367318535977
700.363455290963
700.362297994238
700.360238980055
700.360155573749
700.359569552529
700.35584680323
700.355318011054
700.354868204209
700.354129923958
700.353217685357
700.353067914764
700.352191498431
700.349325935167
700.348865864654
700.347776174193
700.346897043308
700.345895157167
700.343906387002
700.34317438752
700.34245460283
700.337103847719
700.335720688232
700.33165450025
700.331481386832
700.33143778749
700.33130058298
700.327781021567
700.325517496653
700.323119131697
700.322432911778
700.322180766273
700.310684656929
700.30856521227
700.305390707828
700.304468846781
700.295774942795
700.295274275205
700.286656481044
700.285348649238
700.279818578656
700.279148457507
700.278575054016
700.278074267028
700.276080474315
700.273370697735
700.263617411305
700.260234128643
700.259938222895
700.256618429991
700.253003548094
700.250261290748
700.247145879281
700.246623466951
700.244994671982
700.243632521945
700.243144863899
700.242456507752
700.238871280064
700.236027308612
700.234632477783
700.231435796419
700.229268433889
700.229119643064
700.228776126212
700.228268612629
700.227312611356
700.224508625494
700.223235286755
700.222969570371
700.219068642763
700.216047154972
700.215949527646
700.215863498564
700.214201206541
700.213121917064
700.211622319723
700.211532158352
700.210729221975
700.209671353044
700.208787225854
700.208740197502
700.204927077517
700.203654043303
700.199159831121
700.196182319031
700.192190718223
700.189943738733
700.189873900011
700.189081623548
700.186304060959
700.182440186612
700.181354128239
700.171490209672
700.171237458829
700.170177049497
700.168631603619
700.163794724229
700.163605659512
700.162044176001
700.161149520762
700.159461038745
700.155885131328
700.155648673084
700.154142239193
700.14888548223
700.148448336837
700.146041347626
700.145647298184
700.144973657863
700.144861922073
700.143104799843
700.143064922288
700.142866731564
700.141856615218
700.134175595035
700.133944988925
700.133943496425
700.133007903548
700.132194829919
700.123645658551
700.121724862021
700.12006581043
700.119309319982
700.119059244854
700.11746290948
700.117349498394
700.114386280023
700.112417649843
700.10787971614
700.10703049414
700.104865433698
700.102054683969
700.100333281355
700.097888594548
700.096801473552
700.094164586826
700.091311709352
700.091291737311
700.090038768259
700.088905724393
700.084095712396
700.082306915384
700.08229346555
700.082214338474
700.08184452281
700.079560936978
700.07812763833
700.076035424271
700.074256900267
700.072634853995
700.072607392027
700.068676311542
700.06845614605
700.067227400728
700.066217607722
700.066032499247
700.065027939941
700.062794987368
700.062718512206
700.060015822469
700.056982197222
700.056308730098
700.055228851469
700.05467590381
700.054576479199
700.053918015977
700.051883166013
700.051812157418
700.050477612994
700.046832613789
700.046305343231
700.046278899086
700.045736907989
700.043942040679
700.043554431266
700.042795087672
700.041977752058
700.041829041756
700.041465752071
700.041151296511
700.040645683501
700.038541865011
700.037937755083
700.037458535292
700.037282839771
700.031670228429
700.030838904637
700.030622422079
700.028378233173
700.027751601757
700.026285326041
700.024041702
700.023772015979
700.022912953621
700.01893539675
700.017465784745
700.016531392308
700.012398067325
700.011963516352
700.010832407718
700.009459106492
700.006089958429
700.005489347969
700.005227823303
700.004953573967
700.003780935178
700.003355113116
700.002212220708
700.000855894415
700.000466767015
699.999381134711
699.998329625196
699.998037134951
699.995961312994
699.995193191855
699.995143170488
699.994270322822
699.993087767019
699.991958825441
699.987989613887
699.987090025744
699.986468526821
699.985716066565
699.985372639257
699.985038761507
699.984874952967
699.982971221935
699.981454562874
699.979376254635
699.97919587851
699.97746838417
699.977444830029
699.969685952283
699.969615058306
699.967830430439
699.967639786379
699.966935486189
699.964656625067
699.964292962785
699.961725082063
699.960642019353
699.959118411046
699.956136495911
699.955902431876
699.95471513584
699.953029759647
699.951870375662
699.951498495017
699.950077991089
699.949760382266
699.949620347939
699.948532936347
699.947168005362
699.946871205513
699.946275354296
699.944819375521
699.944616837912
699.944527222114
699.943806790382
699.943626116211
699.942359569312
699.941988277809
699.940747195945
699.939125218616
699.935541198516
699.934932939269
699.933855738686
699.931995613001
699.931727119596
699.930903807906
699.928842827983
699.928722017691
699.92828988256
699.926722481727
699.926604683101
699.926469196421
699.926444227587
699.926324093703
699.924595326978
699.924082149792
699.923300986711
699.922691932185
699.921705405324
699.921549303977
699.921220689465
699.920562310249
699.920437698102
699.918483804085
699.916687025252
699.916017012287
699.915940387214
699.915031858031
699.912379929928
699.911187236539
699.911059009679
699.908244777899
699.90361010113
699.903184395232
699.902327119066
699.901976255256
699.900601052976
699.899230810495
699.898986643427
699.898710643877
699.898313204789
699.897560969755
699.896838184765
699.896469037101
699.889987441969
699.888926869769
699.887724705465
699.886694301169
699.886693729953
699.885208425821
699.884218848672
699.883882190816
699.883847848711
699.883755147195
699.883697982756
699.883608510714
699.882590556359
699.881428955537
699.880959404492
699.878909161964
699.878547885214
699.87767829915
699.877293420521
699.875842198226
699.874958173497
699.874583044382
699.873519691881
699.872756839133
699.870845133813
699.870299878444
699.869859329629
699.869299462885
699.868008824934
699.867118943968
699.865810373331
699.865806747053
699.864725460552
699.86464699928
699.863962095544
699.863005520167
699.862445737322
699.86218917271
699.861126666659
699.860650667531
699.857990533875
699.855801437721
699.85458818737
699.854545479523
699.853806553591
699.853568886682
699.852391195577
699.852169195887
699.85035360215
699.849934694377
699.849677519595
699.844027970189
699.843446574627
699.842762823196
699.842125373141
699.84099334803
699.83995271776
699.839407449655
699.837559662672
699.837470901571
699.837451204915
699.835686756618
699.835372477719
699.834544024985
699.833841782415
699.831705467014
699.830161706589
699.829716049828
699.828958017908
699.828759707657
699.827118468034
699.826702255945
699.826613745903
699.826355007011
699.825248595284
699.824318028676
699.824074876914
700.020093300496
700.019746366274
700.194129169756
700.97847881154
700.101997958825
699.840593883481
700.839843347071
700.579838534278
700.149175210847
700.284495035853
700.383007104773
700.017628632438
701.008843342163
700.523172911421
699.838146636865
700.30665371511
699.889410116849
701.298417928002
699.879002368696
700.328874663212
700.272908082545
701.154960112556
699.923178284183
700.30788664337
700.100915897382
700.24689695553
700.47018175372
700.710385027465
700.142098842555
700.725732172202
700.498306598375
700.996271788855
699.861262364091
700.418259601168
700.046945563105
700.328148957212
701.096369475913
699.851054659986
700.84973332992
700.465344392241
700.234575370504
700.114038872867
699.88514057465
699.996721196674
700.339517808152
700.633262773374
700.045166043041
700.144767445247
699.879039010827
700.796315744571
699.883612009161
700.691246184039
700.455192356184
705.505329733685
700.099249842697
700.892495500678
700.237834998862
699.989557185588
699.966922012105
699.875725619915
700.098394784222
700.455563919024
700.301980917099
700.693503369965
700.218179270203
700.166846672811
700.724305500707
700.205842793794
699.906813832981
700.822367599468
700.205108351619
699.82572940006
700.665976255069
700.098620602626
700.244773238011
700.026678431026
699.939660089095
700.239274706168
700.386247574008
700.3075948977
700.940311487844
700.049923365939
700.99170152269
700.108790160843
700.851536203539
700.180268263958
699.952034898614
700.048236679012
700.865951392803
700.070926313815
701.181762483505
700.414213896789
699.914669149322
699.98238055117
700.46947382742
700.129029062376
700.166293921211
700.04364176351
700.079359989091
700.071747342186
700.960967640338
700.524773126357
699.972181789584
700.006405558208
700.38832424963
699.857387626912
699.860655820422
701.544118720579
700.024018801041
700.833459396949
699.874236057684
701.071024682787
701.399395096559
701.261654359263
699.977981715333
700.991650321692
700.150574444537
700.173707070358
700.093998877543
699.907207046354
699.883117812381
700.194284652311
700.170817865065
699.928341754994
699.880326559873
700.314509276292
700.673603147499
700.716299857858
700.412260420165
700.638009645239
700.446298137875
700.472150518401
699.971329716473
700.401536783265
700.943476933498
699.947529060553
700.35954152189
700.718427523575
700.252770293718
700.340426125424
699.939432825822
700.055044904805
700.495599363455
701.047292670871
700.474106452068
700.140838404858
700.433939153799
700.426307219615
700.236443096622
700.172816392287
700.809363098872
701.273634316154
699.934055828881
700.544200498921
700.588032314013
699.982632214775
700.493743656211
700.557677341094
701.174484805262
700.075452230621
699.864228677725
701.128585820188
700.78660459812
699.968084799732
700.054276663995
700.599472066665
700.229540313968
699.907974886789
700.306046296797
701.252830566205
701.112692038733
700.051433527973
700.352919912895
699.957996486177
700.709557708021
699.967564895516
700.863941448956
700.702536725629
700.103540839554
700.624491899102
700.739680695083
699.853866042648
699.895913995287
700.007148824857
700.206373883544
700.279723097604
700.289183233551
700.061356197194
700.569541544189
700.984442642707
700.220225651461
700.213629408612
700.40333964009
699.965149715175
699.88173333446
700.20770872971
700.433166595078
700.115841815851
699.85698344143
700.428891478418
700.181835891237
700.006286053819
699.933339136222
700.897145048583
699.923254184972
700.315933759366
701.022070352269
700.238289166382
700.304420402543
700.601830206146
699.943296649464
700.414400933172
700.471016688681
699.878291734442
699.987251879678
700.862692045869
700.77058060811
700.0424075649
699.906870294308
700.361208024595
699.903431731996
699.900402581568
699.959609313951
699.960729430698
700.553392842067
699.961901711653
699.992034017464
701.184249078003
701.37251534246
700.7529070287
700.023226893501
699.849421418329
700.439338793421
700.434245443314
701.035199362221
700.460501714425
700.295458027547
701.006053344807
699.830189650203
700.434155105654
701.120433658204
699.897080915981
700.174547373417
700.401983613709
700.770529280646
700.098978964066
700.247925622339
700.831834212986
700.544858924256
700.243859824045
700.273975279589
700.075627596666
700.26591184212
700.66077542742
699.89123606069
701.009014153188
699.991531658683
700.593576869298
699.901045336253
699.922506443737
699.893864225522
699.98706806369
699.951957732429
700.133714361081
700.189595598554
699.894008718214
700.714118757865
699.875209843928
700.057503566422
701.314488670001
699.844213720765
700.742882827187
700.508692760635
700.923948546369
700.816736329699
701.101593331484
700.044752204638
700.674450023264
701.259395656914
700.099592114325
700.470192070488
700.315125543438
700.562730175244
701.101636173008
701.78467830786
700.680633703134
700.022999649417
701.538860455518
700.237760232474
699.844321440593
700.750394696441
699.87186030864
700.002623616411
700.410553575243
700.104435539846
700.04981430171
699.919230908723
701.077257913643
700.206758420926
699.954238179741
701.285336736339
700.7468057222
700.374689978633
699.903068881784
699.955189800666
701.088580380387
699.976317979153
700.329113272246
700.872197753797
700.149209151914
701.000964016541
700.449677030829
700.826712022299
700.879396102193
701.23899856374
700.059987813348
700.017681487879
699.851171378749
701.20440717849
700.772829619633
700.551691985472
700.672332770383
700.052883100009
700.175010160563
700.067039265072
700.552374228864
699.994489025941
701.402489608024
700.236277894559
699.853939889388
700.644682548702
700.090326545653
700.511286789531
699.82889317449
699.914281686203
700.552980841484
699.956752170783
700.009983880289
700.577927584399
701.240740005286
700.167836320671
700.002641529958
700.463158751697
700.344657504039
699.870042452954
699.853700632324
699.954757464507
700.008825539294
700.453986860052
700.109029511824
699.957571793195
700.054914462599
700.784135691553
700.060278381153
700.667557406019
700.979725951124
700.321667543806
701.086486497517
700.074446112426
700.076758983728
700.35353153633
699.953078760423
699.922186003891
700.321166927251
700.202591294449
700.126667951266
699.955601256664
701.114058620629
700.161037365493
700.216206711488
699.999446987086
699.885996308242
699.901136664355
699.899688877866
700.571449517377
700.092968852023
700.015163051274
700.439249058161
700.899898120456
699.938483345001
700.324030454657
700.110127387942
699.828316439514
699.863271664344
699.957430835239
700.666734219369
700.179354716568
700.815937015885
700.629016015989
700.409025714289
699.969272794465
700.222634182441
700.33994205595
700.976816280466
699.934264037976
699.973902473817
700.137983237107
700.141117629384
700.117636771478
700.265792038296
699.835912458572
699.971745096199
699.861169429645
699.937658587954
700.076924797409
700.44287271652
700.740694199497
700.763208274298
699.88965958367
700.115279068548
700.915223948653
700.392411382014
700.820981718325
699.891573201188
700.319633059724
699.907489938781
700.38266908498
700.026723556241
700.183174135699
700.143218673549
699.89465353686
700.118113689104
701.138899767295
700.168136516155
700.212479817071
700.206954991082
700.246679729186
699.901394940041
700.672532483602
699.860007371578
700.392526026542
700.017358789759
699.984054620073
700.909091675574
700.351324794406
700.571788482366
700.616714499294
699.918061010718
699.869713097772
700.975302477651
700.028697903004
700.956896343792
699.83827465547
700.252533931372
699.897204821965
700.113378864633
699.99040863088
700.416706034367
700.20189513788
700.670721904616
700.549602947352
701.120361655901
701.224351658868
700.056054215416
700.342758213048
700.955320808171
700.562606925583
700.320715975728
700.233048446512
701.085651553693
699.983952148479
700.669838169473
700.103350758338
700.331486687738
700.164804510629
700.061997169264
701.305328250825
700.239491360286
700.525561145931
699.961772466477
699.984499412553
700.871834589891
699.984883097726
700.279619459073
699.889598311389
699.865455543358
700.017227282003
700.160622912371
699.899951139019
700.173882696581
700.303473508925
701.558004483688
700.212781831929
701.903707428325
700.849118694307
700.888496289299
700.242089844459
699.922096305688
700.973594697871
700.021936956851
700.366689896873
700.199513825959
699.854891269299
700.319711548412
699.890818323976
700.151444744339
700.446996368383
699.962149285826
699.944437647574
700.243392106735
701.402621704628
701.048969788641
