721.371323456844
715.205076504544
705.609175900909
705.505329733685
703.716132652726
701.967829016616
701.903707428325
701.887077832824
701.837191225846
701.835814029087
701.832053132996
701.802006412983
701.797985909511
701.787377754319
701.78467830786
701.775100374276
701.755165763469
701.727645366524
701.721199898695
701.648536323145
701.620048185546
701.593530990085
701.593075976435
701.59224254749
701.571372666092
701.567895785519
701.558004483688
701.550908295998
701.544118720579
701.538860455518
701.531512160171
701.52592436461
701.521143788544
701.511806617663
701.510828678765
701.480526563828
701.465949290869
701.434283313195
701.429747904812
701.405087923145
701.402621704628
701.402489608024
701.399395096559
701.394461165448
701.386569996472
701.380976778942
701.373258520484
701.37251534246
701.371868925976
701.37091782025
701.369911678388
701.363866694119
701.353121461624
701.34970750542
701.344449303685
701.341539460155
701.34121473402
701.331811662309
701.314488670001
701.31434198612
701.306566010784
701.305328250825
701.302442128101
701.298417928002
701.287615486302
701.285336736339
701.273634316154
701.272258268375
701.261654359263
701.259395656914
701.256693823792
701.253401781094
701.252830566205
701.240740005286
701.23899856374
701.224351658868
701.221142651084
701.219675940085
701.219244810401
701.212753465327
701.209912291752
701.208110519644
701.20440717849
701.202153694623
701.200741453465
701.197763132088
701.194335324268
701.191942241081
701.190064815839
701.187684631817
701.184249078003
701.181762483505
701.17906734721
701.175453967664
701.174484805262
701.167612928428
701.165676119449
701.163075157599
701.160052971784
701.157494042203
701.154960112556
701.154526150693
701.149898545026
701.147196284698
701.144067306584
701.142300514891
701.138899767295
701.136908487129
701.134955812297
701.128585820188
701.122842043253
701.122032634012
701.120433658204
701.120361655901
701.117546561261
701.114529213585
701.114058620629
701.113440984004
701.112692038733
701.111930388699
701.108265113746
701.106982364787
701.101636173008
701.101593331484
701.099595815223
701.096369475913
701.088580380387
701.086650578286
701.086486497517
701.085651553693
701.084679924793
701.082972192875
701.082732028244
701.07983436836
701.077257913643
701.071024682787
701.068346956103
701.06805315052
701.066178065242
701.065310534578
701.05303239125
701.048969788641
701.047292670871
701.047065270861
701.042356733542
701.041858662764
701.03892750566
701.03751599555
701.035970109032
701.035199362221
701.027999403744
701.025268122836
701.023147789199
701.022070352269
701.020403122612
701.017074136403
701.009014153188
701.008843342163
701.007765525958
701.006167866832
701.006053344807
701.004676029384
701.000964016541
700.999256612384
700.996271788855
700.995320571147
700.995160417284
700.99170152269
700.991650321692
700.987537361846
700.986965994393
700.985968226274
700.985347157995
700.984442642707
700.979725951124
700.97847881154
700.978116761622
700.976816280466
700.975302477651
700.973594697871
700.965115237483
700.960967640338
700.96091348365
700.960676245191
700.959801991516
700.958493742138
700.956896343792
700.955320808171
700.952889252821
700.945463759719
700.943635791337
700.943476933498
700.942716107647
700.940311487844
700.940209446704
700.939828963463
700.936089566773
700.932927305381
700.930662766074
700.930136509162
700.927035410782
700.923970832836
700.923948546369
700.919358283993
700.918566613886
700.915223948653
700.912397129164
700.910125438089
700.909859480717
700.909091675574
700.908282941718
700.907044936094
700.900409185501
700.899898120456
700.89855438762
700.897811654743
700.897145048583
700.892495500678
700.890210775222
700.889537775647
700.888496289299
700.887429031672
700.883241737019
700.881021015102
700.879396102193
700.878791133937
700.87868198619
700.872197753797
700.872066626436
700.871884552051
700.871834589891
700.870331632256
700.865951392803
700.863941448956
700.862692045869
700.861283280187
700.858476702294
700.854987255801
700.852819377897
700.851536203539
700.84973332992
700.849118694307
700.848299483072
700.846004760229
700.845062347378
700.842886381894
700.842178811091
700.840907791646
700.839843347071
700.834153628165
700.834043811078
700.833956056734
700.833841431296
700.833459396949
700.831834212986
700.831506301873
700.831313160978
700.826764816689
700.826712022299
700.822976456797
700.822367599468
700.820981718325
700.820750213487
700.82027896568
700.819423114138
700.818841282172
700.816736329699
700.815937015885
700.814260573063
700.812741404641
700.809432861539
700.809363098872
700.806260451222
700.804459702517
700.803826558625
700.803386168375
700.8017409234
700.801736453581
700.799120309159
700.797090483853
700.796315744571
700.795667008381
700.794911231516
700.794471915343
700.79227767988
700.788267771644
700.78660459812
700.786562979804
700.78535475899
700.78465856001
700.784352788555
700.784135691553
700.782761063179
700.782236068867
700.781681108294
700.780789156918
700.780544608191
700.780040552711
700.77864114366
700.774284423251
700.772829619633
700.771577592833
700.770817830987
700.77058060811
700.770529280646
700.769726466834
700.76414434891
700.763208274298
700.760881478703
700.759167748593
700.757918013735
700.754677024133
700.7529070287
700.750394696441
700.748309249922
700.74815978135
700.7468057222
700.744610924934
700.744558304078
700.743380930303
700.742882827187
700.740694199497
700.740135751365
700.739680695083
700.738596290195
700.733588027476
700.732302467312
700.731991190788
700.731736286854
700.731543599905
700.731407570668
700.731004847979
700.729570025207
700.726562309808
700.726421179414
700.725732172202
700.72543080298
700.724305500707
700.723281742626
700.722758380544
700.721965119911
700.721553231851
700.720304393544
700.719877764125
700.719761324899
700.718724000437
700.718427523575
700.717175578367
700.716299857858
700.714118757865
700.713528383348
700.710385027465
700.710102217191
700.709557708021
700.702536725629
700.701084965235
700.699881669403
700.699620369636
700.698445012384
700.695835360902
700.695589132706
700.693503369965
700.692548654918
700.691480298091
700.691246184039
700.688566814207
700.680633703134
700.679066470555
700.678387171088
700.677428823427
700.677346167462
700.674450023264
700.673603147499
700.672532483602
700.672476312962
700.672332770383
700.670721904616
700.669838169473
700.668644238331
700.667557406019
700.666734219369
700.665976255069
700.665679716788
700.662837404758
700.66077542742
700.655174383083
700.654913612701
700.653608223922
700.652780284189
700.65206152616
700.646919490018
700.646718667937
700.645891892725
700.644682548702
700.644347354348
700.643908000914
700.643385474653
700.64243310922
700.641313914462
700.638009645239
700.636528224245
700.636050888586
700.63548116795
700.633452869359
700.633262773374
700.63187724943
700.631511985112
700.630664232994
700.629019285929
700.629016015989
700.625894733754
700.624491899102
700.623325649577
700.621265686223
700.620531878
700.619809543669
700.618650982337
700.618138528475
700.616795129496
700.616714499294
700.616006648588
700.613934232646
700.611362302233
700.610619178985
700.610294546347
700.610156594037
700.609486194466
700.602793655466
700.601830206146
700.600217784455
700.599472066665
700.598447719368
700.597207852766
700.596426614083
700.593576869298
700.593040095436
700.592605367546
700.59198799624
700.59107453795
700.589400706354
700.588704617735
700.588598502805
700.588580063247
700.588032314013
700.584565577014
700.584300186435
700.584141946787
700.582460194937
700.579838534278
700.579774344577
700.577927584399
700.576895054782
700.57612377177
700.575885248148
700.571788482366
700.571449517377
700.571002458863
700.570976347293
700.569847801273
700.569541544189
700.569124425467
700.569079424082
700.569011541564
700.568252227806
700.566971868397
700.562772737588
700.562730175244
700.562606925583
700.560206532482
700.559220310351
700.558255247386
700.557677341094
700.553694574957
700.553392842067
700.552980841484
700.552374228864
700.551691985472
700.549803235249
700.549602947352
700.548832639084
700.548538341525
700.547268726089
700.546351154806
700.546194799233
700.545446061445
700.544858924256
700.544733353074
700.544200498921
700.543238808163
700.543217448444
700.543131787082
700.542178327242
700.539334444278
700.536536682656
700.536444387285
700.535684424261
700.534260500758
700.531558523925
700.843258139495
700.966214375158
700.751875975545
700.755525095272
700.876908700309
701.192537171724
700.769352895599
701.073175685345
701.461071112067
700.941723340109
701.112508552597
700.565483338312
700.84670630942
700.990045416552
700.759134674191
701.007467752081
701.513423121754
700.851875814496
700.82225443612
701.302063231858
700.762418724572
700.775655704085
700.668219308759
701.495389341901
700.673158374931
701.0176539439
701.190898374059
701.630543043921
701.805426431079
700.765566262944
700.858042766371
701.100290635648
701.427850045029
701.058954218054
701.355528819478
700.607784257914
701.456429828572
701.84299448128
700.999838247589
700.720952024554
701.698791966454
700.797652203479
700.559021279908
700.969389200861
700.730886217334
700.812597447703
700.892325650138
701.432875535376
701.167678700547
701.420035398831
700.876914368944
701.18011879116
701.224455131302
700.940483616743
702.042164291536
701.358084703224
700.778550455839
700.789856544664
700.952962511255
701.245508778013
701.187724492488
700.609952688846
701.025911232851
701.547643652732
701.138632099566
700.63882948435
701.543723353692
700.683800961201
701.151972271458
702.018981361798
700.886858036153
700.781870253775
701.112340181813
701.506304269168
701.071474130028
700.691466398869
701.019409390097
701.585014110968
700.947390663592
700.656024390459
700.653247326943
700.612001801879
700.881186164361
700.857123573626
700.695801193239
702.334993575807
701.11364292317
700.755545350572
700.720540208534
701.034946792921
701.263164531668
700.691125453618
700.96286334714
701.202532506043
700.641187179812
700.77421727061
700.759960870387
701.042070204674
701.012098209161
700.787446246618
701.171112918482
700.717352432501
700.565546400327
700.993983703588
701.905661768934
701.725835732089
700.767459786204
700.610042867094
701.109209474977
701.443876178604
701.190995398905
700.921062123
701.353517126534
700.90545161887
700.780075859062
700.652861572212
700.530233700213
700.733751181555
701.081689840418
701.147122477138
700.707251419457
700.799396833667
701.213367645098
700.737794402852
700.617437252177
701.039370438125
700.755618238618
700.959043409438
700.728336056146
701.231039327049
701.533753735044
700.54660606977
701.155053512981
701.062829271133
701.456507162
700.770183427034
700.893656717988
701.212701118449
700.892718492732
701.352990888449
700.535871106955
700.604842357945
700.569552298402
700.941316574374
700.676147492645
701.439294521237
701.62390686451
700.664327102869
701.654630699102
700.780167382948
701.181779218405
700.777117419717
701.255756434016
700.834081779441
700.943075274347
700.529633820058
700.65998728483
700.958425777199
701.170715008678
701.810524227959
700.665044749991
702.136027588804
701.896511016506
700.818860029791
701.084227214048
701.780484195354
700.979703509583
701.614392361011
701.15703109418
700.567854936648
701.3674400012
700.730749525252
700.77775432637
700.730945917883
700.663141001505
701.294060788669
700.702949993978
700.992888986796
700.862315675406
700.580411290323
700.671441831306
700.531841535416
701.045394939339
701.494921193554
700.588041023283
701.082133257674
700.627670976786
700.662966479551
701.483204674074
700.572266776578
701.670080148423
700.593702610909
700.659538487301
701.131141697277
700.78303882374
700.898463290182
700.639844247262
701.865167354205
701.708186148713
700.808986033906
701.039044327027
700.580553279726
700.80512119758
701.157744039052
701.330794139637
700.804820783719
701.098942403618
700.560359731076
701.271202210515
700.590596343074
700.676039133607
700.90186597461
700.676046514021
701.435615531424
700.801808323271
700.584681258134
701.038093742424
701.136425924655
700.924101072565
701.087477495887
700.656861948312
701.056020405228
700.737566571587
700.664374017276
701.318022336177
701.0542712177
700.731092158917
700.877480980526
700.632108413018
700.964235037817
700.642294792562
701.516116039927
701.146183296634
701.427540807932
701.303461233515
701.006753160938
700.915825638585
700.745277685699
701.384287542134
701.033229401512
700.66386598302
700.815807831539
701.525554815673
701.485002691794
700.796419228094
701.150649405062
701.050384552142
700.976954188665
700.568105219118
700.709288394238
701.381196317245
701.121418222919
700.747459740004
701.650319402364
701.938937733706
700.996871109455
701.197156649912
700.715804943944
700.975359365805
701.290350145364
701.681807329863
701.54056654432
701.37630929844
701.624036778173
701.402506048985
701.296030334244
700.804595697725
700.706850249932
701.307820058212
700.89808182802
700.76223975863
700.592282230898
701.595858478016
700.97376221875
700.730693461243
701.41216847433
700.962023935914
701.396413504299
700.600749653512
701.197200916047
701.222305413374
700.900697323185
701.552410678605
701.139829537749
701.278258293152
701.494642450823
700.652870661958
701.16286473567
700.858521781565
701.269795465371
700.999847298941
700.832144108321
701.697526113859
700.847095553495
701.115583590321
701.338826771037
701.661148818321
701.672112497661
701.145246842841
701.193322762824
700.75666456991
700.962853638442
701.100780552269
700.551312231283
701.660984107046
700.553623964702
701.183010546781
701.466560100569
701.6236397256
701.333522307499
701.115190987276
701.305081706914
701.184854206826
701.413022143795
701.316139249705
700.799537703553
700.590359597168
701.303212540104
701.021087474863
700.82172873888
701.056589507003
701.203305697439
700.934389041519
700.671887403732
700.974527236485
701.572969114119
701.176395870478
700.86041433117
701.276364109133
700.633615302762
701.250281228528
700.725636240389
700.696968782284
701.564042368764
700.970649020017
701.171079585132
700.663889435811
700.64478734474
701.581296827131
701.363208094791
700.719088623268
701.26280669408
701.370593436506
701.024741725144
701.04783141598
700.993816723148
700.991836660576
700.566786355007
700.865598945421
700.66666518
700.626779963782
701.464464637029
701.284172636036
700.590480903802
701.564044126133
700.748766642452
700.823522970748
700.719582794759
701.534840673609
700.546582625867
700.60439936052
701.052703663296
700.930058528418
700.976118643832
701.047277769956
700.813032613252
701.202665532659
700.922427551438
700.593008887191
700.91025136037
701.107009771452
701.224059208374
701.547384069258
701.133851227994
700.949834904615
700.886578491483
700.723581868501
701.008348452936
701.10171361159
701.573468967145
700.917010324881
701.52000697698
701.597702081107
700.860635600606
701.730137395699
701.848245916448
701.289564008149
701.626406004039
700.962159861489
701.363678374055
700.571959804716
701.089162708223
700.599143242669
700.528520838676
700.629809266974
700.703616265263
700.928727407404
702.223970463798
701.33922602752
701.1141576093
700.71711174178
700.533338459434
700.666157276678
701.660819353
700.848027275012
701.028201709783
701.146892947384
700.725421567132
701.074753369201
700.617799471895
700.611330336217
701.042976852392
700.829648551098
700.944988693115
701.106583947639
700.895043724897
701.262594286379
701.444931553495
700.774014629192
700.602158723674
700.860246587657
701.186265974689
700.69815128959
701.343876466607
700.886601231683
701.193185241834
700.793981323258
700.910810525545
700.755255168041
700.84720118226
701.203853663057
701.617862939621
700.98747149522
700.974095317783
701.317300069244
701.356597400668
701.23312023695
701.092924547266
700.547379074823
700.561299458657
701.351628975202
701.093463914867
701.814454438534
700.654709690354
702.341753512381
700.53811772434
700.746691601551
700.569751693199
701.075727521243
701.153798955558
700.850451531569
700.581974960966
701.046231006606
700.906335626529
701.55570925352
701.254174566407
701.961371222565
700.902334366806
700.714578188128
700.749962771857
700.921982614235
700.666120157755
700.659741641634
701.114335143439
701.452107573202
701.17906132579
700.577126207422
700.840667423223
701.052884425148
700.758272397087
701.455841605571
700.912178307298
701.296182804161
700.975598258214
701.204522552222
700.656715541479
700.896962410718
701.274456029736
700.543001453636
701.771815176794
700.87601375588
700.899828301548
700.811898088193
700.831343067996
700.725954224414
701.049590969972
702.105714657884
701.346972679351
700.934009252178
701.111491554219
701.143966522955
700.953227782751
700.645974211656
701.622856945971
700.867007374924
700.714710093024
700.826403625699
700.694007618947
700.692645908696
700.591826547226
701.810057275604
700.693804897164
