1059.11587720694
1058.69800929264
1058.64221537395
1058.47670592882
1058.42768144885
1058.40742860635
1058.39439160725
1058.31921294137
1058.27882384991
1058.12844156637
1058.12148203037
1058.11325510889
1058.10763643479
1058.10193065463
1058.10172560591
1058.08842053513
1058.08751238972
1058.08129500589
1058.02715674673
1058.02196211173
1058.01499041034
1058.00982964936
1057.97733896931
1057.97223398006
1057.95917748608
1057.93939008042
1057.90886215968
1057.90582293434
1057.89715548656
1057.89346134826
1057.88132864572
1057.88012608624
1057.8753736239
1057.86911910057
1057.86357275386
1057.86196223515
1057.85614987589
1057.84443754335
1057.83998175515
1057.83668397166
1057.83592163259
1057.83537707422
1057.81266122019
1057.80212066842
1057.78400817322
1057.78349323078
1057.77951286023
1057.77824361239
1057.77528371879
1057.77493397918
1057.76880529485
1057.76050660974
1057.75894475537
1057.7524732434
1057.74204456244
1057.74146402794
1057.74093403826
1057.73656904837
1057.73543124282
1057.72869909068
1057.72492250038
1057.71757830554
1057.71509843475
1057.71326423397
1057.70647766677
1057.70635671061
1057.69727280721
1057.69558189344
1057.68933251595
1057.68583651709
1057.68181776909
1057.67659053907
1057.66348004788
1057.66242254474
1057.66140039926
1057.66026186815
1057.66011685131
1057.65626439509
1057.65473209498
1057.65402785384
1057.65043291866
1057.65041656669
1057.65009303359
1057.64579759352
1057.64517101124
1057.64510826067
1057.64114680653
1057.63997372408
1057.63982519843
1057.63479045684
1057.63436825067
1057.62785597093
1057.62779816489
1057.62671713431
1057.61955918977
1057.60868570681
1057.60577162487
1057.60430898626
1057.60292541414
1057.60153301244
1057.59685584081
1057.59562656706
1057.59497019539
1057.59257753533
1057.59049743179
1057.58634606858
1057.58605631115
1057.58589503551
1057.57524562317
1057.56857391076
1057.56290780708
1057.56213979989
1057.56188176773
1057.55961739021
1057.55513739871
1057.55480648947
1057.55328260719
1057.55120232238
1057.54958002601
1057.54743864764
1057.54570859268
1057.54481522237
1057.54378321415
1057.54006951619
1057.52883118403
1057.52742395019
1057.52250687353
1057.51940782935
1057.51717884719
1057.51584894978
1057.51579268054
1057.51549961764
1057.51259116254
1057.51077909282
1057.50242726421
1057.49741786536
1057.49209514943
1057.49194845362
1057.49131050102
1057.48701762829
1057.48445154756
1057.48417465804
1057.47960727893
1057.47743950914
1057.47702806086
1057.47675681208
1057.47237826498
1057.46773210043
1057.46399293668
1057.45767297717
1057.45630929782
1057.4557893496
1057.45556151051
1057.45535323398
1057.45263513787
1057.44594600947
1057.44468877063
1057.44196327012
1057.44182917285
1057.44042560851
1057.43591307668
1057.43513955751
1057.43320608495
1057.43271849326
1057.43063883139
1057.43032175921
1057.42871474737
1057.42302559216
1057.42145576751
1057.42134448406
1057.41796219764
1057.4153612121
1057.41307803949
1057.4088456555
1057.40763817621
1057.40763739217
1057.40529914647
1057.40522688075
1057.39940331286
1057.39873856669
1057.39689059608
1057.39473442039
1057.39461732086
1057.39454596568
1057.39254995627
1057.3882185265
1057.38413242901
1057.38244974946
1057.37867087865
1057.37801963946
1057.37727899529
1057.37719854335
1057.37671642521
1057.37474575727
1057.36598628889
1057.36572746281
1057.36533280999
1057.3614253444
1057.3610044422
1057.35465785178
1057.3538534355
1057.35157050273
1057.35086445732
1057.34948115861
1057.34406664782
1057.34287094035
1057.34157837083
1057.33821044073
1057.3373552775
1057.33617328258
1057.3355244955
1057.33519151881
1057.33503151903
1057.33461643672
1057.33400565263
1057.33194582719
1057.33178615366
1057.32583990051
1057.32501356345
1057.32500456974
1057.32450938472
1057.3243245215
1057.3203861988
1057.32028993832
1057.31952025415
1057.31881647571
1057.31348162625
1057.31236061846
1057.3087576873
1057.30817261797
1057.3068991768
1057.303834285
1057.30229352586
1057.3003433511
1057.29929025419
1057.29697957972
1057.29196848219
1057.29170278769
1057.2895287898
1057.28751688897
1057.28410442743
1057.28296818206
1057.28183485514
1057.27774793624
1057.2765656647
1057.27588000975
1057.27269832326
1057.26883262625
1057.26753295999
1057.26537073487
1057.2650431141
1057.26106023874
1057.2607625439
1057.25899277358
1057.25750281916
1057.25694362562
1057.25561661838
1057.25435133431
1057.2537731352
1057.25306502689
1057.25105075562
1057.25028840271
1057.24944655699
1057.24928077823
1057.24782193441
1057.24448805103
1057.24390441633
1057.24280018726
1057.2377167268
1057.23338586239
1057.23136039447
1057.23062096519
1057.22923637254
1057.2281549777
1057.22799533711
1057.22655450372
1057.22493948513
1057.22488715103
1057.22485098892
1057.22251041762
1057.22246118301
1057.21957877124
1057.21924325233
1057.21823980753
1057.21719594481
1057.21618589099
1057.21594696653
1057.21556486958
1057.21534757121
1057.21232766707
1057.21206944635
1057.20755846211
1057.20749615253
1057.20599626595
1057.20362582175
1057.20337942996
1057.20226272499
1057.19908681977
1057.19591623257
1057.19573510618
1057.19067402956
1057.18860150015
1057.18765250225
1057.18644068113
1057.18234178013
1057.18124163637
1057.181118398
1057.18059117764
1057.18035155539
1057.17898146778
1057.17773507534
1057.17718865811
1057.17716156258
1057.17701661586
1057.17536493746
1057.17401734351
1057.17315320312
1057.17017692911
1057.16912373675
1057.1690660746
1057.16805427429
1057.16705212834
1057.16636824829
1057.16449283522
1057.16390197549
1057.16373277569
1057.16267936263
1057.16123055049
1057.16084054688
1057.1607795736
1057.16056872906
1057.15911632297
1057.15869797276
1057.15765199791
1057.15689257529
1057.15398231915
1057.15322877494
1057.14916743722
1057.14899852509
1057.14892688047
1057.14883453289
1057.14724096026
1057.14700909194
1057.14687147687
1057.14500177709
1057.14424120711
1057.14387334085
1057.14306074854
1057.14153072065
1057.14094958369
1057.14056646095
1057.14002621461
1057.13904054616
1057.13781873622
1057.13755818054
1057.13412086769
1057.13304208964
1057.13181848448
1057.13117952527
1057.13046316578
1057.12884500965
1057.12867236557
1057.12799004353
1057.1275739177
1057.12707049705
1057.1256053012
1057.12537826764
1057.12469481587
1057.12346167236
1057.12282222255
1057.12258036617
1057.12229529229
1057.12155464374
1057.11858579254
1057.11831420378
1057.11811170006
1057.11769635431
1057.11618315559
1057.11601003963
1057.11600495907
1057.1159140105
1057.11474107949
1057.11350233766
1057.11256327359
1057.11211492635
1057.11206983678
1057.11195749536
1057.111697832
1057.11035482567
1057.11018638317
1057.10864680585
1057.1086226421
1057.10510294757
1057.10168048475
1057.09965120163
1057.09802224103
1057.09680572176
1057.09667210263
1057.0962886438
1057.09574517044
1057.09512055455
1057.09400685355
1057.09392369297
1057.09381639008
1057.09353426487
1057.09281250466
1057.09188773726
1057.09108506383
1057.09098109743
1057.08964436427
1057.08901681537
1057.08816558206
1057.08761633958
1057.0873969185
1057.08682093982
1057.0859921412
1057.08475793018
1057.08458511587
1057.08389932566
1057.08378432899
1057.08261891929
1057.08113855842
1057.08020732653
1057.08013900359
1057.07938902528
1057.07911947561
1057.0784680985
1057.07530014099
1057.07488612383
1057.07454931743
1057.0743690823
1057.07415555874
1057.0729326781
1057.07158932542
1057.07085965419
1057.07068999709
1057.07057383455
1057.07017873613
1057.06969656692
1057.06967315871
1057.06863981142
1057.06853739426
1057.06830793524
1057.06774219046
1057.06740059453
1057.06453287431
1057.06174237484
1057.06125438282
1057.06076131312
1057.06003916808
1057.05955460496
1057.05847944395
1057.0575584676
1057.05722575766
1057.05690422602
1057.05663508096
1057.05613893939
1057.05513933668
1057.05493890627
1057.0546646094
1057.05138638172
1057.05133816737
1057.05015638532
1057.04779287677
1057.04243612794
1057.03978864176
1057.03892846457
1057.03734008792
1057.03648467815
1057.03647896072
1057.03614803468
1057.03530213442
1057.03518881309
1057.03488705336
1057.03361958957
1057.03349594293
1057.03330169009
1057.03176067866
1057.03121061713
1057.02973371667
1057.02935874576
1057.02585384985
1057.02245698998
1057.02104054366
1057.02084967501
1057.0196749932
1057.01918076656
1057.01871392006
1057.01856945878
1057.0183865574
1057.01835099931
1057.01762687053
1057.01757875284
1057.01746283762
1057.01673831048
1057.01651018752
1057.01649536602
1057.01209245688
1058.18792921708
1057.40889946683
1057.48969275819
1057.04576910848
1057.16783649225
1057.1880813977
1057.23210792029
1057.40294511658
1057.05688648688
1058.01120290268
1057.64375340585
1057.30919867485
1057.31724606351
1057.25467141938
1058.47003565794
1057.31004209884
1057.11398173537
1057.54120791493
1057.14014291478
1057.40570992536
1057.43236056049
1057.11715602812
1057.02013079574
1057.51238993332
1058.63869767042
1057.43655559625
1057.25743519191
1057.50683717467
1057.05110227559
1057.37060768573
1057.18247455534
1057.46891114292
1057.1371587873
1057.36180377527
1057.27719541198
1057.10920998846
1057.4179279842
1057.14696404025
1057.38385093157
1057.1342455068
1057.03875604305
1057.16055008549
1057.1770013779
1057.54077310942
1057.55590775966
1057.33125367431
1057.03543820076
1058.73479986857
1057.07231333131
1058.97856104848
1057.02663872805
1057.14992763834
1057.46917457085
1057.15031991655
1057.02694844241
1057.73918213189
1057.35417376672
1057.20511298356
1058.59122110263
1057.73874075733
1057.71568790866
1057.10369644736
1057.08279940396
1057.90096164544
1058.02249641623
1058.74664860275
1057.73341248428
1057.17043801503
1057.628318613
1057.33807004654
1057.436718022
1057.58974365939
1057.03603853049
1058.93771427836
1057.17004002817
1058.08276092531
1057.22477585162
1057.1126218838
1057.43416457693
1057.48378613914
1057.31845227236
1057.58432067284
1057.21689959183
1057.49088319652
1057.44839462352
1057.50149140172
1057.00986724445
1057.28610408839
1057.64667284481
1058.12141368612
1057.04959353013
1057.1744095779
1057.16036478627
1057.14030396058
1058.19585311229
1057.31642467355
1057.12674930299
1058.21216481103
1057.21013820852
1057.38778837215
1057.65755722899
1057.37083554502
1057.07926630666
1057.04918138465
1057.12496612394
1057.95543656199
1057.17176932725
1057.16184947165
1057.09045829765
1058.23809712713
1057.4525502979
1057.28078075133
1058.40596970513
1057.11946887285
1057.18743441142
1057.21619278253
1057.70361629578
1057.18846511044
1057.83253870181
1057.4164540445
1057.40506521409
1057.63078495836
1057.42690314215
1057.62982412937
1057.58947024441
1057.21701593554
1057.46794535828
1057.23791882209
1057.02660099897
1057.20714260794
1057.92160942085
1057.65150096757
1057.91770233366
1057.32174010122
1057.17730734755
1057.57121339682
1057.38510625661
1057.58772104423
1057.3130145061
1057.16821385404
1057.10655990894
1057.47743778241
1057.52780685627
1057.60696883495
1057.17100464816
1057.13513146594
1057.5796072753
1057.56039262968
1057.35191484902
1057.0409400352
1057.09231159837
1057.20488984345
1058.04245771086
1057.6042912428
1057.59186802093
1058.00389030012
1057.15359887791
1057.06284983733
1057.31974877697
1057.29520131271
1058.12203655357
1057.2898289876
1057.62967005673
1057.36856329067
1057.17662722687
1057.25926055982
1057.02636296411
1057.25121673668
1057.54127183804
1057.77147316747
1057.47749039563
1057.24762970484
1057.07023963157
1057.23989816473
1058.16974925695
1058.70672544943
1057.05470549069
1057.30400313549
1057.45591161592
1057.66471292104
1057.37994840291
1058.08632131612
1057.06785554292
1057.66721213555
1058.05458984795
1057.04574392258
1057.32809372603
1057.15591097948
1057.51589070909
1057.30277347681
1057.685816177
1057.69953059001
1057.33708143682
1057.28472275366
1057.98182451706
1057.21328161557
1057.33351997163
1057.19437935695
1057.5876958923
1057.5704878684
1057.75784254194
1057.63918981874
1057.40335858634
1058.01332873595
1057.53317486713
1057.71076509464
1057.4556312903
1057.31335688491
1057.28879627305
1057.28075453151
1057.46809967639
1057.1971986024
1058.06304993641
1057.4441752585
1057.75325141645
1057.55929883577
1057.01669368428
1058.68515449064
1057.82270798343
1057.34851876723
1057.55616804663
1057.12006662851
1057.18571528681
1057.04030607659
1057.66110038206
1057.99211064998
1057.3746300581
1057.081933535
1057.04595370405
1057.38859683083
1057.95363704767
1058.17996481674
1057.06544212605
1057.11512114751
1057.65102054338
1057.18025488362
1057.12428143458
1057.15771862249
1057.67885184813
1057.747646313
1057.53144735602
1057.01801250552
1057.08014495532
1057.39450948465
1057.04959622746
1057.05142489859
1058.09460228007
1058.12847606999
1057.09486424619
1057.44727179244
1057.54014314057
1057.16936189001
1057.41421711616
1057.87002908441
1057.14394903632
1057.17538288235
1057.16679958785
1057.29926674533
1057.30094079287
1057.24406958797
1057.28423124649
1057.78810032473
1057.91595582165
1057.94015385134
1057.76631577064
1057.12243954875
1057.95712118284
1057.14104221086
1057.76363421147
1057.03770072586
1057.74964451824
1057.05424121657
1057.31236815837
1057.72720354298
1057.02365190573
1057.0579346754
1057.25624014323
1057.09335484905
1058.44470419926
1057.86243066777
1057.39088349909
1057.57387145375
1057.35399592202
1057.05604767669
1057.49979993373
1057.2785005462
1057.08178176206
1057.21667398997
1057.13753199595
1057.50827731385
1057.40537016948
1058.29212057334
1057.47516104084
1057.80401550172
1057.11512057414
1057.26475962933
1057.04664465307
1057.19532570884
1057.89890176081
1057.22871763374
1057.5672233346
1057.14113886967
1057.35797440446
1057.04099238227
1057.90661099568
1057.75992432281
1057.83995315359
1058.63567321828
1057.10737144106
1057.6785900841
1057.80025241706
1057.19232692538
1057.54961022995
1057.46863366079
1057.37458962401
1057.26342229321
1057.52835078621
1057.35519995762
1057.20553640576
1057.25596782983
1057.34790744978
1057.61776299772
1057.53422073248
1057.09068178678
1057.54752408074
1057.12115903591
1057.6007166981
1057.10462388708
1057.0439924403
1057.64404612869
1057.68448672139
1058.05990807366
1057.84767829784
1057.12320445513
1057.09519501995
1058.52696464978
1057.09137243666
1057.38919237382
1057.46190325459
1057.12131088454
1057.10394331816
1057.61520913942
1057.40788264763
1057.27165387803
1057.09840306262
1057.54537555858
1057.41454176838
1057.39865938848
1058.31674932474
1057.17832262027
1057.23592602335
1057.46204898371
1057.59304543897
1057.13429006131
1057.99437674155
1057.18086116841
1057.02965344953
1059.0750654271
1057.05668159727
1057.19949994496
1057.58936138604
1057.36731882422
1057.45024118204
1057.59508176638
1057.45890569787
1057.1761353032
1057.38455498103
1057.05828047152
1057.23094749651
1057.58647630369
1057.11318368633
1057.14908752331
1057.85789683468
1057.27670186654
1057.54223765013
1057.11819361846
1057.18179785027
1057.2331041962
1057.2108037588
1057.54194083687
1057.59920719452
1057.61644429272
1057.29581868527
1057.17843716287
1057.46841281426
1057.57405587108
1057.21521352674
1057.03509000288
1057.16468382609
1057.42778318193
1057.10522522964
1057.13226774667
1057.29697345697
1057.15084030845
1058.60720542815
1057.10296987902
1057.05343924308
1057.90222263195
1057.23862583027
1057.05798786726
1057.54344592496
1057.13709240036
1057.25866691527
1057.16452159116
1057.50957789745
1057.40667208627
1057.85011801329
1057.41129003247
1057.06462851303
1057.46139545543
1058.0802008177
1058.56276458671
1058.30818759612
1057.44893160869
1057.04586474385
1057.34609318115
1058.0386343724
1057.15800726661
1057.09659247604
1057.72343978921
1057.05688508403
1057.37890028918
1057.38776002732
1057.48091747702
1057.37418661491
1057.30883708397
1057.82927417517
1057.07288144307
1057.15520096801
1057.18090024043
1057.29141386909
1057.03061660481
1057.22822094818
1057.86531580499
1057.46991575774
1058.50186716559
1057.29370262176
1057.14650744846
1057.24910126733
1057.33528799383
1057.59481318594
1058.51331189077
1057.82724042669
1058.12657649174
1057.03991021658
1057.15133796984
1057.55584505104
1057.64111493902
1057.40287423395
1058.2524398438
1057.18218975256
1057.03976294873
1057.47724826682
1057.70515287575
1057.09066669044
1057.42844956643
1057.18489474922
1057.05011636455
1057.81988905836
1057.40611731236
1057.63373277252
1057.15755981162
1057.72188661029
1057.23218702199
1057.48074836078
1057.35428320393
1057.98810217454
1058.17347087749
1057.23511279472
1057.02561342418
1057.66313123229
1057.08161724767
1057.27378629968
1057.05118023082
1057.03699757988
1057.7951627994
1057.24936673702
1057.75655167196
1057.21578789792
1057.9995417616
1057.43930505964
1057.61867637645
1057.070752664
1057.10140980064
1057.20967952868
1057.84371910479
1058.47583975255
1057.19814659239
1057.04894377526
1058.72057137887
1057.32396055216
1058.70888978066
1057.16277741292
1057.52516408422
1057.38239747077
1057.12270308779
1057.72476072467
1057.18081388492
1057.95023886093
1057.88519002755
1057.9050489292
1057.38381277987
