1045.19722540494
1045.0450096269
1044.34499546771
1044.08443332758
1044.06264374953
1043.83598229717
1043.8047815146
1043.7418210965
1043.70217476716
1043.67608967288
1043.58780568847
1043.57832704401
1043.51859190646
1043.47823512055
1043.27852224602
1043.1459828103
1043.07543492681
1043.06171323436
1042.99001769668
1042.96853576304
1042.92302738402
1042.85549401448
1042.7479506985
1042.73654243111
1042.70964746509
1042.68090393268
1042.6573078451
1042.65296501366
1042.62818545054
1042.6238785751
1042.62276402397
1042.55581690137
1042.53223309969
1042.46407651221
1042.42727455847
1042.41566933158
1042.41146028574
1042.36757423199
1042.36034617911
1042.35698378313
1042.34192669928
1042.34173163151
1042.29110525258
1042.26646554711
1042.23920738058
1042.19064481465
1042.17696850926
1042.15695820922
1042.15492880555
1042.15361483928
1042.14442961663
1042.13573681462
1042.13209029888
1042.11190081228
1042.11125070036
1042.1023997033
1042.03124124367
1042.01664053525
1042.00314624262
1041.9959615142
1041.98823228339
1041.96408479373
1041.96318414285
1041.96283641223
1041.94658835844
1041.92343565162
1041.88844994074
1041.86942010035
1041.86315799934
1041.82474221814
1041.79176184879
1041.79045551718
1041.78241768519
1041.75596741424
1041.74917085017
1041.73646092772
1041.73534675511
1041.72584047273
1041.72091564212
1041.71402892486
1041.71071597686
1041.70482533785
1041.69178367204
1041.66997472347
1041.66369168509
1041.66188796366
1041.65435237995
1041.64588929313
1041.63488641917
1041.61320911971
1041.61061442094
1041.60994146342
1041.60849949473
1041.60471925358
1041.56988575147
1041.56962483456
1041.56262826725
1041.54264015651
1041.5369148987
1041.53564210994
1041.51191514551
1041.48167648017
1041.47651430171
1041.472625059
1041.47234579288
1041.4681071569
1041.45580496352
1041.43824854637
1041.43038001593
1041.42425006211
1041.42342446319
1041.42268412774
1041.41478648281
1041.41329942482
1041.41135435234
1041.39183930712
1041.38196027471
1041.38017034656
1041.37108153674
1041.36839178839
1041.35901996093
1041.3587438572
1041.35835211174
1041.35677548654
1041.35384691962
1041.34750909793
1041.34432074121
1041.32915261413
1041.31681462997
1041.30571849019
1041.30423626322
1041.30189201464
1041.29414955846
1041.27717447425
1041.27649052389
1041.27056661326
1041.27001799639
1041.26895199798
1041.26272181121
1041.25941312172
1041.25728539924
1041.2526303852
1041.24957734073
1041.24100508991
1041.22222515842
1041.22218535521
1041.21810760764
1041.19425741084
1041.19281816076
1041.18351971246
1041.16483263309
1041.16019571769
1041.14894231099
1041.13884517466
1041.13383923951
1041.13279841911
1041.12075961745
1041.11445273919
1041.10375888788
1041.10179265639
1041.10039298547
1041.09643753059
1041.08351324432
1041.03922726692
1041.02422992624
1041.02354350704
1041.02022607222
1041.01913095357
1041.01490892475
1041.00124232793
1041.00089980369
1040.99883541802
1040.99439911171
1040.98803129411
1040.98644380703
1040.9717284192
1040.94892749253
1040.94889751484
1040.94651595424
1040.93044758759
1040.92774218084
1040.92407483127
1040.92360675954
1040.92024829685
1040.91194239322
1040.90778910066
1040.89735827202
1040.89121351179
1040.89063706249
1040.88553436752
1040.88441962493
1040.88386646177
1040.88299961957
1040.871240641
1040.86976365068
1040.868679013
1040.86560582097
1040.86492502831
1040.85957203631
1040.85625103722
1040.85126632064
1040.8468407802
1040.84622211962
1040.84554179789
1040.84488217389
1040.83980005953
1040.83558281179
1040.83361201727
1040.82373298494
1040.82294379822
1040.82269004789
1040.81984925673
1040.81921145155
1040.81822104411
1040.81446844275
1040.80332745975
1040.80004949953
1040.79944573805
1040.79452134606
1040.78911062728
1040.78864227632
1040.78323544056
1040.78098686766
1040.78061806741
1040.76618814088
1040.76511813426
1040.76005338912
1040.75942038854
1040.75291971755
1040.74831146161
1040.74687477662
1040.74368236748
1040.73261529825
1040.70129994467
1040.69858959306
1040.69187445381
1040.67668377395
1040.67444183662
1040.67021069349
1040.66761945008
1040.6649882754
1040.66088111763
1040.65999295949
1040.657909377
1040.65426637919
1040.6451418223
1040.64083384235
1040.63537656852
1040.62482872948
1040.6197203279
1040.61615572517
1040.61105151001
1040.59382168643
1040.59013980326
1040.58900477132
1040.58824028183
1040.5854743193
1040.5846849385
1040.58037760933
1040.57664204498
1040.57513912323
1040.57353222544
1040.57196751091
1040.5712258716
1040.56025159458
1040.55797434531
1040.55674377065
1040.55590100034
1040.55225211125
1040.54994857472
1040.54602809756
1040.53724621062
1040.53712996956
1040.5215441123
1040.51907135981
1040.5143389688
1040.50322481467
1040.50171471554
1040.50107124749
1040.49988828045
1040.49458161629
1040.49382305934
1040.49320780633
1040.49142353832
1040.49141852902
1040.48979316286
1040.47840595239
1040.47385145918
1040.47344158
1040.46973990901
1040.46499711791
1040.46200461972
1040.46137937675
1040.4584698239
1040.45549054593
1040.45531171372
1040.4483574034
1040.44498472865
1040.44289362583
1040.43962021401
1040.43958126686
1040.43338507236
1040.42893505772
1040.42577454918
1040.41600942501
1040.40431531102
1040.40355305091
1040.39320033611
1040.39295277922
1040.39097298976
1040.39094936759
1040.38988733129
1040.38926918995
1040.38510235371
1040.38316204605
1040.37424992182
1040.37151367688
1040.37058098172
1040.37045603434
1040.36991454108
1040.36708440403
1040.36652128516
1040.36415678528
1040.35946087787
1040.35778479612
1040.35358121842
1040.35284092882
1040.34687186495
1040.34323054579
1040.33924461522
1040.3344649602
1040.33367939586
1040.33318799081
1040.32464937767
1040.32075298796
1040.31642125963
1040.31590778959
1040.31509143258
1040.31492747334
1040.31448235745
1040.30961480886
1040.30889852732
1040.30702123148
1040.30615091804
1040.30390026343
1040.29950486597
1040.29784734289
1040.29674282305
1040.29473466219
1040.29450558703
1040.28936814815
1040.28932376507
1040.28758260118
1040.28685581398
1040.28142577316
1040.28045810953
1040.27482303252
1040.27395428823
1040.26690145115
1040.26101778729
1040.25964031824
1040.25638214454
1040.25237001232
1040.2452962126
1040.24455498333
1040.24117715464
1040.2376636892
1040.23622939362
1040.23402643935
1040.22464060699
1040.22429974647
1040.22371619282
1040.22052410763
1040.21971964265
1040.21823913549
1040.21281349452
1040.2123287356
1040.20726490771
1040.20700918302
1040.20121298768
1040.20007266122
1040.200004138
1040.19884868013
1040.19212592723
1040.19169081752
1040.18331387512
1040.18238227501
1040.17776751381
1040.17513288004
1040.17341084529
1040.16520781621
1040.16191109539
1040.1603310606
1040.16026821328
1040.15644977335
1040.15548820471
1040.1519561887
1040.15145634289
1040.14967983478
1040.14849461921
1040.14556078137
1040.14314656227
1040.14269599618
1040.13521682595
1040.13507589797
1040.13159422194
1040.12927586569
1040.12352128825
1040.12204881372
1040.12117353506
1040.11611073691
1040.1092301114
1040.10855693612
1040.10582864806
1040.10547520343
1040.10390061072
1040.10304394676
1040.10057673133
1040.09833926675
1040.0927046986
1040.09230057124
1040.08265918656
1040.08168496001
1040.08153313423
1040.07767979016
1040.07354940791
1040.07241494631
1040.06113144764
1040.05894898544
1040.05836393291
1040.05302462826
1040.05183732574
1040.04671960775
1040.04669965115
1040.0425576332
1040.04172597564
1040.04124074785
1040.03994306796
1040.03692678167
1040.03156833216
1040.03006513167
1040.02680112717
1040.02535972986
1040.02053073529
1040.0185588018
1040.01508523113
1040.01496900526
1040.01470041986
1040.01382459271
1040.01197125582
1040.00870419793
1040.00585189584
1040.00445201743
1039.99996598389
1039.99836402251
1039.99102694175
1039.98606032662
1039.97514545419
1039.97217092597
1039.97192399084
1039.97074397257
1039.96997108319
1039.96893970094
1039.96551351536
1039.96264428503
1039.96174609236
1039.95762007377
1039.95617924698
1039.95188319334
1039.95179672307
1039.95121225978
1039.95037395283
1039.9487785404
1039.94662570703
1039.93717650297
1039.92968046192
1039.92528384592
1039.91955521536
1039.91830072253
1039.91148431323
1039.90846802572
1039.90005081623
1039.89942116911
1039.89770786489
1039.89701201559
1039.89642487184
1039.88781004791
1039.8797197215
1039.8793281139
1039.87920199647
1039.87427646819
1039.86937122911
1039.86273745167
1039.86202799684
1039.86171469891
1039.85550056276
1039.85351446243
1039.85309876173
1041.1343158322
1040.78849454402
1045.74559232566
1040.55549304976
1040.4207385804
1042.47500531362
1041.9754121888
1039.91686128224
1040.05547608337
1040.15739934695
1040.21600591962
1040.75236230348
1040.19021297586
1044.96526771143
1040.0853904996
1039.92613027978
1039.95904392432
1040.06740658219
1041.96129040628
1040.51788095717
1040.46281740593
1043.5020096511
1039.93608907572
1041.38273851979
1041.3391557625
1043.00364285537
1039.91471218866
1040.46018539791
1040.92261971708
1040.85992355358
1040.80290816716
1041.19870224123
1040.06595339839
1042.34592908695
1040.73897655133
1040.43950503971
1041.03051912541
1040.17614601967
1040.00030905354
1039.96955512646
1039.95659011378
1040.31515657331
1041.76550537653
1040.33228372519
1041.08007353339
1043.10417145609
1042.11499253077
1040.66479986171
1041.41034665292
1039.93676341745
1039.9123029228
1041.5076123527
1041.98385701651
1040.33507552114
1042.46347068966
1041.3606200107
1040.74685608384
1039.8737203261
1041.40489847566
1040.74595728271
1044.37817379717
1042.28053889446
1039.94065846029
1041.0101415292
1040.32903905702
1040.09048041727
1040.14316912193
1040.35752708017
1040.64891683225
1040.90478228569
1042.66551146429
1040.17288436351
1040.59188129146
1041.25169572727
1040.95352111558
1040.20113240744
1041.24057875066
1041.58732552038
1039.983368898
1040.40043938455
1039.88842752043
1040.19473299076
1039.98006753616
1042.54505752229
1041.00898026118
1039.96341437181
1040.53518682195
1040.19374193124
1042.04135905994
1041.77753342664
1041.0330953942
1039.92736122337
1039.8764082394
1041.01224167963
1041.18917695487
1039.94177766768
1042.09623049206
1041.2377475777
1040.38918715836
1040.02351782143
1040.328294661
1040.0562893008
1042.22981481565
1040.45123430564
1041.94232347459
1039.93674735336
1040.83134662997
1041.30231521212
1040.98799822644
1039.92476276669
1040.55779401377
1040.56373188474
1042.1345452249
1040.23822892305
1043.21471097987
1041.36747526943
1040.17773505768
1040.6460461402
1041.97372744933
1040.51398141767
1044.01906603185
1039.94605340287
1040.18983217899
1040.68670283902
1042.60834939263
1042.90673968582
1040.00700172359
1041.37920000591
1042.40367923667
1041.35162445383
1039.91831539445
1039.89757474376
1039.97968490385
1040.54321184382
1039.86906879179
1041.61562551746
1045.27952816398
1039.86858117122
1041.12956693923
1040.03912806951
1040.2967094886
1041.59563991903
1041.70677773558
1040.08638099354
1041.48753522479
1040.25679639755
1041.50435804717
1042.15875688831
1040.76644371248
1041.07652249797
1041.02013354405
1042.79048767047
1041.01124765984
1042.5264568308
1042.01797808749
1040.31248968469
1040.81340209237
1040.11891055442
1041.5858784942
1041.68957049704
1042.91008685463
1040.77033337983
1041.47697285482
1040.03852536918
1039.90002135968
1040.24505088364
1040.59850664541
1041.24253205681
1041.07264786241
1040.85088435973
1040.3984905886
1041.70311636998
1041.28850111989
1042.04059880858
1042.66175814738
1039.93174365571
1041.68880264272
1040.43077782812
1040.0865818225
1040.90320368957
1043.48824775708
1040.60563266624
1044.21681371958
1039.93716924626
1039.93487370194
1041.14893323306
1040.22262319624
1040.58721207171
1040.25265662239
1040.47981750683
1040.29168836713
1042.44395239576
1041.09625817466
1040.50182183755
1040.17044275699
1041.93297546506
1041.30910879079
1040.07841440529
1040.8617180985
1041.43137933725
1041.34873094137
1039.88165330824
1043.06558432205
1040.00768107956
1041.97900508589
1041.48591977554
1042.42232557497
1040.67339750914
1040.64125716105
1040.47069914255
1042.31151474821
1042.27913056483
1042.18078552681
1041.84542482313
1039.87513961578
1040.70202427693
1040.51908912547
1041.35293040461
1043.46648292312
1040.21277577721
1041.30476129975
1043.06746055124
1040.38213730171
1041.74848058914
1041.25511399347
1040.07736078712
1041.67611167968
1040.03663370439
1041.46177966966
1041.82476581544
1040.14358401792
1040.97062960569
1040.13036624769
1040.50311741947
1041.45038908375
1040.21551184172
1041.06821115237
1041.21717093368
1042.60694908248
1040.11229783679
1040.94397383293
1040.10502586295
1040.17489779382
1040.4470073339
1041.65175247281
1045.32963905456
1041.78004064583
1039.8726270691
1039.97463569774
1040.85625214488
1040.19804490275
1041.75711170559
1041.75114066012
1042.40600075921
1040.48596648654
1040.93514862061
1041.19089186196
1040.2673982288
1041.03929658401
1040.03123183815
1043.07340857907
1041.70371611529
1040.56630362983
1040.32922313497
1040.13268740034
1040.91137936327
1039.92733867122
1041.27945873588
1040.0290139082
1039.95143126954
1040.26782930082
1040.04268685104
1039.9873297923
1041.90637420271
1041.11266204075
1041.06093590376
1040.22072156096
1040.23868736706
1041.11861031882
1041.17224702958
1040.10871452979
1040.10305533556
1040.36110387567
1041.89742695538
1041.01231291271
1042.78098759704
1039.91107883606
1039.96330438686
1042.45524496869
1044.52709319433
1040.03202036065
1040.65614552908
1040.61651745498
1041.93491440725
1041.07653452258
1041.47807683306
1045.76652435495
1043.15840088183
1039.9971844941
1040.64342727657
1041.70055016477
1041.33013980712
1041.14033894398
1040.60092058522
1040.38030466361
1043.90958164185
1040.44974010531
1039.86162009695
1040.265501972
1040.93460468494
1040.24099670013
1040.45643903234
1040.48090038903
1040.39963237193
1041.39101464665
1041.03688774724
1043.3686279338
1041.63399455038
1041.61057883477
1040.73821761605
1040.68101242134
1040.23481425144
1042.33330677049
1040.52387393616
1043.10666714721
1043.24986026518
1040.63411009025
1040.71877853624
1042.03199121015
1044.50309751868
1041.29470113807
1040.52068323937
1041.49369969084
1040.38520906465
1042.77341418037
1041.45431690855
1040.27423378262
1041.20255202775
1041.36178010886
1042.24998437838
1041.4982329212
1039.90960678209
1040.61925354699
1044.5947675487
1042.16046798621
1040.94064751817
1040.00294927016
1040.20423948883
1040.30085366139
1040.37792176352
1040.09777462729
1040.6441454704
1041.2673168093
1041.56207970009
1041.17361949851
1040.14484078999
1040.10340895642
1039.94658015679
1040.88806991848
1041.30535474779
1042.59894150187
1040.59656959624
1040.14878834916
1040.41300610413
1042.58982352499
1039.85544411811
1040.58457701387
1041.14118746421
1040.00758596987
1041.1860080668
1040.67338380013
1040.64810853253
1041.04992075469
1045.26057728946
1040.9706872843
1041.05718600279
1040.53238564545
1041.03278331686
1042.0651725403
1043.2324726591
1043.1848721894
1040.42800513043
1042.48343396719
1040.27922868007
1040.40635701861
1041.71138032459
1041.42608718541
1040.81347686184
1041.23707414536
1040.86406437276
1042.40733979488
1040.0505770093
1040.07749214614
1040.13622244922
1041.35842224915
1040.08527232346
1040.66631100266
1040.11762159598
1040.06207806759
1040.54813669423
1040.36129583118
1041.64941408291
1040.20245473504
1039.89888447415
1040.17938580263
1040.23463792285
1040.16527107613
1041.91122582829
1041.99071581246
1039.95240159894
1040.29688024075
1039.95007396242
1040.58051851618
1039.89617581408
1042.62094455537
1042.51887979918
1041.158221722
1042.61301994705
1041.50708908527
1040.41296089097
1040.14872454257
1040.66643102357
1042.32573417924
1039.95458543076
1039.87038780846
1040.2137422431
1040.45685294509
1039.95827354861
1040.20280606285
1043.39515152643
1041.56432233981
1040.51329577789
1040.44995791267
1039.91160972734
1041.14229873243
1040.3775935758
1041.47399163792
1042.70719075047
1040.23226888486
1040.31415873854
1041.01106062652
1042.1851061612
1041.72293289421
1040.23165221492
1040.73032678799
1041.53915341784
1040.99803592452
1041.44479489301
1039.89509222127
1040.45055810684
1040.50542592331
1040.77130021884
1040.49977879565
1044.16494594167
1041.06899323154
1040.25476256786
1039.94836448952
1041.89706291502
1040.08398230401
1040.33701520376
1041.04610705796
1040.40058860184
1039.86551578724
1042.8645409011
1042.85569566765
1040.30320218886
1041.97843928625
1040.4554989118
1040.49466624372
1040.04899144095
1040.15242862974
1041.23698046219
1042.17884267197
1043.64437493584
1040.71561988395
1041.4024411591
1042.83748835064
1040.6538846859
1042.87325316245
1042.71334266978
1040.68238129624
1040.57568321121
1040.31658028708
1042.70808592651
1041.66414298331
1040.13337755986
1043.12711962654
1042.43919751617
1040.36831603628
1041.16289428933
1040.61244429606
1042.07061322416
1041.57455737123
1041.50017026366
1043.79191322353
1042.83233365396
1040.29818586628
1040.76315726234
1039.93438771625
1041.4468702554
1040.23910203902
1040.08033503682
