721.371323456844
715.205076504544
705.609175900909
705.505329733685
703.716132652726
702.341753512381
702.334993575807
702.223970463798
702.136027588804
702.105714657884
702.042164291536
702.018981361798
701.967829016616
701.961371222565
701.938937733706
701.905661768934
701.903707428325
701.896511016506
701.887077832824
701.865167354205
701.848245916448
701.84299448128
701.837191225846
701.835814029087
701.832053132996
701.814454438534
701.810524227959
701.810057275604
701.805426431079
701.802006412983
701.797985909511
701.787377754319
701.78467830786
701.780484195354
701.775100374276
701.771815176794
701.755165763469
701.730137395699
701.727645366524
701.725835732089
701.721199898695
701.708186148713
701.698791966454
701.697526113859
701.681807329863
701.672112497661
701.670080148423
701.661148818321
701.660984107046
701.660819353
701.654630699102
701.650319402364
701.648536323145
701.630543043921
701.626406004039
701.624036778173
701.62390686451
701.6236397256
701.622856945971
701.620048185546
701.617862939621
701.614392361011
701.597702081107
701.595858478016
701.593530990085
701.593075976435
701.59224254749
701.585014110968
701.581296827131
701.573468967145
701.572969114119
701.571372666092
701.567895785519
701.564044126133
701.564042368764
701.558004483688
701.55570925352
701.552410678605
701.550908295998
701.547643652732
701.547384069258
701.544118720579
701.543723353692
701.54056654432
701.538860455518
701.534840673609
701.533753735044
701.531512160171
701.52592436461
701.525554815673
701.521143788544
701.52000697698
701.516116039927
701.513423121754
701.511806617663
701.510828678765
701.506304269168
701.495389341901
701.494921193554
701.494642450823
701.485002691794
701.483204674074
701.480526563828
701.466560100569
701.465949290869
701.464464637029
701.461071112067
701.456507162
701.456429828572
701.455841605571
701.452107573202
701.444931553495
701.443876178604
701.439294521237
701.435615531424
701.434283313195
701.432875535376
701.429747904812
701.427850045029
701.427540807932
701.420035398831
701.413022143795
701.41216847433
701.405087923145
701.402621704628
701.402506048985
701.402489608024
701.399395096559
701.396413504299
701.394461165448
701.386569996472
701.384287542134
701.381196317245
701.380976778942
701.37630929844
701.373258520484
701.37251534246
701.371868925976
701.37091782025
701.370593436506
701.369911678388
701.3674400012
701.363866694119
701.363678374055
701.363208094791
701.358084703224
701.356597400668
701.355528819478
701.353517126534
701.353121461624
701.352990888449
701.351628975202
701.34970750542
701.346972679351
701.344449303685
701.343876466607
701.341539460155
701.34121473402
701.33922602752
701.338826771037
701.333522307499
701.331811662309
701.330794139637
701.318022336177
701.317300069244
701.316139249705
701.314488670001
701.31434198612
701.307820058212
701.306566010784
701.305328250825
701.305081706914
701.303461233515
701.303212540104
701.302442128101
701.302063231858
701.298417928002
701.296182804161
701.296030334244
701.294060788669
701.290350145364
701.289564008149
701.287615486302
701.285336736339
701.284172636036
701.278258293152
701.276364109133
701.274456029736
701.273634316154
701.272258268375
701.271202210515
701.269795465371
701.263164531668
701.26280669408
701.262594286379
701.261654359263
701.259395656914
701.256693823792
701.255756434016
701.254174566407
701.253401781094
701.252830566205
701.250281228528
701.245508778013
701.240740005286
701.23899856374
701.23312023695
701.231039327049
701.224455131302
701.224351658868
701.224059208374
701.222305413374
701.221142651084
701.219675940085
701.219244810401
701.213367645098
701.212753465327
701.212701118449
701.209912291752
701.208110519644
701.204522552222
701.20440717849
701.203853663057
701.203305697439
701.202665532659
701.202532506043
701.202153694623
701.200741453465
701.197763132088
701.197200916047
701.197156649912
701.194335324268
701.193322762824
701.193185241834
701.192537171724
701.191942241081
701.190995398905
701.190898374059
701.190064815839
701.187724492488
701.187684631817
701.186265974689
701.184854206826
701.184249078003
701.183010546781
701.181779218405
701.181762483505
701.18011879116
701.17906734721
701.17906132579
701.176395870478
701.175453967664
701.174484805262
701.171112918482
701.171079585132
701.170715008678
701.167678700547
701.167612928428
701.165676119449
701.163075157599
701.16286473567
701.160052971784
701.157744039052
701.157494042203
701.15703109418
701.155053512981
701.154960112556
701.154526150693
701.153798955558
701.151972271458
701.150649405062
701.149898545026
701.147196284698
701.147122477138
701.146892947384
701.146183296634
701.145246842841
701.144067306584
701.143966522955
701.142300514891
701.139829537749
701.138899767295
701.138632099566
701.136908487129
701.136425924655
701.134955812297
701.133851227994
701.131141697277
701.128585820188
701.122842043253
701.122032634012
701.121418222919
701.120433658204
701.120361655901
701.117546561261
701.115583590321
701.115190987276
701.114529213585
701.114335143439
701.1141576093
701.114058620629
701.11364292317
701.113440984004
701.112692038733
701.112508552597
701.112340181813
701.111930388699
701.111491554219
701.109209474977
701.108265113746
701.107009771452
701.106982364787
701.106583947639
701.10171361159
701.101636173008
701.101593331484
701.100780552269
701.100290635648
701.099595815223
701.098942403618
701.096369475913
701.093463914867
701.092924547266
701.089162708223
701.088580380387
701.087477495887
701.086650578286
701.086486497517
701.085651553693
701.084679924793
701.084227214048
701.082972192875
701.082732028244
701.082133257674
701.081689840418
701.07983436836
701.077257913643
701.075727521243
701.074753369201
701.073175685345
701.071474130028
701.071024682787
701.068346956103
701.06805315052
701.066178065242
701.065310534578
701.062829271133
701.058954218054
701.056589507003
701.056020405228
701.0542712177
701.05303239125
701.052884425148
701.052703663296
701.050384552142
701.049590969972
701.048969788641
701.04783141598
701.047292670871
701.047277769956
701.047065270861
701.046231006606
701.045394939339
701.042976852392
701.042356733542
701.042070204674
701.041858662764
701.039370438125
701.039044327027
701.03892750566
701.038093742424
701.03751599555
701.035970109032
701.035199362221
701.034946792921
701.033229401512
701.028201709783
701.027999403744
701.025911232851
701.025268122836
701.024741725144
701.023147789199
701.022070352269
701.021087474863
701.020403122612
701.019409390097
701.0176539439
701.017074136403
701.012098209161
701.009014153188
701.008843342163
701.008348452936
701.007765525958
701.007467752081
701.006753160938
701.006167866832
701.006053344807
701.004676029384
701.000964016541
700.999847298941
700.999838247589
700.999256612384
700.996871109455
700.996271788855
700.995320571147
700.995160417284
700.993983703588
700.993816723148
700.992888986796
700.991836660576
700.99170152269
700.991650321692
700.990045416552
700.987537361846
700.98747149522
700.986965994393
700.985968226274
700.985347157995
700.984442642707
700.979725951124
700.979703509583
700.97847881154
700.978116761622
700.976954188665
700.976816280466
700.976118643832
700.975598258214
700.975359365805
700.975302477651
700.974527236485
700.974095317783
700.97376221875
700.973594697871
700.970649020017
700.969389200861
700.966214375158
700.965115237483
700.964235037817
700.96286334714
700.962853638442
700.962159861489
700.962023935914
700.960967640338
700.96091348365
700.960676245191
700.959801991516
700.959043409438
700.958493742138
700.958425777199
700.956896343792
700.955320808171
700.953227782751
700.952962511255
700.952889252821
700.949834904615
700.947390663592
700.945463759719
700.944988693115
700.943635791337
700.943476933498
700.943075274347
700.942716107647
700.941723340109
700.941316574374
700.940483616743
700.940311487844
700.940209446704
700.939828963463
700.936089566773
700.934389041519
700.934009252178
700.932927305381
700.930662766074
700.930136509162
700.930058528418
700.928727407404
700.927035410782
700.924101072565
700.923970832836
700.923948546369
700.922427551438
700.921982614235
700.921062123
700.919358283993
700.918566613886
700.917010324881
700.915825638585
700.915223948653
700.912397129164
700.912178307298
700.910810525545
700.91025136037
700.910125438089
700.909859480717
700.909091675574
700.908282941718
700.907044936094
700.906335626529
701.11352635166
701.553570535057
701.023344986392
700.949470966253
701.319519681784
701.174081527983
701.896374291657
701.671259180287
701.374999836479
701.087827353267
701.301289406882
700.942119656581
701.577291830234
700.923559308994
700.987244118321
701.429171179443
701.653920372667
701.3605458321
701.709890317791
702.021062883091
701.219765476794
701.08917774007
700.979895665474
701.333118272189
701.297361108439
701.278291144883
701.590322754835
701.10514930382
700.909876255223
701.476111602934
701.415232111947
701.119401794154
702.009358579949
700.969302524986
701.106777841786
701.908384361941
701.545136741249
701.729187553413
700.915274479556
701.606647767593
701.379087493225
701.661625701398
701.202711250811
701.558015622449
701.40165205273
701.374220184629
700.983420100953
701.443552520976
701.05773724282
701.236609651264
701.354772638619
701.346503333116
700.937406348886
701.252012364306
701.436185975409
701.352677328301
701.060012507948
701.128603022774
701.210227846416
701.584383323873
701.409059099213
701.680078784008
701.806091045715
701.384436671975
700.914592984832
701.345532472347
701.291477606043
701.120204335306
701.06050041688
702.066078551373
701.197444932806
701.911761340104
701.498289889694
701.822771151588
701.345693602992
701.601185018939
701.540367130122
700.959392750559
701.407381074234
701.02802268808
701.654694110086
701.395636183855
701.009141644852
701.503024448844
701.179348182476
701.20103838581
701.453268767068
701.342301643105
701.636133401429
701.992331785769
701.071844423789
701.812220553283
701.356954908107
701.476800475108
701.07830155024
701.044998450718
700.915385342674
701.019366438203
701.46688885279
700.915941694169
701.428429001574
701.58803883722
701.913402169964
701.364979477908
701.01471362522
701.264654293821
701.381487009511
701.4776724494
702.07498013628
701.408042105644
701.571258249191
700.93178110176
701.359782477906
700.907140058693
701.70607989231
700.922950603726
701.244128497859
701.020288835361
701.973829405526
701.325497539079
701.224254740436
701.230444169819
702.218523665099
701.277163280655
701.441698151271
701.185856662105
701.090056872069
701.402342181137
701.925382891667
701.365020077847
701.825242573371
701.124678563961
701.094779114283
701.178397963411
701.709180058254
701.098427929281
700.919628820725
702.138140623541
701.190190407824
702.064533368746
701.437518022724
701.040553057103
701.247287692719
701.312407671933
701.868665529954
701.865864972048
701.067133452991
701.363636820533
701.32929011145
701.675917502938
700.903248171016
701.009007093696
700.933067563494
701.686894346054
700.930847585722
700.922969346267
701.1505971113
702.021383614985
701.52389511807
701.493641207184
701.070348617888
701.045949693261
700.922752504648
701.475811901977
701.643341349786
701.724812157707
701.831781830464
701.091924421448
701.191115175813
701.558989837312
701.001981523826
701.300993649668
701.465855303282
701.363092439571
701.532079497144
701.277113805028
701.209439881525
701.254819732171
702.075989625964
700.929949575601
701.384253194582
701.186461288336
701.233556923821
701.53912400032
701.354358259081
701.5286216833
701.417972237829
701.033611883108
702.04948277445
701.470738799544
701.209571828393
701.840322871478
701.941887764741
701.823557351323
701.201499939053
701.545149762679
700.927553264566
701.247503027785
701.034706064299
701.813208224183
701.290973374531
701.68293804073
701.131910663343
701.420499037625
701.048952943
702.09654734269
701.692090917925
701.320119860233
700.935851177777
701.017197961514
701.253119782567
702.025548823604
701.112048884393
701.336994342123
701.254296193434
701.306740627293
701.036574912487
700.934526101153
701.883553343148
701.606087513176
701.044107094239
701.269466354109
701.347973165124
701.250765193684
701.182882596119
701.102650327173
701.246583718188
701.777982283603
701.008688036223
700.944937568301
701.482796424012
701.025859635251
701.811589570753
701.613676425132
701.979535422317
701.41854290277
702.273212169806
701.139565289854
701.278035109865
701.411087013544
700.971088514253
701.585475656044
701.197987892687
700.964798240507
701.316722543397
700.908476601624
701.207057185452
701.982497685124
701.352853284165
701.105689207582
701.011522719547
701.020463875974
701.094947259503
701.768425906699
701.663414169355
701.97473277069
700.973697674095
701.562097815869
700.942535359206
701.627490821927
702.085914952751
701.301132097341
701.37765380963
701.678754759183
701.214695158282
702.069678158005
701.034543232797
701.611786874281
701.649016247133
701.658207668444
701.35072703693
701.402134519894
701.684103004124
701.146833030697
701.331368859848
701.007989069042
701.606306799278
700.950862078707
701.244354123725
701.551334489892
701.270963335611
701.073923782254
701.817402661523
701.333033672206
701.134615760394
702.094000643349
701.216866945446
701.209960711158
701.447137083321
701.460375423212
701.34541997402
701.61783577106
701.593351009222
701.173268732984
701.160183085747
701.439624886214
700.939289952087
700.948528505517
701.050014301961
701.125372989448
701.065459482578
700.918735292999
701.741465726301
701.042314381854
701.514183698066
701.091813984428
701.092630522572
700.989365868256
701.224868209726
701.043184883796
701.477881641506
701.69935072004
701.19305409153
701.19586934396
701.176848920911
701.508541084713
701.039282221573
701.483438949734
701.775107143833
702.024637132337
701.5764225055
701.22775826067
701.343210288323
701.417606909069
700.948013572821
701.79215714045
700.920313338044
701.575249888508
700.94410342588
701.551229154883
702.008145856822
701.342685375072
701.701198713831
701.318299075044
701.098496065412
701.727962099422
701.928592014388
701.187706410023
701.063872039759
701.100211311117
701.446951291644
701.049128774199
701.660644832065
701.541785994081
701.087099155958
701.199492821394
701.126784511505
701.542430699582
701.153471141965
701.375675248435
701.143764275816
701.312165389813
701.170016785418
700.994483909456
701.534013831633
701.120252263194
701.684231866498
701.066516695942
701.13780527147
701.041878454074
702.027315042393
701.017383092594
701.306931855337
701.724321116083
701.883535676512
700.978581650831
701.483878383656
701.428269548036
701.058334661603
701.46674409595
701.458464128646
701.564956285095
701.582149815501
701.192189458136
701.385339405297
701.070967709151
701.004512375202
700.94355081007
701.843890645951
701.186875532429
701.072928789235
700.912409374823
701.15006044653
701.626018354882
700.921950122812
701.685968986265
701.202469313901
700.9323836813
701.650635722842
701.050445446165
700.927427876702
700.944288331815
701.602549543521
701.281843532203
701.161328549993
701.087705224858
701.206175424983
701.50668221536
701.129288959537
701.609932072558
700.955465913563
701.607044577531
701.199624407588
701.062413601038
700.907504189822
701.535585721757
700.904689373449
701.657915202679
701.160394813224
701.093390767286
701.47185006694
701.426774652978
700.939771784167
700.917140207275
701.063892886411
701.3550536364
701.400329386211
701.422262336218
701.423069540139
701.267841623054
701.746717476032
701.185420895433
701.472746640117
701.69451785725
701.344606112824
701.579922874779
700.985659438941
701.002811480588
701.221696591795
700.935543898545
701.99134655218
701.46460025217
701.155643146347
701.252541992275
701.348461118116
701.210602285587
702.003883267654
700.988467114728
701.480554272673
701.099882190706
701.965821777816
701.670919797639
701.059179132736
702.049161941292
701.145690450121
701.381518535294
701.561099319492
701.000927926554
701.169409606469
701.108508843612
701.488530073683
701.72217120821
701.338031010476
700.957904250604
701.763286226908
701.556967506451
701.438893288144
701.585001709412
701.345688011379
701.501115480547
701.3921128073
701.943685979546
701.039807601996
701.201771542741
701.206623457233
701.680856786469
700.94254348825
702.066331048539
701.390458772088
701.286781009219
701.451417041919
701.435842061219
701.77216808083
701.862764100099
701.84096615243
701.774349729043
701.184585789277
701.378095553725
701.220912084104
701.470809792803
701.411664821502
701.059186958272
701.758099027389
700.940628292622
701.370866098327
701.330644372576
701.223800090876
701.018930640845
701.05838461935
701.118268480854
701.412745947085
701.310067243334
700.929398336169
701.045326446444
701.168151805461
701.459389928682
700.992636251178
701.671347142552
700.956458889658
701.993196446565
701.099574497934
701.881846764616
