1025.67417464517
1023.90619709074
1023.20832881718
1023.13560048893
1022.92530533361
1022.69336975422
1022.52639323452
1022.43115580082
1022.27674538103
1022.24335063319
1022.20427998495
1022.06086654048
1021.99599451258
1021.92184566298
1021.7598261163
1021.6986150313
1021.58595445993
1021.55659218652
1021.55177149934
1021.47969483708
1021.42564094696
1021.37877006404
1021.26172345957
1021.19285773565
1021.1598285695
1021.0973967575
1021.0083752045
1020.98326551625
1020.98198403973
1020.9796824734
1020.7888234372
1020.72627739929
1020.6987904222
1020.66593043044
1020.63758110469
1020.52854696603
1020.47544527909
1020.40792802006
1020.35650144066
1020.3396939466
1020.33897788637
1020.33397914329
1020.31533484496
1020.31422091444
1020.30755446245
1020.29436183903
1020.26716121625
1020.24331874284
1020.22869489909
1020.15492724022
1020.15415002174
1020.14398391894
1020.13617887512
1020.13188223879
1020.10024282157
1020.07682249179
1020.04950937897
1020.01522361697
1020.0138492691
1020.0060560842
1020.00602107256
1019.93791744994
1019.90157362768
1019.89960331148
1019.86774706688
1019.82828202338
1019.82647069942
1019.77047072033
1019.76970959592
1019.7679546858
1019.7569758537
1019.74571285574
1019.73550103078
1019.71813683539
1019.6757239123
1019.64741425542
1019.63568570195
1019.60835150974
1019.59945293128
1019.59927934759
1019.59676898137
1019.59478207661
1019.55036855443
1019.54512992326
1019.53740083579
1019.53199318378
1019.52997203273
1019.52056147227
1019.51661574134
1019.51198798789
1019.47588162818
1019.46561570758
1019.43447561389
1019.43237206444
1019.40909662844
1019.38850321706
1019.36733955077
1019.36507980899
1019.35759965093
1019.3527784585
1019.35207752972
1019.31178944523
1019.29514706614
1019.29444389667
1019.29207632658
1019.28470331136
1019.28408239388
1019.28132950498
1019.2406750427
1019.21385968535
1019.20625216557
1019.17647183721
1019.17625528805
1019.17177344383
1019.16608099158
1019.16112488133
1019.15511157739
1019.11182282116
1019.10282545609
1019.06407717268
1019.05969395919
1019.04371512819
1019.03370354587
1019.01925522343
1018.98226225989
1018.96528102881
1018.93461740459
1018.92919473805
1018.90167412687
1018.8961052304
1018.89577907864
1018.88073657653
1018.87234466188
1018.87200643356
1018.85255228166
1018.84779050242
1018.84233850127
1018.82419909423
1018.802953638
1018.80288545045
1018.79839987541
1018.78044484963
1018.77047781876
1018.76801383201
1018.76127749559
1018.75815576808
1018.74945975879
1018.74877330499
1018.7452463827
1018.72274959576
1018.70862199135
1018.70150088702
1018.69758748228
1018.69284702714
1018.69265110388
1018.68755089549
1018.6858779996
1018.68542042842
1018.6784565268
1018.6784529884
1018.67309171846
1018.66787983957
1018.65985070699
1018.63852698154
1018.62338515607
1018.61828839461
1018.61539670979
1018.61476745939
1018.60782495934
1018.60499887625
1018.58684930874
1018.57493522923
1018.55607367691
1018.55053201024
1018.54178167613
1018.54088001155
1018.50207991752
1018.492291033
1018.4915096961
1018.48679342119
1018.48423513152
1018.47732869655
1018.47216369853
1018.46264124901
1018.44282459344
1018.44063820678
1018.43874368627
1018.43624551965
1018.43604294857
1018.41990427009
1018.41718866223
1018.41571698606
1018.40883221467
1018.40386963098
1018.39805750527
1018.39425444683
1018.38429913027
1018.37153979722
1018.36203817549
1018.36098378387
1018.32364589086
1018.31345028558
1018.29821484576
1018.29266328602
1018.27961061495
1018.27733295347
1018.25488161681
1018.24570529164
1018.23914526523
1018.23338433541
1018.22161353502
1018.22133475879
1018.21499961378
1018.20951164224
1018.20727428034
1018.20576579001
1018.20347388977
1018.19593585878
1018.19423423597
1018.18817378676
1018.18713721778
1018.17796864397
1018.15993897283
1018.15753393821
1018.15726028416
1018.15664382313
1018.15579889027
1018.15473101084
1018.14854280973
1018.1311276505
1018.10932005646
1018.0988921016
1018.09480245672
1018.09145174027
1018.09027594158
1018.08954282114
1018.08747317272
1018.06875806023
1018.06857663351
1018.05914203105
1018.05084796332
1018.04637346727
1018.04469800775
1018.03355393207
1018.02309796608
1018.01953050075
1018.0055983704
1018.00063488854
1018.00029544521
1017.99624028034
1017.98502419626
1017.97978446363
1017.97287900358
1017.96176655074
1017.95794188121
1017.95441104562
1017.95378208375
1017.95299980104
1017.94928422323
1017.94668112412
1017.94667750031
1017.94131360124
1017.94094838625
1017.94029699232
1017.93714514065
1017.93709779133
1017.93083119899
1017.92868463469
1017.92187904352
1017.92037587425
1017.91825853853
1017.91713260479
1017.91705334586
1017.9129158965
1017.91172003149
1017.90813347009
1017.90773245127
1017.90729003713
1017.90491963081
1017.90005433138
1017.89298031146
1017.8918478588
1017.88968097968
1017.87589385605
1017.87351748905
1017.87199059778
1017.86880732613
1017.86722647098
1017.86016997169
1017.85639729158
1017.85617562098
1017.85283872819
1017.84408893591
1017.84347071917
1017.83352528378
1017.83221079717
1017.82580988404
1017.82366606287
1017.82257109842
1017.82191943173
1017.81989357116
1017.81380250358
1017.81045216173
1017.79863145909
1017.79362403443
1017.7924695201
1017.7904407037
1017.78976032165
1017.7816937901
1017.77557567319
1017.7750971594
1017.76443852848
1017.76183272239
1017.7535926733
1017.74955100391
1017.74043730205
1017.73730525112
1017.73672985998
1017.72875045381
1017.72719484686
1017.71258916793
1017.69886888017
1017.69576708756
1017.69216002917
1017.69165096096
1017.69036484625
1017.68143337051
1017.68098998251
1017.68079271932
1017.67733701673
1017.67650822541
1017.67175239764
1017.66881273984
1017.65902908343
1017.65087093313
1017.64955256572
1017.6469145986
1017.64081127234
1017.63877374752
1017.63633792029
1017.62992270098
1017.62922891161
1017.62598884191
1017.62523323715
1017.62153989625
1017.62024105792
1017.61888823244
1017.61223612865
1017.60860195549
1017.60547048567
1017.60257910233
1017.5953563713
1017.5833339928
1017.58046753676
1017.57929769942
1017.57385524216
1017.56986494302
1017.56638895942
1017.56576209882
1017.56417655325
1017.55741819571
1017.5520271721
1017.55043471466
1017.54893710247
1017.54771883697
1017.5462503517
1017.54282521273
1017.5418168994
1017.53992789307
1017.53989295208
1017.51604435727
1017.50595902024
1017.50269495454
1017.50128174992
1017.49748904963
1017.48998768927
1017.48940687276
1017.48688577327
1017.47388500106
1017.47275347656
1017.47270272669
1017.46763764114
1017.45690674606
1017.44968107272
1017.44458307105
1017.44409896843
1017.44247877135
1017.44014205414
1017.43430453469
1017.43342535657
1017.43323833256
1017.43202644462
1017.43179670223
1017.4303886581
1017.42861169772
1017.42626373997
1017.41972511836
1017.41829588019
1017.41723402315
1017.41614992749
1017.41472077145
1017.40670671207
1017.40551854239
1017.40324868131
1017.40274676987
1017.40182020694
1017.39970673451
1017.3978917335
1017.39542241616
1017.39480122324
1017.39030185855
1017.38713426391
1017.37950269373
1017.37245414445
1017.36582940041
1017.36271065045
1017.362294652
1017.36183135762
1017.35452317621
1017.35196650255
1017.35072520692
1017.34973443401
1017.34891973064
1017.34765020859
1017.34514505671
1017.3417537556
1017.33730980682
1017.3332459472
1017.33167743598
1017.33036792549
1017.32879366331
1017.32691333909
1017.32037254738
1017.31968997884
1017.3193518144
1017.31767254612
1017.31428701458
1017.3130078146
1017.3120256898
1017.30837552989
1017.29800660834
1017.2946863448
1017.28728055923
1017.2872527161
1017.27244545238
1017.27209369141
1017.26742375269
1017.26568567199
1017.26451025062
1017.26271439714
1017.2580648221
1017.24602583096
1017.24545296181
1017.23987471156
1017.23757252132
1017.23183111632
1017.23070435772
1017.22324823591
1017.22222202982
1017.22107106364
1017.21656727858
1017.21556133116
1017.21395669209
1017.20004673477
1017.19221938867
1017.18805671062
1017.18710225208
1017.18699562757
1017.18338265305
1017.17934263803
1017.17874412943
1017.17517252959
1017.17292893977
1017.16484175182
1017.16275303927
1017.16218108848
1017.15203006526
1017.15071420583
1017.13658422642
1017.13179298118
1017.13171032437
1017.12932313313
1017.12383261839
1017.12110918185
1017.11819342351
1017.11565355686
1017.11433283643
1017.11186683249
1017.11043085681
1017.10811048488
1017.1066822211
1017.10097737497
1017.10085141685
1017.09444355893
1017.08993246774
1017.08814093406
1017.08488273925
1017.08471974698
1017.31145663391
1018.4046365791
1018.80413410199
1018.68402203607
1018.98174594609
1017.10282641019
1018.30731580191
1017.41209811055
1021.90888289962
1017.65206683642
1019.43022853575
1021.10939225626
1018.23092616493
1018.09561112855
1019.28768714967
1018.6337789877
1017.75112924883
1017.13581022607
1017.79122240867
1017.21509979562
1017.87112171632
1017.3263092113
1019.77303247237
1017.7053539652
1017.47261296385
1019.63002674848
1020.01697703387
1017.48429930938
1018.16228303481
1017.45853859123
1019.29539756905
1019.10631928556
1018.74778869384
1019.98828616128
1018.41371082406
1017.79931584044
1019.09401587691
1017.2657450266
1018.1721060303
1017.25404155434
1017.74663639332
1017.3379326009
1017.58821865454
1017.80897870497
1020.35321273395
1018.00154560801
1017.99373018072
1020.91341310556
1018.46017584359
1017.99764749725
1019.29857600015
1017.14881403682
1020.04438338441
1017.50356832113
1017.89660405104
1017.92773991444
1019.37191446616
1018.25501377071
1017.53227772326
1018.21001972725
1019.49823765148
1018.93891146056
1018.71695352545
1020.16145530953
1020.06503925176
1018.50577401086
1018.38383810701
1017.69805116444
1019.02922184185
1020.02931821944
1018.86173555951
1021.19601633748
1017.89118207868
1018.1650945832
1018.58586795903
1018.10212078207
1017.16035569038
1018.55505771599
1018.55964050017
1018.35833611885
1018.34562113105
1017.45308123481
1018.99995274947
1018.86848779551
1019.67561016342
1017.37828236133
1017.39009464871
1017.37005528076
1017.33319603661
1020.26156116383
1017.46454792529
1017.79089590485
1019.26495349217
1018.50040605237
1019.33786661642
1018.12291112742
1018.7952044104
1018.61981251241
1017.66687837814
1017.65076628338
1019.21282954437
1017.67414146561
1017.72716541523
1018.53942958869
1017.82881356681
1017.91396783347
1017.25078489878
1017.54731452878
1017.31113892879
1018.27047618606
1020.38699394508
1019.42984687859
1020.43120972948
1017.93366163
1017.72176130153
1018.22336726592
1017.99081413278
1018.46785771026
1019.55799277306
1020.57579494968
1017.27292128581
1017.41933460684
1020.91977722727
1020.900329106
1018.47427962914
1017.29742485524
1018.1357888534
1017.71583217395
1018.63000119032
1017.22777776264
1017.30828911276
1018.72167653657
1024.75009625425
1018.88912408068
1017.16015777487
1018.58742881077
1021.14523610326
1021.59741860535
1017.78257466874
1019.46103567603
1017.23205351732
1017.14030269929
1017.87120519998
1018.17329580528
1017.56262705737
1017.27477945949
1020.43339484821
1017.25043678518
1022.42912784021
1020.39751166524
1017.87943464659
1017.92206036415
1017.09071555736
1018.88200972488
1020.54080604084
1017.63173857759
1020.18009199756
1017.36704890625
1017.44454436227
1018.46563832682
1018.73514891637
1022.38772416995
1025.60044117891
1018.7158394144
1018.49601989463
1017.13080829354
1018.07397219943
1017.4918539335
1017.14839412667
1017.77253277976
1017.6086769086
1017.46385953602
1018.29219977051
1019.38970683839
1018.13330788166
1017.22760218863
1018.16259579152
1017.92800626581
1017.27332706593
1017.24286934248
1017.35519513552
1017.27229409926
1019.61636518424
1017.19487541725
1017.59040371209
1017.53394386718
1017.37238906683
1017.80811556877
1017.81888245572
1021.51775137591
1017.15048638499
1019.59478473258
1017.12639539881
1018.91880697922
1018.55628266582
1018.54870065735
1018.40158968925
1019.28615080269
1020.09956764301
1017.83566943173
1017.92839900597
1019.70542979631
1018.5589401021
1017.8095114774
1017.66286809652
1019.10349794579
1017.86979823157
1017.50740466958
1020.0135388708
1022.23005666557
1017.38641644419
1020.00077158248
1018.56216592857
1017.6549832733
1017.63394334062
1017.10719497738
1018.95456498562
1018.02770646142
1017.29379647437
1017.32650184247
1018.19507098655
1018.44920195739
1017.18242215248
1017.98525695566
1019.25201665835
1018.37302929603
1017.39377461937
1018.5993285791
1017.48938382971
1017.21248518074
1018.31544044048
1017.08457084091
1018.58935492508
1019.77858028759
1017.66366558515
1018.20535293223
1019.36954560846
1019.01345769638
1018.0244920802
1020.04448416405
1017.30947510088
1019.46045652036
1020.62272185239
1017.51069566404
1017.61655162578
1017.83526393751
1017.15359310858
1018.00072737039
1017.97589770507
1017.33791480932
1018.54743721667
1017.6170235059
1018.88321706785
1017.42077750739
1017.69249379999
1017.14795076211
1017.276868963
1018.50284431722
1019.36888350766
1020.23912120214
1017.94776981433
1018.82659196079
1017.75640394022
1020.37368539631
1021.94237571099
1017.34892296977
1017.49694261387
1018.59619591717
1017.13352042588
1020.62908357995
1018.96840185932
1018.51194923844
1018.28014215781
1017.32381353541
1017.72572108218
1020.3882181788
1017.42772112718
1017.65408982656
1018.73939432254
1017.72864468191
1017.44277162867
1017.45702146482
1017.12164002752
1019.63481564319
1017.6341031249
1020.12518847685
1017.62447135313
1019.24775820184
1019.57129630951
1018.31252548848
1017.81934526236
1018.4038152748
1017.9715144911
1017.14227434608
1017.28997270519
1017.49001104354
1017.09167065237
1017.54921376173
1018.77459193947
1017.58273451331
1017.2883659481
1019.04757960473
1019.11213011972
1018.41455572976
1019.215610772
1017.84872837324
1018.49158025343
1017.50657091104
1022.01922052629
1017.65584401175
1018.95860495839
1017.69019462674
1017.25172159514
1018.31142826815
1017.14110368074
1017.44363812627
1017.41365792959
1017.19253412517
1017.91756727361
1017.61716309931
1017.39443594927
1019.57398631195
1020.90483556207
1017.70721906234
1017.53128861618
1017.3474858665
1017.32270969517
1017.15893634251
1017.92652135274
1019.17039836886
1018.08936989737
1020.9618968555
1018.19099841747
1018.29404670649
1017.30715870915
1018.45150862852
1019.3087147592
1017.4817498304
1018.63229019529
1017.41085034935
1017.73807769407
1022.06756424446
1018.05920956636
1017.90706527288
1017.22791839551
1018.92247645904
1018.16756349223
1018.89296316845
1017.22814611018
1018.8227604437
1018.2074978227
1017.54270750379
1020.37630240531
1017.94145176962
1018.61480439607
1017.42479866707
1017.44377673141
1018.95470757705
1018.45386578286
1019.72429193383
1017.20372713189
1018.15515306485
1017.15597132367
1019.44427622632
1019.14470864524
1017.13257557531
1019.9195658484
1018.39403243506
1018.02846792871
1019.94525131194
1017.36845344685
1019.90176762878
1022.30490109969
1018.14769000172
1017.97006394157
1019.70955292584
1019.492840294
1017.82460354112
1017.12972756038
1018.1081958987
1018.42686446062
1021.25704843401
1017.83538940708
1018.13289645724
1017.98769447789
1018.50384896371
1018.1325213813
1017.62412407874
1018.87563645062
1018.70320354268
1017.66338120216
1017.17442488796
1018.51286356309
1018.35632492988
1017.3606453607
1018.36533796563
1018.32521805827
1018.74755002895
1019.3069678418
1017.3885385115
1019.28275183192
1019.16558643231
1018.02447634972
1018.05200915333
1018.86679826874
1021.67644582876
1023.20478699076
1018.15475033722
1018.07161939127
1021.46316480391
1021.5947724823
1021.64742837454
1017.31089765735
1018.67258160171
1017.11269903607
1019.81684785726
1018.50586473336
1017.08536244392
1019.84608396578
1017.15896279706
1017.41314223707
1019.59332357719
1017.18755918368
1018.81712073465
1017.11322267908
1018.37230839352
1017.97612334611
1021.07598475352
1022.0654818063
1017.40818639169
1017.4992513632
1017.96094618584
1017.9729370954
1017.53003655825
1017.34821008266
1018.01025925968
1017.13393101047
1017.32849648563
1017.43690568252
1019.68849424507
1017.50480610891
1018.59440475531
1020.88224093256
1017.61331809267
1017.48368046854
1026.700137607
1017.51035653437
1017.51875189932
1021.28394010646
1017.17371364727
1017.19166395547
1018.47061730944
1018.65416254123
1018.53262518189
1020.33270587815
1017.92276519033
1018.55620542115
1017.53988179546
1017.90587610984
1017.35639618838
1018.56808794971
1019.76612228323
1017.21230579834
1017.77421101485
1019.91599140987
1018.75673834342
1019.64226039204
1017.81843081566
1017.09193390823
1018.57699270742
1018.23891992343
1017.18559971941
1017.93225126837
1020.39484672833
1017.9889865447
1019.35270641549
1022.13187479356
1017.19460115351
1020.05335742919
1020.43249604223
1017.70764837555
1017.24846826076
1018.000793968
1018.07594749712
1017.12271722238
1018.42835835143
1017.27166138694
1017.365543162
1017.15921783126
1019.85405305935
1017.94952892437
1019.74480647877
1017.27232535327
1017.50111729107
1017.22601513398
1017.14581284799
1017.72550150045
1017.83493385957
1018.00319609147
1021.32396509852
1018.86165730237
1018.62764860323
