1046.85099300402
1045.5298959853
1044.81771911449
1044.16310301041
1042.91602441857
1041.97125713136
1041.40829443191
1041.132931473
1040.48586793223
1040.41994554696
1040.34204297794
1039.89815676038
1039.57552267635
1039.30109038788
1039.19434240007
1039.10291183856
1038.6129977209
1038.40610861327
1038.21845065003
1037.83180898224
1037.77135583908
1037.66535331567
1037.53731997646
1037.49782538536
1037.34711622643
1037.26439274923
1037.23254816996
1037.02877919577
1037.0233478052
1036.67642814369
1036.3231446214
1036.14354374404
1036.11693460269
1036.07801833831
1036.06072925141
1035.86106984283
1035.86057476893
1035.84133032776
1035.80653132923
1035.73069215376
1035.64447146351
1035.64424281177
1035.57688781872
1035.55833680298
1035.44806144989
1035.31761059721
1035.25988096371
1035.2131235371
1035.17798758985
1035.15671424471
1034.97242301612
1034.96881692743
1034.94464053488
1034.89906433424
1034.81670457118
1034.7443848912
1034.64259763141
1034.62902697622
1034.56674956844
1034.56494151325
1034.56442464535
1034.48271730425
1034.46626786132
1034.43308798094
1034.36490955425
1034.34839662669
1034.33705138587
1034.25689551617
1034.24509956618
1034.24130175269
1034.23588174833
1034.17702727576
1034.13397560709
1034.11834964954
1034.09040005359
1034.01608934392
1034.00627096325
1034.00031144119
1033.9673577927
1033.92960355149
1033.89207272255
1033.8724235623
1033.84085159136
1033.8168014448
1033.80099446198
1033.75260380497
1033.74088225655
1033.70941534263
1033.65253183384
1033.63873950246
1033.58923672226
1033.52869314139
1033.49615546868
1033.48224463753
1033.4636370393
1033.42377518491
1033.38034230966
1033.3606392368
1033.34963392158
1033.34772578368
1033.31676610255
1033.3067728742
1033.28923456764
1033.28395816562
1033.27468991092
1033.22623203422
1033.21192578043
1033.18783182079
1033.14686743096
1033.13140139186
1033.12629764811
1033.08456538468
1033.07314770259
1032.98740526324
1032.96749099875
1032.96258997487
1032.95463129847
1032.94601078615
1032.90428946579
1032.83544835912
1032.78692090287
1032.75502491537
1032.71760632683
1032.68646405755
1032.67769664957
1032.67117812844
1032.63543188777
1032.62268814407
1032.60876441167
1032.60673582623
1032.59217214471
1032.54896932594
1032.54410693667
1032.49251519338
1032.44013718385
1032.43685853685
1032.42783110943
1032.41708254555
1032.30433466461
1032.30112044144
1032.28810243701
1032.25987893651
1032.22886847028
1032.20510393853
1032.14089637462
1032.07859818486
1032.03989468779
1032.03811478738
1032.03686592161
1031.95861348842
1031.95334382213
1031.94209460361
1031.89086723749
1031.88619491008
1031.88606599884
1031.88323906515
1031.86626430755
1031.81142078098
1031.79141663716
1031.75583009395
1031.68731036429
1031.593038044
1031.53401492312
1031.52633326329
1031.46595551766
1031.45284628696
1031.41050546066
1031.38720704475
1031.36085798652
1031.35710058008
1031.34267579296
1031.33461425163
1031.32928040904
1031.30983474042
1031.29315963574
1031.27706419206
1031.25647619175
1031.23598946425
1031.23479144721
1031.20350751945
1031.17947427878
1031.17699048982
1031.15743209353
1031.15543114697
1031.11165459811
1031.0763595315
1031.05742743173
1031.04244797723
1031.02159948385
1030.98914335549
1030.98343507961
1030.97255748758
1030.95585342362
1030.94548583254
1030.92880902023
1030.90789175137
1030.89600386208
1030.88522462541
1030.86644342037
1030.84834435733
1030.83910483787
1030.8343243377
1030.8329660538
1030.82909371094
1030.80203517143
1030.7836421384
1030.77640103316
1030.77242045629
1030.76691145477
1030.73379181426
1030.7260539476
1030.71787138527
1030.69932893062
1030.69717130129
1030.68441253747
1030.68420843018
1030.68227449415
1030.65508374329
1030.62889284418
1030.62286743203
1030.56332548293
1030.55534242923
1030.51837060275
1030.50766566302
1030.5011524109
1030.48678112561
1030.48670050324
1030.46553851065
1030.44610997591
1030.41137691187
1030.39185541338
1030.36748007836
1030.35394972236
1030.34117712816
1030.33974513145
1030.31497159013
1030.30947040762
1030.29276616658
1030.28943413612
1030.28723515477
1030.27773516262
1030.25338484813
1030.20420458266
1030.18571365052
1030.17113561964
1030.16916866708
1030.16512100763
1030.16344450508
1030.12622897596
1030.09892240297
1030.08292979631
1030.0397825674
1030.0304020272
1030.0141065015
1030.0076995204
1030.00127474224
1029.97779216074
1029.96560015162
1029.9629400679
1029.93667055953
1029.9161747619
1029.90525661994
1029.89719466287
1029.87726104171
1029.87593926278
1029.87137886538
1029.84435831344
1029.79234858658
1029.76899939375
1029.75273337208
1029.7491291177
1029.73440664137
1029.7342719617
1029.73348900952
1029.73253527242
1029.71708568359
1029.71568618193
1029.71354624193
1029.70236720039
1029.6931118192
1029.68093971036
1029.67424019376
1029.66274208501
1029.66273879914
1029.66071213731
1029.63975834987
1029.59518253515
1029.59451139003
1029.59363783942
1029.58810255241
1029.57885870072
1029.5763418859
1029.56370957591
1029.56339523998
1029.5531981394
1029.54836549898
1029.53749859726
1029.52926117134
1029.52391221396
1029.49750812536
1029.49013465293
1029.46126131635
1029.45800205104
1029.40646167484
1029.40431707918
1029.40400373307
1029.40332647644
1029.39999070155
1029.39554072285
1029.39157483801
1029.37598457104
1029.37055575824
1029.32550774685
1029.32473506826
1029.30814710608
1029.30603808804
1029.27954055793
1029.27722732727
1029.2626598954
1029.22596789457
1029.217194685
1029.21259360326
1029.20215342971
1029.18715111119
1029.18590322882
1029.18247599124
1029.18224507684
1029.17547790849
1029.16950086552
1029.15206387886
1029.14304164601
1029.11758423501
1029.10978721898
1029.10162904442
1029.10027929876
1029.09912572547
1029.09449395431
1029.09425270739
1029.09143147544
1029.09074205211
1029.08853752991
1029.08731545248
1029.07577439563
1029.05791662416
1029.04530958146
1029.03378234448
1029.03093486645
1029.02477749347
1029.00982553153
1028.99077219731
1028.9866736173
1028.984631754
1028.97872454497
1028.97041761774
1028.96372465293
1028.96352663017
1028.95605349557
1028.9382195153
1028.9368230633
1028.91424301315
1028.90976955846
1028.9002411227
1028.89534588689
1028.89099272746
1028.88988964435
1028.88924105081
1028.88858271007
1028.88474848092
1028.88012467303
1028.85668903165
1028.83463227411
1028.83417601033
1028.8330511169
1028.82594394548
1028.81811019596
1028.80875441908
1028.8027418176
1028.77777275882
1028.75573182303
1028.75187266863
1028.74015832899
1028.73930376642
1028.73057433381
1028.72542526733
1028.7168289426
1028.71643429731
1028.71370712542
1028.70954582381
1028.68961203057
1028.68462560502
1028.68361642798
1028.67497703053
1028.67193137233
1028.67154175142
1028.66657388553
1028.6649761385
1028.65488222265
1028.64833939052
1028.64085002914
1028.61864170806
1028.61527994294
1028.61049306025
1028.60549672987
1028.60437268983
1028.59200370534
1028.58448617714
1028.58239187773
1028.57557966416
1028.57314041187
1028.56343533044
1028.54772888144
1028.54641309065
1028.52693743899
1028.52634512647
1028.52408057798
1028.51749815425
1028.51334923792
1028.50601137606
1028.50539507005
1028.50297714916
1028.49880933512
1028.49754988918
1028.49086943411
1028.48684430545
1028.47843534394
1028.47399877257
1028.4567518127
1028.45668655586
1028.44448965491
1028.4419439702
1028.43800601548
1028.43567204715
1028.42944578917
1028.42594939885
1028.41730652278
1028.38593595429
1028.38173636672
1028.38124780723
1028.37978408137
1028.3640671081
1028.36403623427
1028.35489225403
1028.35245398931
1028.34347781847
1028.34239261438
1028.32425282223
1028.30645174429
1028.30609887619
1028.29824102741
1028.29547110825
1028.29172667684
1028.29162620146
1028.290761395
1028.26632859414
1028.2643264764
1028.25012870168
1028.24790757846
1028.24721884924
1028.24719324885
1028.24555743582
1028.23743686234
1028.21910710913
1028.21680058
1028.21114247393
1028.20644866151
1028.20283184711
1028.20017815649
1028.1803591565
1028.17907077751
1028.16621593455
1028.16604167539
1028.16428291776
1028.15685201372
1028.15628117503
1028.14675994615
1028.1462086245
1028.13921410814
1028.13679185362
1028.13189049808
1028.11780159216
1028.11770344359
1028.11543738857
1028.11459354099
1028.10476022616
1028.10401512418
1028.10046117049
1028.09884071775
1028.08828316446
1028.08705855913
1028.08534841974
1028.08495995019
1028.08259675689
1028.0814047728
1028.07822066997
1028.06448242962
1028.06310821
1028.05397232818
1028.04765094211
1034.47059559627
1029.51076315025
1028.71785973963
1029.14766442262
1033.52627459819
1030.00754420983
1036.34851191413
1029.78589455217
1028.17048901424
1041.7355047922
1028.67214868254
1029.58539391805
1034.61675332774
1030.59520063971
1037.55208039789
1029.1202744591
1030.17378503654
1029.72911405305
1029.56015692962
1029.04306185823
1030.75615179481
1037.81329976426
1031.17973547626
1032.71266726121
1029.19885724893
1029.0476304266
1034.57441756221
1029.72311118671
1029.73542136074
1028.56718511826
1028.82214223866
1031.65797798189
1028.2581680285
1037.71779215742
1029.43393583341
1028.46041994821
1039.11925288631
1036.469809408
1032.18919657661
1029.829778903
1033.69285925631
1030.80498821906
1031.13533482197
1030.96970738559
1030.46452228668
1028.34885257649
1033.26216991669
1031.0522933289
1035.70827546053
1029.40574106228
1030.86519333196
1031.25792104637
1031.33429865029
1031.36829802399
1038.67797482747
1031.54866600568
1030.35450597159
1029.52253423385
1030.1445609171
1029.52285168546
1028.40239411732
1029.47996517866
1032.68150263413
1029.94781405455
1030.22135885865
1028.71873589759
1028.27328607528
1042.49256372512
1029.84331889501
1030.21018149618
1030.07060137899
1029.38027401549
1032.05444151693
1028.1166869199
1032.59424030742
1031.99102150522
1033.09943602154
1030.46654500011
1029.7184958571
1029.48821948475
1031.71404610201
1030.63640432316
1029.55898226253
1032.13915088279
1033.67022107429
1030.13588372437
1037.77080776186
1037.34065173613
1035.05647295782
1028.10640542234
1028.91594582005
1035.74095181756
1035.18475622926
1031.39557645238
1029.03432512139
1029.07051070541
1029.68765439514
1039.00412451791
1034.38896396353
1028.17812717169
1028.51991324947
1030.00848327138
1030.04688368994
1029.74683151279
1031.36444977299
1035.9837437197
1032.95214988767
1028.79142969586
1036.10428560176
1030.92711767609
1028.27739149445
1029.32819293623
1029.03136767195
1036.53144492286
1037.75279397806
1034.20538231068
1037.81466604958
1029.85585752647
1039.16341232311
1039.15157421
1029.6023048696
1034.85303139864
1032.01902255762
1032.6338721123
1030.13047992725
1037.03764224879
1040.29991048881
1037.81708065968
1036.83947696669
1030.21988260413
1032.81777098107
1031.19348371276
1034.14649394419
1035.61092473918
1028.68700187848
1031.58837979101
1031.07331302224
1046.28183721675
1031.71369685527
1029.28026373184
1028.45752244519
1034.08213520414
1033.49138724722
1029.71283052203
1035.45143688424
1044.79006112854
1031.40667815491
1050.60798095354
1034.19890114465
1031.34617222876
1030.07889073451
1028.5288127268
1034.68810350508
1033.8053744924
1030.35241182628
1031.69233048268
1028.84393479298
1029.73038876481
1032.17445677764
1030.90010204392
1028.50046816902
1028.16883095193
1033.93235093464
1028.28012378269
1034.68470235083
1033.07902926358
1034.63738312572
1028.48787842844
1030.00540046878
1032.71458079463
1030.49626532848
1042.052243241
1029.00483984662
1030.23546093088
1035.16857485589
1031.15885522526
1036.06987313132
1028.24267657922
1028.87860257735
1037.05059340056
1028.82960842846
1032.19701640086
1033.39275671884
1042.70521422718
1029.89086454886
1030.1178281119
1029.06146692989
1032.99714274592
1032.27204812427
1029.46333400644
1030.96858310161
1029.87563722342
1037.03275914866
1028.9575863889
1030.56624692836
1030.79866633312
1030.24257922693
1028.15992024749
1029.51147150164
1029.42710649545
1028.11401525694
1029.54043683076
1032.79870461731
1045.94697733602
1028.40700100273
1028.1226020208
1030.61721125177
1028.91505558683
1034.95613597233
1032.50339638544
1031.30068822876
1030.28844537666
1030.55812612614
1033.60451291219
1033.72534867904
1036.30243263302
1033.29589614291
1031.38375984156
1029.03872062845
1028.37402437897
1032.07966810448
1032.7251424436
1029.04638971304
1034.1189386735
1035.66035091211
1046.53926979585
1028.4376591326
1031.18002373231
1029.75408026469
1029.95196809609
1037.99702168599
1028.85065330292
1034.04136681357
1035.88326721126
1031.57853346235
1028.18959356627
1037.02414552673
1032.19017599526
1035.58934202
1028.25001444327
1031.29501726004
1033.1302400914
1030.32267537387
1029.25420806523
1031.17779343209
1029.41604667034
1031.36040048518
1029.69713697341
1028.21181899601
1028.05326468695
1034.97519634122
1031.89130890947
1029.79926165606
1031.72648727336
1032.10225433305
1032.76905096892
1036.30420501126
1039.70444492543
1029.04477628735
1031.75729418649
1029.39861669521
1030.36851239421
1030.75857165464
1032.29952118374
1029.47103723676
1030.18642425977
1030.4437670396
1028.11383977948
1036.23525005042
1028.7322289478
1040.35335757332
1034.11040599823
1033.60021409281
1030.36789824883
1028.43477808195
1032.62487457819
1035.23303036187
1040.48177155363
1030.80584186912
1032.05012808441
1036.79814881021
1028.26467539525
1030.71879701084
1034.87289015137
1035.77875061411
1031.5208408553
1029.77498476639
1031.43188973526
1034.63493493382
1028.27154079693
1034.79868929085
1034.12808098547
1031.72298862245
1035.72755874049
1029.18020257468
1032.02808304934
1028.24716763984
1035.28682023631
1031.50404938684
1029.9677931201
1028.88357548076
1030.65791459937
1031.70564098237
1028.30227166043
1035.14044042061
1030.31804214317
1030.17470083362
1030.51923140961
1038.8039300062
1033.22325748638
1034.43329148138
1028.35960274796
1033.73367852733
1028.67385858215
1032.28563299484
1030.08871231907
1031.92267602118
1030.65059736335
1028.34980261658
1028.21695098851
1043.40311669385
1028.36010908188
1033.41443301777
1029.40633072665
1032.61336980779
1031.76928095264
1030.21644854595
1029.77868764533
1035.48363660687
1029.49494939709
1030.87848619855
1040.74562419964
1044.38145887362
1032.82420390228
1033.4303129606
1028.10225384223
1040.90527960898
1030.79199048585
1028.4440280269
1028.61719891715
1034.75055698901
1028.90875219715
1028.57970206175
1029.82786881345
1040.88014032542
1030.75146090125
1032.70291718663
1033.53758907772
1029.00013969775
1039.38415097074
1030.34263392486
1030.65630684581
1030.56694646484
1030.25366326277
1032.56848813232
1037.55523243991
1029.79286239536
1034.01312001305
1028.86259742564
1030.00517297063
1033.9685610042
1028.77839436853
1034.86961961855
1029.4213368237
1033.54022494695
1028.95163160252
1046.331208049
1028.94994342877
1031.01850614093
1029.32141629748
1038.49636906142
1038.89441618671
1029.61120316647
1035.40745819486
1038.1522882944
1032.20265151494
1030.63699899296
1030.43188564942
1030.64542831424
1037.76389356663
1034.61414754061
1029.20816484427
1028.9021827776
1038.50878010299
1031.16630927432
1028.38953918776
1029.48845188317
1033.73352735534
1033.07597810141
1028.90533857458
1035.47072490202
1028.99712426796
1037.5730750023
1030.6322221854
1031.8446925506
1043.8763797611
1036.15662847321
1029.39130603264
1030.45166344341
1034.76286971785
1029.80987361979
1030.74780428761
1029.79535356681
1033.73040619335
1040.57493053962
1028.79904111696
1030.08851747806
1034.00049804542
1028.65807229188
1035.87044175141
1028.58015584586
1040.60356629497
1039.53456649502
1032.16694975105
1030.19637148388
1029.07285081245
1029.74149111136
1037.47868402509
1028.20540238574
1031.34734454547
1032.19646117395
1031.84142667758
1037.8190704496
1031.18168503982
1028.33485751595
1033.46929603197
1028.17082867197
1028.55810904575
1038.7488322895
1030.27642652089
1031.40842209697
1029.49578271326
1032.26089751311
1029.58388253116
1032.73027457972
1028.65827458764
1030.98040697373
1035.81202556111
1038.67368626426
1029.87523057443
1041.02752750617
1029.78898073398
1029.93652151615
1029.38686222324
1035.80478312723
1037.88713424951
1028.92349945274
1029.64783297403
1028.96818119518
1033.26202549271
1038.85739459246
1031.34913419654
1033.55014512451
1035.75866281297
1029.76484725692
1028.21850954232
1031.57149589611
1029.03935779413
1030.64689705146
1029.14829851616
1029.91124076472
1028.67691065725
1032.04010425299
1030.16298651758
1028.78574706337
1033.51102720904
1030.86782737404
1036.7266158697
1038.74104516161
1030.4182937951
1028.69730133483
1034.05499567861
1028.47469253425
1028.81490162687
1028.19986855981
1028.544124521
1033.65036954258
1036.17692329879
1030.06308834538
1032.29262107665
1035.77781316462
1035.92305775728
1030.06703020262
1029.2111522791
1040.10217581006
1029.76972374154
1031.68544543744
1030.0511136663
1028.2349634352
1029.1168226268
1028.05350499462
1033.68625590989
1030.53626491855
1028.60458145988
1031.53922798855
1029.28403909356
1030.53395141298
1039.54729645237
1029.80919050606
1028.75224110994
1029.20338356819
1028.3296024193
