830.89174825565
823.741133087315
822.862911333718
820.300757157824
819.622275797241
819.181984947153
818.253584860885
817.936852832509
817.4943646738
817.483290405489
816.535640192401
816.237301354234
816.078594104492
816.073091668636
815.873217596603
815.690166496761
815.652057279992
814.867385978225
814.575456875369
814.160068277398
814.141604118882
813.533232101979
813.303859787053
813.170220041805
813.124997037674
813.034520146668
812.992181342466
812.657217943094
812.650274616262
812.34013768895
812.313246792369
811.906833638461
811.713620177315
811.666279453347
811.431039742964
811.415265742494
811.327949879989
811.109459265407
811.096890450351
810.876054335485
810.635632124253
810.506981279748
810.481680591119
810.248939199285
809.905783996033
809.748932707933
809.513308920113
809.406223370434
809.110451032945
809.014958567419
808.886111854535
808.703228830366
808.523944791849
808.366393248157
808.362701862865
808.346381726176
808.241292894334
808.074299186409
808.072838630288
807.966782580316
807.863303008464
807.724807807631
807.649847397228
807.555554907741
807.027918983354
806.948750713664
806.854715313542
806.760644211431
806.731827569367
806.657810439185
806.628251103287
806.617265281366
806.563940314069
806.482516528358
806.309961781909
806.309879814997
806.238211735043
806.191464453428
806.155703405126
806.012320193583
805.940329854643
805.913748559984
805.858914193122
805.851938116806
805.832683292474
805.744989136214
805.588875321616
805.550452435134
805.546183440004
805.416921636339
805.271643423705
805.26134972301
805.018849598041
804.9165283353
804.903695077864
804.876525067282
804.861796803399
804.810616028635
804.639036685758
804.615249169736
804.612955152897
804.588846783518
804.516643961995
804.465964089052
804.45692392954
804.365012193595
804.330151054296
804.27919881095
804.25393099186
804.231186171688
804.224665587956
804.218356069832
804.193113723273
804.18772241765
804.160942619452
804.095135334818
803.994654346794
803.981202187124
803.969565088529
803.964854485323
803.9376427753
803.884201463178
803.866105839966
803.842919933115
803.80862584035
803.795345580556
803.718511885364
803.676847463403
803.672237698874
803.540200250387
803.533725716379
803.444945979781
803.431924810535
803.418548208148
803.37582526355
803.356029585539
803.329399376925
803.316875163315
803.281696535608
803.277016876343
803.215919434517
803.18959728096
803.174951161785
803.174695788753
803.077078106616
803.067369250544
803.024802103258
802.992585062118
802.98438874397
802.828892468232
802.810267725122
802.746001795983
802.71746443222
802.67777880867
802.642465783236
802.620557441327
802.604053080341
802.568060511531
802.549102321695
802.529562493306
802.497366385725
802.395073955408
802.326222922074
802.29795429363
802.226704820166
802.211311410155
802.211055872303
802.209209397321
802.191465904595
802.188082958086
802.17133263649
802.162098875527
801.993998011071
801.912316732455
801.844608421299
801.810021936797
801.768489297931
801.752442669547
801.731482559712
801.71602898019
801.679903720317
801.67275824133
801.636376712731
801.565051141176
801.532903821092
801.524990595384
801.324093633445
801.306001125681
801.256267318568
801.251061909422
801.197885620278
801.153240719735
801.122172113727
801.120789842222
801.11935700336
801.053418294811
801.033535021071
800.974471537255
800.956701480819
800.937442169514
800.935333314211
800.931198023392
800.891421926332
800.865381581284
800.859985086698
800.850823049849
800.826780828133
800.812389697031
800.65968398115
800.620165644711
800.597461844863
800.538182045953
800.513376799463
800.511671565547
800.428785389305
800.389965133249
800.387268905028
800.378596469325
800.338665795267
800.312135335374
800.227781228584
800.185224097943
800.181326405814
800.156682039759
800.141635241302
800.113433738493
800.098458071334
800.086767153251
799.985528940306
799.96218732182
799.912027896029
799.858678752029
799.822019018838
799.78411400715
799.761818650027
799.727722260826
799.716782894859
799.644573308893
799.596095872706
799.58784642895
799.577161120613
799.571551028559
799.461835238153
799.417101006693
799.295070421823
799.264013072249
799.257752640322
799.251646081602
799.155092091888
799.117092795619
799.100313043785
799.09387014353
799.045170909012
799.039359821685
799.030433483882
799.026735347099
799.012684967969
799.008475462407
798.996733134736
798.988398569101
798.9647297848
798.957524187343
798.948227790193
798.912188146673
798.881671572933
798.826515574877
798.799319549667
798.796254996599
798.738462746019
798.733510049508
798.690810892088
798.667465105863
798.604834769633
798.584075145629
798.443870811551
798.330198152846
798.284973672137
798.271742569167
798.265934507977
798.215755651123
798.186515625509
798.134074654388
798.12765523854
798.080924068231
798.079457476185
798.075074813962
798.058048717802
798.036760950858
797.9891480394
797.95483870175
797.943517035307
797.91309640383
797.900330215652
797.839887116257
797.819447035463
797.814882659836
797.805329315864
797.8005468139
797.760700791075
797.700965912404
797.692419662705
797.64956924416
797.646502957312
797.614530038989
797.585598500276
797.516069772824
797.501496021595
797.497099628885
797.492011991728
797.451694979914
797.419777821167
797.367606665046
797.325032460884
797.296080666334
797.286195586837
797.1727307289
797.12025153484
797.112782755873
797.105923284672
797.091364193175
797.055751482503
797.049854076123
797.048555710647
797.000569190557
796.981231454502
796.955230616283
796.95294842204
796.942624497318
796.933033506136
796.926276482868
796.909292281465
796.870513106135
796.866193827457
796.851533411992
796.849094769266
796.837094979483
796.800036848519
796.784359397914
796.731386437247
796.728707067979
796.700298120618
796.698126739591
796.657886119969
796.595102413002
796.575925749617
796.553120411368
796.539766151604
796.531993412354
796.509533335189
796.471597252525
796.468858600273
796.461357742186
796.39566288389
796.380744358077
796.377809119411
796.352648919347
796.315207740658
796.292228251397
796.290029096384
796.262230095522
796.241490357512
796.21507682339
796.17880822641
796.173152590855
796.16114155212
796.159017187676
796.110771512903
796.105938992266
796.101750879826
796.101314054241
796.082063680396
796.07176769707
795.937580494098
795.900773987319
795.877571911883
795.835073913861
795.822623709714
795.799699618052
795.740786863735
795.669732615189
795.611059552573
795.609727937012
795.584441579294
795.553311295294
795.547232059993
795.538856662299
795.498739607179
795.498071676567
795.490052685308
795.44913779436
795.433787018549
795.428481909703
795.421770104846
795.383610997077
795.338237263181
795.284178835898
795.253543481086
795.232081318256
795.20709410317
795.190993679986
795.186764598256
795.17515759208
795.151286956708
795.142958775409
795.129869955708
795.111446098985
795.096954235696
795.052472080892
795.021954142726
794.946952888384
794.936461885468
794.895682107623
794.894912595251
794.889408364699
794.88661952758
794.806318776169
794.788218006473
794.780740865673
794.775982159
794.755578173062
794.716916074534
794.711100362987
794.593776897049
794.584887983538
794.576930187304
794.574951500125
794.533257506499
794.53128793282
794.508328188704
794.505315068202
794.46655134079
794.441147787711
794.4173741453
794.372254594062
794.356582519875
794.351030838959
794.340996823388
794.327407436249
794.288323518957
794.187737288733
794.162833426974
794.155323339504
794.151657310701
794.129010495303
794.106454953048
794.084674835864
794.082683766036
794.081369987049
794.074249339236
794.058110238228
794.040951121381
794.034178106367
794.027022015891
793.988244692549
793.95483552865
793.94871061844
793.892876452804
793.889457589015
793.861059746934
793.852843952323
793.841316082257
793.827657907928
793.805037061603
793.794002907717
793.764246124603
793.763673329962
793.723640943626
793.71400687718
793.703376782504
793.656139740326
793.632668834439
793.631810877775
793.613289361356
793.589284263224
793.579031339945
793.507227575996
793.506847898884
793.496206889933
793.478061580439
793.477266818082
793.440999360014
793.437473475909
793.395250639908
793.381733961184
793.284755623541
793.247321639164
793.242825426888
793.237303716749
793.217969715817
793.211540193885
793.184265542868
793.176487704589
793.176465558082
793.114211531396
793.088776447934
793.071117312568
793.062154307692
793.052989508265
801.250537142892
804.967544334676
795.050854905506
798.788232694886
796.556874528299
793.596116082625
808.587329658668
794.383621873185
793.525391468796
800.55358499956
793.064552656831
805.723502094976
800.599697746005
803.106878938353
793.260029664327
795.810329432044
805.259094454413
813.024369328874
807.775065963805
804.764637576485
805.586490995849
794.296088436482
800.866198750719
808.459213956334
797.229204165475
794.560125354139
804.164337205735
794.330055084253
795.415551203015
794.063755362017
800.052106801711
798.025889983102
799.591348209335
794.85086359454
795.030231452733
813.58218204422
804.573927954624
798.272109529468
804.905377935091
797.853075881976
809.039943479554
796.855711915318
794.835937338164
798.342784326996
795.554486785781
811.700766164694
799.673975940404
807.960919873588
794.308899828195
808.595203313971
825.966551282533
794.673740659427
810.634424982729
803.292272324594
806.619956140153
826.158585019103
810.860973445016
793.965982796582
797.607528072242
807.45353150479
800.826147022331
803.593480844931
797.379259412402
795.278529931406
795.961711888277
796.857420986833
799.729747434247
794.770863775438
799.074617614544
807.835290463535
797.709757644787
805.735773844101
796.994196582891
798.073595325989
801.83935091673
793.54158291636
796.700613461634
804.434818761861
797.924166415796
807.699620693163
807.650769608663
795.99082866711
813.952770706501
801.302371156024
796.369456979937
804.639908964608
809.41214882908
799.383467118113
808.925826960086
808.996150511323
793.744523557495
803.771985801254
801.070567472858
794.303883731566
795.198088555132
816.370931035844
827.207560779815
793.069838067854
797.673928456871
814.367279671063
798.005253013828
796.810892007637
799.384993972079
803.107054098078
797.340228744715
803.713639277499
807.207639450054
798.359083864798
818.574934082551
795.524843737325
806.089231522052
795.252007190276
806.998508861858
802.652677360379
794.835567109391
802.683197985782
815.155970516882
803.870300594788
797.119487078045
796.32345571083
816.690706063621
801.307288356925
794.744991676522
801.345557169636
802.241785716133
801.515614420368
793.830607636643
801.575953947052
797.265480081101
800.62827714191
797.509323207088
795.980467623456
801.02086363421
795.254670519938
801.800637384638
799.456387207062
795.996509489554
797.31835456904
797.411488959138
812.305773327732
798.649542030715
793.575422381817
799.488021263322
801.478230929802
796.650514435486
805.451626667895
793.758983769981
802.380708476008
805.491538006812
798.706077166549
793.907486408095
811.579239571676
808.098634477305
799.520468455972
822.182266620264
802.734696491407
797.745258378521
806.546909128181
795.159339891044
793.40554670615
798.092811383723
794.670347012846
804.732301550543
794.775746697851
795.286723047098
802.440532956201
803.417759639685
814.323669048509
799.338565830706
804.253854458851
800.561931507319
810.645514156877
805.933558543384
809.692340873344
800.191874926371
796.656460900604
793.037630810247
794.167057427614
800.9713685211
804.996455941761
801.050367502638
804.061287094462
805.903561680816
800.566268843154
809.727018315373
800.15843066037
796.036959600666
800.196221775928
806.453746393411
802.277078327097
803.262486099331
803.031741815344
806.798763207444
802.80098779826
812.006948980013
796.982651127404
809.116852464832
798.034610216119
794.601495095382
803.578947404674
815.878872583202
821.089457169648
797.543079848044
797.885128340844
800.275076611156
827.345439922507
796.512848385915
815.610700004852
797.187583171006
803.300548932822
806.514358018258
811.823407659833
807.644840420362
800.309966805715
796.791212047034
793.183989929713
793.800244324765
822.918798294809
795.858314844063
795.938061911013
805.058575142616
796.278228519406
793.512849113887
807.167615410184
796.362304656184
793.491218189218
796.098769314986
803.003600501084
801.940001902
802.868609272437
798.333098112837
793.756743263016
806.21312594112
801.934733678874
809.732240584153
795.647660914125
794.574852687017
801.534589953021
794.676554360295
804.065956264742
796.428310399303
801.110861921647
812.282731956596
805.88997269401
806.919941557369
812.011715676805
794.753244699972
804.34861383763
806.694144153025
807.14296980358
803.452611266267
808.081362046522
802.575789820315
808.955183683253
793.508310479033
809.51332299538
820.253765324516
841.522998425058
795.764374530257
799.084994215438
803.260096135393
794.853026587743
804.75114102894
808.46982449933
794.439048249319
793.567226739182
796.730636952969
793.308892174049
803.400782118168
794.714609525171
794.489855891913
799.026972856836
799.026495617481
807.502788306542
797.15055972551
806.913688285295
804.767536991865
815.95854844794
793.855576372589
810.586665463274
817.416465394814
810.472568409266
798.791010676251
815.606391843038
815.898552828523
804.767420958823
816.406138256315
810.034692506239
794.951395286302
793.948705442816
795.869798715818
818.614095620643
794.997025539082
796.46978014531
804.473530494807
821.751508792238
799.875366321023
795.431035304602
803.929798593535
796.644322208017
802.950127038442
800.085929790131
794.8635716003
805.500360322605
800.049237069646
793.556608434967
803.28575219807
793.791268626868
808.46506130452
800.344314105857
804.98945922768
793.921512022491
806.193035907689
802.071423383021
802.454599442968
793.370324021153
801.5177287123
796.686373551433
804.951034257784
793.605221204877
809.433449987164
800.033968731797
799.007662105027
795.452041008122
810.973370071296
798.051436680814
805.757257239851
804.660896666217
803.131715556817
805.967235156946
797.493696592842
797.160838143395
803.962938744677
797.775885583006
802.81412415781
793.971512154834
803.994509844861
794.802456095359
795.041127436882
802.107942258821
800.591739255855
807.081316769922
801.8131198391
798.549045553832
794.493007518545
806.588090204195
812.982390822521
802.376202501485
799.072478028782
793.728288018418
793.827292793567
796.276534291504
793.613819936297
805.740075685688
793.324195760756
800.698530073811
803.143777572786
804.168315459218
818.575025215128
802.578843873228
813.549013463233
809.872466815099
794.467312643658
800.911586069885
805.434841704514
796.895718270636
817.076163121813
794.090587550849
801.673008514806
800.177582395785
817.177540382662
793.953222372609
794.836206099456
799.184203246861
799.724047962665
798.860036150483
809.111056892045
794.2717311681
797.621885373425
801.476259178852
807.958415861693
797.913829306136
805.239576927688
802.411164715699
797.282589827477
799.874900061688
802.032419994735
822.455644854153
804.916992042453
796.468555504445
802.839523401798
801.806830564964
801.003426972351
823.029046598384
795.598078372092
796.185139862173
800.787041389422
793.814225918147
806.728957192135
795.535034742379
816.504412341604
793.527562307348
799.254809761842
810.522939085993
794.497716347101
796.560011542863
803.028719140141
818.464921357649
810.806213168289
801.25515111527
806.525193004954
800.090020976067
809.558779246554
799.682685253274
803.900601867012
795.253981996891
796.138572627381
801.97114305446
805.539010546578
794.502610344559
815.581033852238
794.49845544671
803.331864730696
795.187181961033
805.362986767725
800.756812347094
801.146291219035
798.837301085047
797.716726937287
798.845103709231
811.204284370859
797.407552154168
803.496241985707
795.137352981647
796.118676343675
794.163864179385
801.722416490061
795.979207561147
802.110526361233
795.721747033453
802.659083135158
809.548754284498
808.930352559212
802.578765877755
793.535014897384
797.568041715766
805.74031058888
795.55725049358
802.129043676624
795.167500046171
793.066467125809
808.00054432795
800.469592008148
795.293826749171
804.98971598939
808.861769029199
799.360129194579
807.655823317178
802.460033469342
804.868086411032
795.102692933725
797.65277453849
793.040310800054
807.228262196258
793.679433449242
793.902067749999
794.758690076245
794.260051634903
825.569905832873
810.771229534294
794.73836330292
804.531780357228
800.574627545027
820.343783190129
801.511212334538
818.491576577915
802.179126110692
802.496289628662
797.463769241061
811.482534941565
795.270030828184
794.962412194251
799.502999136114
797.946701085931
815.319511904236
796.950944936984
794.207777755534
807.551043293581
795.762193301275
795.496400395972
802.876810683634
795.500643134048
798.059179863788
796.692759643119
802.09411739209
795.064362633946
801.238317528987
805.621470082275
797.147904632806
803.442359551703
803.805412438246
807.823000142454
