736.296438678737
735.911577450585
726.57367157218
723.435322424248
722.312731591764
721.100036088829
720.151375831906
719.941781255179
719.385922035354
718.139765045031
717.433547563596
716.962021023009
715.982469378274
715.504749048676
715.432657927819
713.938180976075
713.287978037131
711.472661737952
708.535725845913
707.88864513789
707.485295272723
706.409397858672
706.247867502563
705.922323944402
705.60467874773
704.624244202882
704.545130935203
704.13291936576
703.963753059655
703.961220536434
703.947808535587
703.355714561507
703.082502139988
702.891126713305
702.832026915615
702.795635815694
702.751326125845
702.73741424781
702.734521514586
702.586577972957
702.583186744786
702.583025666686
702.580591877393
702.580137113909
702.575997800104
702.5747804608
702.573991393321
702.565986549238
702.565771461128
702.565187322193
702.562289119063
702.554317644418
702.538243874907
702.537734507759
702.533932491784
702.526483160508
702.523213820674
702.5159505637
702.483498729122
702.483008907895
702.473873177358
702.473311899732
702.472411795123
702.461850801943
702.460182723171
702.45813005471
702.454967243561
702.454480631799
702.449359952202
702.448615009397
702.445816526159
702.44552812721
702.434511106995
702.434460572258
702.428372761163
702.427163902224
702.425784789252
702.423234967415
702.419064188709
702.41892776484
702.418018899209
702.414675470419
702.410626789032
702.409648978299
702.396595507306
702.395978031065
702.391001550299
702.389833601573
702.388625066003
702.382389159074
702.379038524646
702.378239044251
702.377248525748
702.364331823208
702.363985986209
702.362464126505
702.360918760109
702.358349269652
702.357123765579
702.352451205193
702.350677008318
702.345059428413
702.33658769531
702.334675713732
702.327100884491
702.326923102329
702.325970604687
702.324210320512
702.317181802988
702.316841075597
702.315424021536
702.31503289721
702.312577965208
702.309527249725
702.307320689834
702.305101920106
702.303606285872
702.303225766973
702.301317663419
702.299678411683
702.297875728319
702.297755650991
702.294060988427
702.283316990894
702.282612223557
702.282133307627
702.281591672098
702.281448302072
702.278635672975
702.273113032453
702.270448016739
702.267757881376
702.265046015076
702.263030990649
702.25678265804
702.253559136402
702.249634950974
702.24856911064
702.248551527313
702.242400415612
702.242105158136
702.239700962886
702.236605388122
702.236178083973
702.23374517409
702.233120129672
702.23184721141
702.231111961365
702.228082470196
702.226990972515
702.226137231955
702.225467043534
702.221243993898
702.218617442292
702.214619505537
702.210315101139
702.207805431161
702.203064193264
702.201480137676
702.201270553187
702.198831384393
702.197324880788
702.191428329761
702.189839206625
702.188662531788
702.18729279804
702.186847874394
702.183582464242
702.183167858525
702.183158103253
702.18299545044
702.182642542572
702.181925663225
702.179733294331
702.176183628754
702.172764347255
702.165795102938
702.163239889162
702.162598053166
702.159200612371
702.158264559372
702.156275330371
702.156195082077
702.156122008941
702.154918125697
702.15412786797
702.149344571508
702.14901083746
702.14024669959
702.138953483176
702.138483262891
702.135140557005
702.134358355404
702.134201924818
702.132163516849
702.131832484148
702.131770808242
702.123571782561
702.123536737429
702.123023518927
702.121404892854
702.11984257441
702.118239940726
702.117605255621
702.115167340596
702.113351997396
702.112428542154
702.106213424549
702.105429056666
702.102946383276
702.102880927837
702.10085891235
702.099733956037
702.099244197867
702.098428414308
702.096894022058
702.096036790666
702.09350247569
702.091765728011
702.088960743253
702.084960210538
702.084182428223
702.083859063029
702.083375273308
702.082138833871
702.079628983813
702.07935070125
702.078607875521
702.07806018672
702.073297824738
702.071645000633
702.069574824243
702.066267565552
702.065283960761
702.061920996266
702.060664588954
702.06063805457
702.059393891695
702.057294085793
702.057207281555
702.043038936643
702.041540849627
702.040838288524
702.039214171086
702.03822469765
702.037195208414
702.033858907019
702.032781936831
702.031737668573
702.030987797179
702.026635574531
702.024937365382
702.022831494708
702.01759026241
702.013160978995
702.01211250986
702.010043203875
702.008666779402
702.007083400201
702.00696436127
702.005422053976
702.003838304677
701.999292035925
701.996872762972
701.994614530876
701.993291380673
701.991403598001
701.986879459868
701.985340523589
701.984386057539
701.976826957428
701.976823790786
701.974683122969
701.973529846754
701.972830272941
701.972469420451
701.97171865471
701.969923493554
701.967849615698
701.965004526881
701.962801510654
701.960580561407
701.954156143492
701.951809243646
701.951169840679
701.947817204244
701.946138462764
701.945022025198
701.943940828383
701.942886177553
701.941442190188
701.938766532176
701.937827587768
701.936881705069
701.936743772707
701.935693047811
701.930950380527
701.930586465046
701.93014962434
701.929880197766
701.929219869859
701.928499863709
701.928282988943
701.926926005611
701.92602305195
701.925246364873
701.925024046176
701.922941400251
701.922904655667
701.922304150081
701.921495035643
701.921368319413
701.920040340618
701.919180816112
701.911247135924
701.909472889251
701.907800765554
701.907559329527
701.905277165766
701.898836309458
701.896513871539
701.895909183693
701.893186258693
701.893038990529
701.891985961068
701.891033648266
701.890779109589
701.889160691875
701.887756452836
701.887089307169
701.88634540619
701.886252097656
701.885295944478
701.881404752741
701.877235409678
701.87712154861
701.876661366148
701.876502412363
701.872402018276
701.872332142111
701.871876148444
701.870722467226
701.868687240434
701.867814206268
701.867230054702
701.866417298033
701.864294881703
701.862122980342
701.861883879088
701.861764937841
701.858373018075
701.854712028689
701.854038259903
701.852133887666
701.851329090656
701.847277941217
701.845896496871
701.843812154691
701.843469092727
701.842312016235
701.840864232186
701.840704824357
701.840631340387
701.839571577272
701.839270727033
701.838312290343
701.838029476683
701.835660091836
701.834948473457
701.833156504124
701.832316654733
701.8314790856
701.83080839435
701.830411025951
701.82905162344
701.82730354841
701.8225985549
701.82117440344
701.818951470833
701.818325548089
701.816561412576
701.81621980402
701.813979639131
701.813650565098
701.812690575436
701.811122367738
701.806765042889
701.806724718863
701.806588941487
701.805849975371
701.80541605867
701.805247455227
701.805023656938
701.803795793709
701.802479592085
701.800947350567
701.800378837851
701.800136064437
701.79973826659
701.797600512481
701.796894683723
701.796211737751
701.796168934296
701.792565730802
701.792495447537
701.787397836541
701.786950542913
701.785552231453
701.784834534438
701.783524147681
701.783310393299
701.782215750713
701.781922296298
701.778886859368
701.777458254137
701.777293588697
701.775846574305
701.774559673505
701.773089900356
701.769683982248
701.76537304389
701.765317201315
701.764289443722
701.763887983642
701.76380355982
701.760236716355
701.759017766637
701.758195890482
701.757924777992
701.757868677777
701.756754251629
701.755034611897
701.753360704394
701.751896185554
701.750723620093
701.749013380332
701.748923971352
701.748854957577
701.747947889888
701.747501289383
701.744848176326
701.742482289673
701.740828014115
701.739545014145
701.735801867441
701.734822026947
701.734482686882
701.734401536824
701.732700619395
701.730969277237
701.730865392318
701.730173929445
701.728991647672
701.727851331781
701.725030653581
701.723646496463
701.72278825576
701.720820341365
701.72065848231
701.720390408475
701.719417704802
701.71914951687
701.718868200273
701.718313735497
701.717916681446
701.715017426854
701.712579914023
701.712548918205
701.712181848411
701.711885840154
701.70851524187
701.708220905922
701.707046772272
701.707025726016
701.706304189551
701.705010555125
701.701846376728
701.700284895284
701.700143932586
701.698588178679
701.694780473372
701.694720173988
701.694684293166
701.693549209461
701.69227240205
701.691763242212
701.691434669109
701.690571538864
701.690505553401
701.690233228149
701.688704652237
701.688036664711
701.686505314195
701.685500419336
701.684929867802
701.684351894048
701.683316414217
701.68210649982
701.989346565693
702.241752805171
701.94528156313
702.262919558269
701.693762288767
707.476760985399
702.399494984242
701.811196292634
702.59987552933
701.796646561811
702.329065661212
701.942931195606
701.828958833424
701.727271971776
701.897221934861
702.089466112294
701.728865059828
701.68620270732
701.781029233465
702.141243143123
701.709682274885
701.939820193475
702.385185261131
702.01242978119
702.36444929683
701.950593313609
702.114590766234
702.918988635845
702.166802268994
701.917182509166
701.860558941177
702.212848624757
701.76864690936
702.295243599506
701.684922409493
701.785842485834
702.348901481357
702.458774510358
704.727802111441
702.384807687895
702.01346495487
702.189522483823
702.012384690404
701.89442576766
702.502830265875
701.97036030589
701.791378859752
701.966064517544
702.378713061437
701.933470718017
702.526323781638
702.307587515912
701.795951936507
712.939801990812
701.704327721417
702.114296206266
714.526412446873
701.701491425759
702.443730360773
702.084871266633
702.094034657388
702.097925061739
702.643011597417
702.095694726756
702.378506547705
702.47139059938
701.965866992062
701.887636076983
702.167641318384
719.603347416546
719.256874213885
701.740172524752
702.102620974398
701.75149049442
701.83255009256
701.880220561069
702.173236032183
701.863501764726
701.802923541174
701.804610627503
701.922179801938
702.090492799093
701.825228090598
702.320120960548
702.067316959543
702.339188656466
702.104686341984
702.175816834196
701.961731220684
702.064985509459
701.96624212276
702.182865172203
701.964891500295
701.744716960718
702.297454691364
701.866930948715
701.790197488098
702.059062504171
701.886771947691
701.90226069452
702.13902025619
701.893099786331
701.831810576187
702.394201866893
701.766500770276
702.030845900559
701.686332339592
701.748490726105
702.422073770732
701.777521022412
702.251129956743
702.341667776387
702.005172116852
701.995788080073
701.903911893932
702.033819362947
701.790000526908
702.11182635163
701.88051009019
702.366599587628
702.267504757406
701.890784957782
701.861941027429
701.781801824307
701.825184904744
701.834115289971
701.90522129894
701.777502064617
701.990801467244
702.142126755178
701.797993961041
702.007272545137
702.588330694728
701.848481230905
701.890838986192
702.176917534925
702.308563729293
701.755157311139
701.860506274993
701.939342777679
702.17895651224
702.686338411284
701.956519949471
701.793638672375
702.402434656663
701.696310240086
702.601479048108
702.096973807147
702.180938473319
702.027279070689
701.992519566492
702.753239074996
701.862305696813
701.974327569774
702.229069406728
702.478289615421
702.722900598248
702.291429208165
702.236798166832
702.355251111174
725.627513821267
701.753857749413
702.19305405546
702.19150652558
702.220013024656
701.713736940855
702.444797901182
701.847613242765
701.775044060091
702.271147542199
701.883904624854
701.702689563376
702.18378926463
702.099138739353
702.078186309253
702.325486497772
701.908838420341
702.103501443492
701.871423559043
701.840722788332
702.535584559444
701.825423831282
701.900067716321
701.984649557096
702.278598537111
704.509923759532
702.355590981287
701.931689047275
702.131675663978
701.909819224177
702.145474776246
701.852739626387
701.845588905865
702.272704817513
702.025393472347
702.043491778192
702.879016117842
702.107198254067
702.112609421805
701.715670111119
702.029435137896
701.969279933934
702.225672541051
702.472003789759
701.757524101082
702.292314110689
701.941067380597
702.463235873542
702.173451787387
701.877395061693
701.85212886773
701.990980524964
701.6925967142
701.898340716637
701.745673092025
701.690730536098
701.860583087804
702.100343539229
708.151040566682
701.874632470875
702.08129163064
701.973141421668
701.813478559777
721.172083690457
701.837040211815
702.138136527185
702.245243949162
702.458364051477
702.03219374273
701.716390378674
701.96647442542
701.826164937488
702.378941298429
702.115974979887
701.716150928623
702.032397541649
702.145953760109
702.088958919921
702.509838128948
702.281332454757
701.933174382275
701.811510630359
701.872472555133
701.688484746881
702.69987043315
702.217916055434
702.540742605774
701.713352201157
702.278542054351
713.297132370233
702.147552279303
701.790384090227
702.750276598213
702.322606457754
701.851149637048
702.183996221267
701.905947965039
702.07079852753
701.745065324581
702.486002839213
702.423674365189
702.145773704631
702.376051753591
702.512418773587
701.819078626493
702.248088507549
701.783069925206
701.879129965931
702.038727534742
701.682504225455
701.778791538002
701.828550572079
702.319334498533
701.854640192527
701.755003092912
701.900837686992
701.712655164584
702.577780847699
702.093622912793
701.890374145989
701.897742843373
701.851099360271
701.750312086591
702.140495990973
701.741572569495
701.898549984583
701.68610570708
702.394999981382
702.393471375246
701.927079948118
701.796723911204
703.681821013259
702.344546964156
701.952620100122
702.451852807421
702.045705000346
701.680815466473
702.185735601538
702.545405428638
701.903629948296
701.891625432502
702.333247952165
702.0027380896
702.015212970108
702.284396617451
701.939551672385
702.27553513531
701.84519483205
728.394912028643
702.239974092462
702.196386595266
702.156025374405
701.808977126031
702.114401525889
701.684920061877
701.777497921776
701.872636618748
702.167932017872
701.790763381209
701.836606958398
701.71800393227
702.191058205637
702.097468828859
702.261686846863
701.893530612383
728.671918276041
702.019545751904
701.944655122391
702.132178195609
701.768546148715
701.800381980695
702.188720342374
701.727133086296
701.883500340454
702.554390558098
701.882620259039
701.92163819424
702.585043122035
702.211135632676
701.896678692344
702.2443759639
702.415342547211
701.839076811086
701.869685101245
701.848286773538
701.83528900111
702.336551145416
701.877008526753
702.29822042519
702.078632842047
701.974196436628
701.779761245997
702.34906502388
702.246619544762
701.981080075504
702.100543309195
702.023712409532
702.045762044185
701.880435372092
701.82912296306
701.764321812867
703.991858778295
701.753411998625
702.133837030894
701.805722460368
701.843868249337
702.075535160845
702.802643487458
702.024316424807
701.96579296284
701.731235968353
702.096248886493
708.218661045314
702.304512673303
702.572928481939
701.740117083978
702.020752497419
701.941817985842
702.004240159932
702.241778332454
701.852493869791
702.242992011862
702.291529718232
701.740655048305
701.769835308274
702.450033834545
701.735194771391
702.036946420558
701.871129255736
702.157428087456
701.701646603492
704.089063590821
702.363091722155
702.062530025959
702.472308944574
702.162537100631
702.295064377003
701.892646542549
701.718248912402
701.83144906688
701.7865351688
701.915934139792
702.415680053886
702.590602181202
702.27717410326
702.303764798393
701.869544273804
701.731106755149
702.210967074662
702.311857680041
702.166601793332
702.156976657787
701.834934724012
702.02970754845
702.741348972066
701.771457375233
729.068362872608
702.20410469886
702.223028817688
702.486935454595
702.240715953474
702.160142243485
701.812720580953
702.100627897122
702.33117671985
701.768526658371
702.143388588122
701.991045475745
702.118134409526
702.089306293165
701.784058943309
702.027935715695
701.752800432351
702.255216160285
702.023084035591
705.290092258393
707.858346425703
737.392529879381
702.229499026247
702.241786736602
702.051775802774
702.659782986633
702.126026297512
701.702949283424
702.60709169212
701.827577500564
702.763794282669
701.99121608159
702.057306142754
702.134743047116
702.165164204133
701.996164267143
701.754159242917
702.279802052278
701.751334977839
702.177767004223
717.455398484703
701.870216580213
701.761361845439
701.937965461135
725.196412017443
702.317235642548
701.987178107412
701.844694921661
702.276886613308
701.765351338337
701.694073541402
714.751127913244
726.964550449155
701.771516062048
701.86031767304
702.116712404142
711.632090184306
701.838722436576
701.849119681881
702.416969277519
702.280029040601
702.015273380583
702.063593549394
701.838917733803
702.161635334365
701.920510554933
701.827893034714
701.9062394437
701.856691381437
701.783909878184
702.227546177466
702.060074640522
701.790921648134
702.639570260684
702.359669958202
701.795681071609
701.956433404525
702.16816159425
702.083814272867
702.001480586667
702.400885804961
702.300409410306
701.687131977732
701.9323143174
702.470729452321
702.212641300223
