1090.56921504608
1090.32027535547
1090.29436940818
1090.2249803723
1089.92506741503
1089.86853812879
1089.80743498431
1089.78650809466
1089.76132134862
1089.73279129924
1089.70195395879
1089.69327784141
1089.6736436967
1089.6631912606
1089.65402857171
1089.64418745663
1089.63708165925
1089.61670235666
1089.60726598823
1089.58196849812
1089.5697488031
1089.56137627242
1089.55799617313
1089.54315020854
1089.53013270032
1089.52856280697
1089.49562653173
1089.48442731155
1089.48441874918
1089.455279484
1089.44103565524
1089.42809394727
1089.40707729686
1089.38004770827
1089.36844022495
1089.36068063782
1089.35795353245
1089.35783812012
1089.35069063441
1089.34967315256
1089.33165514749
1089.31983505001
1089.31215915117
1089.30661375879
1089.295375488
1089.28439803021
1089.28175614957
1089.26053402046
1089.24211391896
1089.23965921871
1089.22996419357
1089.21987696618
1089.21271815374
1089.21165667053
1089.20897190396
1089.18777617145
1089.17908348465
1089.1650111348
1089.16477082291
1089.16338058613
1089.15434670694
1089.14683514522
1089.12730246402
1089.12663295909
1089.12447999665
1089.12353359071
1089.12084148785
1089.1163841782
1089.11417468844
1089.10334151449
1089.09750802468
1089.0963297077
1089.09576952937
1089.08898536198
1089.08687716081
1089.07899976344
1089.07863670767
1089.06938745908
1089.06854283366
1089.0677592168
1089.06336738254
1089.060090856
1089.05439473743
1089.04981798006
1089.04981680022
1089.04693406355
1089.04670072957
1089.04180891407
1089.04129366371
1089.03574251944
1089.02002228789
1089.01843458829
1089.00714259536
1089.00341787753
1088.99691538966
1088.99690255622
1088.99423382457
1088.98722100484
1088.98100086203
1088.97084352245
1088.96780256444
1088.96736725533
1088.96596426826
1088.95103243482
1088.94808844085
1088.93940158354
1088.92926261633
1088.92397516218
1088.92306209983
1088.92080483801
1088.91294740869
1088.90235420378
1088.8965026624
1088.88782348895
1088.88754852815
1088.8828764517
1088.88014962686
1088.87812216338
1088.87384801497
1088.87353023273
1088.87092540735
1088.86690543233
1088.85833038258
1088.85533460825
1088.8532701511
1088.85075756648
1088.8505718432
1088.84805435207
1088.84725119485
1088.84351152278
1088.84195422533
1088.83708247199
1088.83594747145
1088.83564763438
1088.83054973698
1088.81760885148
1088.8164452591
1088.81462051191
1088.80947531013
1088.807132269
1088.80578630009
1088.80191653012
1088.7975075883
1088.79567156392
1088.79349526765
1088.79001146337
1088.78763150637
1088.78473592587
1088.78372321501
1088.7814881196
1088.78134588256
1088.78054752911
1088.77675553374
1088.7767187408
1088.77584607017
1088.77106678573
1088.77030595615
1088.7658923818
1088.75553843216
1088.75037050218
1088.74904218082
1088.74676470127
1088.74190678127
1088.7266042043
1088.72625513513
1088.72482359355
1088.72474402348
1088.71794159818
1088.717546118
1088.71603934596
1088.71388730077
1088.7134295243
1088.71285171874
1088.71140079056
1088.71127937626
1088.70297165366
1088.70209284969
1088.70082081512
1088.69919528965
1088.68675236313
1088.68566496939
1088.68208436608
1088.6809283372
1088.67822967623
1088.67505255043
1088.67221924937
1088.67115656114
1088.67028372724
1088.66761723093
1088.66659273326
1088.65988016738
1088.65794771423
1088.65789277599
1088.65752396115
1088.65623183994
1088.65439431532
1088.65343762528
1088.65002466398
1088.64891949187
1088.64517947356
1088.64324552604
1088.64299360161
1088.64094707058
1088.63916368598
1088.63802055105
1088.63658796815
1088.63357886974
1088.6321787036
1088.62828234071
1088.62574633177
1088.61780419164
1088.61025544145
1088.6025844329
1088.59622857886
1088.59602725998
1088.59427154377
1088.58389055812
1088.58300315385
1088.58285943979
1088.58086191527
1088.57824833134
1088.57707656424
1088.57377721
1088.56965457894
1088.56426599137
1088.56338908897
1088.56111167907
1088.55602661857
1088.55361277717
1088.54883009595
1088.54644432378
1088.54382121018
1088.54299484913
1088.5425852032
1088.53984852586
1088.5396812789
1088.52928585699
1088.52909278495
1088.52780627454
1088.52574257123
1088.52473185828
1088.52133702533
1088.51833739969
1088.51555907909
1088.51143903882
1088.50785702075
1088.50593277499
1088.50501779502
1088.50197289194
1088.50121276734
1088.49857979875
1088.49504457536
1088.49121625367
1088.48828187683
1088.48782209604
1088.48730217912
1088.48658191583
1088.4844710842
1088.4808623658
1088.47850948525
1088.47501934751
1088.46980859318
1088.46961436117
1088.46763917207
1088.46506745179
1088.46251713674
1088.4588253584
1088.45023359255
1088.44743393263
1088.44680809983
1088.44666322846
1088.44547486551
1088.44258285219
1088.44155484537
1088.43420564505
1088.43406672613
1088.43350118972
1088.43197791906
1088.42993507783
1088.4261492185
1088.42587540541
1088.42447275544
1088.42038685326
1088.41942586465
1088.41881254121
1088.41642117684
1088.41617663331
1088.41178177035
1088.41109111282
1088.40631199528
1088.40608678386
1088.40437082133
1088.40183059961
1088.39954600813
1088.39727038589
1088.39701023525
1088.38894206235
1088.38806094842
1088.38800279363
1088.38685307167
1088.38157441334
1088.3800298368
1088.37778190452
1088.37449247822
1088.37241748945
1088.37145212189
1088.37039201651
1088.3696511038
1088.36882738737
1088.36791145612
1088.3671796334
1088.36595201703
1088.36232473209
1088.3568001624
1088.35655063455
1088.35496111459
1088.35479831766
1088.35362569178
1088.35312422677
1088.34927345114
1088.34766201426
1088.34716406943
1088.34417047507
1088.34410649645
1088.34376062044
1088.34372154886
1088.34028995191
1088.33982600935
1088.33806233742
1088.33680505971
1088.33374133427
1088.33273369044
1088.33173723611
1088.33138368202
1088.33054233335
1088.32962414056
1088.32942610756
1088.32911901349
1088.32907096309
1088.32893406615
1088.32746351499
1088.32713577381
1088.32565929808
1088.32482350932
1088.3230962658
1088.32241416246
1088.32047820294
1088.31940706668
1088.31891909598
1088.31870255463
1088.31576351131
1088.31541390574
1088.3147528687
1088.31437929417
1088.31394492561
1088.31230345496
1088.31035700677
1088.30877914302
1088.30791061224
1088.30629020079
1088.30595374808
1088.30520736153
1088.30509478291
1088.30396435532
1088.30279479131
1088.30233031119
1088.30184412397
1088.30154549288
1088.30023695051
1088.29934539207
1088.29926706408
1088.29787333407
1088.29434418207
1088.29364715641
1088.29323625922
1088.29209466468
1088.29088899916
1088.28994619652
1088.289926239
1088.28933955101
1088.2882540003
1088.28641003609
1088.28511106553
1088.28493676435
1088.28469545348
1088.28290227513
1088.28272816686
1088.27990871491
1088.27642301049
1088.27178482972
1088.27014432145
1088.26851900945
1088.26207133107
1088.26073733529
1088.25875089152
1088.25817053345
1088.25811190539
1088.25786141212
1088.25631758138
1088.25581539588
1088.2531207201
1088.2523672203
1088.24963578822
1088.24830740094
1088.24798740764
1088.24793203942
1088.24748275245
1088.24602580867
1088.24406669664
1088.24346268071
1088.24326439728
1088.23981835589
1088.23958532217
1088.23952633708
1088.23915439262
1088.23561722471
1088.23523851488
1088.23465444795
1088.23416858933
1088.23263326686
1088.2313658319
1088.23045574014
1088.22871911473
1088.2275100132
1088.22395210293
1088.22367283991
1088.22330884988
1088.22077811399
1088.21820458674
1088.21745035932
1088.21723650475
1088.21390684361
1088.21251006621
1088.2123054946
1088.21166584856
1088.21079106159
1088.20946573998
1088.20933848688
1088.20859704706
1088.20719755955
1088.20562747216
1088.20402334762
1088.20352377867
1088.20183210972
1088.20167497088
1088.19972159896
1088.19969739186
1088.1984831946
1088.19754117974
1088.19717763695
1088.19672442624
1088.1949310355
1088.19378801644
1088.19338730611
1088.19203461422
1088.1907426253
1088.18906373145
1088.1874484528
1088.18490073917
1088.18434164066
1088.18332947024
1088.18258708071
1088.18132219252
1088.18008201764
1088.17714620922
1088.17594678221
1088.17534325359
1088.17500629781
1088.17361689245
1088.17260426726
1088.17177827145
1088.17123382919
1088.16727146034
1088.16722841761
1088.16687417445
1088.16638693459
1088.16582931089
1088.16438471871
1088.16198800466
1088.16175117321
1088.1606386389
1088.16056159076
1088.16045888458
1088.16016947537
1088.1587610768
1088.15872608546
1088.15840770009
1088.15776980976
1088.15761325166
1088.1570953698
1088.15337335729
1088.15208787606
1088.15063887562
1088.1504998412
1088.15043796848
1088.14998683221
1088.14887526314
1088.14840316795
1088.51003081335
1088.21213589195
1088.75857166389
1088.49240311074
1088.15476081373
1088.53475552426
1088.53612919286
1088.23379637663
1088.57160912813
1089.08860860506
1088.32873603987
1088.31432036321
1088.19451353341
1088.65227044955
1088.37762397436
1090.00648000304
1088.40811098136
1088.8781810902
1089.45590693928
1088.32230748435
1088.90823015799
1088.19663079476
1088.86279197167
1088.43619351666
1088.35634975507
1088.52817500433
1088.26709282354
1088.93419551114
1088.30593888197
1088.38486257907
1088.99702124511
1088.34492690944
1088.2842505529
1088.35429179271
1088.20072835628
1088.27027324615
1088.27147984738
1089.00293587235
1088.22684365027
1088.44816410656
1088.64710202353
1088.93643896846
1089.03537646276
1088.30208986729
1089.94343369687
1088.29830312644
1088.48706586436
1090.48450652589
1088.19620461308
1089.10152358885
1088.39933379449
1088.16556733412
1088.60399737997
1088.63458821412
1088.5715603357
1088.35223393885
1088.54814021243
1089.23467894778
1088.31218739923
1088.81042637102
1089.56015184599
1088.83423183337
1088.83160191274
1088.52434215368
1088.17060815475
1090.39917306557
1088.54197365545
1088.21398543158
1088.95457704701
1089.2392188555
1088.3907663845
1088.8302268888
1088.31398834212
1088.14810284916
1088.40715778052
1088.60217930391
1088.43303437265
1088.38878775801
1088.46999721442
1089.29144467359
1088.73039009158
1088.55369888556
1089.01466269038
1088.16226834465
1088.38439324483
1088.60542980654
1088.60555671399
1088.90185230587
1089.95349181293
1088.46783610602
1088.40819239477
1088.22010734999
1088.49735423722
1088.24896431307
1089.54850894544
1088.50260398725
1088.49975764961
1089.45478546364
1089.4149328234
1088.97702745843
1088.49706244523
1088.55974977505
1088.32543368016
1088.50829239996
1088.28139141866
1088.31680662425
1088.32188138595
1089.21578311825
1088.64426040137
1088.17825398882
1088.47028596844
1088.32096205317
1088.27038150965
1089.00206397078
1088.61749740497
1088.47851223943
1088.17000450791
1088.77829180716
1089.27783251597
1088.38134868093
1089.20840591107
1088.35012855334
1088.60832951581
1088.32255245821
1088.33333191357
1088.19516822656
1088.54543426657
1089.07454420659
1088.51651392399
1088.29389780433
1088.77965475657
1088.34443357036
1089.90541834749
1088.34514135051
1088.56303145035
1088.69649635232
1088.65228667508
1090.20915093946
1088.2958658734
1088.65095172843
1088.54547929411
1088.78026194302
1088.67908088651
1088.55019253998
1089.09781289298
1089.54612410022
1088.42743600349
1088.30075401176
1089.49332680346
1089.39043390711
1088.38444243932
1088.21868969658
1088.4748611287
1088.24669273625
1088.62684698183
1088.28486503841
1088.57986716074
1088.54377576095
1088.77743517577
1089.23111999531
1088.56320888944
1088.4689231598
1088.78754392054
1088.33852692122
1088.41345535111
1089.06617801876
1088.40348732994
1088.72794710912
1088.6385194291
1088.157532542
1088.49417958835
1088.19813644516
1089.80707446181
1088.61246705543
1088.55002490353
1088.41376291668
1088.27278610534
1088.81054919948
1088.46647118564
1088.87953073748
1089.55768806165
1088.16884645741
1088.25519411777
1088.70419794666
1088.81791259677
1088.44099076251
1088.31114687545
1088.36031572073
1088.24331985631
1088.43994305912
1088.39465796239
1088.4595982273
1088.99571457376
1088.6963472509
1088.22420103201
1088.4225992512
1088.2519345854
1088.56488133876
1089.05758865922
1088.29364641493
1088.41781769537
1088.76041653844
1088.2092484056
1088.18650367668
1088.42402983925
1088.46199027903
1089.440286008
1089.54484259926
1088.83268132587
1088.53417730498
1089.23782121371
1090.23467310278
1088.21259494061
1088.86315400518
1089.05747278597
1088.19361673128
1090.11856569839
1088.75610682092
1088.29816626173
1088.15216626809
1088.21678478664
1088.2467763466
1088.55888999032
1088.31423121939
1088.70224903509
1090.52855889066
1088.20416656421
1088.27303032837
1088.66559063374
1088.36925116059
1088.26928500788
1088.51139577989
1088.58981503821
1088.27852980473
1088.48485277214
1088.33754885119
1088.86642115172
1088.56531169777
1088.49342229998
1089.4397271415
1088.76531916507
1088.37057160478
1088.23285191822
1088.15019854414
1088.48900000689
1088.62092089369
1088.95828388092
1088.15992449859
1088.69070763496
1088.6239588976
1088.17127482563
1088.25023192039
1088.25542896442
1088.43875855803
1088.88078234201
1088.20608079643
1090.32119471233
1088.263390671
1088.42159715806
1088.19862794006
1089.1302238019
1088.32248163258
1088.87818140737
1088.57208164668
1088.32086051982
1089.21542556216
1088.50359546224
1088.66289256508
1088.31795218546
1088.69777902896
1088.48399552852
1088.19131336727
1088.50434456896
1090.01456357058
1089.59003278327
1088.64738527864
1088.52498222364
1088.96801412764
1088.23327145501
1089.7227110933
1088.41041838194
1088.55110166989
1088.21447599379
1088.61949314843
1088.46587002338
1088.79597165448
1088.18675364586
1088.60563247638
1088.24180994216
1088.346626521
1088.82090079452
1088.18271207842
1088.87375791281
1089.19403005108
1089.65285203858
1089.16699573347
1088.39339769805
1088.3073827309
1088.62931111627
1088.4276728746
1088.27680817098
1089.36282016148
1089.56948736299
1088.24757797332
1089.67410288873
1088.71311509912
1089.34236085158
1088.2741305881
1088.16846479714
1088.90241383952
1088.48594460277
1088.22310366115
1088.23916620708
1090.13099530129
1088.6827977448
1088.20997990717
1088.54979100861
1088.69750672435
1088.61933299481
1089.0698828505
1088.95034510294
1088.94046373217
1088.72324899294
1088.74625378386
1088.24864616121
1088.84672978693
1088.66765472446
1088.53375824335
1088.87250600756
1088.23185255268
1088.40983637078
1088.51836858243
1089.15119952341
1088.22996900436
1088.53126513401
1088.54570998524
1088.47903057299
1088.6429254331
1089.2507617799
1088.37890854732
1088.44234213548
1088.86535517128
1089.26643139192
1088.29840063555
1088.24872042303
1089.97184507867
1088.34058117488
1088.67266724627
1088.2732670848
1088.27738491944
1088.3580857038
1088.58626069272
1088.98667696064
1088.2167126917
1089.12194195524
1088.91192633019
1088.24031250139
1088.55280545074
1089.44198459612
1088.21654044308
1088.86203947296
1088.37530019173
1088.64290897899
1088.17805163027
1088.96545742511
1088.74855088463
1088.7126960832
1088.15804035418
1088.51906425147
1088.20889750001
1088.56400457776
1088.29951577011
1089.10344463683
1088.26508451399
1089.12329957118
1088.52587862607
1088.34600328016
1088.14883668763
1088.35224329455
1088.37884144163
1088.17482230385
1089.21925190278
1089.38721573657
1088.42849565458
1088.53011069446
1088.2993700255
1088.33850117972
1088.3723243561
1089.58139623419
1088.18087843709
1088.98485754693
1088.36550497824
1088.93405439488
1088.30999155265
1088.22980492104
1089.21343150302
1088.15243050985
1089.56183294257
1088.71074005351
1088.57389835407
1088.29001820063
1088.52828639433
1089.09000624855
1088.67078710596
1089.15835277737
1088.66703862549
1088.17699068999
1088.79099323241
1088.52996209612
1088.6773853824
1088.34582240394
1088.3736801291
1088.32296126105
1088.19580414536
1088.18881876222
1088.54182356697
1088.90300257726
1088.34720098934
1088.22976519245
1089.28124096968
1088.54228973104
1088.52902429167
1088.53929780612
1089.0184930389
1089.31491637105
1088.96485535424
1088.68351965985
1088.58065798232
1088.32632582806
1088.39357714766
1088.30537100676
1088.16641328187
1089.40652580503
1088.64352451834
1089.88863304161
1088.80064655653
1089.32117876833
1088.28592236615
1088.53098835337
1088.23535749011
1088.33736718785
1088.71942033165
1088.49900089677
1088.4817899473
1088.97361630234
1088.49183131934
1088.47940654781
1088.72019210445
1088.56720293789
1088.42478718756
1089.0315689052
1088.35360201779
1088.20453803799
1088.66848571544
1089.61345599422
1088.28362805068
1088.77447787657
1088.46126251377
1088.54687882686
1088.93192360091
1088.24482357375
1088.1745455893
1089.60309895869
1088.20085653919
1089.39799078786
1089.03187399204
1088.51122269888
1090.00123106687
1088.17500918157
1088.18207825398
1088.54439650256
1088.54465789544
1088.53177264825
1088.43550278843
1088.2200030676
1090.04200085023
1088.22725781226
1088.80215899694
1088.26862558539
1088.3899327448
1088.1888322941
1088.34036656423
1088.15512674028
1088.20890950447
1088.25223740008
1088.30887187188
1088.78680482767
1088.16003717728
1088.33931713627
1089.1961493514
1088.35118922528
1088.23456932212
1088.14878770151
1088.91236813517
1088.7180804464
1088.24574484674
1088.39121480979
1089.15972601836
1088.34426796881
1088.18394505625
1088.38862578463
1088.25010191348
