982.63871112223
982.193103561515
981.372129545564
980.859828912349
979.760130386366
979.696510506972
979.635394905473
979.54361490534
979.098369567923
978.993826944306
978.979095011832
978.582709588848
978.57151603264
978.51029916659
977.895148255174
977.548198201224
977.542802311821
977.27195736275
977.249602222416
977.101326175566
977.029473015398
976.890388348442
976.712552673788
976.643003067982
976.441589420093
976.419609851466
976.317521008342
976.306790030688
976.181265790251
976.127709954696
975.975404764718
975.758167115506
975.677355290148
975.553496726922
975.545450336285
975.395461185877
975.10177358691
974.79887488669
974.770437214373
974.683711419557
974.668852863056
974.649989857277
974.626775972383
974.62090267322
974.614331574923
974.576270643277
974.543996521173
974.526924490373
974.50678035775
974.393817742031
974.363715908392
974.363704088421
974.352082206989
974.313041485362
974.228891354582
974.156882664822
974.152490731877
974.14875900084
974.060491730709
973.931622789259
973.829279741692
973.825097249441
973.811444770334
973.738890150505
973.689974338558
973.667402387028
973.664430452915
973.610978196359
973.575338519486
973.554993575282
973.482288245272
973.481002886709
973.465016332267
973.42702989234
973.349400758675
973.219877169818
973.211263021733
973.145795423392
973.136827917312
973.084029759837
973.076673853994
973.043905957527
973.042098539354
973.012830628391
973.00569427715
972.944109773347
972.93809117261
972.938068040413
972.929358188016
972.92340168658
972.920475861763
972.841565430469
972.837697594637
972.816557152443
972.812236607088
972.789740422554
972.708167922847
972.682058897421
972.619301141088
972.601455001011
972.561632804801
972.560529262287
972.548043638698
972.536538211064
972.460158378672
972.448912022114
972.416912294128
972.408101031665
972.388343151897
972.335793692211
972.323930924678
972.281728823273
972.271392816959
972.259326996676
972.187715190593
972.181440897336
972.146151634755
972.021009823972
972.007870889257
971.986592271169
971.961775335181
971.856229659081
971.855685382111
971.846152797424
971.802676777562
971.780158040583
971.700304505096
971.699973627305
971.684573310885
971.681911300695
971.637667138623
971.620312787017
971.619271231309
971.596226223597
971.574632736141
971.562589882532
971.553122524963
971.535091088935
971.500478071052
971.493375508682
971.443382597534
971.443268856681
971.437923929278
971.431135316097
971.42843464223
971.391677748862
971.385008495895
971.351530194036
971.318124968578
971.31664249944
971.298251358481
971.286221597799
971.275132572128
971.235112804598
971.220522205975
971.189631556817
971.17946862601
971.147352751892
971.143026085678
971.103826902603
971.069303874235
971.02464754451
970.996374602289
970.979142903837
970.978091761979
970.963149118743
970.950728883797
970.939462687126
970.893502470359
970.881399528797
970.858383291177
970.848862929107
970.833888541483
970.749293958699
970.74489033694
970.721996633606
970.695061591715
970.690943974087
970.645481138814
970.632179531098
970.623057306813
970.608661666212
970.550650571355
970.544810095616
970.543250489723
970.517296890696
970.495678396451
970.491116290721
970.48660925687
970.477260565539
970.467084908953
970.45289709844
970.438326360613
970.414115247595
970.409627646784
970.408112890259
970.386017723914
970.365864025771
970.326663461839
970.304165223216
970.287187066561
970.286807835202
970.279718509085
970.275316096331
970.267721373866
970.238557854636
970.234355468136
970.223332649538
970.213327161116
970.166304471032
970.13720319536
970.105779246733
970.101444890127
970.071534286225
970.064045512704
970.061674149801
970.033100569459
970.017253552006
970.013084684771
970.012954954491
969.998550073699
969.985212333533
969.967279276137
969.948726793613
969.947954699682
969.92542750504
969.918947789064
969.891644250941
969.873146744133
969.871439466593
969.869950865056
969.869328705338
969.863574439165
969.853674519835
969.846311471667
969.837705373923
969.771742527378
969.760324722676
969.746093259732
969.730569131904
969.675568984156
969.672412125884
969.670254311114
969.661524852945
969.65614024678
969.648568769541
969.617951111818
969.617615588346
969.616601091437
969.610363759416
969.607250741782
969.591676951898
969.579571462053
969.566938607442
969.564402411712
969.548569904752
969.512656030804
969.508213417238
969.49096263145
969.485992674976
969.465851183894
969.443539378435
969.418453682076
969.406722891269
969.403650600978
969.401688059207
969.400136355289
969.3862628151
969.381824513755
969.374703735474
969.347547329913
969.325595662294
969.262696226807
969.260243698407
969.257455418941
969.236903523331
969.206132029924
969.197308748001
969.190244663813
969.178777730647
969.17601620544
969.171175138982
969.157801102064
969.140203992578
969.129910041267
969.125408931704
969.103582311029
969.096929287493
969.090918648323
969.086486526183
969.082664559259
969.075727467893
969.062178704896
969.055255849325
969.042467806691
969.042117050562
969.041506467618
969.038965274033
969.007183085553
968.997589621811
968.996952590384
968.987688885095
968.982729460236
968.973854082325
968.968658956689
968.96675212131
968.961613667843
968.959143784032
968.95416265466
968.948678258794
968.934511222594
968.926001070512
968.923124969327
968.913147409439
968.900139550096
968.896349019104
968.887534453949
968.861526853453
968.854342979627
968.847389116764
968.836489274274
968.83547023988
968.825236996259
968.817930851175
968.816600263901
968.812907892208
968.796298791458
968.787945692755
968.767313378891
968.757306473506
968.739532880251
968.739450160325
968.739315989413
968.731591933379
968.727541541563
968.723814862354
968.713464577069
968.705749063571
968.695610374513
968.694386134555
968.692472597081
968.679855921899
968.675470924904
968.666439540016
968.664270723833
968.655007087817
968.624495812486
968.609347286681
968.590473467555
968.582759000144
968.567085700138
968.559015460456
968.548022106951
968.547823500745
968.539428718254
968.521276671567
968.504037108479
968.491495270678
968.466871109638
968.460911344797
968.450270476948
968.442714766557
968.441349277536
968.433470819406
968.42425521712
968.418170995555
968.409956362804
968.405350388826
968.399921794712
968.398410340569
968.39701141731
968.392395397382
968.380405610591
968.37278442154
968.372131765591
968.36970618947
968.363979217064
968.362287373734
968.359613683392
968.358703140602
968.344666235468
968.338719915509
968.315954127116
968.305404127492
968.305366900203
968.264010542745
968.237700402615
968.233702761763
968.224386151062
968.22088331925
968.209798066014
968.199025318859
968.197534751738
968.187922764596
968.185886787832
968.18494484214
968.173692440889
968.166659383084
968.154615846051
968.139757833179
968.11427725763
968.097820767777
968.096261327606
968.095683325498
968.07139529427
968.058766905845
968.044566613282
968.037324721866
968.035079211262
968.007313302433
967.985579517712
967.985182679954
967.981042275719
967.955189751496
967.954442904577
967.945120350613
967.938656670268
967.936594515628
967.931622414427
967.925910962206
967.914866338283
967.902321789355
967.898463838569
967.896035589396
967.869266486963
967.869238838217
967.865324145977
967.86525084996
967.862795721802
967.853631496668
967.837348038068
967.837312085793
967.835348557318
967.831182466232
967.815977837362
967.811753118981
967.793869059585
967.786621985028
967.782458968999
967.773734923245
967.773019484046
967.766251165762
967.760763067461
967.75897900331
967.757979796139
967.757338849382
967.756673825344
967.752506110872
967.745231392139
967.7444800738
967.743560417302
967.73367849063
967.731875198182
967.717694490311
967.717174404479
967.716040570341
967.715493335871
967.703159633036
967.696317316632
967.695982122137
967.661140309522
967.660149298847
967.633212435639
967.624506277636
967.616974767931
967.60377483552
967.583570780099
967.58109870952
967.576783450438
967.571048272618
967.56024594306
967.552404492516
967.550932412262
967.550027323714
967.537763272243
967.536272609559
967.532655292426
967.516736943816
967.515761835411
967.49412691845
967.490858136461
967.486225840402
967.482837003442
967.46725274033
967.464634209107
967.461803762618
967.456836355389
967.447322713454
967.444939959706
967.442503105718
967.433806660679
967.431608284971
967.42410178344
967.407973650426
967.405850239766
967.39677443786
967.395255732662
967.385853220839
969.332202712546
975.122365127368
971.834913484135
971.326102933423
967.735903722534
968.281103680877
970.169125509817
967.620504444296
970.388013821648
968.068180051131
968.625033179391
969.291488712839
967.803763412254
969.417905585173
973.63653843554
967.912749018654
970.753558036725
968.683223067732
976.799756790968
967.48388683297
968.230801819453
972.045733571005
969.947126771432
972.227649028634
969.728061097022
968.491010198848
969.677186841759
968.628716591297
968.080231233462
967.650583750361
973.378186434208
969.73479493491
975.601303251555
974.957044193776
967.476639339919
969.054245477979
969.719045539587
971.97003498177
967.882596170016
969.706597231276
969.08446233649
969.810952482344
968.703480569841
969.035691096205
976.799103106207
969.631255741737
972.28578864588
973.071404886307
967.365633476673
977.934227497136
968.083647062832
968.671228246723
967.396628102646
968.523378147132
970.035818168586
967.472742049897
968.417148130206
969.140105222038
969.815935373918
967.418771166583
973.534947111955
967.444210998985
970.546561143585
973.355425281204
974.700897634561
967.534490934342
973.103809194097
968.115032885794
968.203829982855
974.218567883095
969.313711870642
969.194340332049
967.790410454051
968.634203474563
970.474378418283
975.547320899015
968.488002255986
969.563548092157
967.785436923288
974.732205350445
970.135966686241
967.561924379609
968.901411842351
978.548189610259
968.108674855969
970.948183433822
967.55990367615
973.348102648215
974.016958542218
970.417508706975
972.248343276475
977.838405003377
967.664982038612
973.408138417215
967.80228917577
968.712360533746
974.541941592751
971.305181630251
970.042707287867
969.777217092242
967.642052905863
971.749757232028
974.440075723927
975.399560209056
967.359096112389
975.951531991559
967.634794943653
969.573604683982
970.184189758617
968.267804760337
969.834020039042
972.882664792605
969.531015188531
967.569373409112
968.833754799191
969.905818919625
975.624631541853
972.46733156313
971.801128114153
970.889529045092
967.845549128781
968.479480866474
969.626893160087
968.262694068361
969.643104241099
967.35653175371
971.372412697418
969.708456956607
971.003165993314
968.571859887927
971.513128450406
974.91425811692
977.564915567053
969.899747282002
971.484202364143
973.580214202104
972.123571854945
967.934694650318
968.129562077847
970.32210497082
969.891087093407
968.92306077025
968.794331929293
975.536138303546
970.999443313215
971.29042343615
972.32189467423
968.59717791785
969.222840169582
971.889643930158
971.173332482408
981.793874725427
971.976817514444
968.35450529825
974.969845609627
967.781375322942
968.270723432257
976.739749542793
970.068715973974
968.531288416456
970.800590700123
971.535486566357
968.729152636077
968.163829988583
971.102757144411
972.381309526861
968.820568661189
971.085425152142
969.192749896544
969.599801330282
970.650053397627
971.411451316184
970.567488365981
971.571834309008
977.000384291227
972.786793033753
968.658913621426
970.066969792382
968.209740285765
968.415046626324
968.582707777585
967.879219113256
968.323004834839
971.362832066666
967.869969067437
971.962738585511
976.102401498718
972.551630006456
968.567011002197
976.773458672512
970.459156884597
967.745910942842
971.559065661854
968.834042264718
971.873141499273
969.606223416627
968.655367400889
967.609052039341
968.654268028851
969.533581287883
970.115521013688
973.888331238194
978.986667891579
968.009474277378
967.652334541396
969.889726819056
969.099455621488
968.018557100655
967.598975441161
967.551513463359
970.463602238862
968.274557997137
967.902187511931
970.598786334833
967.771136003885
969.21836164582
968.227437946173
972.336037712385
968.791862947223
977.269542087364
976.264048861826
967.416779588871
969.605547934597
971.477847823936
971.999790316138
971.785764498288
971.870940816849
968.745958971111
969.264718864874
973.665124389856
967.675070810324
971.882460619652
967.54499367761
970.861953852131
968.484574368026
980.164393767315
980.592982944022
969.168778239481
971.378456462335
968.457334587202
971.694042905711
974.383536392727
968.950449058455
972.81658831733
968.205567441813
967.806966329045
968.713352221982
968.671248645374
973.830331218269
968.222398666671
967.695618362277
969.538656366352
968.393709124803
970.562535146537
971.882725798371
967.377081209841
973.101113190475
971.012499627894
968.365305465059
969.281012504442
974.989468500863
974.293214261855
970.960531781607
970.852387515102
968.797871662096
969.527040717524
967.672319221916
967.880869784007
967.759214263289
975.296044860805
969.384395606653
970.439405014123
968.984497653263
967.737536707232
970.981636475781
968.75441187021
967.700153354594
969.412854508345
972.236067878378
980.333527118275
968.222180634002
971.111775801941
974.744135683163
969.986581011835
974.091382877311
971.173330576208
970.660580693993
971.718479953125
967.940812431713
969.787418330539
971.52545068048
974.564697207755
975.364367267538
972.333430915838
976.194325034156
972.714827578956
970.676129527929
968.515070119859
968.719682329292
972.724574544413
968.361488965528
968.558591832625
967.616606809208
972.71378010758
972.15766847999
978.318086071474
971.372622706136
973.520552457123
967.748992817545
973.785229229237
973.456693012716
967.675381956796
974.091174070311
968.831914982102
971.760807374548
968.850701254649
973.459892199903
975.005804662917
969.164902300084
971.920832786413
967.770055740089
968.857580319687
968.163609413125
970.010806853864
970.948135807998
976.948619819059
968.243216238117
968.096197442166
969.051111367318
976.842916167258
976.123289355341
980.804911025307
967.747706430177
970.556828874464
967.971551243562
972.010960663638
968.434303916129
969.37993407373
967.843749217998
968.22986045057
968.11891875022
977.319964012671
969.701937506161
967.610199959641
967.895169720506
970.134880966009
967.444650901942
967.823279684745
967.613732718739
971.201912573703
971.243930013678
967.4329708287
969.491632484989
970.833546344622
971.461773450348
974.215057253903
973.092285170462
969.903740524582
969.687563753475
968.534948577806
972.479661814416
968.238467373853
971.610600835184
971.70804211046
969.073474046975
973.713328535051
972.32211112239
972.59999061465
977.112227383368
970.190633608838
969.59767184013
976.261677936026
971.811478680416
968.956819534519
973.742962265721
968.82026514717
970.008432726553
969.646196719739
972.684527487968
969.944671481693
971.788739844749
971.882393230224
967.942905137151
973.483597853916
967.47717192809
971.176174338087
969.376347207147
968.394979547228
971.319820759228
977.062329511438
968.869547851498
971.293696320338
970.013929228484
975.611758911453
967.459714266506
968.864649313
968.988460775169
971.371247155512
970.552175074774
970.141012928084
971.628643983559
969.727817010184
970.340085858995
970.439515109572
978.005859928394
970.76066085961
970.41768661315
969.141583080067
970.484380232896
971.503394149767
969.713078153683
975.380805336542
970.771856955549
972.957857316593
968.582460070802
967.507964035593
972.725520116035
974.474424238512
969.66029380153
967.887060983811
967.760105734292
975.771381634645
973.096598309398
972.852116821612
969.074894348783
967.480177104906
971.734281396604
973.862899977007
975.643152893331
971.714327062593
972.606121519807
973.527915056389
970.654911541559
977.619282821456
969.598367633541
968.718433694265
967.547604283805
972.906043590017
968.028318715904
972.745122091063
967.491222401516
970.69968431816
969.678346432009
972.191817666333
968.357020433248
967.992226143236
968.120444692313
974.693982441891
984.388149052997
971.546899851668
967.876562786395
972.890097644602
970.92622694343
973.736708737772
967.730793755047
971.172175252801
967.448168387661
967.551440445008
967.697990367002
968.115718077628
968.85887712774
969.897631330178
967.774963892256
978.667291210068
970.339819221201
968.665250180444
970.676489940282
976.009442505291
971.713841178719
968.738502582247
970.643591893889
967.456332708815
971.559250511056
979.413792339679
968.602233036194
974.037122177444
969.01435816258
973.636309087755
968.054900063126
969.056569420716
972.752815298835
971.736174639993
967.93729286033
967.381266404435
967.485319798415
971.501079576143
970.756998155646
969.372055263877
968.081335349744
969.153042262014
967.975377898603
967.395004197522
974.721302990256
969.339623756656
975.629440668899
969.135404874288
975.754578085161
973.471172258761
970.155773498929
968.179800075684
971.325027053558
969.201716955406
