722.312731591764
721.100036088829
716.962021023009
704.624244202882
703.963753059655
702.734521514586
702.156275330371
701.82905162344
701.80541605867
701.751896185554
701.525336478139
701.509165758305
701.387034771453
701.323466185934
701.074803621312
701.045577670426
701.004474899876
700.97568751263
700.946371521754
700.905555280156
700.893837812822
700.873520732799
700.843771564645
700.799490739963
700.79793986557
700.786980373304
700.746938112379
700.712932166693
700.633743573466
700.595235843439
700.579364666251
700.57389720883
700.556667812524
700.554410087352
700.535270996142
700.518332940595
700.515047703448
700.513903078267
700.500631635804
700.471764754479
700.447029109298
700.442034476689
700.39991895865
700.380466851842
700.3272838137
700.320147980695
700.294024747717
700.273067337332
700.259519410411
700.212010456521
700.19721451592
700.119804628856
700.111279931955
700.104909590183
700.080732954619
700.080175770476
700.069642819957
700.032460190921
700.032312230793
700.018609360674
700.006620212655
699.990353600732
699.987111610633
699.973715260603
699.956219391714
699.950267344073
699.919865916016
699.897158570922
699.884555091271
699.864169305102
699.853348736866
699.838730736988
699.815373770085
699.798890702188
699.795686781895
699.776830840963
699.767464343666
699.746695243693
699.744824061769
699.730650028171
699.712741765382
699.678778759405
699.677413341781
699.65812070271
699.651860793948
699.638095411064
699.608440430223
699.608436625208
699.598859392392
699.597744674549
699.596139424779
699.574145837674
699.539704226
699.535541221774
699.53031282821
699.51672695101
699.481200088878
699.479733770791
699.439245225154
699.429990564627
699.418709656855
699.414386118943
699.406331754583
699.388522031388
699.382265299492
699.374177296818
699.373042068179
699.367377338251
699.358475312985
699.344944040077
699.34422116255
699.334773998247
699.308736312279
699.296546710542
699.29256911234
699.262806552214
699.252793228319
699.233874492823
699.231720116974
699.20718601135
699.202465992618
699.193801644297
699.187378452363
699.183928795269
699.16495858165
699.155683956801
699.150689348752
699.150355552535
699.148094951552
699.142071261324
699.090903908712
699.09010275716
699.082727538542
699.079939380217
699.077641513891
699.074611332093
699.048514218981
699.047625867576
699.037460858481
699.028481689498
699.007368479879
698.998913728898
698.984570670683
698.981585124554
698.974771597704
698.954266691696
698.948893860644
698.944046379773
698.927627493333
698.920762905725
698.918253395453
698.916679720462
698.913982401773
698.910842985522
698.906534881943
698.902945908886
698.898272815675
698.893434115803
698.889546661398
698.883015387498
698.879711184346
698.87606814157
698.849555491316
698.847176045243
698.846946646778
698.846799232208
698.844616681991
698.83963132584
698.836271299767
698.833957671092
698.830727819643
698.823591847853
698.821444572863
698.806756791846
698.797854383096
698.797772541451
698.790529139036
698.774795020303
698.772628995926
698.764779568557
698.739764286325
698.738119302299
698.730328496125
698.72659383174
698.70943399727
698.694923673149
698.692676212587
698.687547413038
698.666780059239
698.655356899636
698.654065838815
698.652656100428
698.646356295058
698.638727148123
698.627818700495
698.616259716897
698.606617483544
698.601559681108
698.595653584796
698.58716525548
698.58399782549
698.582199433077
698.581860416222
698.559546846776
698.543213126189
698.539723242705
698.52715840602
698.523872307173
698.511588265683
698.504175679342
698.503211033231
698.498011897336
698.496300643283
698.489915431038
698.47569094789
698.466712691131
698.466330602653
698.465377145823
698.455883428556
698.454798514225
698.448485744311
698.444771694458
698.441305784561
698.441024818277
698.430812066531
698.426877186639
698.422191445472
698.422019230031
698.420370636763
698.420143867933
698.41872495708
698.417973825839
698.390912686102
698.38928961611
698.379904774194
698.374070472719
698.372803002046
698.369850681862
698.357572002058
698.3411812072
698.331829942377
698.320957014465
698.311039450378
698.29716520139
698.287182965967
698.281975617286
698.264440819566
698.264142499199
698.250947938516
698.241843209689
698.240933270495
698.234610624452
698.234198204123
698.231020873763
698.219574132847
698.214886798026
698.210442804373
698.202869627396
698.192794634378
698.185478117276
698.182966388592
698.180273750573
698.173625993837
698.1396772435
698.137694984003
698.137451289067
698.135945757184
698.130934043516
698.130887605399
698.129914576518
698.128107027494
698.11942569193
698.118624748004
698.118390683846
698.112336206391
698.098857151915
698.094150296227
698.093073487049
698.091918471571
698.081994735801
698.075965225483
698.068231335194
698.062685612314
698.052791284131
698.038781617735
698.036654302812
698.036164689823
698.027433259998
698.015122337276
698.011935972476
698.011054482708
698.007768480414
698.001964729785
697.990907362205
697.990243269239
697.989709719988
697.985935553655
697.98131141287
697.979238578931
697.962538520331
697.959108753513
697.950036998347
697.943561387163
697.940533639727
697.932442434076
697.929838395555
697.928907159058
697.924276016865
697.923418752299
697.921403674885
697.920624465151
697.905445703061
697.902439859277
697.897722542641
697.894017589591
697.875186697569
697.862007360469
697.849484525078
697.847597704392
697.847024528746
697.846949363787
697.839672070584
697.827857802268
697.823295942511
697.82178090016
697.814571923956
697.81420529348
697.812361669338
697.810628782805
697.810439454957
697.808597162125
697.793364984191
697.792459281989
697.755940681473
697.753136726914
697.751190729477
697.746131047957
697.735773101517
697.73460524352
697.732685494538
697.730680670082
697.723884431687
697.720713255119
697.715831805542
697.713545447088
697.711950877708
697.704592476154
697.702676219672
697.690695793673
697.68310087487
697.683058873495
697.682224881692
697.681958618176
697.681043830743
697.679505925343
697.671110030234
697.671107010295
697.670998787146
697.669460340092
697.655333887697
697.655188166741
697.653633993971
697.651174117525
697.636725329922
697.635018390338
697.62295878154
697.618593666541
697.617755765811
697.617434233218
697.608169356731
697.598775547213
697.597848239281
697.596291577263
697.595954220535
697.591637453353
697.586612476567
697.58566265404
697.584839641929
697.58288921935
697.580745287197
697.579534020406
697.574382630253
697.572784227412
697.566192691241
697.559097408224
697.557141892183
697.548669829689
697.545780670125
697.534480519096
697.526046276302
697.522895750501
697.519728962289
697.511747099045
697.510268436106
697.509167704542
697.49921810942
697.494282951052
697.492595463649
697.490358330501
697.48038100146
697.475294453758
697.472263418033
697.469797069774
697.467470566285
697.46299652524
697.456575820717
697.453477577283
697.449129196377
697.44865297117
697.4466325487
697.435399286211
697.435158346209
697.429064522737
697.421799095431
697.420767091056
697.419589151151
697.409443332898
697.405162621711
697.403121413604
697.401864427604
697.390333797728
697.38626334212
697.385097003456
697.384375105744
697.379224603054
697.376526247274
697.373126084085
697.368809614971
697.364350733271
697.364133734955
697.35937170087
697.356337811477
697.349469894765
697.342733400504
697.341427665634
697.337367974007
697.333619118406
697.330283352225
697.329586778747
697.320103675414
697.304676804318
697.291262065089
697.283566289718
697.281936642931
697.273002044916
697.272719830163
697.270218546661
697.267035074023
697.265757532775
697.257430547984
697.255268626783
697.254065463051
697.25384660193
697.246557169524
697.24127709358
697.237220512319
697.233790594992
697.233132228605
697.22636160061
697.225708400106
697.222663024346
697.220314257651
697.219378011694
697.214882571637
697.20775516569
697.18150683882
697.173453028706
697.164146047557
697.163446766827
697.160574037145
697.156238081341
697.154373331355
697.151129138473
697.141846970151
697.137435813547
697.136414505793
697.135827496357
697.134151093216
697.133967710287
697.125797339713
697.123360344365
697.118957036206
697.115019435923
697.11294147894
697.105826810306
697.100602145894
697.097282893162
697.095116521765
697.09479900008
697.093677768209
697.092136063319
697.08802567237
697.085066640327
697.07471175912
697.074372265822
697.066889452756
697.060745423941
697.056702520354
697.263611547307
698.654302737531
699.231895776799
698.461566696572
698.382237061619
697.441612216146
698.425430275554
697.498079597643
698.967625033751
697.939572883418
698.437598290162
698.070263083071
699.196807710288
698.46811180779
699.4663348377
697.634883934692
698.616850713848
698.052892488113
698.817695975521
697.498245544836
697.278172475405
697.484206726097
698.502739924588
700.54953227392
697.890794342214
697.049296073717
700.272488392978
698.237426253131
698.019819737621
699.074417512312
697.050666710917
698.926719839704
697.616089609842
698.468757296991
697.882774593249
697.5349098866
698.320130804487
698.282767580574
697.415685015644
697.051626056832
697.135554407037
697.939309593079
697.405002285925
697.556248427233
697.145221189487
701.693549209461
701.76380355982
697.277293083016
697.433710846035
699.867736736021
698.459672902579
698.776278763512
698.943916786966
699.280137235024
698.628654291621
699.374927309351
699.051410838531
700.103484128436
697.090055498094
697.732928594041
699.083448036471
698.80578796091
698.882971085215
697.815690297308
699.160950649073
698.608497047085
698.88938920519
698.293979831124
699.535083302412
699.037594587449
697.08847406202
698.107512281011
700.376310574215
698.554300617942
699.036639502491
698.190736421274
698.808770923996
697.593769267908
697.267955385687
700.09758140801
698.894653427681
697.703633452677
697.588280996192
697.31542139218
697.151177250477
697.284804293999
697.317716243996
699.093216665657
698.279270760548
697.137151745221
698.448035946953
699.427686153276
698.833302622474
698.949068444739
699.966612908749
698.188882878465
699.534005416188
697.287473207502
698.333390648726
697.55710564839
697.823904515402
697.105458520156
698.066542604271
718.139765045031
699.993504534217
700.505016918112
697.078942983807
697.153295563435
700.433687469762
699.701447183693
697.257796764117
698.088952889094
698.568190031912
697.071143902096
698.326706644517
698.797746199894
699.454104852754
698.672973980528
697.163622509475
700.061111519855
699.477857355466
697.03785685557
698.319981626646
697.919104125327
701.259864571745
701.922904655667
700.007670895429
697.074492268944
699.022800616517
699.112166506221
697.144445384052
700.691098625456
698.169155866117
698.55581599411
699.837254214804
698.964337935156
697.177326407196
699.8397477602
699.715941936819
699.234063335409
701.248747664959
698.100812628227
700.433357051854
698.318168371959
697.870656286767
697.795663878147
697.326973419982
700.352095110652
701.000699645039
698.31296506957
698.229471374665
697.267280551664
697.363107391575
699.643333873995
697.558733261423
697.547159027437
700.673345420245
698.334840683689
698.177986402608
700.456488318986
697.070291245197
697.895290724973
697.527413345038
698.300166907707
697.28592791758
697.256260010941
697.719938330053
699.123098284408
698.397965134574
698.738338515662
698.531844294737
700.375093272911
699.739303476518
698.549570659841
698.518526950009
701.343359854591
697.420481157957
700.352573239629
699.005743779772
700.302350612017
697.238222674601
697.204474480311
700.286569357379
698.069058836913
701.749013380332
698.094808837226
697.476454549831
700.417443662406
700.147407070364
698.785113290974
700.109661424332
697.449117223376
699.520623311371
698.846157805309
698.584637457792
699.102402725238
698.869991098118
698.018627582677
697.884101049972
698.058806966254
698.76046915257
698.469458733497
697.703486331993
700.698944219409
698.250219010915
698.035962381017
697.238017718984
697.858944661839
698.832676372186
700.356575491336
697.167507868012
697.967965484558
698.241613099837
698.952460784818
698.658344703655
708.535725845913
697.470835908341
698.122758472716
698.635232919035
697.253463015893
698.732418932765
699.648284484284
700.648404020202
699.118444261157
699.293042179483
699.070440734564
700.853244774439
698.404247495394
698.890311286902
700.858204302881
700.606022239209
698.827680591743
697.079500889534
698.684400267571
699.741056080014
698.635536496637
700.3011411044
700.641397919102
697.773765189376
697.152341019826
697.630803463116
698.529707358615
698.658897847692
698.444863712434
699.24952201515
700.063595545701
698.927498319209
698.073067599061
700.345565620379
698.430680294569
697.804447539492
698.575653076166
698.017362590003
699.231291278358
701.635226422214
699.039540601574
699.269255195013
697.808014817267
699.111724866983
698.058220885307
701.080275942653
699.117084421116
700.692928212862
699.565124797275
697.390461116327
699.08652207463
697.103219859216
697.69925904867
698.131542983938
697.561673583306
698.049140215302
699.088782207162
697.351532904893
700.797060250426
697.380496387587
701.59365787659
701.422574106164
697.321744815759
701.568824651345
699.252081422273
701.399919217373
698.305930647432
698.789965656287
698.240745080849
697.088891216596
698.760069891377
697.512504575153
698.069113232932
699.208664468465
697.542654132925
698.818989580865
698.420127292192
698.023122452229
697.366777607528
700.55568323408
698.717481887268
699.121697112455
698.992492888027
697.645333540524
698.25829404345
700.49699547267
698.398134105361
697.463857702527
697.227084801522
699.829040416528
698.753017487908
698.863087103388
697.220509240497
698.486456530803
697.575276502472
699.076561447511
697.704113480558
697.976428419959
697.558939126639
698.689892190441
699.681620869325
698.573647367931
697.458992700635
697.552692942953
698.829831581421
697.49392617026
697.811007625528
697.927166553673
698.449785661602
697.934221283863
698.667995032097
697.189830298677
698.533249262201
699.780523817995
700.414268798923
698.044044090808
699.184294741252
698.64631639881
698.656559264105
697.986935059636
700.191100007744
700.012862385396
697.608189525202
698.16287387297
700.096544650646
698.058222761342
699.731594812814
697.395673386291
699.963565815568
697.952832385881
699.347713712059
701.210508438045
697.931583228727
697.660244867129
697.122059021727
699.091806523415
700.155255212096
701.514596778565
697.976548375819
697.47974363813
697.148114298754
699.706258247455
697.694002535721
698.206870436969
698.243239376307
697.132352882627
698.038327773938
697.617448627682
697.778809849781
698.059393205537
700.081615306047
697.44489343349
697.077253308335
698.634489851508
699.637852320447
699.904505465658
697.668170379904
697.733477066948
697.696647415857
697.882039991032
699.963040400403
699.534941168603
697.950690881926
698.02517767555
698.656308813019
698.429584099477
699.008137768103
697.202561453359
698.316782220194
699.776098899581
698.452252244565
697.348271253202
698.156435273732
699.29731506302
697.692306716237
698.343864370507
699.059679059217
697.808537087016
697.63436525822
697.91294966759
697.357197040389
698.151199959494
697.67401981051
700.661551978667
700.665014734475
697.995337050161
697.120950590673
697.688632781214
698.465744737748
697.157428360297
699.165799658507
698.594263341797
697.661255559134
697.181210442611
699.253929241299
697.072915954232
700.39660731693
699.663387759347
697.846268656437
698.561370134424
701.706304189551
697.314220603748
697.168596617928
698.545619969312
699.277527596596
697.655213496699
697.194776483287
698.19516452343
698.672291032661
698.820091632282
698.683759587258
697.350678840438
697.069898002898
698.560837165787
697.232598670355
701.012436927554
698.850616374577
699.973358008648
701.041144131071
701.876661366148
700.391852310328
697.740333477255
697.503844236907
700.924279716149
697.234680217801
697.738130873444
697.363278221672
701.332986106232
697.852142080459
699.128197462541
697.474666449103
699.486545798571
698.46908105723
698.143613334874
697.561429444906
697.756492223964
699.589794653595
698.718968554447
698.257013299783
699.913395043805
698.918497392538
699.336574818023
697.142189471046
699.22694244919
697.041397502923
697.357997794591
697.605679404111
698.469103545831
697.694368533489
697.198128269907
701.572288628457
700.368920255814
697.032144712847
698.443010376297
701.775846574305
698.75986914525
699.325433107216
698.370900505237
697.178412272886
698.911736476537
698.410529676092
698.134746950244
698.145338994035
700.615587061344
698.587945857727
698.634093490424
697.508135451195
699.771526829072
699.607810493201
699.202538113566
697.862243833592
698.47175425084
698.739747368247
701.098016456122
701.140107390737
698.928601347338
698.846886614384
698.582193855609
699.504731155368
698.269261776466
697.524224439466
699.552822452309
697.441454599712
698.802671492434
699.551905587014
700.513124372964
697.069053543889
