1092.64642473659
1092.51351552162
1092.40740661816
1092.39879641547
1092.33428064317
1092.30846066284
1092.19749380744
1092.17242446063
1092.1072425777
1092.10603941659
1092.07204958347
1092.06524370798
1092.03644829143
1092.02416294615
1092.02311931601
1092.02308367903
1091.98726646069
1091.9647514205
1091.95846497378
1091.95535839876
1091.95462849838
1091.94782970926
1091.91560006415
1091.91492164562
1091.90296533737
1091.89627192657
1091.89472010739
1091.89198685579
1091.89102631706
1091.86856869012
1091.8675237923
1091.86629699414
1091.85701897113
1091.85567968278
1091.85309887332
1091.85236127087
1091.83844223349
1091.83166535015
1091.80717265248
1091.79888790751
1091.79152811737
1091.78643864636
1091.78586613926
1091.77786291417
1091.76709000925
1091.75834465524
1091.75654113101
1091.75381359291
1091.74807767708
1091.74301212375
1091.73554792745
1091.73087301781
1091.72931237141
1091.7288340866
1091.71945995724
1091.71918955594
1091.71888335208
1091.716908829
1091.71162677648
1091.70937763542
1091.70836805795
1091.70233158766
1091.70182712741
1091.698888603
1091.68798267108
1091.68306752605
1091.68109702804
1091.67880081059
1091.67134111857
1091.66492785034
1091.6632296413
1091.66003794075
1091.65758711148
1091.65187627211
1091.64551332345
1091.64099800281
1091.64037894976
1091.64002750069
1091.63448917748
1091.6343456724
1091.63286378893
1091.62948381605
1091.62628693035
1091.62628050474
1091.62207035834
1091.62167665769
1091.62161568155
1091.61965391485
1091.6138588357
1091.61369772511
1091.61323227044
1091.61143531012
1091.60685295043
1091.60526170169
1091.60344394189
1091.5960299482
1091.59417923334
1091.5927610773
1091.58850145228
1091.58264653446
1091.58051054954
1091.57963691473
1091.57831630378
1091.5600447171
1091.55885173554
1091.5541940671
1091.55174549099
1091.54967628604
1091.54937316236
1091.547885714
1091.54496231008
1091.54429301181
1091.54186566864
1091.54040206122
1091.5358406994
1091.53379110276
1091.53226652926
1091.53114754631
1091.52883147522
1091.52268941662
1091.5210895494
1091.52102310439
1091.52043937038
1091.51921513761
1091.51904953417
1091.51716157875
1091.51411340025
1091.51381360827
1091.5134020673
1091.51262712293
1091.5112178867
1091.50571265568
1091.50471119411
1091.50444192971
1091.49911374968
1091.49646224236
1091.4957201791
1091.49502747573
1091.49484670917
1091.49324581357
1091.49134564452
1091.49114627217
1091.49092114112
1091.49083708717
1091.48961673804
1091.48905214983
1091.48327208512
1091.48285883603
1091.48106737922
1091.47994927821
1091.47981935159
1091.47882129085
1091.47515012285
1091.47511821506
1091.4744291905
1091.46618089572
1091.46461809319
1091.45624396049
1091.45613321216
1091.45612105058
1091.45214348439
1091.45189499185
1091.45126975519
1091.44962696902
1091.4464914348
1091.44424856987
1091.44266641271
1091.44232198559
1091.4419723753
1091.44162573636
1091.44124317646
1091.44104004369
1091.43601311197
1091.43600679686
1091.43236291487
1091.43040856257
1091.42887735558
1091.42485644075
1091.42305451412
1091.42085079641
1091.41655535759
1091.41590147939
1091.41570493805
1091.41105525198
1091.41065641268
1091.41054117029
1091.40972157151
1091.4079597104
1091.40723552735
1091.40640174311
1091.40536301765
1091.40227596407
1091.4016812008
1091.40083144147
1091.39637803484
1091.39605719814
1091.39501475582
1091.39456764442
1091.39258281376
1091.39255554781
1091.39093692857
1091.38965673788
1091.38932804459
1091.38840418702
1091.38704605785
1091.38690695165
1091.3866999269
1091.38407148047
1091.38315294074
1091.38234461789
1091.38065886091
1091.380289428
1091.37932482507
1091.3792587195
1091.37915658743
1091.37826625823
1091.37575754803
1091.37515945461
1091.37331303551
1091.37271685707
1091.371803476
1091.36944925471
1091.36682480005
1091.36673966534
1091.36476745207
1091.36425185158
1091.36393880876
1091.36297497731
1091.36036860233
1091.35636114376
1091.35526570941
1091.3520550351
1091.34964257212
1091.34933030289
1091.34904117588
1091.34573135927
1091.34539185365
1091.34254384236
1091.34055452648
1091.33828515634
1091.337010491
1091.3352927479
1091.3349906728
1091.33485577738
1091.33232535785
1091.33168250571
1091.33092120041
1091.33063414681
1091.32862271101
1091.32748900298
1091.32731473004
1091.32721592888
1091.32639149242
1091.32509680217
1091.32424071381
1091.3231643429
1091.32259618948
1091.32065851664
1091.31910418661
1091.31898560104
1091.31708548083
1091.31707590523
1091.31657704463
1091.31396249177
1091.31376232033
1091.31230107393
1091.31114978302
1091.31086872081
1091.30879268519
1091.30829523849
1091.30795149894
1091.30730303214
1091.30642279723
1091.30629657875
1091.305500623
1091.30541274291
1091.30447035133
1091.30419003341
1091.30392672515
1091.30249755117
1091.30137080723
1091.30126648547
1091.30088327648
1091.30012317046
1091.29815409882
1091.29698022856
1091.29561909254
1091.29480938327
1091.29394260341
1091.29338464879
1091.2927405349
1091.29265520292
1091.29162743093
1091.29032155196
1091.2892577841
1091.28748237659
1091.28647086495
1091.28571060936
1091.28555623311
1091.2842175476
1091.28232685179
1091.28083900655
1091.28049089253
1091.27890400492
1091.27732874568
1091.27725084257
1091.27681042817
1091.27648605641
1091.27639810192
1091.27424875928
1091.27217017376
1091.27103442609
1091.26826850214
1091.268033668
1091.26629186524
1091.26620808471
1091.26597946548
1091.26519435606
1091.26516538695
1091.26490621333
1091.26353125763
1091.26261604962
1091.2618231949
1091.26178987234
1091.26162279344
1091.26028943329
1091.2601954195
1091.26015715817
1091.26004114051
1091.25865735029
1091.25848775815
1091.25654464125
1091.25639828725
1091.25330025771
1091.24974870012
1091.2484404285
1091.2471018241
1091.24540074441
1091.24519925042
1091.24466536101
1091.24403478392
1091.24363166761
1091.24347446034
1091.24320788284
1091.24231694111
1091.24207746691
1091.24207076231
1091.24140237617
1091.24102471335
1091.24089256388
1091.24055393982
1091.23936531741
1091.23689342258
1091.23590918315
1091.23553227045
1091.23389411606
1091.23270383244
1091.23257046876
1091.23217372883
1091.23216545377
1091.23168541803
1091.23114022591
1091.22952741493
1091.22843275866
1091.2264202138
1091.22395485156
1091.22387969791
1091.22176706154
1091.22135645044
1091.22106935591
1091.22045895558
1091.21870188473
1091.21861724015
1091.21785320542
1091.2168786999
1091.21630903444
1091.21600608112
1091.21498605568
1091.21255356554
1091.21148348278
1091.21108137084
1091.21066854956
1091.21027048418
1091.20985538752
1091.20971045196
1091.20955035887
1091.20742879359
1091.20596448791
1091.20348370715
1091.20231709224
1091.20155983696
1091.20055913963
1091.20001620206
1091.19980062103
1091.19908853011
1091.19832521231
1091.19821393089
1091.19794498321
1091.19616772754
1091.19486522112
1091.1937563605
1091.19347096704
1091.19107858761
1091.18973139711
1091.18958685547
1091.18947103557
1091.18901269988
1091.18821288049
1091.18769090628
1091.1876501867
1091.18629156491
1091.18626178748
1091.1860991932
1091.1860842843
1091.18576587139
1091.18562591803
1091.18561595932
1091.18447088075
1091.18415494312
1091.18401916702
1091.18199157253
1091.17884788677
1091.17765791403
1091.17739313522
1091.1770594875
1091.17684934824
1091.17627441933
1091.17519325686
1091.17435321854
1091.17353122198
1091.17345847888
1091.17270297359
1091.17111208415
1091.16828838306
1091.16708487063
1091.16693004468
1091.1668272844
1091.16651413487
1091.16480770047
1091.16403999478
1091.1639207989
1091.16304638424
1091.16254371729
1091.16220365172
1091.16163597074
1091.16120330368
1091.16107644234
1091.16096947262
1091.15975124565
1091.15927456109
1091.15899571936
1091.15770479459
1091.15672777078
1091.15627863962
1091.1560643715
1091.15508028783
1091.15468804038
1091.15282813283
1091.1527467735
1091.1517287418
1091.151328321
1091.15121954153
1091.15116076597
1091.15076626755
1091.14998256702
1091.14997042149
1091.14899192007
1091.14886797065
1091.14703390424
1091.14648462544
1091.14600095481
1091.14536468053
1091.14494840864
1091.14347591379
1091.14255105509
1091.14160629886
1091.14132001724
1091.1408746842
1091.1406420259
1091.14029877886
1091.13921538065
1091.13745254463
1091.13603858083
1091.13593064185
1091.13581383242
1091.1339480723
1091.133511264
1091.13345310262
1091.13162553905
1091.13145652769
1091.13081726928
1091.13045100028
1091.12965754343
1091.12694074267
1091.12616239474
1091.12545681769
1091.12309228397
1091.12166545162
1091.18368979225
1091.30247444023
1091.36900434814
1091.23941717394
1091.47689967653
1091.40438392217
1091.19351580203
1091.12676307536
1091.45725272619
1091.23656406023
1091.14686158131
1091.52312265285
1091.24232136626
1091.35960007912
1091.82653662794
1091.64340851625
1091.26789373392
1091.1713976345
1092.14243046632
1091.18573810772
1091.33159730599
1092.28272509079
1091.67277390808
1091.30525148848
1091.23497235477
1091.58320512559
1091.24362326112
1091.32788331274
1091.22251820209
1091.57224894654
1091.17283829208
1091.62700910977
1091.30461276743
1091.34958135869
1091.57419918127
1091.16413229086
1091.3347670653
1091.34429576581
1091.54333199322
1091.33116103294
1091.56552091266
1091.2797254804
1091.61584344225
1091.26929200771
1091.12647161212
1091.32530269886
1091.21160376714
1092.10931102385
1091.18493152911
1091.68340192153
1092.44784686071
1091.30226267711
1091.23903707454
1091.16956410812
1091.76998975746
1091.68304844197
1091.48579278225
1091.14874343726
1091.17783218271
1091.45645676898
1091.53379401911
1091.51025425964
1091.14612495007
1091.21643850104
1091.49676274886
1091.13691880503
1091.4135277101
1091.25059361482
1091.62786744968
1091.16202712367
1091.14568032134
1091.14257431251
1091.12932657614
1091.13387723146
1091.53360485211
1091.40685594963
1091.39994807962
1091.19050744705
1091.34599696123
1091.47435959955
1091.87166408418
1091.68499681178
1091.55757260645
1091.33723555018
1091.2235151078
1091.34401432282
1091.57515354492
1091.3485131181
1091.28486728482
1091.37146318401
1091.44793831877
1091.12887260661
1091.20731075805
1091.27639342636
1091.47955550774
1091.67622709689
1091.68873628682
1091.15793368499
1091.46027611166
1091.22029207444
1091.43228255761
1091.42226102237
1091.46043747737
1091.25160132685
1091.2841569291
1091.21979396564
1091.16520482194
1091.94251028925
1092.11722006591
1091.62323655222
1091.24675054974
1091.82878307444
1091.21406133793
1091.1354356574
1091.80032151837
1091.34474642686
1091.12338161718
1091.32083391288
1091.19143701126
1092.09313065463
1091.47775726702
1091.73065003623
1091.44236134696
1091.44734694921
1091.17121649921
1091.80781871364
1091.36360949463
1091.74760141207
1092.05322586555
1091.29685858208
1091.56034985681
1091.3026672341
1091.92394831977
1091.42344270539
1091.18245894097
1091.12956541377
1091.47312682679
1092.1763591377
1091.34731357078
1091.79825640441
1091.13024786852
1091.22825897059
1091.27122019202
1091.30437476742
1091.26217871747
1091.49311858935
1091.12568878419
1091.21112939132
1091.33633826076
1091.47684691586
1091.41403283223
1091.53228772224
1091.12607271163
1091.26316522414
1091.46568914234
1091.58709821087
1091.24472957993
1091.12249899911
1091.51974857956
1091.13790782842
1091.7073817279
1091.1748203218
1091.37370764113
1091.34796149415
1091.15401991468
1091.54014032356
1091.13660449329
1091.17951044989
1091.15040325635
1091.16904111229
1091.1228301595
1091.33130805639
1091.58268316764
1091.40858072671
1091.74896128853
1091.23176986314
1091.42919194802
1091.92267313009
1091.16131635461
1091.20322062931
1091.27805104939
1091.32364257937
1091.29571219155
1091.16931466651
1091.17111742134
1091.14195469968
1091.31565965701
1091.16086949504
1091.50559157782
1091.26438083212
1091.78308448999
1091.16073285328
1091.19791621867
1091.33249965754
1091.19270958141
1091.2890063535
1091.20159715187
1091.18602427389
1091.30093674661
1091.14319213897
1091.90845608661
1091.35806723663
1091.5342145992
1091.32090886048
1091.13715906782
1091.13393587371
1091.61156754819
1091.77015399814
1091.80065544144
1091.16587596223
1091.15733957962
1092.09527043562
1091.19119884844
1091.38039756316
1091.55440941283
1091.17725922297
1091.60758970234
1091.15909947839
1091.22632523144
1091.49105667854
1091.25797022109
1091.4924057292
1091.6394595063
1092.31923453772
1092.61147685366
1091.23169871146
1091.21722917666
1091.53606708775
1091.84360106272
1091.17883046064
1091.70974751548
1091.51365809888
1091.24319817165
1091.18844170457
1091.37533005494
1091.49690691628
1091.30207492091
1091.72333667584
1091.3049952827
1091.28833627874
1091.18059335346
1091.21569558352
1091.44129346523
1091.19425738707
1091.25633682409
1091.16413600736
1091.27742108973
1091.38394496158
1091.16651153449
1091.36704358387
1091.18103326079
1091.16539901969
1091.43372695738
1091.85337765437
1091.17936137284
1091.70850010465
1091.27816565519
1091.45365146724
1091.34642253766
1092.05560942042
1091.22608816287
1091.21347038966
1091.57912554442
1091.27521362896
1091.44837335002
1091.28457697524
1091.40622381966
1091.34096786719
1091.48189170494
1091.2473031369
1091.54339848579
1091.16940888866
1091.97047117711
1091.34304490839
1091.32943934613
1091.35922981659
1091.3870215756
1091.49298096672
1091.1357706974
1091.91352641171
1091.35828798764
1091.46737297084
1091.3082765267
1091.55516765422
1091.21093077789
1091.43034829206
1091.75336418578
1091.23025050821
1091.33020387636
1091.16673255065
1091.5896288772
1091.88533925997
1091.2304839585
1091.59857077897
1091.14443608075
1091.13367783025
1091.12658269707
1091.23241195632
1091.56193057926
1091.39244225946
1091.42782848946
1091.64649237529
1091.2050030095
1091.36353062768
1091.93170161529
1091.14857692208
1091.58820508116
1091.57800351544
1092.15426025408
1091.31327796293
1091.24847261081
1091.4786593152
1091.25782357261
1091.31312041001
1092.00331708978
1092.12803716621
1091.58877082501
1091.45373502915
1091.1512085183
1091.17492668806
1091.13639600108
1091.47957047993
1091.14492521276
1091.12288231531
1091.12496697695
1091.49429876957
1091.22470286131
1091.98372924411
1091.13725735126
1091.24721816353
1091.45238686173
1091.69328430923
1091.29000369973
1091.74502131406
1091.44074042664
1091.14342143546
1091.17859995081
1091.5849272769
1091.15709297689
1091.14757220437
1091.41984830524
1091.38252576121
1091.20710916747
1091.41139119069
1091.95013665413
1091.44542930296
1091.85735014061
1091.59742588571
1091.18217549348
1091.23028367387
1091.20211404757
1091.13687921051
1091.29802430016
1091.17329163448
1091.23308119767
1092.24319047056
1091.39077706353
1091.29243729252
1091.42327566877
1091.58412310267
1091.6994834454
1091.16010190905
1091.22400113667
1091.39370602762
1091.64927149058
1091.18148866552
1091.13027251698
1091.90911182197
1091.61261801603
1091.32349326978
1091.39220068661
1091.19972541429
1091.37647070543
1091.12593943463
1091.41609899974
1091.92722914161
1091.17192119418
1091.3830957105
1091.76292345856
1091.17950100192
1091.57231627613
1091.1819524652
1091.25061488019
1091.72021114137
1091.73199001902
1091.14229040893
1091.36505655898
1091.29616167634
1091.40092753377
1091.50122009283
1091.63993260305
1091.35456442312
1091.27796270286
1091.25755801925
1091.22175367204
1091.27072816274
1091.55938004891
1091.22397052399
1091.29867351087
1091.40734146965
1091.37032697274
1091.27011883463
1091.48187645044
1091.54219008167
1091.25325694465
1091.43529378544
1091.22636878668
1091.3918294707
1091.19768310542
1091.82290353848
1091.44067253231
1091.39708357861
1091.50637874481
1091.88647396607
1091.25111934292
1091.34262638546
1091.44571182572
1091.44405778231
1091.53714357298
1091.25027913397
1091.3767138089
1091.23062491164
1091.30469055095
1091.28827365199
1091.3151959633
1091.24991764283
1091.60110147175
1091.33216888096
1091.29829790639
1091.35211396248
1091.38883073565
1091.33550420256
1091.16191211175
1091.52378730954
1091.85823211431
1091.8013920972
1091.23839765919
1091.31207794094
1091.24784811518
1091.51507411675
1091.15005754826
1091.40418785587
1091.15802772129
1091.40035225077
1091.31872000286
1091.16449138757
1091.23232726589
1091.2816234615
1091.26634141628
1091.40922577042
1091.16062240919
1091.12188682886
1091.31146980217
1091.85781514631
1091.31910724544
1091.46667758781
1091.15628594231
1091.15207337343
1091.19265532684
1091.28832602947
1091.53123972757
1091.37543250872
1091.27968358028
1091.82631172987
1091.36964232799
1091.17742704945
1091.13212023905
1091.23938889442
1091.43698760108
1091.87257898436
1091.81177646848
1091.27581995691
1091.34921419248
1091.35866611565
1091.76695264485
1091.95010153111
1091.33859954393
1091.28073387667
1091.43682374439
1091.28833299537
1091.41748614508
1091.13927423525
1091.81965479778
1091.19529527921
1091.58217605849
1091.48521022568
1091.46112762233
1091.2030320407
1091.35142659182
1091.1213371584
1091.43377885632
1091.30128951062
1091.47343120399
1091.24086056716
1091.56252439461
1091.35793852278
1091.27547965066
1091.93726218258
1091.3322808323
1091.16926537514
1091.13156700556
1091.75214760366
