982.193103561515
981.372129545564
979.760130386366
979.696510506972
979.54361490534
979.098369567923
978.979095011832
978.582709588848
977.548198201224
977.542802311821
977.249602222416
977.101326175566
976.890388348442
976.712552673788
976.419609851466
976.306790030688
975.975404764718
975.758167115506
975.677355290148
974.79887488669
974.649989857277
974.62090267322
974.576270643277
974.543996521173
974.393817742031
974.363715908392
974.352082206989
974.156882664822
974.14875900084
974.060491730709
973.829279741692
973.689974338558
973.667402387028
973.610978196359
973.575338519486
973.554993575282
973.481002886709
973.465016332267
973.42702989234
973.145795423392
973.084029759837
973.043905957527
972.944109773347
972.93809117261
972.938068040413
972.92340168658
972.841565430469
972.837697594637
972.816557152443
972.789740422554
972.619301141088
972.601455001011
972.561632804801
972.560529262287
972.416912294128
972.408101031665
972.388343151897
972.335793692211
972.181440897336
972.146151634755
972.021009823972
971.961775335181
971.856229659081
971.846152797424
971.681911300695
971.637667138623
971.619271231309
971.562589882532
971.553122524963
971.535091088935
971.437923929278
971.431135316097
971.391677748862
971.351530194036
971.318124968578
971.31664249944
971.235112804598
971.147352751892
971.103826902603
971.069303874235
970.996374602289
970.893502470359
970.858383291177
970.848862929107
970.833888541483
970.74489033694
970.690943974087
970.645481138814
970.623057306813
970.550650571355
970.544810095616
970.517296890696
970.495678396451
970.48660925687
970.477260565539
970.467084908953
970.438326360613
970.414115247595
970.409627646784
970.408112890259
970.304165223216
970.286807835202
970.275316096331
970.267721373866
970.234355468136
970.101444890127
970.064045512704
970.061674149801
970.017253552006
970.012954954491
969.998550073699
969.948726793613
969.891644250941
969.873146744133
969.869950865056
969.869328705338
969.863574439165
969.853674519835
969.846311471667
969.760324722676
969.730569131904
969.672412125884
969.670254311114
969.648568769541
969.617951111818
969.610363759416
969.591676951898
969.566938607442
969.508213417238
969.465851183894
969.403650600978
969.401688059207
969.400136355289
969.3862628151
969.381824513755
969.347547329913
969.260243698407
969.257455418941
969.197308748001
969.140203992578
969.086486526183
969.075727467893
969.055255849325
969.042467806691
969.038965274033
969.007183085553
968.996952590384
968.982729460236
968.973854082325
968.96675212131
968.961613667843
968.934511222594
968.926001070512
968.923124969327
968.913147409439
968.896349019104
968.861526853453
968.836489274274
968.812907892208
968.796298791458
968.739532880251
968.739450160325
968.731591933379
968.713464577069
968.695610374513
968.694386134555
968.675470924904
968.666439540016
968.655007087817
968.624495812486
968.609347286681
968.590473467555
968.567085700138
968.559015460456
968.504037108479
968.491495270678
968.466871109638
968.460911344797
968.441349277536
968.42425521712
968.398410340569
968.380405610591
968.36970618947
968.363979217064
968.359613683392
968.358703140602
968.338719915509
968.305404127492
968.305366900203
968.199025318859
968.197534751738
968.185886787832
968.173692440889
968.166659383084
968.154615846051
968.139757833179
968.097820767777
968.096261327606
968.044566613282
968.037324721866
968.035079211262
967.954442904577
967.945120350613
967.938656670268
967.902321789355
967.869238838217
967.865324145977
967.86525084996
967.862795721802
967.853631496668
967.831182466232
967.793869059585
967.773019484046
967.766251165762
967.760763067461
967.757979796139
967.756673825344
967.752506110872
967.745231392139
967.731875198182
967.717694490311
967.717174404479
967.703159633036
967.696317316632
967.695982122137
967.633212435639
967.60377483552
967.583570780099
967.58109870952
967.576783450438
967.537763272243
967.536272609559
967.515761835411
967.49412691845
967.490858136461
967.46725274033
967.456836355389
967.447322713454
967.442503105718
967.433806660679
967.405850239766
967.39677443786
967.395255732662
967.382736283785
967.339232426215
967.33609960252
967.321984748351
967.312610886478
967.306582496171
967.294752086905
967.285872607731
967.265601195054
967.249818154151
967.248790709813
967.240583628791
967.240241495971
967.23572832364
967.208363895613
967.193972247134
967.190284724725
967.175631464971
967.171386107546
967.165677049063
967.096251370556
967.086901993368
967.082585569364
967.07601451466
967.063986435959
967.060996976822
967.060955486125
967.056093074384
967.051512866895
967.022357447693
967.022349930372
967.022040600414
967.01488521737
967.012670642668
966.99576773632
966.98875004344
966.962116468936
966.961094220659
966.960659157357
966.954433908581
966.946291950293
966.901283399676
966.88609103088
966.877976879284
966.874173696327
966.867219695216
966.798006096082
966.790642020469
966.773246573065
966.761229660869
966.760505299292
966.724147068338
966.715087250637
966.701513771268
966.686900409239
966.669359724919
966.656321401401
966.635138297986
966.614393362794
966.605047482336
966.577727811843
966.572156221787
966.570175263141
966.561872059757
966.526260650008
966.50927035008
966.508525920261
966.49117753565
966.485470483149
966.467918477696
966.446269378172
966.421904529339
966.412864899296
966.403640462252
966.396272896189
966.3796732813
966.372541819502
966.349753412918
966.331474824199
966.316527997533
966.309522837511
966.305536651162
966.294938048137
966.293383036151
966.28274919897
966.279615792439
966.256998497685
966.236659743021
966.233180623135
966.226212791007
966.178730031656
966.163335237814
966.156538199541
966.127653103386
966.124966274632
966.104257596968
966.099811887748
966.096592264719
966.083915274942
966.082664109936
966.071269616483
966.068606643373
966.054882208677
966.050110739499
966.03497249948
966.026774335559
966.024251466343
966.011935677656
965.999802132108
965.998929202952
965.978347506425
965.972164040691
965.969056482901
965.964051935158
965.961632090672
965.958326858522
965.954614380048
965.953520690189
965.950075640721
965.943001878574
965.913434711799
965.904399920807
965.897772637385
965.881188432711
965.879369876657
965.86648236316
965.865909840973
965.85856727951
965.852593660528
965.846805995958
965.840769277172
965.816739630136
965.80336333221
965.7952485429
965.793143436031
965.793106628151
965.785166479084
965.783144367482
965.768310654764
965.764481732285
965.762499523272
965.757123936862
965.749837891335
965.732630404573
965.724033348414
965.708042752342
965.700953827656
965.687792459162
965.659652444511
965.643529721442
965.641478915607
965.640427600629
965.621334658826
965.617742731658
965.617701418597
965.613922577165
965.608724784652
965.601681902288
965.551488002469
965.536001730258
965.53507527742
965.534800724774
965.526069650463
965.524916065735
965.51271040196
965.498528072629
965.490160090257
965.466675826572
965.466625297819
965.451673139746
965.450944412645
965.404552295777
965.388974155735
965.378809696507
965.359685901418
965.358696154191
965.344299104691
965.342501260904
965.314710609241
965.301259551109
965.278532255575
965.271655068833
965.269003325029
965.265699240775
965.255021278467
965.252674979479
965.245272231072
965.233044779103
965.192681038126
965.183523577583
965.155322816352
965.155225750483
965.15476475957
965.144091845663
965.143705479344
965.135589887894
965.127248102778
965.119753865291
965.107831634532
965.100221759502
965.097020117167
965.081975927198
965.072930594274
965.063988320909
965.059239035832
965.055977982853
965.052977472678
965.052483106335
965.039613323561
965.030275563172
965.006483916999
965.00333995858
964.999930803775
964.976728579769
964.952008756997
964.946647020511
964.945184586406
964.944143384418
964.927857946023
964.92754739064
964.919899222753
964.912870078648
964.907697480346
964.86885174012
964.866502031384
964.841569264993
964.819514400534
964.81826192715
964.806591987718
964.804953841368
964.798057753203
964.791171496209
964.789488575442
964.78393712735
964.776182565982
964.74992480864
964.745168486247
964.738090038782
964.736889489811
964.73147144308
964.720075460492
964.711976121693
964.680459355123
964.675810926714
964.665661866985
964.662624351891
964.646714264905
964.639915622728
964.634421012695
964.616578250593
964.580987222142
964.579150373721
964.570632451933
964.570609230218
964.558275006481
964.749513914641
964.599036271124
965.558288096868
966.161083637006
968.582759000144
977.895148255174
967.56024594306
965.443476893812
966.304413042447
964.994682780117
967.407973650426
968.692472597081
967.134370753159
966.532612199968
970.881399528797
965.692355879625
968.767313378891
970.105779246733
965.634366762426
965.314976799335
966.140169540835
966.390468465846
965.660869724652
965.137402474699
965.775990041609
966.96180410897
967.571048272618
965.52086469901
965.954309155991
965.549737470964
969.406722891269
972.007870889257
975.10177358691
966.977256442656
969.65614024678
965.752251471919
965.438817717076
964.814062242342
969.082664559259
974.228891354582
965.071862736058
974.363704088421
965.576002482838
969.103582311029
965.20947853227
965.138250317556
966.014555182098
967.660149298847
965.886355849215
970.939462687126
968.07139529427
967.100288464404
967.743560417302
966.660351970446
965.340173350843
968.816600263901
964.746896259926
968.887534453949
964.658018170557
969.171175138982
964.929952667945
967.837312085793
965.807701880622
968.409956362804
964.648676668355
965.25060147044
964.902310041814
964.87536997766
967.251007731938
965.690703525898
971.620312787017
965.484087237401
967.616974767931
967.925910962206
967.985579517712
969.17601620544
974.683711419557
964.860895851523
967.835348557318
966.307867702093
965.281081036393
964.638237183127
965.029170067854
966.283976378033
964.796785278269
966.071212940751
969.090918648323
966.170968263183
971.143026085678
966.775367609209
965.128467892606
970.695061591715
965.770781827891
967.516736943816
974.313041485362
971.700304505096
964.560503523163
968.11427725763
972.929358188016
977.27195736275
972.460158378672
965.400553487826
969.564402411712
966.87966368009
968.664270723833
966.548747810626
965.012547654049
969.096929287493
965.962488380219
964.923135980023
965.062925283082
973.931622789259
968.224386151062
965.469584782496
968.187922764596
966.00681974395
970.950728883797
971.986592271169
976.643003067982
965.220539178299
977.029473015398
967.955189751496
966.383929968253
966.068180906759
966.308794864779
971.443268856681
966.75534412571
966.411142863206
969.190244663813
968.22088331925
964.749705677038
967.931622414427
969.617615588346
967.067983779734
968.058766905845
965.569567510383
964.639108785865
965.386857275081
965.687856155912
966.816817961149
969.041506467618
965.794800344417
970.963149118743
968.723814862354
970.013084684771
965.475156558713
968.968658956689
966.425094546276
968.18494484214
965.793751478819
965.405662667039
972.187715190593
965.54892803404
964.627657813625
967.309887375953
970.033100569459
968.095683325498
969.485992674976
965.341126615157
978.993826944306
971.17946862601
969.206132029924
964.922426086939
969.178777730647
970.223332649538
965.139292145402
968.83547023988
973.136827917312
965.858284605864
966.851035000621
965.248494516708
967.464634209107
965.864242828347
974.626775972383
965.854343764221
965.549467840735
967.120521847957
968.392395397382
966.16211428902
965.888700294182
966.021496168318
969.325595662294
965.568972995899
965.978434022019
967.082621938634
965.312671527283
965.66355617462
965.525438738867
967.811753118981
969.771742527378
965.098428070106
967.482837003442
966.034193780541
970.543250489723
967.385853220839
969.661524852945
965.355848957199
967.322780440361
968.987688885095
968.433470819406
967.757338849382
966.027393533948
972.281728823273
970.287187066561
969.918947789064
969.985212333533
973.219877169818
976.127709954696
975.553496726922
973.811444770334
966.388197669177
964.563458080183
965.253840819925
968.237700402615
966.379078360381
973.482288245272
968.817930851175
967.715493335871
966.745993026257
973.012830628391
970.071534286225
965.026108153547
967.330984158579
967.550027323714
964.919422914694
965.355638390979
969.967279276137
966.116970035005
964.801719274734
967.444939959706
970.365864025771
968.548022106951
966.401234561993
966.035822934395
964.805615428421
969.92542750504
974.668852863056
965.582083135766
968.264010542745
965.533112778737
969.746093259732
969.548569904752
968.233702761763
965.572769602208
970.491116290721
966.580924038764
971.385008495895
965.648327668513
968.547823500745
969.157801102064
965.351174659308
971.699973627305
964.622903474856
965.318409412234
966.868511089885
964.711250723342
966.033573073094
973.042098539354
964.609200255882
970.326663461839
966.993150992965
965.318623190872
969.443539378435
964.915850172466
965.479053830856
966.268813821066
972.323930924678
966.979509657245
968.854342979627
968.39701141731
978.51029916659
968.948678258794
966.560042336739
967.716040570341
968.007313302433
965.022736735595
971.684573310885
967.33801924444
971.189631556817
968.739315989413
972.448912022114
972.548043638698
972.259326996676
966.554030711462
964.767902197682
966.794595453081
964.922082361064
965.341871630996
965.87498047609
965.306390206638
970.13720319536
965.003924440192
968.727541541563
968.418170995555
969.871439466593
965.045611343675
967.75897900331
971.220522205975
966.016124273833
965.835130469825
964.72759566997
971.298251358481
967.037908574039
970.608661666212
964.624287215622
968.399921794712
967.73367849063
971.855685382111
968.900139550096
967.461803762618
967.045968830061
967.486225840402
974.50678035775
968.825236996259
969.062178704896
970.45289709844
965.449755097628
973.664430452915
965.149205932852
966.62406851514
964.595561963883
967.145184517064
965.229745791261
967.981042275719
971.802676777562
966.737828633598
968.787945692755
967.869266486963
967.786621985028
965.717998903552
966.26626638988
970.979142903837
964.741141665446
965.331396793591
968.372131765591
965.98036081669
966.689867984919
971.42843464223
969.607250741782
967.062489523003
971.500478071052
964.71155297377
975.545450336285
967.898463838569
968.315954127116
967.914866338283
965.586277989
966.631481234706
970.632179531098
976.181265790251
971.286221597799
970.721996633606
966.424703643767
966.503222671956
970.279718509085
969.616601091437
967.7444800738
966.774981276985
967.815977837362
967.431608284971
966.59700218762
967.532655292426
968.757306473506
969.837705373923
969.49096263145
968.450270476948
971.596226223597
964.637268046857
965.275903904456
969.262696226807
973.211263021733
975.395461185877
965.42942292378
967.896035589396
966.987822931303
967.773734923245
969.125408931704
966.361360556031
971.574632736141
967.782458968999
968.959143784032
980.859828912349
965.956865596755
972.271392816959
974.770437214373
966.817259619055
964.824128154842
966.064826457238
964.853010695833
966.834408880618
973.00569427715
968.37278442154
966.098623018947
966.791233712275
976.441589420093
967.985182679954
965.945909733381
982.63871112223
965.669055693122
968.997589621811
967.303295114444
969.579571462053
968.521276671567
973.349400758675
964.698413403125
966.159524411168
971.493375508682
966.74940782352
967.42410178344
966.582558486921
965.297925701485
964.701205908401
971.275132572128
966.221553475739
972.536538211064
965.328149259115
965.167282562025
966.1215753789
974.526924490373
967.552404492516
967.23959670257
970.386017723914
966.966186186323
966.560995602205
965.515227478093
966.43371389723
965.906375144327
968.847389116764
968.442714766557
965.245169031982
967.020262107322
971.02464754451
969.374703735474
972.708167922847
969.947954699682
972.682058897421
965.310840455089
966.993627497822
970.213327161116
964.640022909911
965.314466043152
966.87705218269
966.556246096327
969.512656030804
970.749293958699
974.152490731877
974.614331574923
967.624506277636
979.635394905473
967.059351330221
966.322186872829
967.550932412262
969.418453682076
967.936594515628
968.209798066014
971.780158040583
965.708549853425
968.344666235468
964.895991016506
965.657765377837
970.978091761979
968.705749063571
966.631042521136
969.129910041267
969.042117050562
964.919519906467
965.411697792801
966.562165930041
976.317521008342
964.607127148374
965.65465367466
967.661140309522
966.730686339674
965.02748435315
973.825097249441
968.679855921899
965.987969979274
968.95416265466
970.238557854636
967.351909622593
973.076673853994
968.362287373734
965.690633967948
970.166304471032
968.539428718254
965.376602421913
965.409189897835
964.813313048095
973.738890150505
969.675568984156
972.920475861763
964.592688141508
964.661689372321
972.812236607088
971.443382597534
969.236903523331
967.147094864674
968.405350388826
964.813337572161
967.837348038068
978.57151603264
966.910255822309
