-456906.84191621
-3872195.81842108
366.570505701936
-921806.242195311
-13447.3441985194
-20840184.0986371
-84309412.359859
-16680987.6149553
-67862.6950157686
-18551959.3327868
-908073.963865661
-22472849.7196404
353.728556334397
-2909032.2354499
-11547565.4268294
-69607254.1516205
356.564378670316
374.43464761022
-8172.97068465151
-670584.92740132
188.858837679486
252.532264716989
-4983.51256749787
-61108.5845815396
-2932.31902809263
-4476557.54609647
-14460220.1951452
-1587.67742452877
-1812667.89468249
-299.497609604447
-4995972.50497866
-17350312.5426615
-156022.319449075
313.832502984529
-96234.1178632256
-4350.13666772902
-146604.47892869
-5749.62986301099
-10784.9259635402
-1200634.80410355
-13.291331682043
-926.855558667113
-81913474.7013581
-678017.10080665
275.296436530299
-16454.240207439
-7762850.5290194
-637.476785559213
-66051.3935716629
-6556926.19187994
354.313797538672
-47898255.1218833
-3741.81932123615
-212601.825994635
-4029078.47172762
-44059.0041205869
367.054092674466
-120039.496503075
-23223113.9337806
-10430.7078829207
152.55737548257
-81029129.0969445
-12296.0932409021
354.424252661203
-20579.6711063601
181.032829021984
-58911188.0635776
-6359.85616782048
-2254.07893175795
-22626.5446682734
352.5067670552
-654.663015729749
-2100.38161207449
-8151109.01092083
-942039.968881222
-1332997.00252884
-23193284.8878668
-4640369.04920485
374.486162018461
352.408121506955
-595.613091254824
374.597000867061
-2413267.58669281
-6057.16142548371
-4790650.10713217
-75763.4569059816
-294452.081538838
-387.632347917534
-115374.352651032
-23155.2306748811
-10389.5419638525
205.710780615676
-1072770.67603579
-119529.813436554
-30687285.8320541
-607338.591830204
-4601.8004184753
-2543.44119144779
-4483.64876214481
-6608992.42915141
-81434543.7133609
-235709.737509301
-16857648.597622
-21822.0858643271
361.135796255101
-882.060195898635
-3414.5440270578
-13095136.7117353
-1967761.67919
-49399.5714995289
345.444652688371
-204.743797957163
-3976.9043220826
-6854468.25590593
-1900.03846095532
-748.40403401726
-29694.8993277183
315.480584651414
-2530549.32204762
-26093.1727492472
-3083360.342048
-75159.7595068592
-1627.70978705296
-9081157.87758106
-291028.514903293
-28592865.301225
-76.4317648201507
242.068163046623
-107317.938931232
-280907.862160298
-852664.071113998
-19172.5145582063
-414.833037281195
-34808.3355991711
-11468.3594711654
-226.35556208328
-3332.12813057041
-41909.9972973346
-1102981.36353219
-43393.851897949
-1034400.85975527
-464.296913861904
-65183.1112934342
-2202062.80413672
-14820.4631726581
-81562.2688528974
370.587937799135
-665283.059972621
-19283882.9822861
-34628.4551960539
-6639.25881717314
-7505.31323092189
-40216.6532060936
363.999425938235
-81204769.4981573
-1817359.01223997
-2224.32606952509
-278545.336518814
-1082.28376201281
347.148806142253
-1417340.59275851
-4448.06225041529
266.433096729139
-683711.876614465
-2939575.32730114
-42392.6192283932
-19208.2577811423
-9013.4260857608
-57160.2330081703
-20077.3099134882
372.389129870734
-463.121415795184
-4691.62296599917
-104246.82294387
-809.910547331898
-28897839.4383109
-64288401.7785571
193.21571355008
-44181.807627342
-7378.06799277721
-858.166475791594
-68888.1250678856
-7862.27563972739
-65054341.948761
-175.226334505555
-6173.13269514212
-67014319.6175671
-601327.989202142
-1531388.63805737
-12552289.18561
-97955.3683233442
-10905512.510644
-3243.16086947392
-636.286743242617
-36541.7739993793
-60389.7526416906
-240405.833742285
-148.754163140005
-60025.8324768325
-134382.022290999
-5945624.72686729
-52064.4653736075
140.830321549614
-211.524476026593
-5137690.7934742
-144651.147972805
-259015.464232454
-1394782.53896485
-100096.391841298
-469.465919938428
-148829.66284047
-254.824946268868
-73338670.9970711
208.446182852829
-11050570.6757491
374.619634896717
322.652601015477
-610192.293734743
-5175259.6180924
-2037225.59510887
-102109.033245064
-626673.138238429
-5092.98208171312
-1633211.97862424
-11311.7200476732
-16604781.3525035
-17783960.648862
-250949.463554729
372.526284941642
-283.27688173579
-42595471.5625941
-24770429.3218453
147.006766384543
-129556.728565955
364.590602232083
-612.803698993036
-797.289160043393
225.932201426395
-14690608.0931448
-988465.176015785
-182.88773943627
-55638640.6487617
-408.570219781071
-3408809.40661125
-70751971.3592132
-4723257.59667179
374.579082452954
354.943820702038
-32364.9387887133
220.882719407714
-3052.54029189038
-173.332793751231
-24327.1703039405
-10580553.3349805
-15607347.95736
-258599.151132457
-44121266.7707846
-55594767.5014221
-16009479.7385381
-154867.712067995
-9953956.13614093
-19.9998309592228
-3526113.17421422
318.111233061269
-2219570.35285548
-34326.0087039183
-23948957.6803102
-3778.40924864646
259.586786887832
-21956.1260641484
-5142357.2474036
355.870211689648
-4162551.64685761
-1914612.20300703
-651540.927805029
-6038.17077581004
-18323.9714964058
-13735863.1847141
-4055947.63964387
-585951.360918413
-2971.71162931672
236.229357691235
-18958.4037345121
-43257204.3137144
-20154717.8905707
373.602328514975
-10189.2871214101
-4129.69321278734
-267.975265674427
-29434153.8965719
-791080.010503773
-71433503.4646228
-260220.80263801
-30238691.7911447
-6042238.61342997
-1593192.40627828
-52309.069919909
-69957495.308254
-1883354.78716584
367.461877936514
-37443.3252328678
86.1747032735397
-760277.905001015
-160.861137871208
369.234592244966
-2252197.86039161
-4786.72102794304
-230701.486248763
-46796.3182816446
-102353.288660459
-6019.81614261395
-494.797579820251
-61774411.613694
-31151163.1287255
-510.001005432462
-21249238.2426859
-5523.60570452218
-217756.985162103
-2083.3310559016
-14202.9493398847
-44593.026988391
-315321.94200336
-510.276522173902
-204955.599847128
-97241.6683803261
-148894.226400639
-122846.973998433
-20751.1744931321
-70417456.6054367
-22400.0181717006
-222835.714748394
-11546854.0680193
-516927.944971189
-1315791.38452595
-698.242578172358
277.740340073514
-37576550.2843447
-42893316.9000656
-349703.919039605
256.2752126611
-1744666.47855848
-17455116.0648322
-1008506.30510118
361.513483172086
-136627.754216824
348.681060327369
-232493.087526966
-3447.29832255823
-297692.028492986
-91668.6558724152
-3099.46379497841
-30084.3095694211
-7181.0997285784
-998155.029684143
-15954042.9474254
-2241578.5699465
-357.880668472587
-1866433.54742377
-5136584.45341237
-48405743.2518971
-310.15446630284
-4121744.03902696
-20879078.5067008
360.263762071211
-66013864.9821895
-121462.597478885
-1275.38530104622
-38375906.7559707
-2834471.3910211
-863.39289164543
-33169.098851952
-15346657.5632139
-223549.156792276
-443440.925557973
205.791242393506
374.408557782603
-2390077.62739734
-1951010.78937877
-26.6856234071132
-6302.63748307041
-440845.510278967
-7840.87335137246
-35844.9130467851
-2591620.91523975
-6023339.20433946
-89365.6725916119
-3340.81158018133
-65.6732075606012
-79778.0130397134
359.816215993817
-6329584.0286914
-669.087415281587
-685452.925261782
-51678.8244605206
-365364.820411268
354.567306711722
-1634752.40080224
-11350006.9967024
-9774470.49328208
-80108931.7247234
363.931994414536
-21508.5928451105
362.497815644057
-7062.9047275561
-1378789.67784722
-36.2505425397247
-85272163.5189599
-15302568.2318399
-1209578.21820438
-26236258.7991628
-48409.5921170555
359.238957502257
-23301194.2425394
-86176.1076072804
-184761.59205892
-1809.51171199222
-2673749.87157678
-21651.6880765081
-23112.6109222753
-1106112.92490192
-32654574.7813748
-2482573.03667305
-3189.5548282325
-2353157.74599137
-13030325.2306095
-148675.315915304
-17319.5614995343
-34790.3007035246
-8268244.79397595
-3343306.90957422
333.099265714794
-759191.272797159
-1502.03367084036
369.149645585497
-5944977.48377204
-802891.062233782
-9840196.55503259
-988251.969093416
-2355662.53427235
106.226914952404
-8452962.78133983
-179384.636119024
-4649.29581641925
-7810083.45845431
-4299369.3478615
-3652313.19075681
-17853935.8063756
-64662833.9801159
-3419882.98125241
-5438718.83935732
-57459.9935684254
-2555462.14484987
320.753838840759
-3377.44632028736
-874902.640364965
-122297.057519432
-2100772.21755983
-266136.137086032
-1302959.94179076
303.891228612139
-647958.928482484
-830.733186522873
-2039349.41651306
-2087.18967618471
303.160760835141
372.856564582894
-7327.88075607547
-742.005594959005
-10439.3469154925
-41290523.4491954
-315661.549558912
-27008642.0157372
-354972.842029504
-2369.15598193184
-1337932.88080257
-37425.1369783031
373.747345804497
-293.843719044931
-128502.683396972
252.245841171892
-3374099.55540258
369.797116576927
-6977.81047128709
372.901270191723
-20757.734770291
-31135.068241213
-17872.8844551337
87.0214235431456
334.707550407833
-3062.8706116509
-113997.223784416
-9821.40165823105
-3378.97348668681
-919944.191352371
-1879441.8836859
-6633.72145898777
-705.520396838093
-93657.8049850498
-66904.8999841834
-325140.307117519
-10255761.3684276
-919648.274215625
-916.492920626638
-13984205.999044
-41593035.1434421
-61983120.5428417
-24427.0136284167
-28217.9451460777
-715.998186138341
-158798.047737414
-22584.890144808
-60398.8705703141
-360667.287567408
309.59452602823
-200.688838498987
-235149.10897022
196.522616799451
-2124.90661130371
-107686.771322274
-785.41275260745
-27906619.3159683
-3211.94637249546
-6015.79277499699
-659.757363770853
-611041.228239813
-17902035.2943344
-694795.963842629
-27463.3656461543
-168.756670143869
-284820.491674478
-71445.7136483736
-10437460.0513448
-21437.4730521005
-4974354.80863417
-6264050.65986021
-217858.604257289
364.526917508899
-97980.0885889758
-199552.660483368
-22723513.2003723
-1246999.79812092
-23.6707455956864
-11517855.25717
-487.168960314667
-26213.5998802442
-1672132.33714742
-701.46668118222
358.621445405987
-105888.701758404
-2440735.648026
-1769676.6922979
-909863.14444489
-151265.396751847
-25801640.174409
-751.852525187275
-7707.9857164787
-99314.6332104692
-1588396.70325007
-217221.338447488
-817.935016746302
-495037.537731824
-984899.799384061
-11819495.2184413
-527091.064411639
-122.767609077775
-389086.077091553
-8726.12438899121
-1306.17824910055
-471698.061026477
-5292822.87705092
-1132808.85781874
-76045.9722809786
-692.819675229538
-2722249.56568422
-862237.308884797
-80059089.2087509
-1896.55497225837
-82928675.9372801
-546912.575585611
-3202.85256503944
-2292.72070556077
-12983969.4580757
-358182.280558976
-361684.386834684
-113.333906363753
-816.388776928047
-277245.225257792
-7841186.06409222
-23369479.6847147
-1823833.39082598
-360752.584001493
-255690.363464607
-6480.93460213493
-5745.54963237925
-22181.5556299548
-18401659.9011082
-1409673.71657283
-33372.2951109021
-2230.73573419494
364.479934790294
-16017918.4667762
-8369908.36383101
-5538398.89740722
-5073.0688928422
-7360281.00599784
-1796.86525004309
-2863.24774057433
-26011.6086720131
-6489.66864705518
-16843094.4757955
-147.51781708842
-50034234.8945972
-2401.13070068397
-262690.572273719
-426736.776984331
-9040529.10945313
-1335429.48923392
-26908749.9339952
-2751813.19149926
-593.026396217546
-15529.199512451
-26455926.9426118
-31352815.0308065
-71678149.0258372
-10841817.726328
-12087788.7425338
-25418561.8634441
-20657633.5986763
-64977.2994661421
-59199.5366028326
-40089141.1129396
350.746284059652
-945930.777742167
301.589592936874
-1166576.48567968
-686698.856115588
302.827015021763
-66235485.474937
373.014150937793
-10919.0604838593
284.687473496089
-1874572.91567595
-525016.026651738
-5212272.35745591
-3497.54388575839
-13750698.6705095
374.627557475257
401.085896198585
-32359.7164762945
178.974625785243
233.644320657465
-62955.732342497
-51418932.9133804
-11227.1158951441
-1030710.16642699
-84519010.0073041
345.388584660214
-3888834.79869706
-2866.76780133919
-18531151.2993634
-490515.319569807
-47072234.0510849
-1195797.70807848
-3299609.73483651
-56470950.7909248
-19171.7456223467
-523102.943235305
-3249832.60151649
-41401414.8334722
-17122.7677051739
-982794.507520562
-29337.1184587433
-8379271.43027869
-41807.8487654861
-29978032.2797967
-13773297.2284536
-33116911.4175152
-249860.080900873
-8352455.61669115
-124570.888310778
-341834.431802997
-6897038.82673026
-110954.989909672
50.8653631250245
-247432.975885453
99.9903619738824
-51388906.1453807
-156532.046925926
-1058.5475156583
-230663.445003641
-689.928731425936
-1587.85672422303
-876194.143251555
-1209497.92676851
370.073440009525
-16277.8586659441
-18441.876307827
-1928.61292794157
-7210.77846236961
371.154650476545
-331321.325072363
-5698533.6892105
-39183.4040806902
-452849.810358772
-1923934.93331161
-2414119.55505464
-8198.23219337497
360.540226833819
-4695464.61825064
-20583041.8277407
-1617419.19417968
-9706151.50122398
-2743773.03535613
76.5448635090707
364.452281996003
363.772390772192
-822958.184076421
93.654066137315
271.298240768195
-1718.65297962901
-1350636.95321965
370.549404254719
-2468.37348625479
-172068.363788154
-29470.8232815391
-68702.5986020335
-659925.956070858
89.635398131997
-97591.556530069
-7469303.77558221
296.02467826253
-7743192.17834185
-18806559.7016829
-16903459.6857994
-404460.950428526
-51708014.4408629
-28.4203267108307
-6180.74663952695
-105573.112448522
-8922218.83902469
-1397.47782531993
367.740584121015
-106195.920043329
-15155.7836580744
-74103.2079943263
-130985.585895999
-221909.858199257
-599392.047166371
-1026.75820778804
-166488.751112678
-27996.8799642646
-14188.5367502912
-14352697.0878261
-4061043.30418656
-2103337.51294337
358.693341900232
-79685224.2627738
-138016.844932755
-66714702.9967006
-22507634.0385281
360.567850610041
-198668.558444529
-105273.810248151
-718027.756977591
249.03954763147
-1237.42734330675
367.265737363257
372.152587297327
-17886135.9170358
-166.816240064689
-10206.8705299066
-198.18204068511
-903.225634623918
-59462248.427653
188.633968191596
-3016.89707875914
-227674.742269742
374.643034645113
-55.2980014410097
-28144.4183812701
-9580223.30216694
-1688526.92095777
-1798.77411435981
-543031.962601562
-10775.3100061174
-81436.7302058799
-3074818.03784174
374.467948254354
360.844656255051
-139063.923335931
-21648648.6348536
-24471.7246368256
-54658.0165399094
312.896716738553
-14842.9728940237
-117632.122644426
-38514445.4622684
-209.561002029296
-824.097817357633
-54481.3731944205
371.418000566381
-73676074.6397136
-481249.564688894
-71851.6267109004
-33882203.9789419
-2703.09165936215
-35587.4373178054
-112660.47862684
-8554.27081222894
-18077.6994615209
359.599611201256
327.995947916187
-1176724.68782632
-18482666.3528909
373.270061772145
-11615794.0921845
-48826.431200368
-3634244.17236028
-799098.902418931
-26.2174911240371
-5154.97489006758
359.025075330207
-4818833.96737742
-72818973.7718317
373.283301276066
-203599.05836336
-69762.5679943181
109.069595610551
-1783037.08246283
-4907235.18973659
-2800147.71356068
-4768893.74838406
-275.605964125134
-601.710422788464
-740602.120042976
-515513.190128381
296.652753885031
-772059.215604613
-7138862.15563878
-9111.22895758476
-32369293.353647
362.559681366337
141.291467825246
-655842.013473455
-32395073.9713575
-226391.503889507
131.129877161641
-263138.288113045
372.83829464952
-167.311230149049
-379058.031578966
-80517006.2647947
274.374556915784
-19368079.3142528
-701437.596368837
-9738126.92229994
-729115.553036913
-24505.5324624087
-11926783.7946799
-1412748.37229151
-4767697.90071043
-701276.704091956
-272.099666454007
-44375898.0050859
-201.481352022154
169.459028549122
-995486.51805215
-173936.624412948
-265.816876080656
-12553.6355227361
-3454.31701367526
-59980.9924900087
-655.595088331191
-1150.43310950378
-5952863.48210142
-63636.6610459591
-15517.2434785705
-90433.3439980632
-66062444.111893
-21278729.4494366
-38490209.0034836
-3784279.51435108
-10163.7345801516
-30672466.715054
-42217357.067675
-1460648.6025646
-18855.6523563674
-5769517.32691915
325.325807719223
357.784192481634
-913.898527213935
374.435824217356
369.843120688414
-16863.1722451214
-102546.850020453
-67479189.0274138
-77684.2087041418
246.309757812172
-72150.9948904801
351.505533710154
-1298500.11867693
-54214914.8666626
-248848.812654707
-94513.5983099458
313.196073201612
-574.242511001515
-39025698.1325247
-1874904.38076947
366.306483764
-6036596.10137724
-25994844.1548282
-448672.315693302
-9712306.73385639
-112787.819416099
-52446266.3978366
-1112128.37317727
-5281921.48792204
166.741999836986
-2627518.15703361
-86110.9270537836
-155273.60642914
-47961.6551959279
-6580.72143571062
-3433.86570288433
-14535.3453847562
-15395.0699149425
-287107.649759231
-598305.532393394
-1026759.72804131
373.283732369714
164.384844849695
-1197151.86457448
-2948.51338112263
373.684176382461
-42086216.7828668
-17272775.6582732
-1863168.22186171
-3818.72896882084
-286158.292613492
246.435280941511
-3503.86205355137
-740824.555749436
373.209203182799
372.701393744681
-9100238.33081304
-4245.56859810157
166.326360408431
-775.932315432144
-46850.8661241314
-8441331.82950818
-4356.03154358688
-6632856.08239872
-24578107.3158448
-4838870.30105307
-6296.09731510257
-21943656.9040918
-1146800.20331479
-63682385.3155412
-3941084.51310763
368.77306860878
-9922697.60364669
-2359.83876822333
-226051.399969998
-201476.169961877
-1906.40083262497
-95402.7162200333
-92260.0045706402
-87713226.62553
-44199821.4427164
-66.772340318085
-111610.144512155
-18713069.8669678
-883.503014585818
374.344864328478
-33654077.1329048
-829016.992190298
-79522.3679621724
-3920452.93773523
-9016474.60346306
-22070353.2526514
-10201636.0757718
-1043572.62424778
-1072945.50802162
-4835.50319681593
-57860033.3833718
349.637967203395
-148311.88010899
-68649392.6582747
-39185.0812905766
-162339.34094245
-82793.9210025101
367.266735229646
-627305.913868516
-34515684.9049337
-1333756.6611006
345.053440613677
-2166.23719502338
-612412.653462221
-11699690.5931992
-13313.2783300333
