612.553283657209
610.610973903137
608.596516619171
608.200887957789
608.187492042363
608.153429728196
606.157065075105
605.874142477794
605.3039907673
605.276132049593
604.711452321058
604.636614283802
604.421889303682
604.048793087703
603.949199794847
602.661006084737
602.583061355016
601.722280028676
600.612010600542
600.457046871094
600.333863908525
600.324503515322
600.260014358295
600.11223410231
600.057367864747
599.937803916124
599.486528117308
598.906437607342
598.725040007626
598.167360268946
597.988958017728
597.985263438521
597.718158262623
597.381462079798
597.190241910485
596.597488631962
596.262141370206
596.208501659077
595.961628882992
595.605246861836
595.579055631792
595.109565308204
594.928688842762
594.586135457848
594.343010930351
594.14603686121
593.992770774807
593.924726512115
593.882508138621
593.808567727142
593.556164353819
593.353920412715
593.324931634496
593.25809488877
593.035795805152
592.84357511523
592.611491326378
592.580488365317
592.033344096293
591.963520455958
591.896809223763
591.837613433247
591.798293903805
591.70041064043
591.535640925214
591.386407077465
591.056388906323
590.889846759704
590.83355317566
590.620460307849
590.586266210755
590.446957829652
590.320714907534
590.254132894607
589.844187575644
589.681834514882
589.664897355667
589.62293936671
589.59996221061
589.525448231922
589.488400579578
589.173174419851
589.037717629077
588.962701976077
588.750278481334
588.740191606926
588.483595785811
588.443435583409
588.395194610397
588.37525879631
588.248895603846
588.21688908686
588.175283983746
588.16257549575
588.131513166133
588.006988572985
587.674692251114
587.67408625393
587.649969313631
587.488401092152
587.474223329387
587.405454868321
587.207769856117
587.135256769584
587.110744203979
587.06540782251
586.954187972843
586.848829336599
586.839954134005
586.823697659494
586.722620912022
586.700157704555
586.663478692492
586.43832351321
586.43753306008
586.320472323903
586.292030879754
586.253037608546
586.103978066033
585.987777034518
585.964942589932
585.955453461656
585.920400290992
585.909054284105
585.729820645192
585.712307767241
585.649956086295
585.549844055332
585.513797161255
585.479747595729
585.40287531017
585.395492172255
585.363474251351
585.254144890108
585.244576503934
585.118524554853
585.103629839554
585.086972100003
584.988699653597
584.972565407091
584.968543904838
584.89168099255
584.832375241025
584.79617521754
584.71628281649
584.535425489791
584.417910997442
584.409358816018
584.363975978696
584.282143884134
584.193311029447
584.180636840173
584.127411772201
584.123249904089
584.067003809861
584.06609751517
584.049011930144
583.964149435754
583.923838854926
583.906412220264
583.841219090363
583.820359295396
583.813843335079
583.800403921312
583.766910201371
583.744631539946
583.701428835797
583.674481490915
583.604433504154
583.566839324624
583.452356731
583.369430643525
583.305520439281
583.29702237616
583.294250252054
583.24952118189
583.101568353284
583.094962119105
583.07806823923
583.007425897474
582.990651805896
582.905971612481
582.882982466103
582.877806151806
582.867859961201
582.816678797229
582.724526186164
582.691374751822
582.649497412909
582.610695975013
582.53970368824
582.53750813226
582.526722941892
582.331376773663
582.262623802939
582.245244779817
582.231502515005
582.215557792459
582.17581006683
582.144505082209
582.110275510891
582.007039238963
581.937041752901
581.896515295684
581.886005327999
581.884969502515
581.866989451072
581.83708285686
581.791176207019
581.668421717008
581.655155710916
581.45670224974
581.427156790783
581.391575856796
581.288190158612
581.268133861394
581.216187164197
581.200358730095
581.109172717089
581.089416072196
581.035439081074
581.032580440717
581.012450078553
580.978244608333
580.967829783427
580.96493303497
580.958605931942
580.949614904645
580.893177378635
580.842634061553
580.839638175332
580.742651985056
580.683688987426
580.562003556848
580.47607047574
580.401061892092
580.358517824356
580.357410903554
580.186496358955
580.171341218864
580.046079359762
580.00557442247
579.921408054631
579.89984965244
579.841353669272
579.795354167747
579.700622583322
579.668884426252
579.660559549719
579.522280951576
579.485018603037
579.468758777162
579.455426762714
579.376522524754
579.284593077275
579.279787520265
579.278949237773
579.2625428922
579.215380262146
579.152451434942
579.108290705207
579.09027313309
579.083243825804
579.073883617196
579.070542273404
579.03850503745
578.932205809314
578.93032845519
578.886614425531
578.76088076106
578.756848570415
578.710009002051
578.662868166267
578.634554408036
578.576483472612
578.575036657772
578.568320025462
578.52646557626
578.500423554245
578.496259922491
578.440169705694
578.404023286906
578.397557037962
578.387536057922
578.360322476918
578.355824492607
578.273518807695
578.273296660382
578.2438981969
578.235757219792
578.223268712224
578.070147687736
578.045271649052
578.00903182537
577.942013349749
577.92113451767
577.846947682334
577.779085892942
577.76287283237
577.734152709771
577.670792360514
577.633760833945
577.628602520485
577.625634052019
577.623645923803
577.618409723318
577.568510039004
577.537252198755
577.536342189822
577.5342151147
577.518414801895
577.5149854413
577.424331849005
577.416288078497
577.407359134079
577.387673919381
577.236139771671
577.196373205784
577.177313124919
577.16219174689
577.110500837691
577.10305145652
577.092458728769
577.070267071259
577.036428932831
577.031666023
576.907348112206
576.848348131508
576.841111549288
576.838803490144
576.837509639272
576.68221585689
576.64728497594
576.6424658121
576.636385094187
576.581824864888
576.560610266606
576.530849014628
576.52620284567
576.479546839817
576.457047374873
576.390825341181
576.313324863502
576.212675093775
576.193271095651
576.105335406706
576.033592749993
575.964188273726
575.92008314223
575.917767661875
575.887596796419
575.861707118313
575.816257854819
575.699857695264
575.684399558194
575.670742100662
575.660559031596
575.658582894326
575.638363140339
575.560460424045
575.38655379101
575.372564988431
575.327883523735
575.324523775494
575.303245149464
575.20940494197
575.172848045918
575.16860756337
575.159152631576
575.130623777903
575.037878135518
575.033800801552
575.028312379668
574.976484816427
574.937229832128
574.859091207816
574.802593367784
574.767880339707
574.651381353793
574.64155139626
574.604823994146
574.56039214723
574.479219713971
574.323456648717
574.283698012779
574.278787984106
574.238430907028
574.201437261163
574.170457316954
574.168168303779
574.154970875812
574.144734213172
574.099422503947
574.050728054129
574.038967754062
574.008850568262
573.989699421617
573.946714002415
573.936245505388
573.921811956149
573.881904190818
573.854765728305
573.849422224146
573.829995405345
573.820972281546
573.79672378842
573.778699863994
573.776181422124
573.745140356741
573.704321258293
573.669093603283
573.668008363785
573.618959954956
573.615408319636
573.591494499723
573.577139577862
573.484404711722
573.421043340817
573.375647858398
573.369255429518
573.350687463946
573.336668620439
573.303936701471
573.257613534468
573.252939105288
573.249582658844
573.198297569934
573.16291447274
573.137644746535
573.06884598015
573.057782721844
572.981253678195
572.980776333554
572.92083965723
572.856618465811
572.831271424095
572.822255780453
572.776871508713
572.752188267807
572.732306715723
572.708695178567
572.67346853551
572.612346693615
572.576641707559
572.5616994267
572.495764231456
572.471543052173
572.462454397942
572.450553421258
572.391806799088
572.389255384375
572.378732948765
572.329172676371
572.326703463038
572.325403925534
572.325128050123
572.301140397817
572.292603411764
572.238524945074
572.236065323569
572.22734505197
572.206774855085
572.198446059847
572.195323015494
572.138237296996
572.067522644649
572.031508838628
572.016690731347
572.00263440781
571.976302436389
571.975475371473
571.869876890583
571.823824490191
571.806472046321
571.802498708521
571.800212529047
571.775381947987
571.757623351776
571.756739909288
571.725076459495
571.718627771454
571.711100465298
571.696244476157
571.688614666182
571.647455268929
571.581124415456
571.579538812985
571.53367831149
571.438963196896
571.390486390724
571.36555014534
571.357032833467
571.307061726702
571.305560760905
571.247118961084
571.2201558679
571.141981458989
571.128753981127
576.312277487065
590.497489413943
601.341727101603
571.913145626819
593.015668819054
583.254307421409
573.059529728437
592.97508219369
574.189671577958
595.294644127949
596.025807617331
593.503753948095
583.642102330133
596.945171945156
585.347158661479
594.451545543926
575.25356369362
581.6273891973
571.94128549685
580.259505571162
575.875379853122
573.687605191123
573.22945615987
589.620687798933
583.379552932882
582.005562401623
612.128783459328
584.922382527062
587.143769634493
587.078207935685
576.619415260233
571.563868690542
575.447473274898
577.540818786211
574.666176428339
575.16744571051
592.112934878154
581.698557774846
578.498201687032
597.470640894607
593.65110287599
585.729442775689
598.264521145631
593.634178918878
571.998587883089
572.25854486981
584.357242258763
578.145785549226
576.744343894426
598.853485070801
571.186732583612
583.497894406127
582.132152969658
580.819424525745
588.230261880104
586.057432951411
571.29616163829
588.336592847129
582.847835614205
586.4468083606
608.507677860323
573.550417342076
580.487758783084
598.34406414375
576.122713009555
581.334160767646
601.748562988319
588.450696181237
575.828044602449
577.584555251166
597.668349957083
571.100199453389
576.754818657699
592.554248375331
587.685530701543
571.612751363133
574.548398847743
574.809748072516
580.35498717911
574.490524893077
580.986070416309
602.067254740746
587.103708347035
590.208429955935
603.198257849408
579.878547480419
575.205310168708
578.56941153925
578.679323528053
579.291679407853
590.436835319775
571.784300705056
579.778160850066
583.935049213059
575.56522492531
575.295109807541
590.838943421477
573.09216621317
588.637786228784
579.199306691602
573.932456002279
590.591782778332
580.855224735256
607.602477857966
590.448612101697
579.761122756666
576.531367349645
591.893752769208
573.593269870986
593.826693616132
579.231209922715
572.917263729561
589.586081905254
574.111726345877
578.171381099906
573.187585403719
582.023894760483
584.381160486079
579.057972333956
583.024229074034
582.064408815713
571.382887816013
571.53133128689
580.324426407443
595.452268382305
585.87937626516
572.59948043939
574.741171173761
592.713413387126
586.772200249915
592.636021692914
583.879204741333
583.241532467619
582.510795077202
572.003928264738
582.396096649102
578.211284756271
578.767590493854
608.930770689268
573.150366111109
609.666778739488
579.083881652216
595.954772382512
579.507343090753
588.514048107009
579.444320782575
574.788810076826
601.743740421457
576.3747042293
593.346351102271
576.547004553364
583.226630939329
582.003745964107
598.775800175922
591.227915420655
583.395029372762
579.911138180627
573.135970748195
582.240576517671
574.428987260003
592.474232057671
598.377161302757
580.950988267276
585.419359971214
583.368659874049
579.551051676813
576.402259193671
587.623153330039
578.096880407486
591.118978443223
580.273778487871
584.880707654298
580.604722114902
573.073601514254
571.180339733555
586.294955615973
579.522308624375
571.643956484558
592.207757556186
577.700421705698
587.666682799198
572.804613247661
584.663162893359
587.536211458148
577.247541931319
592.59069254923
572.158394715744
581.419953874731
572.791527219447
595.172987590399
571.867201065622
573.474836998905
579.464493860361
589.426178790932
576.680733810088
586.512435244274
582.216118103209
609.386817337112
604.393182142855
591.398397277414
590.365291254519
594.919815638119
587.927270412801
577.058069285044
578.511741966947
571.259655026088
574.644332252861
581.89200009732
580.876563333132
588.215666627948
579.30707092516
605.149214753176
594.340891393982
606.448070187494
577.543171488519
572.243937477604
584.232387330074
582.826266101449
594.272649485945
582.062321167287
573.340018292183
586.019400957868
581.32117712807
573.816478002543
579.342417880983
574.778147218759
587.746065330007
575.291504131473
575.164745931461
577.276759205438
580.626312246296
571.366473942731
588.446189962174
573.122392810337
587.17280993473
581.378486021944
572.435948832396
607.204280168293
580.095864099039
593.584638543231
581.559548777265
585.870003663202
572.073877779246
579.864870685354
586.222710040433
595.314078855575
576.204990640205
579.633688781133
594.018845077772
590.246700439674
603.016662361157
586.662967920776
581.220795428574
585.550360309432
603.207203222128
594.24907665826
572.860210088723
588.846546961839
599.61502050482
584.510142922779
585.703065290376
577.823746435042
586.382618713309
573.121048637664
580.380855165553
594.732411964748
571.406378371508
583.019936315753
582.744340103421
596.31680536277
576.97922527282
573.219742528719
589.336192159479
579.82734112094
592.901799519445
591.14549325366
592.400695772476
581.83263887581
572.01696053223
571.15758923614
606.327100462175
571.480071414427
573.951443642747
587.23293561334
582.734787892776
574.498404090817
581.594599099954
573.181667204787
573.170713843696
587.072989442421
591.752320562416
583.491691351754
597.255988177192
586.715003157764
577.72681433495
584.197374886719
574.196980893686
575.172846715478
575.001202267337
576.806110983328
572.547558017917
587.592874967986
590.403376566946
576.751396640424
571.740193490567
576.422779713984
574.894299932233
571.624717462917
584.795555224194
582.045545329653
572.403932993541
579.767780656984
572.318888727772
576.085322519973
579.582424240168
586.941044905313
572.422517994357
585.958863633584
581.748043477639
576.394767057521
584.525719530382
575.430055509572
597.372625249871
595.831644823571
580.380775491447
606.462202509915
592.742650367506
576.926040820136
579.034169823037
579.74399784246
587.26887491078
577.459687782375
582.785517549818
577.210265132804
594.248104037366
571.937878241835
586.911819774619
590.847356694534
585.388622913978
581.311410623517
580.308137151721
590.196133457328
584.111059074979
571.325219918183
581.577177402033
585.328048531765
572.169193224144
602.437281311156
607.798454027047
586.273893519675
586.817156215291
573.61565520993
573.550985835393
580.001799827354
591.976374647779
571.300341982285
586.681147422775
591.663288986228
590.670613040288
585.349190449452
576.36499144213
575.82098103954
583.160109670908
582.116449238589
590.256829255883
579.46057523922
589.158944582979
587.474729480522
574.722410113193
585.514632704777
584.359627478122
579.543959700521
572.738618180505
581.056109808821
580.729844974682
583.129527966871
581.550454744999
590.221497582583
593.458669686677
601.435778526148
571.259947867455
595.901449238795
578.938707643727
583.823778162664
577.73394509773
581.85269230798
623.175219276029
578.005671556205
578.658310902111
592.723107602295
608.559024910627
574.594098269826
573.748519533765
571.150782407393
596.41056872927
573.891053560749
578.96265253909
580.164899322396
592.645592167367
589.730699674926
601.52683265635
575.106157942549
604.524229522233
572.809727674077
573.474763757763
572.373731863813
596.039404371449
575.648179429893
571.467625547438
607.904552492223
613.709838606975
583.13414097603
586.274984629076
571.487797334979
576.89225781952
593.139478012544
586.839566048372
571.602466994357
575.121763940748
576.153548186682
571.30864799607
573.052768666682
572.674901708524
573.088496572512
577.694742171424
591.332060177424
612.592530590774
596.803276695391
573.177753005821
576.139359030451
580.967796726068
612.409518930992
609.194936347437
586.774383111725
576.364218746346
573.844264419401
580.448022920401
574.029071720394
588.792970530675
611.527954708674
581.977775230308
588.006934506202
583.511581641308
577.669077580265
571.679132597229
572.258877076267
587.281022097863
597.249596773754
582.825030879014
574.811905899699
574.716874709965
616.659494289986
590.993435903938
573.867713683239
574.922671573726
587.331731587097
582.102304807173
579.924762551167
574.998090954788
597.900165428361
582.025405084167
589.70422252992
595.551055032054
597.977571505068
584.326573225306
596.720489767874
576.104162983905
582.780595003738
582.549540832958
576.109864469256
572.629226068525
573.431645487742
580.944462626994
598.3663120152
585.895807941152
579.50360203834
588.352715681181
592.034340444923
576.154819007707
584.217203624688
593.943880649176
578.742201386135
580.600341140427
577.776425796571
574.787690944901
586.914485281931
587.549011355796
587.298250812521
578.045568978555
586.524007827663
601.275880307437
585.140263397058
576.673292535671
596.251457213014
575.030702635329
577.08709809496
591.31585937483
576.903619642452
578.574987664209
592.166360737772
577.236397213191
582.451778359266
