1050.60798095354
1046.85099300402
1046.53926979585
1046.331208049
1046.28183721675
1045.94697733602
1045.5298959853
1044.81771911449
1044.79006112854
1044.38145887362
1044.16310301041
1043.8763797611
1043.40311669385
1042.91602441857
1042.70521422718
1042.49256372512
1042.052243241
1041.97125713136
1041.7355047922
1041.40829443191
1041.132931473
1041.02752750617
1040.90527960898
1040.88014032542
1040.74562419964
1040.60356629497
1040.57493053962
1040.48586793223
1040.48177155363
1040.41994554696
1040.35335757332
1040.34204297794
1040.29991048881
1040.10217581006
1039.89815676038
1039.70444492543
1039.57552267635
1039.54729645237
1039.53456649502
1039.38415097074
1039.30109038788
1039.19434240007
1039.16341232311
1039.15157421
1039.11925288631
1039.10291183856
1039.00412451791
1038.89441618671
1038.85739459246
1038.8039300062
1038.7488322895
1038.74104516161
1038.67797482747
1038.67368626426
1038.6129977209
1038.50878010299
1038.49636906142
1038.40610861327
1038.21845065003
1038.1522882944
1037.99702168599
1037.88713424951
1037.83180898224
1037.8190704496
1037.81708065968
1037.81466604958
1037.81329976426
1037.77135583908
1037.77080776186
1037.76389356663
1037.75279397806
1037.71779215742
1037.66535331567
1037.5730750023
1037.55523243991
1037.55208039789
1037.53731997646
1037.49782538536
1037.47868402509
1037.34711622643
1037.34065173613
1037.26439274923
1037.23254816996
1037.05059340056
1037.03764224879
1037.03275914866
1037.02877919577
1037.02414552673
1037.0233478052
1036.83947696669
1036.79814881021
1036.7266158697
1036.67642814369
1036.53144492286
1036.469809408
1036.34851191413
1036.3231446214
1036.30420501126
1036.30243263302
1036.23525005042
1036.17692329879
1036.15662847321
1036.14354374404
1036.11693460269
1036.10428560176
1036.07801833831
1036.06987313132
1036.06072925141
1035.9837437197
1035.92305775728
1035.88326721126
1035.87044175141
1035.86106984283
1035.86057476893
1035.84133032776
1035.81202556111
1035.80653132923
1035.80478312723
1035.77875061411
1035.77781316462
1035.75866281297
1035.74095181756
1035.73069215376
1035.72755874049
1035.70827546053
1035.66035091211
1035.64447146351
1035.64424281177
1035.61092473918
1035.58934202
1035.57688781872
1035.55833680298
1035.48363660687
1035.47072490202
1035.45143688424
1035.44806144989
1035.40745819486
1035.31761059721
1035.28682023631
1035.25988096371
1035.23303036187
1035.2131235371
1035.18475622926
1035.17798758985
1035.16857485589
1035.15671424471
1035.14044042061
1035.05647295782
1034.97519634122
1034.97242301612
1034.96881692743
1034.95613597233
1034.94464053488
1034.89906433424
1034.87289015137
1034.86961961855
1034.85303139864
1034.81670457118
1034.79868929085
1034.76286971785
1034.75055698901
1034.7443848912
1034.68810350508
1034.68470235083
1034.64259763141
1034.63738312572
1034.63493493382
1034.62902697622
1034.61675332774
1034.61414754061
1034.57441756221
1034.56674956844
1034.56494151325
1034.56442464535
1034.48271730425
1034.47059559627
1034.46626786132
1034.43329148138
1034.43308798094
1034.38896396353
1034.36490955425
1034.34839662669
1034.33705138587
1034.25689551617
1034.24509956618
1034.24130175269
1034.23588174833
1034.20538231068
1034.19890114465
1034.17702727576
1034.14649394419
1034.13397560709
1034.12808098547
1034.1189386735
1034.11834964954
1034.11040599823
1034.09040005359
1034.08213520414
1034.05499567861
1034.04136681357
1034.01608934392
1034.01312001305
1034.00627096325
1034.00049804542
1034.00031144119
1033.9685610042
1033.9673577927
1033.93235093464
1033.92960355149
1033.89207272255
1033.8724235623
1033.84085159136
1033.8168014448
1033.8053744924
1033.80099446198
1033.75260380497
1033.74088225655
1033.73367852733
1033.73352735534
1033.73040619335
1033.72534867904
1033.70941534263
1033.69285925631
1033.68625590989
1033.67022107429
1033.65253183384
1033.65036954258
1033.63873950246
1033.60451291219
1033.60021409281
1033.58923672226
1033.55014512451
1033.54022494695
1033.53758907772
1033.52869314139
1033.52627459819
1033.51102720904
1033.49615546868
1033.49138724722
1033.48224463753
1033.46929603197
1033.4636370393
1033.4303129606
1033.42377518491
1033.41443301777
1033.39275671884
1033.38034230966
1033.3606392368
1033.34963392158
1033.34772578368
1033.31676610255
1033.3067728742
1033.29589614291
1033.28923456764
1033.28395816562
1033.27468991092
1033.26216991669
1033.26202549271
1033.22623203422
1033.22325748638
1033.21192578043
1033.18783182079
1033.14686743096
1033.13140139186
1033.1302400914
1033.12629764811
1033.09943602154
1033.08456538468
1033.07902926358
1033.07597810141
1033.07314770259
1032.99714274592
1032.98740526324
1032.96749099875
1032.96258997487
1032.95463129847
1032.95214988767
1032.94601078615
1032.90428946579
1032.83544835912
1032.82420390228
1032.81777098107
1032.79870461731
1032.78692090287
1032.76905096892
1032.75502491537
1032.73027457972
1032.7251424436
1032.71760632683
1032.71458079463
1032.71266726121
1032.70291718663
1032.68646405755
1032.68150263413
1032.67769664957
1032.67117812844
1032.63543188777
1032.6338721123
1032.62487457819
1032.62268814407
1032.61336980779
1032.60876441167
1032.60673582623
1032.59424030742
1032.59217214471
1032.56848813232
1032.54896932594
1032.54410693667
1032.50339638544
1032.49251519338
1032.44013718385
1032.43685853685
1032.42783110943
1032.41708254555
1032.30433466461
1032.30112044144
1032.29952118374
1032.29262107665
1032.28810243701
1032.28563299484
1032.27204812427
1032.26089751311
1032.25987893651
1032.22886847028
1032.20510393853
1032.20265151494
1032.19701640086
1032.19646117395
1032.19017599526
1032.18919657661
1032.17445677764
1032.16694975105
1032.14089637462
1032.13915088279
1032.10225433305
1032.07966810448
1032.07859818486
1032.05444151693
1032.05012808441
1032.04010425299
1032.03989468779
1032.03811478738
1032.03686592161
1032.02808304934
1032.01902255762
1031.99102150522
1031.95861348842
1031.95334382213
1031.94209460361
1031.92267602118
1031.89130890947
1031.89086723749
1031.88619491008
1031.88606599884
1031.88323906515
1031.86626430755
1031.8446925506
1031.84142667758
1031.81142078098
1031.79141663716
1031.76928095264
1031.75729418649
1031.75583009395
1031.72648727336
1031.72298862245
1031.71404610201
1031.71369685527
1031.70564098237
1031.69233048268
1031.68731036429
1031.68544543744
1031.65797798189
1031.593038044
1031.58837979101
1031.57853346235
1031.57149589611
1031.54866600568
1031.53922798855
1031.53401492312
1031.52633326329
1031.5208408553
1031.50404938684
1031.46595551766
1031.45284628696
1031.43188973526
1031.41050546066
1031.40842209697
1031.40667815491
1031.39557645238
1031.38720704475
1031.38375984156
1031.36829802399
1031.36444977299
1031.36085798652
1031.36040048518
1031.35710058008
1031.34913419654
1031.34734454547
1031.34617222876
1031.34267579296
1031.33461425163
1031.33429865029
1031.32928040904
1031.30983474042
1031.30068822876
1031.29501726004
1031.29315963574
1031.27706419206
1031.25792104637
1031.25647619175
1031.23598946425
1031.23479144721
1031.20350751945
1031.19348371276
1031.18168503982
1031.18002373231
1031.17973547626
1031.17947427878
1031.17779343209
1031.17699048982
1031.16630927432
1031.15885522526
1031.15743209353
1031.15543114697
1031.13533482197
1031.11165459811
1031.0763595315
1031.07331302224
1031.05742743173
1031.0522933289
1031.04244797723
1031.02159948385
1031.01850614093
1030.98914335549
1030.98343507961
1030.98040697373
1030.97255748758
1030.96970738559
1030.96858310161
1030.95585342362
1030.94548583254
1030.92880902023
1030.92711767609
1030.90789175137
1030.90010204392
1030.89600386208
1030.88522462541
1030.87848619855
1030.86782737404
1030.86644342037
1030.86519333196
1030.84834435733
1030.83910483787
1030.8343243377
1030.8329660538
1030.82909371094
1030.80584186912
1030.80498821906
1030.80203517143
1030.79866633312
1030.79199048585
1030.7836421384
1030.77640103316
1030.77242045629
1030.76691145477
1030.75857165464
1030.75615179481
1030.75146090125
1030.74780428761
1030.73379181426
1030.7260539476
1030.71879701084
1030.71787138527
1030.69932893062
1030.69717130129
1030.68441253747
1030.68420843018
1030.68227449415
1030.65791459937
1030.65630684581
1030.65508374329
1030.65059736335
1030.64689705146
1030.64542831424
1030.63699899296
1030.63640432316
1030.6322221854
1030.62889284418
1030.62286743203
1030.61721125177
1030.59520063971
1030.56694646484
1030.56624692836
1030.56332548293
1030.55812612614
1030.55534242923
1030.53626491855
1030.53395141298
1043.93240594153
1042.71696626683
1040.84355849487
1036.28013477409
1035.40482828044
1032.8614057174
1032.11147201689
1045.21891144425
1038.76064274093
1032.7577428524
1035.18613957152
1030.64533002268
1033.8163477451
1033.73069699239
1032.6368813754
1038.09115462676
1039.93559864877
1037.81619913546
1035.86743934659
1035.19357080165
1033.8816309748
1031.52184031371
1031.36246083458
1036.55455118479
1030.5293127114
1042.30707957511
1035.70005949629
1036.36966869197
1035.68176377676
1036.14853197372
1030.61359826949
1031.86794203404
1032.18560239199
1036.39385660748
1037.28592636109
1031.99519680638
1037.65018450557
1042.66793621093
1030.58251390629
1035.86363147095
1037.12009356744
1037.99962234414
1032.55898033104
1034.96858362344
1047.38322136228
1034.31452205663
1035.74210168227
1040.00490356354
1034.43287777833
1039.27301818835
1034.55248699118
1039.06316228137
1031.94372017271
1031.15693976336
1030.587844557
1032.1667564275
1035.05972214019
1034.24183167702
1032.08693075014
1032.00494555737
1034.14603844145
1040.92813182117
1031.4522108411
1034.11851812149
1031.87840332282
1036.77321292303
1042.71609359552
1038.48497969506
1038.01858426854
1037.08666520051
1037.56158951372
1033.943583319
1032.2828145012
1031.23230152088
1032.22964886086
1044.23888570977
1032.61789748995
1036.25605718304
1041.97258834469
1030.67159538247
1032.702753979
1039.38113223107
1032.66549714632
1032.45147832541
1032.19145671633
1038.86725187175
1036.7772217257
1035.709918203
1033.34204791557
1033.69039888817
1040.75139999246
1041.80674430225
1034.61768411255
1034.02319499276
1038.93926366357
1035.38557871531
1030.70439760412
1034.80574056416
1035.71967541481
1041.87348450434
1032.14979618957
1030.63588986297
1036.01406685416
1032.70459066938
1031.39214696089
1033.52475978366
1035.05633070025
1032.39608231285
1030.69608864386
1031.42255554071
1035.64900449546
1030.69077695966
1033.07321815581
1037.48477045963
1031.36413049914
1037.33935972489
1035.79948982672
1035.46274266109
1039.28892267353
1034.18043504466
1032.66094604054
1032.13885807794
1033.96378349906
1031.23623486348
1037.10901211503
1035.31041108072
1040.70280186086
1032.5639006914
1034.12608572241
1037.58058493455
1030.6363398525
1031.69962551345
1038.94747208148
1052.9388879275
1033.3746068144
1031.19283415961
1042.6613073784
1033.80320473462
1031.47767874369
1031.36746523901
1036.65890609587
1039.05541111984
1031.53334698185
1035.70539294896
1035.62005222214
1044.22705914982
1035.88431290985
1041.88276975146
1031.18367328082
1031.61945376605
1033.12463983624
1034.63417798709
1037.4454546639
1033.46306382365
1038.71182772658
1037.10971058505
1030.67158779621
1030.88702499194
1039.73927003216
1032.31134804131
1031.90275891135
1037.71715453559
1035.807330972
1030.66223467235
1032.62937885544
1032.13576858669
1045.61328629045
1031.84393859435
1034.63475667065
1036.60891702868
1039.0488102793
1031.41107819928
1039.10418172566
1030.91605668722
1039.79120271
1032.58259612339
1031.65598992424
1032.74070954375
1032.14934117966
1033.10067305479
1038.74676402181
1032.3306038892
1038.88661276187
1032.48330371219
1035.73338272653
1032.82191018575
1030.59330060592
1032.14102990737
1033.59782272805
1033.7538530871
1037.114663324
1036.38759244876
1032.59180212755
1033.51914842271
1035.15451416744
1033.0959553381
1037.62923564516
1031.12751717983
1031.87607239549
1048.66921236254
1033.21199460245
1034.24346462273
1038.99835107613
1039.22810680211
1030.94894760254
1031.52272616069
1049.87433365967
1045.40439778552
1033.76847777522
1036.69894391188
1036.52181562746
1030.99368535317
1037.92776596969
1035.19219247153
1033.0618173751
1034.12126499937
1031.84850196567
1033.71718560024
1032.98992272999
1031.05335154509
1035.28022141827
1032.16326553336
1040.23020726174
1033.77349489837
1031.29375330918
1032.03489442021
1036.38684501539
1037.54590029128
1032.95565882908
1032.31351996245
1036.84337481915
1036.9103886434
1031.80169307588
1035.16900980989
1034.77788760372
1039.81967512393
1030.87936141466
1032.63740930986
1031.53410911853
1030.62453189467
1031.58150515903
1031.07743888479
1030.79868019567
1032.85454512427
1032.52479060747
1035.28674291466
1033.87134024029
1030.71365352713
1032.47844680431
1032.97886874134
1035.12424560674
1030.79452876303
1030.64449030325
1031.8619917531
1038.11666036905
1042.1997105904
1033.93951727227
1030.62183431459
1040.24907596365
1036.75175757446
1046.33221935636
1033.34375924169
1034.64928858501
1032.88071669405
1030.5499711489
1038.0630783061
1032.07418616238
1030.58183599605
1035.17377819478
1032.70884188953
1037.09514922112
1030.94505102541
1041.02700491169
1039.86470917279
1034.34435098734
1035.6713294406
1034.9007584893
1034.18191571686
1034.5645024227
1030.85913714982
1033.02336299004
1030.77405372189
1033.24998632057
1036.10344402878
1033.63230551357
1036.00708365347
1035.62788454421
1042.05114436188
1035.04006464004
1034.31557362476
1031.59269058897
1035.25758210623
1031.47763845217
1037.4695207615
1032.55861475356
1036.70834729462
1033.61410364817
1033.77121794793
1030.73071880573
1032.38620427692
1032.94911277454
1043.60162317014
1033.85681192144
1031.40672681547
1030.78843334059
1037.03594816699
1035.31620737254
1030.76937706587
1032.5910285423
1035.97330675945
1034.74854649319
1032.60836828891
1040.58857528888
1033.99491248609
1034.21941724077
1034.93113412118
1034.43938858466
1030.79273064611
1034.03845399262
1031.67632957332
1043.58532248469
1036.03424290834
1034.89211121236
1036.87896331065
1030.87044182138
1031.95783959073
1032.5519378158
1040.78989791582
1036.90469804253
1037.48684674119
1032.02195351491
1031.96469555651
1034.90774953652
1030.74726475536
1037.77393994002
1031.81179450669
1032.02637029002
1034.52348068152
1033.5756129384
1030.88573304257
1037.3588558727
1032.52583962293
1034.66901135989
1030.80234044743
1034.44181045265
1034.60570087522
1033.79943889944
1031.28330546799
1039.14970709199
1042.68618775705
1034.35614384479
1034.66925292763
1030.51879058814
1033.63029827785
1031.11255317414
1044.81144418374
1033.27319392473
1034.12910523881
1034.59596511487
1043.4739408076
1033.66085190629
1031.45955188339
1047.64116036222
1036.23930215196
1032.74796248386
1033.25152615716
1036.60132968862
1039.99499293223
1031.22545472078
1030.9384865338
1041.95815111596
1036.29237994834
1032.5850503565
1041.01666932886
1044.80728448335
1033.06791974375
1034.37619406224
1036.66739101591
1035.02199087594
1034.13150599528
1034.16350404059
1030.67630834382
1052.97439232069
1033.40703127849
1032.40651105433
1034.93087891772
1036.09539710498
1035.71270378849
1045.76092547193
1031.7654957294
1040.38412640019
1033.4819994434
1032.49064230655
1036.5373382718
1037.88067149065
1033.81576166024
1030.94171902292
1041.46052039984
1045.20506708518
1033.52645087026
1035.1924044019
1030.6877812582
1036.51320031186
1032.62877922967
1033.94866503968
1048.45392452904
1036.65847613105
1037.37406164191
1032.9906883168
1041.69103920521
1031.48226309484
1038.49656952166
1036.71432064239
1032.67376051272
1034.43595938708
1044.70482937818
1036.55179601858
1037.97902195656
1041.02396953671
1037.50389887426
1033.01429213663
1030.80612857993
1034.04137981952
1033.80066819625
1030.840582297
1032.31965738833
1036.64291034035
1034.36586169954
1033.61524806752
1041.1691474425
1039.3778790956
1031.56725235282
1031.36487076457
1034.63938395682
1035.04913455606
1041.21793509522
1033.97239170328
1038.63009736523
1031.06224853672
1034.68695985833
1044.11787361801
1036.08411677293
1032.93524938735
1036.60741322447
1036.06925100624
1032.6434853305
1031.0634277699
1035.59979725959
1030.94203980162
1030.83805388351
1038.02270888005
1034.53310852126
1031.82506005778
1033.14007499025
1031.67609048866
1032.13172673715
1037.43489124385
1033.30426958346
1038.19259541997
1030.66240833117
1041.81893150256
1032.67843778323
1030.56430453718
1031.88216385478
1031.97283974286
1031.35595470028
1037.50959565313
1034.44507276005
1037.46707920353
1034.93630982899
1031.51235579586
1035.05033111603
1030.98239303942
1032.12414250587
1030.73719379068
1034.22626209968
1031.06765967112
1038.47049706239
1039.1762324458
1033.27919418266
1034.42608792048
1031.08661140395
1030.60525757493
1030.94309913794
1030.79360392706
1032.57470576503
1035.96746867582
1035.33689972178
1035.90386742639
1032.41036902283
1034.33616861551
1031.8269870979
1034.95148552435
1037.55608866247
1043.51573292228
1032.15268198439
1038.75999421077
1032.73861475359
1030.74128659902
1033.25845474813
1040.41179160534
1033.68401740567
