1004.36694780835
1001.97006132362
1001.54184221799
1001.05466272251
1000.99008567428
1000.84565040259
1000.4870118922
1000.47300109776
1000.27204529751
1000.01448233391
999.54807867068
999.219624143963
998.734929038153
998.658873860669
998.475268825805
998.313169668578
997.920113327424
997.795753547617
997.771400120688
997.64987039986
997.520778501905
997.355822497765
997.353947954391
997.235610887936
997.136442357217
997.039959504387
997.0193071834
997.005997825957
996.978517251069
996.652844027355
996.64438706214
996.596577671206
996.510327052407
996.505166838556
996.246695495222
996.12754549224
995.978898751053
995.848137670925
995.814109791526
995.708363886893
995.696929552233
995.65449425008
995.60279522972
995.589131974252
995.539076931136
995.535151562031
995.534458346164
995.531258354072
995.478675300494
995.399061710213
995.352747312686
995.330005094612
995.202760503159
995.173927039199
995.129066846806
995.070111303127
995.020839778088
994.940193274029
994.936866379306
994.898405877123
994.897704146322
994.804144839214
994.706083280921
994.607385187042
994.572575545247
994.570879922156
994.536551615998
994.48102777454
994.353669272779
994.26216288542
994.20973277261
994.209533725289
994.177912589148
993.926630056714
993.897414887567
993.789674315455
993.726745233366
993.713203184274
993.67380284635
993.596802471364
993.589752940996
993.563958649987
993.512028895535
993.492070307116
993.441965191879
993.371557643744
993.351291315168
993.346598401059
993.325671697437
993.294500927416
993.166838328804
993.163938936364
993.160768372793
993.141585097293
993.136312363292
993.089074259168
993.034551193152
993.008146333539
992.979708752741
992.970520140653
992.939150474767
992.910139823756
992.906755735325
992.906428760161
992.872356822547
992.781931526231
992.766153390021
992.761978468331
992.715544128349
992.65786421268
992.628018818778
992.601902269697
992.570409564911
992.546178026508
992.526235609765
992.507215680791
992.491016187331
992.474105935671
992.425293944639
992.348959643362
992.344078532685
992.333407001612
992.267123682368
992.25592354201
992.178679259992
992.148038188283
992.113216212192
992.092209772033
992.09066410465
992.07947661522
992.05746824773
992.031942481335
992.025659542379
991.997958939878
991.987343323133
991.956251387428
991.936820820859
991.92631271659
991.874074256526
991.860991511423
991.839468524632
991.812930695749
991.782514414923
991.713402392387
991.667025038171
991.658274998168
991.655747127878
991.653279801681
991.633140541296
991.61533503598
991.609200469964
991.573416383309
991.514685792304
991.508264826494
991.506428952417
991.474007178276
991.449449743244
991.435934634296
991.428438940992
991.42094983273
991.419943369141
991.353045886632
991.342393652747
991.323183579268
991.294029018957
991.29379467127
991.276694247758
991.231887398452
991.227691629828
991.167177671756
991.13121717474
991.069418772844
991.065581526187
991.059775737727
991.056949255612
991.034097325097
991.023825892631
991.016294481386
990.981868668652
990.938309374626
990.826483663151
990.822067428172
990.801430166407
990.795082606331
990.781547350357
990.781348102212
990.777037509997
990.766055005664
990.726712629537
990.715019354049
990.705432525218
990.691928151326
990.677869179728
990.673128027029
990.656576566851
990.633348157516
990.488444597319
990.48534395693
990.467422802287
990.434143831865
990.431247518948
990.412701843456
990.41147784348
990.39541170495
990.378905891094
990.371163739539
990.323855268407
990.319643992926
990.301202218347
990.300373783729
990.279220194288
990.26779723729
990.26380194123
990.263781068937
990.215455719391
990.209780940779
990.198554272357
990.197813310624
990.186861409389
990.184278782651
990.174450368606
990.134818813014
990.122824589185
990.115094334699
990.092542456946
990.058121468373
990.03042581284
990.030121041322
990.030024313963
990.02949511917
990.02802134026
990.027342007591
990.007439299317
989.981577302408
989.978117732662
989.971456412175
989.968474402909
989.96727229747
989.965809867336
989.962685745413
989.949532620895
989.948871904056
989.938813295794
989.930638862401
989.917474974352
989.892809626806
989.88834651081
989.864097115844
989.842628472361
989.832441485072
989.830048023348
989.825241890871
989.821237774588
989.818647599742
989.815480322014
989.812419563105
989.80069448992
989.778963134842
989.763761844011
989.728126407995
989.71912356599
989.71628327398
989.714848555563
989.680890607811
989.679596334638
989.673772087562
989.66999732899
989.66162065056
989.633954005517
989.622649595469
989.612228964075
989.593123246529
989.588154351143
989.587042250598
989.579566629809
989.579128133355
989.562971356666
989.530558262257
989.502083919013
989.495130794476
989.489653563947
989.466420724096
989.46342189917
989.442436523719
989.437393516306
989.433948919607
989.432490823939
989.416477483892
989.416458727785
989.411677455119
989.397233264382
989.365408862241
989.297291391279
989.276651524946
989.250430652653
989.245718945039
989.24439982769
989.214626936572
989.214253709699
989.203193617313
989.193795252282
989.19231207244
989.183931904224
989.179748154586
989.173662521178
989.16652065449
989.158480369623
989.130138631441
989.124283084993
989.124122521661
989.116701343316
989.10181193975
989.101483353646
989.098503604586
989.08912713454
989.085329936562
989.07309534411
989.069809183328
989.067339157186
989.057201271838
989.047365599105
989.03435767483
989.013748067378
988.989565601577
988.955541412987
988.942184913534
988.933688784398
988.929902803672
988.922232252979
988.918736788947
988.918145482054
988.916886876863
988.914632129637
988.913413425844
988.900402426277
988.896398906339
988.893495297306
988.868943722326
988.865303382505
988.853125464659
988.842898020025
988.8398733663
988.833437930675
988.825827682815
988.823275812543
988.820102244237
988.796316685724
988.780639997606
988.780310459915
988.772488757175
988.764064435307
988.76023571382
988.752617517973
988.743845191453
988.727709779653
988.691838936683
988.689632256608
988.685294875025
988.676664419197
988.660407193228
988.659833672848
988.659433767938
988.638922411256
988.622860157852
988.605393200986
988.600313161632
988.598892225687
988.597229951541
988.588790704741
988.577985607255
988.572999584099
988.569677295273
988.562818096536
988.534543761178
988.530549625571
988.523549646402
988.515909847667
988.502436279726
988.499936767603
988.497954566316
988.49514049221
988.494393870082
988.493309463751
988.489862744607
988.483165958072
988.481325706756
988.468197042778
988.457726968752
988.432200523912
988.427221514316
988.424985786425
988.4234165569
988.420351054219
988.4079272283
988.394100874219
988.391779897582
988.385870010154
988.376272507349
988.363121958151
988.356747383006
988.352312691579
988.342443331089
988.340744291509
988.327219918195
988.326835992666
988.319982462845
988.310780163601
988.307096573669
988.305177643548
988.300119807896
988.297151677212
988.268489522901
988.255347598197
988.249288192007
988.246522519515
988.245418913461
988.228270070744
988.226623396229
988.226060629955
988.224562255939
988.219059571887
988.207913998225
988.206659317734
988.205230945543
988.203271986749
988.197703581936
988.186858691917
988.18590874539
988.178845383474
988.173995014902
988.171891906647
988.169232743863
988.16430168639
988.158266189925
988.149372758814
988.145214604463
988.137865375324
988.129458821818
988.127950664244
988.11974925237
988.112821646854
988.104265764433
988.093920237218
988.081792282086
988.080501741162
988.076380096634
988.071680843481
988.067794764435
988.064317082008
988.053722955301
988.038250732342
988.031917768156
988.021646875976
988.007073191308
988.004691508682
987.997580882968
987.997141541204
987.976381234071
987.970956951987
987.968410267838
987.967073257036
987.962371965113
987.949120732537
987.948520177558
987.947576870449
987.93701403259
987.935028007223
987.925419153029
987.921715468637
987.917082341919
987.906571220265
987.900555086972
987.898128998046
987.89323318001
987.890423775122
987.889530958316
987.881070279043
987.879082393257
987.872209699759
987.856735806804
987.843634285369
987.838445993139
987.831750030916
987.829433592171
987.825247588869
987.797764155812
987.794429649112
987.789095277821
987.78890237941
987.771497865375
987.764525649868
987.759047345892
987.755337229745
987.746964283884
987.730663834922
987.720012821876
987.709000397637
987.702893553273
991.58232229767
988.956564323896
989.694029647072
989.237289431723
988.596779753238
993.036377973857
989.469452183082
994.55590843308
988.015935074932
990.040413949143
992.47028781072
988.764520511716
989.832560080451
988.67555938129
988.665002794541
994.734927298462
988.541818489404
993.400237944758
988.481151902805
987.730046677094
987.936912718911
995.736903109176
988.569465793329
987.776189571909
990.074531379206
987.774655664207
990.620678537932
990.932890865141
990.639002268963
988.728049646209
989.696337985537
994.896096090683
987.952614647953
993.192213941542
992.360429031648
988.532826473754
992.883965443321
995.363435342771
989.595410156827
988.098957410478
988.172473146734
991.510422025216
992.472066902917
987.893595557491
992.459848946793
988.794326916229
991.093020461884
988.341764592001
987.801705742373
988.680037326322
990.167391764298
991.180868745091
989.573506437221
989.826867203829
988.148249896159
994.674965532835
989.119417249875
992.123225733645
991.359553545051
996.415149915394
988.70969306032
989.72827250328
989.707975843061
987.962948654018
994.211929753415
995.034609013503
989.133578048904
988.12784948224
988.990609037262
991.787747047516
991.737955170065
991.942543143885
988.366184704926
988.250626934146
988.058092972495
993.191511654366
988.105935568519
990.370644667019
988.745688346341
990.761728514597
988.759758501646
988.395936035832
991.106857674844
988.159910186987
988.375176884451
996.424960531526
988.647047688803
991.04307063091
987.995892446606
987.731888746283
988.184943052224
987.966426036037
992.785423571121
988.529599159836
988.41067283322
989.895287733638
988.348363643592
990.117625814387
991.847437974051
988.190426679086
988.059423340531
988.05410920244
990.376336826391
995.083675466871
988.714304698204
988.361756136112
988.266048329014
990.432315829104
992.015403916248
997.013615914056
988.802758163802
988.889496036187
991.923586773044
992.147137360315
987.775143923128
990.313604065041
988.620016145681
989.896869274168
988.686745411237
989.809287728281
988.764944886893
987.899670754026
989.036381541542
991.645533289334
992.940572566373
989.011798292237
990.406567954846
987.860953965531
989.692646438474
989.171078241192
993.965512393339
990.331260388842
989.276729902957
990.427778576701
990.152629564022
987.933370063338
991.326585397697
990.076741217888
987.899441236524
987.933210385928
988.474528634186
989.71407917092
994.454812350897
994.411866753528
993.45488478014
989.995947437855
1001.52531956871
989.843349049948
995.974035983707
988.315787274764
992.872796372024
988.148543635301
1001.61526273845
989.47683555619
989.981131201183
989.320363659095
988.601278134629
988.580810749076
995.130231814296
987.905855050144
998.60947715783
988.733395232678
991.577956039817
992.246152695399
995.262666187367
996.235244889785
989.364202479724
990.600225535457
988.174670321534
993.53405714361
989.648237233227
992.280802569971
987.868401528283
991.855483443247
994.467864014614
988.824578364904
988.567407485126
993.710139307708
994.545889249503
990.753498144593
988.834195518879
988.549275456178
987.928270136646
988.944139708858
993.560369378948
992.617617737427
991.200102835149
988.14417120236
988.953643702795
988.966813073635
988.704222455632
995.401240274234
989.184010215859
989.335903861639
991.547711899567
988.139193005245
992.903827147245
990.135803381613
988.442674735473
990.183053001131
992.203984436196
989.173172481022
994.597061478196
987.996814120459
992.237180898563
988.075848508884
991.790586653983
996.220380017212
993.715559557295
992.406025044148
990.748169993271
987.984972338636
987.881200523466
988.870730204443
991.391576911207
988.520602400783
989.398385928488
988.222724114241
988.144811448954
990.710796754353
990.422037866057
992.557581683071
990.028410499591
989.358903836053
992.373077700102
989.680374306275
989.321672885038
988.88218811386
990.443460729291
990.388729855316
992.881216645597
992.117473238197
989.269230002588
992.170910578613
988.229740985876
988.901179842974
988.172672362903
994.413698807378
987.780218160836
988.010758066547
989.739798491154
990.775907950003
989.369906216218
988.528352951788
989.931218271742
993.448013233126
992.260766426345
991.081426993054
989.989550128412
989.206558953782
988.030054760224
990.262048466109
990.016022087061
988.137112212059
994.700972119515
988.35246370952
993.637973022156
991.785712343941
991.155554564101
988.754539683615
995.348021846303
988.067449978596
992.922112475238
988.112273732842
993.512958032416
988.387141058624
989.480001655648
991.287661044637
991.900933863711
988.448742044559
990.424647994341
992.486053737938
988.623819726964
989.306645779741
988.715590264135
989.451647755948
993.575670969802
989.658738674082
988.271377387363
989.815877675823
994.83065266462
992.478312352593
991.737511140422
988.392462124461
988.612463547358
988.271194290416
988.565734540055
988.535813628109
991.1804560882
988.271366951793
1001.77933831935
990.748975796115
992.436451359365
988.22957842667
989.838046875532
992.898283007514
990.935562584777
989.219123564052
991.427815472338
991.734105602221
988.238055872849
987.81529775605
988.770061703214
993.140704204314
988.645291482335
988.26189412448
988.066565273282
989.52735941487
991.360342042186
991.271452296776
989.261801007178
988.255408845809
989.72294853428
988.495922464097
987.962304139292
989.477078633193
989.946927433406
987.79067341443
999.628604645147
989.152585096597
993.46143667414
988.135341426648
995.241724172459
990.792913949508
990.021472245355
989.311801166651
989.307242121995
993.687877422547
988.062315081769
993.307896128734
988.79343056397
990.463356259198
987.978974743261
987.877278826766
991.615380263235
996.840952459962
988.770263642237
988.631002949228
991.769103100517
990.026270042368
988.730153536892
988.485017900957
990.901948326558
995.508721503595
987.754199865032
987.964361852989
991.884679234454
990.373357076994
988.465804024567
988.228595824317
990.374556895641
993.212373229338
995.444811931179
990.694994587629
989.155647177326
992.237877941994
996.457043343769
990.132134905474
991.638501926405
997.61602506794
991.06373160875
990.062395359419
989.254441979404
990.852036581398
996.293551927179
993.300679999541
990.712765642635
990.826708537409
988.641447765096
992.837985787347
991.099054141634
1005.51737562718
988.221646450533
997.053348988044
991.458423033386
996.987066625434
989.66993992107
987.766992838729
997.21142114991
988.794977161782
988.459744529549
998.988323447087
988.240596537963
992.208711456779
993.821121601766
989.349169866678
991.432796539091
999.695567351905
992.197215210583
988.042699402895
994.902455863182
991.276351426567
990.7086781948
990.734828054725
988.842050058438
988.259415792569
988.507225555982
989.552911466416
990.757032517006
995.203695016786
988.581548489336
991.85708606373
988.409181165434
990.326084294185
990.890941591442
995.974685605065
990.412667653326
989.456334298293
988.219150497568
987.864624955207
988.239948968751
987.775736536721
988.599628868055
988.045996373795
993.956187880132
988.784719138235
988.894180690411
991.804268067734
993.037280794085
987.897491645411
988.130391147801
989.469062486259
997.530590655095
990.031297655503
988.756570115965
988.412446894634
988.901853340826
987.962003406062
990.281734200196
988.328956304702
992.221119082976
988.688279665272
988.788981422191
991.183258529272
991.108952387646
988.144243007464
990.819505710801
993.857349511609
991.695301496977
988.130541448559
995.517505479969
990.41291445619
989.295341564658
989.28982284291
991.719751284114
992.361312027704
991.264976343044
989.600372242849
991.322407492928
988.111119374274
992.504532368833
993.061022923657
989.414745024993
987.807567809113
988.549549934985
990.380420470879
990.495940965705
990.492516202496
989.125611021458
988.033574387859
994.017392188924
989.922262273432
991.929649073638
991.765929283611
988.768274658111
994.668085059075
990.327008460725
995.780283497454
988.909994122255
989.866829598503
989.90526325065
989.702104827965
1007.07302833005
992.074414030359
991.698379458214
988.254859678867
988.155003017371
987.798578818034
988.472886929426
992.220188716552
994.27608640725
991.398648180255
987.741155927737
987.978315954985
994.341543494633
989.409164293621
990.172358325203
993.61886889021
993.901758241122
989.782848561509
988.990399529657
992.016680046977
995.017138581625
987.787820196231
989.052149417286
988.853113817905
989.21139766749
988.793936729558
989.729255057074
998.123782132387
988.427111994236
993.927335170166
