660.736882613035
660.655085895987
660.30603533
659.288494799717
658.917524176749
658.397312966903
658.022444387604
657.601318586348
657.560571608466
656.499819481088
653.988535991166
652.942010975465
652.521008567438
652.342999396019
651.906529875304
651.743062312557
651.282036423803
650.731895919367
650.688289107078
650.651046645358
650.629231877826
650.587559743085
650.105736473496
649.732952460772
649.709556574735
649.664799100648
649.145863588537
648.215493843009
648.18208128461
647.536269685104
647.243627269707
647.183218408528
647.143427584841
646.574296598513
646.253257773768
646.129250135774
645.827923428606
645.822496659419
645.727023532482
645.534053582707
644.641955865509
644.265166913706
644.171848334237
644.00516081759
643.995334533904
643.94407552948
643.826305768786
643.743650098955
643.558805630602
643.323759636118
643.305615130615
643.186653613936
642.949921416753
642.948931486977
642.928284641714
642.922172111707
642.813035507922
642.769920823791
642.657986425241
642.612212834024
642.446741793287
642.376401266745
642.374734132176
642.229882809227
641.578923595489
641.556786552994
641.547269421857
641.526860778924
641.282399977261
641.174174332001
641.110513242365
641.110364263533
641.086742345915
640.944478812419
640.705734948241
640.461674063784
640.439643977612
640.310643519012
640.104038190857
639.963248701771
639.832934401521
639.622112673916
639.334457880065
639.306451206522
639.011553554201
638.726567487904
638.699644625181
638.569745563525
638.040819109082
637.952397044492
637.92262607233
637.697578208588
637.460277712533
637.312182468189
637.163710783141
637.158962253801
637.149028585917
637.12331890313
636.972383081388
636.904628217419
636.814956743797
636.582042591966
636.425107834891
636.397231349792
636.18998744814
636.125261455953
636.121209039621
636.100199920455
636.079101825215
635.947041502482
635.89355066546
635.873490190102
635.820175086328
635.478368457912
635.424143175324
634.916800643043
634.72974717226
634.650580115725
634.637735485012
634.6281793721
634.53461515855
634.527501054085
634.33782507074
634.260648319335
634.220064094113
634.172248158327
634.149945862209
633.951816448018
633.928600433664
633.799262618762
633.714768974672
633.687282514842
633.589515325377
633.552634316044
633.454761449572
633.433852737658
633.359282504272
633.072674224598
632.685615998611
632.657766550097
632.524154504825
632.455326666086
632.445250519235
632.311666576081
632.142005175977
632.082495949335
631.928721548824
631.915548275603
631.763673257984
631.760199062725
631.631226776654
631.614746469173
631.574748899842
631.552651412354
631.54921856842
631.514242139938
631.376763697571
631.32313993769
631.302625610929
631.266547109314
631.256737592531
631.25176988197
631.021578643246
631.015133488642
630.909810517789
630.902501771277
630.844331521865
630.75098831891
630.73321493098
630.668363022646
630.34671754785
630.278996333542
630.235555815971
630.155629465647
630.138046713938
630.063405710703
629.998249701209
629.97380103389
629.919428772643
629.918566750631
629.88813712606
629.857708583763
629.83531602368
629.82109861922
629.778237160491
629.671315435986
629.601422454825
629.56223655844
629.507856023517
629.463496141064
629.423017153997
629.4107017914
629.396094966782
629.396075676388
629.355586038065
629.311969788525
629.118210538838
629.103174798441
629.066572852053
628.813366298244
628.788676998749
628.768475800767
628.704664916878
628.587700559688
628.543806286947
628.537730428277
628.529875748999
628.497535486079
628.48863962574
628.402858658601
628.304494003291
628.291998079058
628.213435648826
627.983895112717
627.92576351229
627.9021554983
627.871264175224
627.836572538107
627.788449660758
627.766004646457
627.743347933795
627.683751182286
627.577753480865
627.549263797445
627.492372580077
627.258140278094
627.241202159456
627.201436407151
627.160912177819
627.126245447991
627.11789597529
627.117073641105
627.05500846521
627.008524571261
627.005423761502
627.003242620442
626.997810008627
626.978647006692
626.913267048886
626.848290178491
626.831781018321
626.810150057402
626.728518334054
626.672742728338
626.660370722595
626.60268130966
626.589398297128
626.572578107818
626.567777190822
626.551193208712
626.429000318772
626.411835362533
626.315400482382
626.305482045469
626.171325536921
626.156583447652
626.14946506558
626.121593149474
626.063641924711
626.045867625038
626.019843146611
625.96300593676
625.890521162747
625.871108153619
625.801849791179
625.771514807892
625.753068557349
625.588867924884
625.547086402685
625.510030657903
625.40535373215
625.404332435353
625.368330818298
625.341053763138
625.270647761524
625.269465015981
625.23356050796
625.07734732864
625.04224970116
625.039019261134
625.017574281957
624.994486906036
624.968879302014
624.94460220528
624.92593074886
624.784519766945
624.719844024382
624.716093665023
624.603326207681
624.584115419941
624.582924578665
624.543008595443
624.52293372169
624.443881805552
624.347088936554
624.283414484469
624.282387477594
624.22603085813
624.162765480869
624.131935646951
624.088779052778
624.052869060757
624.039590725205
623.978700388613
623.932349806342
623.932130704836
623.888891283504
623.847350887825
623.826645556952
623.816055177455
623.815969264572
623.810680220642
623.803547924201
623.758794471406
623.750188246142
623.729788935058
623.712239610854
623.711928420797
623.696626783204
623.670402878966
623.635780105571
623.590328039476
623.509184751068
623.504635611827
623.490911333808
623.437891128269
623.435362743804
623.427009752177
623.41253809797
623.390823179897
623.336080710334
623.260465938095
623.252777560979
623.246663564685
623.230884492505
623.078527793569
623.049710296688
622.85978143675
622.830736429537
622.798119471046
622.739569760336
622.579245745004
622.579135220697
622.572959756791
622.528566292767
622.485113913768
622.484336829414
622.4623774325
622.365069616608
622.283664894935
622.251584579168
622.230223943104
622.221457885534
622.179149396627
622.16248774801
622.143892191127
622.139285412052
622.133312667304
621.982022951803
621.86245499097
621.789388451081
621.778435597334
621.757518586431
621.740665243635
621.701577217619
621.381676506316
621.282805002528
621.248045746939
621.234289237892
621.204675254293
621.128655590109
621.121821683854
621.065226795884
621.064182432974
621.062714445142
621.054855656714
621.024457619737
620.992546093402
620.860433938261
620.828043859515
620.786337153519
620.681359148184
620.67789228679
620.635168372534
620.538450480019
620.521557263577
620.479909178924
620.452702265226
620.446750883759
620.418253231153
620.4065827621
620.387183286864
620.385841022318
620.354490922825
620.346947990141
620.30976127031
620.113646611676
620.108137706239
620.03903965039
619.9960967481
619.994656758372
619.90706795706
619.852145137769
619.84611679569
619.765948374929
619.703194073285
619.687815387201
619.669239966668
619.661185220323
619.648731565658
619.637443468256
619.511807307732
619.496407377567
619.46285827995
619.421868863292
619.412126732851
619.398651369635
619.386155323521
619.089209738979
619.079826964543
619.019611031215
619.013010768583
618.951075475526
618.866950106504
618.808488069737
618.757826116583
618.755505604611
618.703584078811
618.683851984289
618.664867776472
618.64419013392
618.627976382426
618.56423960383
618.560907389083
618.549272628046
618.528294760714
618.451212245949
618.336121573624
618.308047948983
618.304000824297
618.252212334499
618.212612787964
618.198689345249
618.137108414487
618.089913648484
618.0864341184
618.074098592944
617.929670054226
617.860699040696
617.860582296056
617.792998432125
617.750447642397
617.712635481666
617.620646939278
617.541946882168
617.509905436961
617.464761896548
617.440748863012
617.371452926161
617.265698429076
617.264422549507
617.19106345492
617.162668142159
617.103342515753
617.031214683689
617.009200473017
616.994655599997
616.941088012675
616.933773612197
616.896273081677
616.802164482676
616.732043969578
616.71362524915
616.664568507131
616.643557091788
616.610672000769
616.532993830272
616.516581513666
616.491476105207
616.475769727837
616.357714605823
616.352108339484
616.327234113899
616.315366392601
616.287165807471
616.255843013762
616.251625697346
616.24971391212
616.210834342919
616.167210937433
616.156692533577
616.122348221644
616.10036830868
616.05129767007
615.984896676371
615.966096830956
615.939227443421
615.874514460541
622.130080550361
635.750542858916
626.714976435993
629.577654737583
616.352232547384
650.883605171534
638.461968015827
627.815419841917
665.027941881274
616.203521441729
647.285344683068
618.74122927651
623.154634779607
657.223473980679
621.169394405991
636.311064221795
653.472409350171
645.336440393429
630.027779155106
618.244120148765
633.242566459737
643.061546479225
618.188865281108
616.407809822603
650.209837562708
616.670935048057
630.986926339333
623.285814110962
618.171931969469
634.418972207867
652.00995257
641.001750728028
627.879417722463
615.980330837593
637.248738334646
616.721322576677
635.832951558665
618.261020587787
619.088584942011
625.339446715803
636.502506979602
649.914072868352
622.172036420253
621.553567013873
617.501642596965
666.503779554294
616.790704294512
631.46700672657
622.981270073131
621.270249690913
645.845182711741
650.919750037796
638.742274410181
621.396863502486
642.450329831552
627.866925577072
620.745054731212
617.274366132029
626.042646375798
637.17699235497
618.986002128513
629.37747372219
628.482643962879
619.243764083894
630.402004014111
638.928911511576
627.737288966966
622.48570677018
622.894777315807
619.577576640304
660.660283714846
654.147888541264
631.452437073629
636.614313557121
636.347569013921
631.198009996589
625.316836287348
631.350474664191
622.25421968783
621.66324390187
627.370672875072
631.070082910601
628.572594016408
624.205782221123
623.458297835663
654.181046304122
624.30560385841
646.63755588921
616.714025826435
635.905437155233
634.044857968459
633.866907793129
621.104555919193
621.931776937824
621.672121372311
621.468861134308
630.800496423506
647.373396611051
649.287885416854
641.352370472795
620.845588006878
669.511451336944
671.616999490126
616.328152029479
630.768729196795
624.09643780797
648.259441339543
623.991679854128
659.856181001926
630.464243424916
644.252012498232
617.677390272213
620.639093740502
622.633441308303
616.031520948635
645.611420281278
649.848640750311
625.400452436477
615.971881214516
615.991619423242
651.982395842509
627.52323047546
640.564864764181
631.593022234097
655.323950659724
632.497147758422
617.423519241442
650.0208998596
663.298112947951
632.51316216319
642.761041129086
656.076706112383
656.588063824552
620.427106164272
650.879274736911
624.028378155141
644.514850104654
620.390399364059
615.988420943091
645.546074972099
634.280717187087
624.189641712737
635.773351994034
617.15103348306
643.048218225984
621.031906505128
643.459832124519
632.908526583755
616.130035622602
636.521310051894
624.209957676407
627.343716731109
632.671901699336
645.777047389703
656.390996109544
625.863063810088
620.064423646159
617.759060433732
619.290756945243
647.820407867542
625.538716397293
648.487682256436
633.54437116471
622.957678077269
621.7425301479
632.351876768578
620.654336303458
643.798000671236
629.494623495823
661.932926392397
622.701531771106
657.32385076155
618.229072149486
630.992543820983
654.962752677217
621.090501934814
615.914228086205
625.490217859222
622.62947652055
619.278292251334
630.522627457272
634.561548685842
661.347720713287
644.634253450196
629.282534974687
617.253373296134
624.548764978794
638.338121202382
619.320449933689
621.742321501417
619.901393168226
624.462690467327
618.552029038608
619.434364360973
620.227162872999
627.756062659407
631.119776153888
618.474811396208
659.531131239917
625.687338002052
629.163465084245
617.41329420447
616.728526547323
622.868950412651
619.601262295402
629.569380818384
616.036085973782
626.304329893365
623.320416754538
639.049450517285
646.298205690082
649.966962647795
627.365748651237
636.650079104055
635.116087423333
625.396285048428
632.300769087606
650.153262082318
620.706052709325
649.683085440158
631.779911516432
637.768264248023
618.672576954748
618.13377203866
627.34162094515
628.579511837751
622.621415565521
643.820088713265
635.143928977408
625.021681471947
644.994314301334
660.121564897378
624.811303915052
638.502852307644
624.749299912829
631.171646145555
630.091743142914
625.705597019828
616.864743354549
632.180322804821
632.672449788797
621.191600016561
633.806577425129
638.269135357635
619.279326648495
624.673093080485
618.077763345682
622.396618313633
634.687621380904
636.877728239717
632.527941496281
636.372998941966
621.695718475824
628.029290675751
635.050301218765
648.279852997786
630.829818485608
626.698838423738
654.392217887262
618.630516622275
641.191913161431
631.424214107341
623.149286430885
626.073889077065
624.963577611349
620.07275705178
623.850507049671
616.709081771227
627.768625328617
630.03541692906
622.527710584329
620.016295375395
634.129133225682
634.16392799321
651.180177708553
633.255482767315
633.777074533433
616.972227350601
634.019021061878
672.719189229225
617.644549689193
620.980016469802
633.910527148322
624.103978349277
619.265551541131
628.631478528504
634.291665080987
640.803266755433
620.496323434561
642.39295099556
632.748605124232
627.990685726397
620.421354017616
641.503366287293
638.743090113924
624.81426421381
619.151885668581
625.163712195995
616.626884836516
633.411325305838
636.224906126343
625.348800130091
621.482797613922
617.480817412203
626.054038786838
616.793365767027
636.557077051986
618.475933917239
630.439219302663
633.23159642204
629.475169628687
644.298061440987
636.122530729264
621.194931602069
622.288090638115
660.076049104618
616.67813426621
652.646214417405
637.729744811457
617.613412148908
630.827029412343
634.943386721366
625.279382998773
625.53031516184
629.683242672106
656.06738137252
643.320027746834
638.796142845207
624.173345823603
638.634998836104
630.277716837265
626.493618884834
617.164130708239
618.061513187075
629.341586599874
634.322811335495
628.281341173528
619.721312065168
635.13985100278
634.153001643787
622.926794317986
650.438430860756
635.099477933537
616.315933666919
623.600123591396
656.850501456825
624.252786697109
616.735761294727
652.596788725237
616.252552666142
626.460829279467
618.179006708578
634.597097736612
661.831187136337
631.240544451355
637.567600845391
621.175874288189
641.436787409052
639.897808929044
635.46443553049
626.355312737593
619.969675924149
615.981159769408
618.293573445972
620.341494320406
650.513351794913
642.792606097345
633.922025711878
639.042015491054
657.584631950097
641.071146458204
628.292104619603
625.896325217319
663.917778524558
633.394997756439
640.041977150444
620.015987281037
633.83179347138
639.003295856514
644.953530215823
629.08036437637
649.292557147812
617.584821053433
643.380626573038
627.053259783493
620.643729132003
647.870973279484
632.100784162626
649.923038982283
645.014832094028
637.356889506339
626.651033240155
641.647267201066
632.842737316903
638.005609094837
632.231231230654
637.640623918534
632.177838245022
655.320176006791
628.436255092583
623.249864840554
649.471976990775
617.776948540895
632.677684950909
616.077815541617
627.227261435481
624.547378902749
635.146661028787
629.104853322556
626.187283277502
616.217142298941
625.837510971517
626.880585212784
632.15321542243
622.872126152368
627.041807438817
626.103141926896
628.57512416197
647.012809811208
620.269380614751
623.516788842976
636.201874813409
618.127125630638
631.786496390098
626.138186042802
627.161610435919
632.257571896702
648.889258842492
627.791320155511
648.865784080432
638.543842977966
617.080477616145
646.463524154707
643.062137888533
622.545152343792
629.710357091395
616.279272265756
639.654164325515
636.372662807801
639.078430904918
620.404224424304
630.972923154946
617.864111605978
640.925696782999
625.85839237207
661.338504559084
624.584999627051
625.895190701553
643.888528301214
625.939851599043
629.834850372335
622.819277148428
630.039093424343
617.662290887336
627.778770219594
633.740327725622
630.633425948689
627.573993565164
616.252885514035
628.823964949656
629.954800877317
652.954169608714
643.561087513182
627.50332483754
633.596043394742
628.563178301824
631.192392463304
620.537496905322
622.528163755724
636.154894148779
634.537271773597
617.545461610201
629.870159899214
634.786502573917
646.56938462038
628.774690538173
620.482864457803
641.207608493136
618.10805343467
626.832364244259
646.98659095939
629.354691392899
619.130844101114
631.544793366792
643.664229502889
626.239490366762
638.249259622331
626.717832596644
616.847644605669
635.854717574094
632.869965360881
642.156547905792
656.542349631057
654.562058016237
650.340134031185
630.067761321293
643.503042550246
621.180251372373
639.082859402532
646.392972526746
621.776332114696
648.853796401738
