740.009513273495
721.477906763467
707.040181133342
706.886570826998
706.811240661809
706.470220779998
706.202387703902
706.018643619635
705.985031983962
705.971508451802
705.956311539859
705.675589326253
705.472831851056
705.439888732888
705.400894189712
705.400434221833
705.344343387468
705.274663707129
705.218721234289
705.177891513733
705.068716435216
704.985859045008
704.918361428361
704.914872915759
704.799269746602
704.78490952802
704.588239227408
704.535270595358
704.499225894962
704.485605771374
704.461460339994
704.442609069587
704.415502563721
704.373721378974
704.362077109613
704.350544568977
704.238489321624
704.218307877973
704.214491999144
704.190819544293
704.186126307671
704.126960967221
704.119991933126
704.027048756367
704.003138765318
703.984240421669
703.962997198257
703.900468280564
703.858545200513
703.845214799309
703.770761548316
703.752599505222
703.721008596091
703.713856449739
703.701089589338
703.690781878335
703.646724167466
703.639230429019
703.624255004536
703.516673319084
703.47629380628
703.46957418584
703.465936481381
703.433003408647
703.408729918047
703.404852594027
703.326011168682
703.317737765961
703.31499216363
703.288124072922
703.283799908213
703.23883867029
703.231948215629
703.22902098129
703.224081935335
703.205019149668
703.112204158615
703.108570280536
703.10163522887
703.044323889734
703.026520063199
703.024658503111
703.011521402169
703.007650102487
702.992429185044
702.988208502829
702.969127408802
702.937335877906
702.932981951967
702.911515614598
702.907125048472
702.906794730642
702.906329859891
702.90619483331
702.903528002842
702.903216473935
702.90319887089
702.901994434149
702.901545843963
702.900939428388
702.90083291956
702.900789139677
702.90051116088
702.899947268136
702.899639261371
702.899181075544
702.898897237857
702.898779685151
702.898100964187
702.89772891806
702.897670920744
702.897579479638
702.897565390907
702.897494697626
702.897296374786
702.897155244061
702.897077168685
702.896990693822
702.896700554535
702.896222959291
702.896088684262
702.895995638269
702.895960197241
702.895825981389
702.895745586402
702.895713738297
702.895625477351
702.895595292831
702.89557802123
702.895499973895
702.895181064518
702.895009431581
702.894932045644
702.89439737574
702.894236726488
702.894166052649
702.894164618864
702.893500002869
702.893402861927
702.893383404291
702.893334496365
702.893117112015
702.893108782698
702.89283267959
702.892542654459
702.892232472274
702.892199717244
702.892111036536
702.891941018987
702.891579468067
702.891400819018
702.891314233386
702.890813678875
702.890553248623
702.890505293103
702.890307883338
702.890137097932
702.89010552683
702.890039435374
702.890026751234
702.889610915228
702.889477949338
702.889332781762
702.889322254319
702.889224639233
702.888422126018
702.888294139175
702.88821989428
702.888180836406
702.887932609035
702.887857696814
702.887307628585
702.887159975472
702.887016138987
702.8866885934
702.886678322616
702.886585412126
702.886557898309
702.88651985233
702.886476924819
702.886142108907
702.886041744404
702.88603043703
702.88591010517
702.885908911954
702.885793973859
702.885720106198
702.885648682747
702.885458318254
702.885426713083
702.885274143032
702.885135336366
702.885117857527
702.885047738646
702.884957371501
702.88491828815
702.884629696904
702.884592242781
702.88457056501
702.884391481856
702.884343932439
702.88422703347
702.884097869746
702.884094759876
702.883916983014
702.883799231339
702.883775667373
702.883752170453
702.883714750915
702.883697924497
702.883515002065
702.883497527574
702.883340318958
702.883226862897
702.883161984813
702.883106434403
702.883054019013
702.882916759227
702.882886528937
702.882852301608
702.882661693096
702.882583227522
702.882514147669
702.882484759803
702.882383710987
702.882369266232
702.882243713993
702.882226144106
702.882145928115
702.882143657245
702.881989658292
702.881973465892
702.881897781679
702.881654008853
702.881599791958
702.881559851901
702.881525285806
702.881451853426
702.881436707638
702.881374789929
702.881364594745
702.881158802944
702.881143641185
702.881098852036
702.88094850137
702.880922379665
702.880610309856
702.880389733157
702.880364478114
702.880347316503
702.88024385907
702.880166814854
702.880161278626
702.879994394052
702.87982430928
702.879712534776
702.879701180256
702.879689275095
702.879405597253
702.87931566711
702.8792173713
702.879123156396
702.879022830769
702.878904369789
702.878855541544
702.878802898375
702.878717834122
702.878342792063
702.878299262225
702.878198219289
702.878061703758
702.877911777373
702.87782606146
702.877731559033
702.877547794208
702.877421510622
702.877420900787
702.877418936736
702.87741789708
702.877393951016
702.877191771459
702.876955207059
702.876795759061
702.876660153633
702.876657558817
702.876633870362
702.876587953833
702.876456573876
702.876424217713
702.876231224034
702.876205410872
702.876197286355
702.876151542231
702.87613976378
702.875797444509
702.87579336799
702.875777580865
702.875695497126
702.875650513354
702.875554497297
702.87519021024
702.875154728585
702.875149700192
702.875115633492
702.875101074803
702.875069540792
702.874851387798
702.874527931318
702.874483799405
702.874387439325
702.874324537166
702.874311878378
702.874211640743
702.874044833254
702.873899258179
702.873893285398
702.873886685306
702.873788743867
702.873768742461
702.873565550434
702.873486960661
702.873476164842
702.873468131394
702.873376570494
702.873315568624
702.873234730253
702.873144613111
702.873142921488
702.873139634648
702.873043495529
702.872997607794
702.87290809028
702.872879622816
702.872868217021
702.872824743548
702.872559569198
702.872538618391
702.872482636287
702.87244032841
702.872306605923
702.872290030318
702.872285875804
702.871955621354
702.871647460992
702.871642569184
702.871575376339
702.87157048034
702.871406803638
702.871359554808
702.871243308296
702.871185729446
702.871170233492
702.871132854202
702.871132084872
702.871041488004
702.871032779169
702.871022533543
702.870973365522
702.870893639013
702.870864391918
702.870636003329
702.870633214739
702.870483169107
702.870452924952
702.87041179062
702.870408042597
702.870298601326
702.870290131335
702.870272869609
702.870231281189
702.870219714762
702.87010737854
702.870081125092
702.870040626708
702.87002546894
702.870012412014
702.869999633202
702.869980105805
702.869946283846
702.869772329193
702.869682041379
702.869665714428
702.869641592556
702.869394979475
702.869390750186
702.86911886779
702.869066859138
702.869045913673
702.868832965229
702.868793614968
702.868749722794
702.868719972026
702.868656910589
702.868588278217
702.868577448178
702.868542191637
702.868506692581
702.868502273983
702.86845225961
702.868419485928
702.868218119452
702.868187389169
702.868173981779
702.868128899766
702.86789738989
702.867630736798
702.867596065239
702.867550107523
702.867540480605
702.867359827042
702.86724642193
702.867199215589
702.866982383941
702.866909934995
702.866814911069
702.866713977428
702.866653223685
702.866479377913
702.86638642939
702.866340538106
702.866248938402
702.866140232278
702.866075076324
702.866008392337
702.865950701069
702.865919390692
702.865778291491
702.865758079239
702.865635237785
702.865595095353
702.865568102885
702.865506353304
702.865383015526
702.865359132557
702.865232301883
702.865202771921
702.865113751834
702.865080999005
702.865074693958
702.865051567379
702.865018547187
702.86497359935
702.864966274032
702.864964190298
702.864878348213
702.864829383372
702.86477163143
702.864768896881
702.864764657908
702.864740981583
702.864709657232
702.864700372771
702.864622688724
702.864383034473
702.864375831449
702.864354971687
702.8643018859
702.864290983978
702.864171463684
702.864105129396
702.864100292566
702.864040403852
702.863960478113
702.863699784454
702.863626865618
702.863486358092
702.863476315493
702.863451259524
702.863355292864
702.863351059017
702.863308602725
702.863292987158
702.863286460109
702.863079264405
702.862941735614
702.862882207552
702.862852563571
702.862765391191
702.862691816831
702.862665264122
702.862586826751
702.86257666408
702.862559893889
702.862559351001
702.862549518426
702.862519507997
702.862467339508
702.862435558776
702.8624097527
702.862386257418
702.862276385622
702.862121501513
702.862019978663
702.861997034037
702.861933483353
702.861889207816
702.861832962395
702.86177359173
702.879554786254
702.891393049859
702.874230911483
702.886448948644
702.892651161235
702.873179573332
702.883957592641
703.810619832411
702.884186536069
702.898031242516
702.862139076
702.867530554196
702.865532580995
702.891813868307
702.864324117138
702.893151624977
702.869631896067
703.644710454207
702.86209608562
702.887831271592
702.87510324511
702.866109426869
702.869540312119
702.888223447484
706.510582843692
702.864094950166
702.884222703103
703.008061533867
702.866893550045
702.906784777052
702.88886135591
702.902431658435
702.884835710196
702.871351615506
702.888788577712
702.879334156187
702.862238539987
702.866986659648
702.902717228327
702.886898451813
702.867149881338
702.868998515173
702.866768823307
702.872601426226
702.868598123259
702.862212294144
702.872821468508
702.873733383094
705.405330922193
702.873077805899
702.878825676181
702.872728101071
702.86700198737
702.86170393708
702.889349560155
702.871880913061
702.901637448755
702.893417914169
702.864233158409
702.896745392498
702.868920628209
702.86987411983
703.878985011671
702.882592650465
703.164883865278
702.902796979508
702.871497164991
702.86886283688
702.870841395834
702.907648583448
702.877698578437
702.872097354523
702.868739217824
702.872124462712
702.884187569828
703.483161586507
702.873206798052
702.887510960836
702.875449647606
702.87095497076
702.901755030914
702.88064079818
702.884235244928
702.876590723189
702.907401547305
702.894453951318
702.866235308304
702.868607910881
702.885797556338
702.88740217479
702.880824389769
702.884308744234
702.867492554875
702.877088813784
702.888360749264
702.883076945075
703.26473172428
702.877814958503
702.89224516464
702.885347309175
702.868412784149
702.875509380073
702.883640758887
702.871859997361
705.08229832273
702.863448021517
702.863971226245
702.881057525794
702.871382030147
702.87379194837
702.905980916903
702.88206610902
702.874406976678
702.877145279179
702.887103516739
702.873628034857
702.874800749177
702.87178137898
702.887947657455
702.902164491668
702.871410412822
702.88017065571
702.889242147814
702.886115605186
702.870861105335
703.201883678207
702.876428742504
702.895785517133
702.870152021399
702.868238269172
703.201282308668
702.878873448596
704.238208025227
702.979509317014
704.688326215759
702.864891803441
702.862411417409
702.891999425602
702.866099210171
702.874110351614
703.126213916212
702.88458594471
702.881826400929
702.882778423161
702.884129005946
702.86376545943
703.276550712972
702.889050701694
702.900937750126
702.906299188644
702.900600431327
702.894053530942
702.865678259314
702.879418066425
702.895938718231
702.873871075043
702.863824525133
702.881236711351
702.878135306541
702.89794974296
702.883417814612
702.865526654013
702.879885317833
702.866133895693
702.889615342021
702.893882553634
702.873235645869
704.176260700223
702.867342476656
702.871905766382
702.901906914019
702.891770605318
702.861623689995
702.875029962568
702.882242943157
703.261085087434
702.861726192868
702.868450589815
704.28675413344
702.873072196674
702.947077882135
702.884010130716
702.873462942417
702.875013410908
704.772595988502
703.239563806798
702.875904122403
702.868364215033
702.868029416589
702.880948420553
702.872740041832
706.894067245994
704.386059878082
702.881948669461
702.884850934831
702.875943402999
702.881232954971
702.863603349778
702.87866624357
702.862277431388
702.866561497547
702.86273462698
702.873768659951
702.886777072778
702.86319056715
702.861674784727
702.873435975755
702.899076583772
705.023412652137
702.86395118497
702.864860685312
702.865656324637
702.880577159612
703.394887401038
702.869595539873
702.873990859568
702.86604226563
702.886484996389
703.269813412519
702.861596444273
702.887642051086
705.501908779077
702.895185834169
707.760934112721
702.874648182397
702.896771072497
702.880048657167
702.882314464785
702.893225055943
702.863790560502
702.863652136604
702.868694253464
702.868672765948
702.868160834176
702.891925360694
702.874316425819
702.863686743065
702.86533791462
702.904935946406
703.013123119708
704.103794649074
702.976708859495
702.879683048997
702.871866242509
702.885813857172
702.866486962659
702.866629155152
702.879142956829
702.882420020122
702.870171674576
702.907125402821
702.870381388747
702.886758282981
702.864985311109
702.871999834969
702.866313506953
702.868144408054
702.884041691003
702.891180420997
702.868993072395
702.865048667297
702.873844061601
702.86846760761
702.870364992551
702.882870789465
702.870774070799
702.881609418388
702.90225646303
702.866617788235
702.862314203848
702.865836181301
702.880314776829
702.891506439851
702.977126627913
704.767329665601
702.868029904625
702.887851819956
702.877255822414
703.478029655045
702.881612767691
702.882565798089
702.864414786301
702.88645006895
702.884402286808
702.875485787741
702.895787648116
702.882508076803
702.864763713474
702.889394438989
702.886577296207
702.87421122862
702.871520518933
703.209065672841
702.864709272986
702.960353362962
702.875620871285
702.884656809196
702.8684545009
705.13978797505
702.881876652312
702.871673106968
702.885972185406
702.866060786042
702.870352675543
703.146139080756
702.886763881712
702.863372220922
702.898724912057
702.889446236121
702.885789872744
702.883787756222
702.87447872033
702.868004874344
702.884379647945
702.863768408215
702.865987927415
702.888673565584
704.193063924882
702.862182328142
702.880815713696
702.882572857331
702.884301513438
702.873607625559
702.864319150842
702.885637242266
702.872830621121
702.880151315664
702.888169296907
702.879022175891
702.872100769959
703.038334196435
702.894049689661
702.873769513678
702.885851217361
702.862030911854
704.316139751672
702.883101070927
702.865256492517
702.884209646046
704.710240678823
702.864123348196
702.871430783997
702.894965410756
702.889412183672
702.86967639627
702.883703674666
702.885929070701
702.863996790777
702.90598332589
702.86502804605
704.483686446274
702.869105640432
702.889616042313
702.892029122038
702.875112198963
702.871110048322
702.962187322508
703.267214169853
702.862259511582
702.890094370098
702.863042728882
702.889043030976
702.881573778895
702.877255163541
702.863193624991
702.883763481986
704.883631931622
702.8686152275
702.880858909977
702.86477584632
705.84931653607
702.873508736526
702.86973744214
704.523790277279
702.958191883657
702.862075475373
702.867042744706
702.875031853886
702.874537949554
702.893220359405
702.902529517574
702.873966421441
703.540238154405
702.862170170441
702.877088092437
702.876301783414
703.710884537798
702.863920622675
702.863342017302
702.897784186418
702.891805700994
702.861702973151
702.863782727248
702.86801359395
702.869822234365
702.892278804556
702.88386318305
702.863881632764
702.875690633267
702.863804497734
702.867361438922
702.868940461853
702.889062510756
702.900483278476
705.286217036372
702.869297077256
702.867120651428
702.873786562153
702.861989628126
702.97390029359
702.883188011186
702.879638203447
702.911390987036
703.543416998832
702.863131846444
702.870896918635
702.867401480507
702.868592362715
702.885013611652
702.862431672877
702.879884672266
702.883766427461
702.895252083273
702.871633180134
702.885783042231
706.008914650393
702.882194459138
702.897338258436
702.871679585776
704.680660909889
702.866079438561
702.874855076615
702.865842749352
702.886696605326
702.864401593704
702.881557521064
702.884361415577
702.881337615231
702.871230847899
703.695671298437
704.843879154428
702.87296740193
708.448050096628
702.892996800659
702.873848847744
702.894952918544
703.217344671742
702.878206207296
702.879870506679
702.865488853474
702.885153015703
702.875902985063
702.864076254929
702.887998159092
702.871085292071
702.897908901953
702.899293686696
702.883813732557
703.73030265658
702.870637676038
703.436880081779
702.890291433338
702.887277097375
702.885318857639
702.870881554583
702.882272011691
702.866521942353
702.896523454522
702.884176221948
702.896080727652
702.872813488948
702.876045100212
702.903419383133
702.871099806518
702.891771465257
703.278284861392
702.946003467255
702.885832990901
702.890064092766
702.876447209928
702.928828118508
702.867541954471
702.884463541628
702.862765519876
702.896788024262
706.206772306674
702.885077250966
702.881745440015
702.874032702433
702.863316559871
702.894191774055
702.863758085335
702.894601355759
702.872476431172
702.874527986566
702.875992345085
702.889770799595
702.865625241117
702.880020055021
702.891866464489
702.870205515822
702.884760517935
