1001.05466272251
995.65449425008
995.173927039199
994.607385187042
992.546178026508
992.148038188283
991.874074256526
990.488444597319
990.300373783729
990.279220194288
990.263781068937
990.215455719391
990.134818813014
990.115094334699
990.03042581284
990.030121041322
989.981577302408
989.968474402909
989.832441485072
989.66162065056
989.622649595469
989.416458727785
989.214253709699
989.203193617313
989.124283084993
988.922232252979
988.918736788947
988.893495297306
988.825827682815
988.820102244237
988.780310459915
988.743845191453
988.577985607255
988.497954566316
988.49514049221
988.489862744607
988.356747383006
988.342443331089
988.310780163601
988.186858691917
988.071680843481
987.906571220265
987.900555086972
987.898128998046
987.890423775122
987.794429649112
987.771497865375
987.764525649868
987.720012821876
987.639827476243
987.597980259714
987.381826965951
987.353702557112
987.322776588687
987.310553875489
987.300531673452
987.279066940352
987.215190161068
987.205011531578
987.184585058729
987.158705436526
987.134853185831
987.131181896303
987.083332853508
987.024271720337
987.018196936172
987.013477204407
987.003752381122
986.986966396199
986.955988209805
986.950099838859
986.941893180343
986.931617437931
986.902363902044
986.820474910807
986.797895928717
986.772002260963
986.757173379912
986.738330901198
986.701029842386
986.573608287742
986.535952478154
986.533993412644
986.525842205365
986.44376466751
986.429837410882
986.400392971123
986.382871625798
986.341068855492
986.335231250836
986.310085239286
986.287688335323
986.278985247088
986.222193054568
986.218588309869
986.20484784322
986.106251880292
986.074095984836
986.056950174479
986.026655094509
985.939277639012
985.895311794416
985.885388773682
985.839365544172
985.818551066534
985.80758888081
985.778812877584
985.757732373199
985.756747097594
985.746940754291
985.719112517193
985.647305620791
985.623384727666
985.595677121026
985.590999079577
985.569119318245
985.544960264467
985.535252917092
985.507149677576
985.502049017858
985.498917458559
985.488586574446
985.486601815311
985.480809302259
985.477241862908
985.468690353513
985.42732813823
985.420024168622
985.414577221746
985.400251864596
985.366353824096
985.364031864917
985.360263683366
985.28654433581
985.25812197342
985.239906354389
985.238988748964
985.238737740257
985.232283944223
985.220926234352
985.215436861069
985.153787875946
985.110901394594
985.100300056263
985.05396210193
985.01250810612
985.012390612108
984.931348004487
984.930114326057
984.909629110938
984.898687609232
984.884408948794
984.876222576265
984.838095172667
984.807105171182
984.804576221881
984.782762320907
984.759809127905
984.747818893649
984.724351919585
984.690307252754
984.68845490498
984.683853552419
984.647427330665
984.643503820832
984.642147921787
984.619749738058
984.618768679375
984.612864321443
984.575477505427
984.575432665628
984.568265552063
984.566986660147
984.548676254647
984.514421247838
984.51332952485
984.496871120714
984.484106234602
984.455154224974
984.442596760554
984.433454144633
984.427574854456
984.403606574
984.400707227723
984.394971932109
984.394653426322
984.393742777636
984.377633681068
984.362254749747
984.358046193118
984.347276711984
984.322037705555
984.31290986288
984.301587395267
984.291243348496
984.281903334566
984.273409021662
984.245135366952
984.193082709797
984.183475285558
984.144293935848
984.119923231735
984.110280167157
984.076170291207
984.057083255381
984.056679864772
984.044707084317
984.040222046539
983.979675526631
983.958281850601
983.950160060281
983.941558677742
983.929876066465
983.915987326178
983.870691565728
983.839408870028
983.764785831695
983.760000057059
983.759894284829
983.742273108
983.69592165323
983.66983852704
983.65869502199
983.608169240397
983.586988953906
983.572035865814
983.557453918106
983.552237459441
983.536823568854
983.529915191738
983.519569105058
983.502838988428
983.497638522129
983.457397525464
983.449013651868
983.42478989134
983.417004708179
983.415365364726
983.407355867565
983.403032452262
983.397084637674
983.380283696579
983.354455902472
983.344203391944
983.331070092729
983.307603125942
983.306780480525
983.298050568078
983.29373693678
983.281845989522
983.272840586832
983.269900285832
983.259527608914
983.248947459487
983.215272291952
983.195486492271
983.194955362199
983.179662043407
983.178228205596
983.154337299741
983.135981000834
983.127522227891
983.114831489038
983.074556249134
983.064679106957
983.059485330425
983.046905426749
983.032542547135
983.03229933519
983.030095178913
983.0162668608
983.015365723
983.010817925878
982.999219968351
982.975720314155
982.972766102892
982.971878184744
982.959446992623
982.946881530422
982.930347442102
982.890460037069
982.88097457034
982.878625273868
982.856677346057
982.848159532484
982.841445125387
982.840547672196
982.830147625663
982.828321558972
982.824627935177
982.816529323406
982.810876383575
982.809048144056
982.801499693365
982.789664375515
982.779568610433
982.778888690249
982.764477640302
982.762387591837
982.750992521279
982.727182623057
982.719410844275
982.718272961233
982.711093788012
982.709626935287
982.688705439955
982.681768516583
982.680751632933
982.676992385287
982.650888896096
982.647004417436
982.637316201978
982.628788463889
982.627455887883
982.619116661395
982.616570889331
982.61640784105
982.614286007147
982.610923951102
982.609402245067
982.604831700078
982.601991060421
982.593360199571
982.590901061447
982.578476269326
982.556503758477
982.554755415825
982.537860652119
982.536526196787
982.532722627261
982.512436250822
982.494334835423
982.491704325381
982.483657217078
982.483444022101
982.481768656573
982.480661499825
982.467117596685
982.462683700545
982.433082485347
982.425844094676
982.420846178024
982.415969108676
982.37181496522
982.370434457265
982.349544547397
982.342683079325
982.340140618852
982.338727996787
982.329175112674
982.313435835276
982.295335854671
982.291852255255
982.27889773007
982.261999696077
982.256767355655
982.254138695524
982.249366532794
982.233420982089
982.233033717103
982.232231182613
982.225106163537
982.190034688394
982.185104149624
982.174219770601
982.160324416479
982.15925472891
982.152643864596
982.133063889064
982.12233322076
982.121371585744
982.121070802374
982.119546505601
982.109658645036
982.107308648766
982.104929192999
982.103021595933
982.091433385539
982.090143540438
982.08813700075
982.080624265491
982.068778347703
982.05804983997
982.054297597148
982.046256285855
982.040305745771
982.039450656717
982.031468015476
982.014074322575
982.011770583911
982.004959939625
982.00382082193
981.993637048318
981.984677171902
981.966178546147
981.950623284414
981.950363929382
981.93113885116
981.910896676807
981.902874341417
981.900538202915
981.893646111548
981.891507072423
981.878192363393
981.870425903672
981.870121247166
981.861559268088
981.857447598415
981.840222169343
981.839957663323
981.837453033288
981.837023904081
981.820133210365
981.816394219796
981.809643071457
981.80831435409
981.806994770246
981.797859231449
981.785102859619
981.772436996006
981.771835191555
981.769655392523
981.769072088381
981.765082241518
981.755545381683
981.744723027581
981.743609955284
981.736312607787
981.733749890508
981.73316895957
981.728141976883
981.713263959263
981.710745310114
981.701261560631
981.701116274318
981.694648173864
981.694408480407
981.686686964713
981.683687610125
981.683327163589
981.669770038275
981.667223634069
981.665749972104
981.664018655692
981.663971178725
981.661126882661
981.652087783001
981.650566648819
981.645024846379
981.635607826891
981.626297458605
981.620854380678
981.616828458776
981.607405159567
981.602713232363
981.598606725885
981.597225316409
981.595857671213
981.594733038954
981.586184452811
981.567147497498
981.566486578641
981.564391866208
981.556379513612
981.552836499741
981.551392587458
981.547375864753
981.538127753794
981.53764686445
981.532463875942
981.524324625129
981.517771009083
981.517304135927
981.507446987098
981.505848736885
981.504064736109
981.492340285508
981.490085630816
981.489341920353
981.488509582112
981.471895916975
981.466936267489
981.464897543485
981.456728411717
981.455517169904
981.452563992596
981.449603672905
981.445608928408
981.443139653539
981.437134849453
981.435818353754
981.418902831705
981.414245815153
981.411868856182
981.409823778984
981.409430192108
981.408258788811
981.405995852392
988.352312691579
986.165827865396
981.655109072759
984.737330731836
985.535600498866
1000.84565040259
981.739761680121
982.586989022413
985.934670815779
981.517310326831
983.482777710138
981.734540387327
984.108253604117
987.034603716973
981.683761754147
982.875741765167
981.549108201729
983.445559214379
981.528658063262
982.150087235149
984.171575411196
982.573709269112
982.228194546503
989.250430652653
983.354066738789
985.184017473402
982.02859190922
983.913592763846
990.41147784348
985.393770989941
991.353045886632
987.151889212036
983.708168565371
984.069030668255
983.445668143758
981.679375085178
982.201810181885
981.697147029396
982.508457639799
981.638301219247
985.287886577636
983.248586466465
983.474477290691
983.023726272026
981.726545599268
984.799264015121
983.679673002322
984.881010073331
985.42822702359
987.027082572968
997.0193071834
983.494960981066
983.051152493612
987.074965851134
981.805501885189
982.530268990124
986.598103446716
983.039257466575
981.793646288554
981.82221282609
982.609963955088
981.70480224818
982.642201475718
983.924783055812
989.96727229747
981.654204824134
984.024371168861
985.856709622999
983.119000363606
981.454673472424
986.544918320272
987.608758139203
989.069809183328
984.24250100199
982.108996455455
984.691575116469
982.113630173178
985.527336667589
989.579566629809
983.805367806637
986.023683207349
987.564384187224
988.913413425844
982.432668979343
989.930638862401
982.309493890928
981.996973276646
981.667966043834
981.996784893134
981.564075968526
993.141585097293
982.196823828346
983.384792325363
982.873283822399
981.900423703168
982.64087285236
981.499707943143
983.339738895185
981.807140810907
981.445209121645
986.134405375883
981.521270591711
987.030020241838
990.777037509997
984.30878627597
985.589930363906
983.635880550662
982.929041486679
981.864874114499
985.861129453872
983.897751243504
984.425175346115
983.756944164686
985.575460662321
982.477202933538
982.041385017582
985.77252406912
981.836236851823
981.746986533567
986.479928915538
982.290997818959
982.857519510221
988.493309463751
984.002841892732
983.469003079192
982.480343793769
995.696929552233
988.588790704741
987.658113891185
982.355850111765
984.952829923704
984.114894819711
982.33653059749
982.458990560977
982.440256024293
983.951839722101
983.879327489
985.234804058387
992.178679259992
982.005085730573
988.772488757175
983.171777132679
982.660009394971
982.723305600775
981.577266432174
982.545756564981
983.528504540974
981.792977417274
982.558504690876
982.249412176917
982.484173139998
983.476016755952
981.553425847652
985.608020724002
981.785830659665
984.79137695714
981.542973380886
984.13015153392
988.796316685724
984.001231117622
982.038919932028
983.821006014086
985.927459709082
991.065581526187
981.776261507227
981.428325601169
988.918145482054
989.71628327398
984.093930228534
986.76570910724
983.513451807685
981.614795198951
984.211746014602
981.841894746435
982.612082576125
982.286280638894
984.900894822173
983.409864698543
981.885401679784
983.305818468758
982.534785838427
981.786736172914
984.600157513265
988.468197042778
987.968410267838
984.821256323306
986.476787266044
984.344822423573
981.418382561845
984.151229112184
981.834094105576
983.474820371862
983.808507048599
985.383836604555
982.94488528216
997.771400120688
986.433375918187
982.338414460722
984.632350953894
983.596912588247
985.952481122828
982.493351120101
981.857466243293
989.10181193975
981.749551584754
981.622029411431
982.704083926035
982.877077675922
986.260201376642
983.159674567225
983.138615796034
983.764395429588
989.183931904224
985.966244476227
991.419943369141
982.690364077264
982.12285987893
986.30838566833
984.369938556932
984.776611583716
987.175009669098
983.355116833604
985.44697838183
981.902296372508
981.572095785579
986.983489188505
981.424122210772
983.681984691811
982.462565568822
984.361554650161
982.734921281821
983.512630638722
983.008331102932
981.814769852896
981.546169700167
983.927136424808
983.080206339303
987.262938841185
986.405211037275
984.699438024205
983.08747735448
983.838124646829
985.898880462519
983.028264853725
989.19231207244
987.872209699759
981.936596603679
982.226285530202
983.296538716222
981.877343194235
982.648826654562
982.128418844968
983.384522342184
983.717723484302
986.081575103396
983.754489465304
984.158433794959
983.578494493227
981.638864029887
984.476702134356
985.431895704046
984.076632505178
983.520419708195
981.42468519716
981.605747060322
992.333407001612
981.628425823006
981.408978928774
984.626135852038
984.441676302009
982.961038595447
988.004691508682
982.405000932363
988.523549646402
984.527901509678
981.442018193152
983.040259185431
982.271651345183
982.749679778322
982.260042542151
981.456614090279
984.492361230949
981.510421102834
990.715019354049
982.76295958315
985.711559779683
981.987790237947
983.594571406469
981.792470822707
981.799168038734
992.601902269697
981.782870691589
981.895169274435
982.959456838383
984.299681294886
985.608543146532
986.945904549271
986.561670823035
983.395453498874
983.587134624176
983.622758144024
982.079387097129
983.855014952376
982.72384484646
985.796978040615
981.43633202044
985.784156077988
981.409542955895
985.352080795203
982.887354536979
986.704709693602
983.189582368091
986.10533498978
984.167847638653
983.009917624218
984.248044213913
982.571927196053
983.666981709273
982.090815724848
985.103025368093
988.685294875025
982.150113916077
986.17315843209
983.635028671489
982.320666937069
982.977607581839
982.543794320101
993.008146333539
987.695228455825
982.258627030996
988.494393870082
982.170234021652
986.551308514499
983.186708013307
982.700807449452
982.531280669082
981.673083396926
982.180970498736
991.936820820859
983.938123061912
982.980420260396
983.784632428087
982.128760846745
985.878345248681
981.668043997722
985.17386729024
981.646151767957
983.961403737462
986.200109223326
985.868713720918
981.86942924113
986.203950992171
983.582872971308
981.802974664999
981.750454823282
984.159830592253
982.238784240568
995.330005094612
986.285747790295
984.693548889314
989.085329936562
986.506779604738
988.896398906339
981.716460966831
983.434867583276
985.802952320127
993.713203184274
986.144063768762
987.204022894047
983.359381175838
985.876550922809
984.510114716459
985.765201106666
985.41202741076
983.602569107535
982.740479253657
982.198100316112
983.361421262566
983.459047951149
983.156223173112
981.863982150343
986.305745800032
981.709056033252
981.49440561491
983.940081767976
981.480117179314
981.544203883129
982.093722459336
982.818115044765
991.658274998168
996.978517251069
985.821373737627
982.075763083052
991.514685792304
981.402628903879
982.823954662962
984.8416141181
985.028790685279
981.765603867491
982.669686315616
982.672189200711
992.979708752741
981.532966953167
987.096453629187
981.41048568501
981.73812767882
981.580947000039
981.554308999173
984.380214830647
985.073563991117
983.32342292476
981.900131523503
981.775899907247
981.535844897386
982.006653886284
981.937207265868
981.599223231063
986.865160605623
983.164295749123
981.563167466875
984.652918351435
997.520778501905
982.856223130569
984.118998239918
985.786256640071
981.407519578115
983.479604846914
990.122824589185
983.421807461261
987.976381234071
984.986039120059
983.907327931135
982.018780482684
987.488672814609
982.462960814159
986.25885063034
986.733130350114
994.48102777454
981.470878777311
983.651346639137
983.259676089529
984.944736709666
993.726745233366
986.840072610609
983.125394729071
983.486762318211
989.763761844011
984.409724135723
981.935972813295
982.405896905915
988.752617517973
984.151558891522
981.398004098729
983.580075067093
983.469929591543
982.452618548677
981.482260228727
983.115738377937
987.949120732537
983.263114012101
983.423946909596
990.26380194123
981.995016619496
982.297674322278
987.925419153029
989.013748067378
983.239958183741
986.013959825912
988.112821646854
982.331846658407
981.7918562511
982.644354678332
981.84035143674
982.130440225212
985.241996308522
987.428379495887
987.411801269472
984.077151235988
987.134954786366
984.638429637824
990.766055005664
982.271444107873
990.434143831865
984.20021818864
981.459021257955
981.744098634135
989.962685745413
982.344733360981
981.611489621341
982.441498456568
982.211848719877
982.080756707326
982.547633699194
981.477442182962
989.173662521178
985.78106665808
984.672414500863
984.048221770278
981.868013158375
987.493185355947
981.78397423057
983.345089674619
