1014.65946374652
1013.54244206208
1011.82256304339
1010.93983472219
1010.6506941244
1010.51146281742
1010.31563254035
1010.19129467805
1010.07219134812
1010.00746080152
1009.95781958967
1009.82587716866
1009.62603203284
1009.43100963278
1009.13623751788
1009.08571863082
1008.68784748653
1008.606361677
1008.55133159972
1008.38393047253
1008.37778604464
1008.36990874337
1008.19587882506
1007.9740785224
1007.89730868761
1007.89140546788
1007.8712726612
1007.79029915722
1007.70438085597
1007.67708586711
1007.67223188267
1007.56173519726
1007.54824040388
1007.4983168749
1007.27028426541
1007.2537096374
1007.11788705054
1007.1111464056
1007.07302833005
1007.00542578908
1006.98662121851
1006.95673873231
1006.95454014593
1006.85531163606
1006.82631957163
1006.82033570205
1006.8004042798
1006.76734899253
1006.73281965963
1006.680381078
1006.65270589143
1006.61459957802
1006.48356937612
1006.35207071066
1006.34973426243
1006.34063514648
1006.29309723157
1006.23126320592
1006.22688570111
1006.08407485678
1005.94417750453
1005.8873885534
1005.85806558413
1005.84921669152
1005.77165126604
1005.76245304747
1005.7298005135
1005.68276452893
1005.64716182196
1005.62579873806
1005.61092173492
1005.53166965232
1005.51737562718
1005.40630650659
1005.3863748115
1005.36584524349
1005.34657397023
1005.32333825886
1005.32193119879
1005.32048512844
1005.30472738981
1005.28971071506
1005.2575694802
1005.2225324649
1005.14494555637
1005.06449194423
1005.02141298274
1005.01700887988
1004.96781801665
1004.94039841656
1004.92526327424
1004.91168760875
1004.88416492937
1004.8732178248
1004.81090608779
1004.79920645237
1004.79385557842
1004.69090059521
1004.65604988682
1004.65225021826
1004.60199139161
1004.58207107909
1004.56599440016
1004.55575124812
1004.50802012492
1004.42631327914
1004.38243370294
1004.38071312463
1004.36694780835
1004.35502474167
1004.32997306835
1004.32905995429
1004.32091305737
1004.30118078325
1004.26929517709
1004.24795642274
1004.24418897278
1004.23225202995
1004.23093047911
1004.20477736128
1004.19738103581
1004.18022780596
1004.14574982026
1004.10443833337
1004.0300447278
1004.01520413714
1004.01212009125
1003.97185930828
1003.94486666698
1003.92897284087
1003.89857075356
1003.8236982763
1003.81807001792
1003.80389304486
1003.79121067164
1003.78449009544
1003.77992358127
1003.75523390537
1003.70742399547
1003.69113705919
1003.68992606197
1003.68968441438
1003.66568574107
1003.64654544264
1003.64412286468
1003.63605219372
1003.62615758135
1003.59662403491
1003.58703815627
1003.5798975208
1003.54422750035
1003.53468327141
1003.50944951564
1003.50929708041
1003.48925654152
1003.46182060149
1003.44708903922
1003.44230259072
1003.4406411051
1003.40954151113
1003.40540458176
1003.40265928767
1003.40091529375
1003.3792202377
1003.37117775175
1003.35130349145
1003.34136867592
1003.32524482619
1003.28184182023
1003.27667275645
1003.23999753151
1003.22196728223
1003.21805239084
1003.19587001755
1003.19380646371
1003.17818526701
1003.16025312072
1003.14300919951
1003.13224891134
1003.12926433688
1003.11540375266
1003.08747001542
1003.08277275068
1003.07469817891
1003.0596498269
1003.04574843198
1003.04530934663
1003.03030784345
1002.95973093396
1002.95139521822
1002.94940626691
1002.93783789384
1002.91543456428
1002.90817491802
1002.88390871466
1002.87642528183
1002.86746281763
1002.85299063678
1002.84714210123
1002.8310969493
1002.806154054
1002.79810476018
1002.78172910662
1002.76585598599
1002.76396853058
1002.76064282074
1002.75840132128
1002.75491285106
1002.75226065403
1002.70150764201
1002.69665576902
1002.68536745934
1002.67543193933
1002.66081903959
1002.65139631302
1002.64938882102
1002.64181138597
1002.64122444409
1002.61243168735
1002.61139932183
1002.59818552753
1002.58852079407
1002.58788625031
1002.58410032216
1002.58335045079
1002.57481617791
1002.55411469263
1002.54202858492
1002.50764525194
1002.49626326412
1002.47587109645
1002.46453652671
1002.44689977762
1002.44491780414
1002.43060445967
1002.41994629577
1002.41588065227
1002.40529103436
1002.39076357646
1002.36768247154
1002.35787164395
1002.34728790194
1002.33410938564
1002.31368082063
1002.30293187507
1002.30016812144
1002.28734123779
1002.28414659637
1002.27834651513
1002.27396186368
1002.27305674974
1002.26710858104
1002.26525846977
1002.2533335566
1002.23959885544
1002.22759202819
1002.22757515808
1002.2253724159
1002.20280235982
1002.19880822352
1002.16739622701
1002.13862331877
1002.12794312722
1002.1202353827
1002.11986522463
1002.11396761638
1002.10775659515
1002.10371892558
1002.10031311057
1002.09026564297
1002.08943809974
1002.07978109522
1002.04477657625
1002.02685361299
1002.02573876728
1001.99613148451
1001.99384415293
1001.98616786278
1001.97513902061
1001.97006132362
1001.96978097855
1001.95364952564
1001.95358204888
1001.95293412958
1001.91733581208
1001.89468430472
1001.88569616735
1001.87677898936
1001.82357911191
1001.82253228813
1001.81895819986
1001.81782372687
1001.80614908954
1001.79940622059
1001.79647426716
1001.79069246375
1001.78014256601
1001.77933831935
1001.771564957
1001.76770696481
1001.76665363421
1001.73886761616
1001.73840038212
1001.71823610161
1001.71216912917
1001.71189536893
1001.70369929423
1001.70077549355
1001.69148007626
1001.68042182468
1001.67271461388
1001.66576035834
1001.661407782
1001.65029387144
1001.64401764893
1001.63604476481
1001.62676765872
1001.61720963543
1001.61526273845
1001.61444482586
1001.61263075032
1001.5791263137
1001.57075454136
1001.57009097061
1001.56917427694
1001.56620976712
1001.56272052958
1001.56260033552
1001.54184221799
1001.52531956871
1001.52521314302
1001.49870094087
1001.48904309608
1001.4656173479
1001.46247448978
1001.45577473786
1001.45140692832
1001.44512454859
1001.42980112445
1001.42100042409
1001.40235415373
1001.39387045307
1001.39286681082
1001.38119087937
1001.37032410536
1001.36312620721
1001.35993788825
1001.33544602634
1001.33280816322
1001.33223907101
1001.32927047555
1001.31738143593
1001.31510942628
1001.305057854
1001.29379944144
1001.28979332541
1001.28672478652
1001.27522200417
1001.27380606334
1001.26311478084
1001.26139303971
1001.25302694896
1001.25066975221
1001.23081977213
1001.21554546263
1001.21392462049
1001.19383763339
1001.18979128401
1001.1774784149
1001.14302609095
1001.1358437862
1001.13055636233
1001.10047020374
1001.09511245748
1001.09349675765
1001.08447049349
1001.08287824537
1001.07252274794
1001.05763273995
1001.05466272251
1001.0537577577
1001.04322906387
1001.04110815248
1001.03798770671
1001.02781942273
1001.02717311482
1001.02646947679
1001.01572655751
1001.01412045245
1001.0085528102
1001.00747391047
1001.004519062
1001.00404028479
1001.00341641495
1001.00082681479
1000.99839297439
1000.99419630815
1000.99008567428
1000.97986823566
1000.97665348581
1000.97012164392
1000.95654393387
1000.9563156145
1000.95205488799
1000.94360584098
1000.93633590617
1000.93339702884
1000.92533025408
1000.92504587328
1000.9228163387
1000.91401594086
1000.8996202065
1000.89399554684
1000.85634963746
1000.8535787647
1000.85246147489
1000.8478171993
1000.84720391823
1000.84565040259
1000.84355793896
1000.84297753283
1000.82657643745
1000.81944201801
1000.81292822786
1000.78956245278
1000.78029762061
1000.77629310318
1000.77611481588
1000.75724054225
1000.74795065092
1000.74050941754
1000.73460241464
1000.73232374602
1000.73219229645
1000.73026596115
1000.71154385552
1000.70432764044
1000.69456323487
1000.69374997037
1000.69001424794
1000.68684527875
1000.68672775289
1000.68246275041
1000.67859135021
1000.67228212369
1000.6706317526
1000.66917233859
1000.65872737244
1000.6501175484
1000.63301145716
1000.62661203573
1000.62075280685
1000.61944010351
1000.61913119809
1000.61846527913
1000.61283626877
1000.60033366374
1000.58874887582
1000.58000993529
1000.55836683383
1000.54640526571
1000.53625607249
1000.53365245411
1000.52846151356
1000.52652059831
1000.52639416135
1000.5247055873
1000.5222125267
1000.52194238102
1000.51097659938
1000.50707750184
1000.50468011429
1000.50424783088
1000.49257576815
1000.49078709215
1000.4870118922
1000.47712607456
1000.47300109776
1000.45759585925
1000.44196481455
1000.42616003543
1000.40712473799
1000.40709557924
1000.39203209445
1000.35784583937
1000.3545405717
1000.34521026625
1000.34338214671
1000.33402955585
1000.33362373757
1000.32494468565
1000.32349292721
1000.32094613204
1000.31872412012
1000.30839063603
1000.30233136116
1000.29856347204
1000.29296288118
1001.47057320826
1004.59143437848
1001.54113299011
1001.57011032333
1009.60977317783
1002.88530246455
1001.49082568706
1016.02271583748
1001.47710023632
1000.62532814334
1001.17429694843
1002.49604683263
1003.42693813848
1008.73684869475
1001.22627383846
1007.64413875609
1008.19311701916
1002.64344626372
1001.43040581307
1000.49962898148
1001.90655471744
1003.21681093598
1002.95411645283
1005.70605369376
1002.75026150417
1001.72042722695
1004.25949915711
1002.43267081967
1006.23444832132
1005.02203549617
1000.41077563896
1002.30025779764
1000.54914377423
1000.46137800513
1000.4305342533
1005.75952308243
1005.23840229217
1004.62655118984
1000.60471158863
1002.04251692791
1000.66291187152
1001.66374642957
1001.18096667757
1000.45359731914
1003.39528749053
1002.14965553616
1000.38841632643
1002.55365975734
1000.69573663099
1001.70348776921
1001.02245195399
1000.66012191829
1003.14661996625
1002.27555503088
1004.92023053939
1003.05058183205
1002.7982366811
1001.48160808266
1003.1855345883
1001.99057326789
1000.83296978408
1001.31520551042
1001.26899376699
1000.54570910651
1002.47922874248
1000.62487266859
1000.32106800525
1007.10984081839
1001.19675232813
1008.42635931343
1004.02161692665
1001.0990613084
1001.06812267638
1001.88517055788
1003.94720953925
1004.23280044703
1006.05936485729
1005.01782312437
1000.80754442342
1004.42768568021
1002.56067618614
1000.3344300934
1002.95133817933
1001.71084082179
1001.52811125662
1001.24505977205
1005.80212710877
1007.9200832885
1003.76363975006
1003.64736505947
1007.28769438439
1003.12303425501
1008.69259840556
1005.08950263883
1001.72521229732
1002.64921321369
1001.49996612496
1003.40386092421
1003.87351921373
1000.92826985693
1001.94731763196
1002.87749346742
1003.21129289837
1002.57869517532
1001.55381493322
1008.07442478915
1001.01940282375
1004.01623871495
1005.04347071236
1003.27903246304
1003.47413894833
1001.0580609515
1001.54050273146
1004.69382115069
1004.9471725183
1009.52893496638
1004.92910614965
1001.00510443783
1000.75589932552
1004.30912494006
1000.89127563518
1004.21270823678
1000.80976512106
1001.76026327566
1000.67295466248
1001.46864012499
1001.54387248096
1001.40841931753
1002.18579530865
1004.96058496629
1000.62221481965
1001.66991265789
1000.27873810336
1005.17735832222
1002.21964149417
1005.54876614183
1002.77552044966
1000.69041319377
1001.97657618853
1000.83640866374
1000.59391313445
1000.50948484533
1000.78708817911
1001.36194409433
1001.08463481238
1003.03429149776
1001.04714652099
1000.86373355359
1002.87525452255
1004.71327754596
1003.3370968088
1001.51678918869
1003.3587646929
1001.28036897314
1003.41502086282
1004.54355518982
1000.69570855238
1000.67136685154
1003.77813513614
1002.83356857758
1003.09643693685
1001.78156389989
1001.79182095313
1002.42681132245
1005.04880333548
1001.58126526792
1005.98128814292
1000.50763920832
1001.5230425916
1001.18892774893
1000.94578393431
1004.84360540795
1001.31496518812
1001.57213479537
1001.95569665394
1003.97447171595
1004.26070929236
1001.02683496785
1000.37058237612
1003.20432264892
1001.06904593837
1003.77583215609
1002.15668893232
1005.79855956339
1000.39296253129
1004.02547171878
1002.31710701043
1004.49884180405
1001.04740189003
1002.48682428354
1002.8882102434
1001.69577561945
1006.2597829655
1001.65923190833
1002.76362572309
1001.34728431347
1003.96935405993
1000.75458909716
1007.87005845197
1007.25145232045
1003.56027381706
1003.71451502424
1000.97177931621
1004.76372906018
1006.00857570975
1000.71894460006
1004.69230075169
1006.19106691908
1005.81916356587
1001.63756388085
1004.22644800552
1001.27334688528
1012.75118934321
1003.44440831866
1001.45345343172
1000.33452965923
1003.10041522416
1003.24144706064
1002.07256877085
1001.4245066298
1000.77629648233
1008.22394439261
1001.21818708007
1000.95892921133
1003.0498617574
1005.25185454067
1003.30081103525
1000.91481290885
1002.99990644227
1000.3576693682
1004.27377042301
1004.65900213271
1006.15243522625
1014.79539278487
1002.02705842602
1005.72779459813
1000.41628984077
1001.74483124638
1003.12245754363
1000.62582515831
1000.34198633862
1002.89481529187
1000.44165777187
1000.53717031177
1002.27547048817
1003.2508458775
1002.95082887208
1003.55293533136
1001.50573088102
1002.82074173383
1000.84907168329
1002.15270973186
1002.53920101309
1005.03817910985
1003.81560619584
1004.10788747678
1003.18891757488
1004.98285128539
1003.60721298519
1015.0711133923
1004.22145791786
1002.90609166011
1006.37187476173
1002.58782537868
1002.07768741483
1002.85671255008
1003.75932535212
1002.44969271789
1000.72896035147
1002.94671871299
1001.48039349862
1001.09662454204
1000.61338878155
1001.92438610726
1001.67462875052
1001.76873082576
1003.2245854433
1005.85672314971
1001.93683592475
1003.21795375056
1004.27684655934
1001.83963007107
1002.35739225714
1005.17770970008
1003.16655892233
1000.82699573931
1000.89726334074
1000.42868847886
1001.16681679417
1002.65382297353
1005.27754904204
1002.29307075085
1001.67592085367
1002.90607336472
1000.9214231175
1005.48545186317
1001.29976381326
1010.30871939885
1004.13918832724
1000.5142088919
1001.8356249095
1002.27798969349
1001.34385764157
1000.34339401445
1000.47558614279
1001.09169795509
1001.75910185303
1000.68388968416
1001.62186495305
1002.85224365491
1000.32363544703
1008.0390151935
1001.66224671982
1002.25312879599
1002.3050377868
1003.07440353483
1000.87604329414
1002.68550897193
1002.83057622286
1002.48960215838
1003.66727066981
1000.76805671038
1001.67527751835
1001.45534592308
1006.38628917124
1004.67193170871
1000.69772705364
1002.49921714832
1002.30870919171
1002.06439131416
1004.87748723914
1001.44953555026
1000.87096737254
1006.09648184634
1003.23310766772
1002.03305611785
1001.0341627014
1000.4811363812
1002.22742517862
1007.42702281712
1000.99681082694
1000.73265916877
1003.95213654528
1002.30692342885
1000.61185795477
1004.68221504573
1003.76185175638
1000.34710993943
1001.63506894144
1000.63604037474
1004.96208737365
1008.30513733269
1003.07685669639
1005.16240686307
1000.7575380273
1008.19270038585
1001.18622975199
1001.07648106435
1003.87273691017
1002.07023343915
1005.78748736535
1001.29031222007
1002.02380200311
1003.67121577461
1001.60986680705
1003.31330240761
1001.27993296931
1005.47878747409
1000.63326016284
1004.72462577165
1002.35910443858
1002.04972197781
1000.87978226887
1001.50810348279
1002.9905869498
1012.3427954451
1003.73806899723
1006.6213059759
1000.74629140974
1000.34072169551
1006.21721049334
1003.93653838008
1000.54433541861
1003.3894981472
1004.27319351416
1001.21458496661
1009.14179903582
1001.66334068664
1004.05477189561
1002.48605659485
1006.03074395654
1004.22587596301
1002.668852272
1003.37303502213
1001.02386990048
1004.03732511163
1003.08270236731
1005.38492074202
1000.38459786312
1000.33117885178
1001.85764389042
1006.10216731463
1003.3061203899
1001.30962458273
1002.2576408334
1003.43018133718
1001.09830088444
1001.25449951441
1004.64887338134
1002.2793701626
1006.22113949904
1001.30585219142
1000.80972666332
1001.20706413147
1003.02946015294
1007.22413210263
1005.69809580475
1001.79731490073
1003.06069448723
1002.63693752748
1000.9311422962
1000.27420518895
1000.9344285766
1011.90423873044
1003.21450349934
1005.24600002165
1003.47709429892
1000.34763556889
1001.96048523252
1001.4662067718
1001.21464467704
1000.60588011498
1001.50106281336
1003.12963368492
1000.59535017628
1000.63325895363
1004.20868381587
1001.60767549855
1002.73792452555
1010.50223160051
1002.41783970309
1000.65590984728
1003.93644312771
1002.62105839015
1003.04896345179
1001.68654164204
1000.51754615406
1005.34960540232
1002.81349981247
1003.65742479623
1005.01809112284
1000.78785332518
1007.02142027377
1000.59821215763
1001.50098500688
1002.17264328143
1007.49161548112
1001.88674611089
1002.44111458014
1000.85452289198
1001.81934601886
1002.37981539555
1006.26642133051
1001.36034478407
1002.54948755298
1001.86094345949
1001.82147185427
1001.66320611459
1005.33128643208
1003.51910925974
1001.78331153768
1003.6134129982
1001.01084826936
1002.55811719704
1000.48838825615
1006.11113239803
1002.72173899829
1003.80986277705
1001.94458956451
1004.39417446448
1000.83153169195
1000.75234130123
1001.75248685256
1010.03532001378
1001.29322868774
1002.22964025826
1006.66622153455
1015.64762513433
1003.51846924224
1001.95249971752
1007.23029044565
1002.65319329076
1002.73712887144
1002.63892110489
1001.20920748496
1004.03170230728
1000.79371454739
1001.84459268735
1003.38395119814
1000.48129924067
1004.79268047953
1001.74748762366
