555.289510194863
553.676962572079
553.10276955443
547.776403181019
537.203054351949
536.199355478021
535.198279198121
532.3201489452
530.438048261476
529.98065980138
529.218284837918
527.898000444687
527.634074684738
527.275184544441
527.022400824613
525.480362677197
523.685729824683
522.454712227907
521.782999883532
521.192760768478
521.086588045816
520.830348905029
519.448609734196
519.307688207779
518.017869554599
517.478119719274
516.949909450259
516.301407000957
516.036068674993
515.512341106537
515.265441543927
515.065037752713
514.199805751518
513.015229055999
512.538484320315
512.04885728515
511.844046779353
511.075794182109
510.813234351418
510.044652624316
509.865901545078
508.887703779512
508.807606676091
508.465684784791
508.376066638006
508.039619458265
507.926278274138
507.669368183936
507.583379991259
507.377175747532
507.352585572952
506.459625679122
506.05602844839
505.72509885782
505.637133788535
505.558765455598
504.617353365514
504.380075648618
504.346326116358
504.029528476785
503.753416248935
503.667384171373
502.808322394971
502.439226571686
502.245414410027
502.216298618209
502.151105205562
500.803394701839
500.517744641053
500.308013139464
500.15779566476
500.094160569637
499.391201572508
498.832055425269
498.39776917716
498.327632563218
497.838986328678
497.664206267702
497.40869579123
496.993439412371
495.878847238225
495.863119698121
495.118009369695
494.806610735235
494.149574537735
494.055630331395
494.04140640165
493.986125179287
493.968364587617
493.487839694853
493.216459295899
492.776300216467
492.684847231209
492.470970193438
492.389584847588
492.275178984342
492.261804536816
492.077019864479
491.895004135723
491.489738174099
491.376756105795
491.04784907961
490.858691162799
490.857922851403
490.715463855133
490.292254591097
489.985844436318
489.816911252541
489.662418635955
489.558607446017
489.547274360284
489.482701183416
489.47739571511
489.36428165832
489.205317622744
489.12083781639
489.105485675943
488.971643354794
488.947683977989
488.670066629292
488.650784895521
488.257205596024
488.256687665044
488.225233756041
488.169249948186
488.126038240987
488.054532107249
488.009639179357
487.989460253437
487.912307544936
487.843621584357
487.81453174496
487.715065172373
487.548953576546
487.534578566841
487.360986885659
486.914352229379
486.827751006844
486.566369565497
486.556217630973
485.965217298799
485.845071238856
485.574489912284
485.312573400363
485.277224610803
485.047847539286
485.037182347008
484.743467750033
484.690642545126
484.644612766534
484.616752456537
484.520936226371
484.237876719706
484.076530234488
483.825687651152
483.708280566237
483.70343974693
483.703259311602
483.66753700386
483.579477845077
483.485950802047
483.407371896956
483.262783272277
482.78274271855
482.773549427718
482.733063814333
482.729713178051
482.597553716386
482.526921728074
482.333644790456
482.255373914977
481.817651888329
481.764447723378
481.74565033021
481.624457850983
481.608741845443
481.591114824973
481.506195000806
481.264120754614
481.243783486724
481.239933461215
481.220387654808
481.088767574379
481.04537535605
480.654168719435
480.563322256575
480.360172967846
480.311505977654
480.216750574537
480.213936860167
480.078516241089
480.024656123621
480.011327695717
479.949707400465
479.946436193495
479.658660687422
479.644074474228
479.615706354462
479.283358958431
479.180900181835
479.088706071701
479.054405710504
478.948593201135
478.815051059876
478.756765852814
478.394729530922
478.304309112669
478.024588405078
478.022074933718
477.819290633434
477.798614047444
477.776738746483
477.76499481025
477.755389372572
477.57602470098
477.381410804183
477.29143531818
477.190688775805
477.190009606789
477.187500066901
477.099011350471
477.050533217242
476.88227139079
476.870630178523
476.766566913462
476.556451449574
476.21362146313
476.189390742887
476.044514460816
475.769868254312
475.548792083898
475.394263114815
475.370594780127
475.317957971717
475.042519028897
474.910737959629
474.735643940778
474.662850081543
474.637391691859
474.60659842376
474.474417839404
474.18548640196
474.133493209939
474.035330055408
473.920816627221
473.840767785563
473.835964764305
473.708326505714
473.427611844713
473.306505295723
473.086287985753
472.947885198942
472.53589071583
472.443245056157
472.285596824286
472.276868205967
472.259227712684
472.028532402722
471.940220351333
471.936961310178
471.859434888335
471.856084183912
471.790278215156
471.766482344641
471.726121397638
471.599751626565
471.50700750354
471.486875449369
471.324804086729
471.206657531542
471.188294271877
471.166538586724
471.073928419348
470.881848712459
470.880533460252
470.819317380378
470.564024971224
470.522813539067
470.456314392297
470.385401018762
470.354491508656
470.241485641222
470.229953330677
470.229827972442
470.229145218579
470.213419932218
470.116672182733
470.091889820217
470.04740920384
469.859727940619
469.748522627675
469.683463448861
469.639035683413
469.623553326087
469.613124641781
469.408554888667
469.396660231887
469.378397303235
469.329217621132
468.870551470998
468.856169992871
468.690750210649
468.686188534138
468.159781184017
468.142757770588
467.885705009498
467.871909320877
467.871511855798
467.833321030511
467.793408263176
467.658796372725
467.525426972779
467.332463551529
467.302641166271
467.192169259144
467.165950920262
467.120166406667
467.115045062799
467.00090134369
466.931306181942
466.860924346484
466.788864908952
466.657234808033
466.600068446874
466.561234264871
466.511866624849
466.496173242484
466.371420035575
466.207040457773
466.016507389684
465.999465825168
465.988637137252
465.964704163916
465.747703845971
465.538780972165
465.017661042018
464.930275466338
464.884007536391
464.845150423783
464.610459526054
464.542988995115
464.472505400572
464.452860656789
464.354687547104
464.256737056415
464.203341522884
464.19246343751
464.176672158571
464.117656310004
464.030479903553
463.992230072268
463.984932224812
463.965414651774
463.912279013158
463.859528873935
463.857467618127
463.812296203063
463.742001342788
463.644057008019
463.093339951207
463.088041743129
462.978860596969
462.945101440663
462.885745208188
462.774436457167
462.751563834752
462.751242362961
462.660099299296
462.560846735704
462.424667530226
462.315528791593
462.093671967114
461.973486045274
461.845097851105
461.824472241608
461.785402562109
461.736287845967
461.676029609795
461.631515090254
461.440785197839
461.410865250672
461.336689419488
461.243223198894
461.228406439082
461.087927980015
460.9806504625
460.829233265673
460.617033501481
460.502004762866
460.498396580709
460.482671629305
460.385073276749
460.367155653078
460.193060138817
460.141564131263
460.049159099412
460.005476290922
459.979539390725
459.976770719537
459.850823022985
459.829552214562
459.666110916916
459.641757098001
459.531370351739
459.530255815341
459.516319817693
459.507805538104
459.318757202792
459.183172889478
458.651620754148
458.484805105222
458.368837796342
458.363556813533
458.359427489938
458.314241387105
458.286073784392
458.252312808343
458.251770125996
458.213419800848
458.211985586802
458.181239752106
458.111922118488
458.006013309933
457.950717413496
457.896340593917
457.814011577162
457.795740119873
457.777143758039
457.713005368163
457.634151112802
457.620192161586
457.595991365911
457.506665294335
457.337814071532
457.295520485472
457.219817411586
457.211945715746
456.93161818804
456.898566860101
456.861268349475
456.856895836077
456.850148045545
456.662973789888
456.588700919203
456.465708870869
456.359312033808
456.26166798284
456.153856826836
456.125184980579
456.102154086455
456.029138504527
455.97726977414
455.878128132182
455.83056537966
455.779610530144
455.563668575641
455.429001307609
455.394721587229
455.361832455514
455.300522237738
455.238848207712
455.233336537288
455.212715662698
455.087974990909
454.963792455317
454.866971515486
454.636193849423
454.605526766483
454.601734374168
454.576215181807
454.458037140157
454.358850800058
454.338632088309
454.268835178517
454.193614971045
454.171957133407
454.140046465824
454.038493691842
453.948340264907
453.571697885719
453.528931422279
453.436025606893
453.434771333974
453.367084571864
453.299730702068
453.250343445756
452.937891416736
452.930486779238
452.793199569223
452.671351440398
452.400635975098
452.352580327709
452.165079620398
452.002514264807
451.97902166053
451.966298850361
451.83585946152
451.709237443889
477.686702188408
476.313349001293
470.237284338978
542.296648320529
462.676107778866
475.442524832238
475.235978472488
455.609479064564
495.692280493494
460.320581437887
519.117430208322
471.21949117496
466.270029767066
474.556442834955
526.621853736388
491.813726355585
498.861323537608
483.416031304755
505.710669130619
491.746085493573
513.992203443537
453.862958893709
463.279520025491
477.030462118821
526.292251100035
543.059481091253
459.205168940016
472.92093295895
458.424380023191
538.053307893223
487.52951859662
472.18948641185
465.613912510035
518.253959757014
467.494660969127
473.047468840948
505.623182205215
468.193878677672
465.966428634705
461.109946124778
462.782307237397
457.579940220286
503.620445703672
476.96965057031
485.126912659014
463.873602192368
470.366915027284
490.627307163733
475.763242178948
485.944359285486
451.997927646742
462.207365042904
488.70009035674
495.372578783281
499.23635018295
464.471440519863
457.100320745666
496.832845242953
486.403775358545
516.275623311464
468.72482720907
479.167720939196
454.65629555285
454.829953264345
553.661765240773
521.162899154838
493.247325170195
460.347445748911
510.670945325706
461.618177186914
516.921136587916
454.731806014792
538.052536641979
452.541326630126
520.852807824032
478.46772046355
473.151013081486
472.046691772154
516.874534450451
456.420259826832
459.596943525264
480.667561579194
506.091310472438
543.016613574497
480.026181266881
507.785565915939
498.450594273757
505.312773571847
508.238910490666
500.690592799229
474.889490776811
480.305669750362
457.860499086195
471.470007813593
489.688982840687
506.287026524181
487.767946065584
530.651987899576
476.485030963365
489.198217397998
467.592220008874
487.907404002584
518.534760782545
549.293791483085
500.363678656125
457.782843291856
473.077214811361
457.232273224132
470.888063501313
532.515836494106
490.31509975692
468.691424716402
494.034452149954
505.544702372174
473.612250921504
468.320659547304
453.580747878435
501.121575743752
516.210059091504
469.3496322923
466.421095531216
487.780362440195
513.715356110298
492.721661323769
476.358964926071
454.142879320937
453.844592068581
505.093581918357
466.200191536083
452.957670696247
530.711849857468
480.451082115572
493.125679324525
476.4926467892
512.92659259487
541.50460575439
468.589367654893
466.464506453415
464.636435583738
533.560801852034
518.115994009593
470.042872908872
457.616599657772
457.236999573982
475.499188042457
491.87733884189
512.28850599317
461.351798877827
460.307238896228
477.061256246392
472.81105803566
462.162187566259
480.988501607268
475.334491556663
467.326642808608
473.226354799417
462.535128902928
477.621902142422
489.320080023216
507.635123172565
451.851892822656
454.660767104794
499.343654535983
495.472563571255
515.970161578861
494.181098524556
497.802925235603
465.814569191282
453.759842682592
501.562587803123
490.942363558289
514.182023591414
461.551167623304
468.915045221731
457.670602430151
475.869125551474
452.222615062281
451.705414011045
453.308480160272
505.159247881356
463.170368627499
462.227476184632
474.266279986319
507.550670793187
485.336939876646
522.143420531309
517.130231222084
461.931082452764
497.66890417163
472.956523032275
482.763549081761
491.103593557355
464.656577857415
478.419215927304
461.012910981067
456.536194178891
476.672870326101
519.428173686294
459.093124085891
478.151522109657
491.744642780135
493.17612701243
503.161569397534
488.646970719461
490.879516270003
474.791776604323
465.067365157016
464.004374296268
453.77328114128
495.199973654577
489.612403218324
470.406456188316
470.823212961638
498.749430979872
453.798182214555
480.438415931692
549.758984087538
500.825311582565
465.131856876839
489.827659242952
472.727281848931
570.619240547144
493.505844182165
458.510743013056
498.134476019796
529.853233137797
475.704509926405
498.44412502175
512.850755611912
547.804520508447
494.130896934337
483.080274418432
464.942095670128
463.690666634295
507.251747786203
459.66946760232
463.541653441511
475.402634709162
484.190368261949
453.652728595788
459.047714773533
488.758803039271
460.704283581825
486.499673583341
459.94410095462
457.417330738762
463.696446427317
468.946093856184
546.405901693515
473.812477727203
456.482256189362
498.228550346247
460.671392967331
466.407691706265
527.813942557647
471.157252747542
518.073561627817
470.69611269267
479.76142349568
460.191187789407
512.982190406956
456.685009325054
457.446822589011
460.467493563037
458.815022738834
462.095704934198
516.143273935666
474.350994001352
492.158348147239
462.197758005939
499.683699857459
461.059048609973
495.34295879254
527.094313550413
471.155252022166
465.528376975582
477.515328363574
462.53698593494
481.043647129252
492.04084609737
484.351833610169
520.485625038462
499.948617375764
489.958783741318
510.768666390696
494.269062701653
495.795032618325
496.890949912203
522.032049039374
523.053486643998
523.251220824162
537.141324397003
489.605632014081
473.228375552002
459.328079786929
485.26934611816
496.831384731493
480.152178350491
476.451662484615
497.467675070786
484.390961628741
469.132981874196
457.754144791013
451.915199666374
458.2398529863
459.116494294228
486.426702633332
467.862845670043
489.05388108879
455.458000405404
472.38898961961
496.811380312931
465.916344588586
480.262599450814
472.701788184122
462.661939185248
465.428943523988
495.600525107552
477.192067893174
477.363797351419
514.435727077306
498.051429822879
473.837764563903
466.616603398388
509.50426600952
467.004286466595
452.609474134143
469.98447124946
508.036558497386
462.143713569283
509.55234009904
466.234058021101
472.539723744345
499.443640595919
523.484638899522
497.473757516732
454.778145186813
457.789283675629
465.084019591985
495.893525759802
496.343575007347
467.405008484629
493.992272149339
515.124833655373
469.63324800453
467.141624063913
458.510169874671
460.51926049767
458.413612164893
458.120725504196
507.287083553187
458.638618665464
510.236899251609
461.544313656926
482.28572363499
472.718301400877
453.995113235037
461.309919639115
497.595013128762
498.740275830328
496.230684110991
492.521242975354
462.62241979644
461.008462939113
454.610661643747
486.289700191911
498.355843793513
463.416565334844
469.565162844652
506.402184277902
528.826073511516
535.530521717201
454.678993250383
481.757381533287
496.516104193006
455.99219942912
541.083212376112
458.484485580929
474.023506890108
463.904202005738
483.516126412286
454.733413158354
477.995365299559
463.032086627269
468.561441213723
454.460970432542
477.254816630654
474.779043106507
477.827861621465
526.625846038508
466.563048757837
479.23885260682
503.869855799825
477.995860425398
454.107407084007
472.320562434472
505.57523843105
499.772858355655
460.165112860327
456.242862072017
513.101574643162
473.990309795692
452.885797016969
478.256785908529
486.138295023539
481.485898223288
457.943124983122
472.885360567868
496.792173981797
462.727969473725
492.24362208084
513.862229243088
476.127847133303
476.503973894138
490.086392829943
487.691519132306
469.990537416597
499.814202592745
458.32583925811
459.060089210551
511.035170537729
498.798423121712
460.834079315238
468.734639875917
526.592423117363
498.473913861544
514.992023929781
475.13747482243
465.399008871486
488.536740979294
452.737530968256
473.566145884974
516.613021301708
460.795335728536
482.45414906782
490.603158811361
466.598798352268
465.218033823244
479.786488045192
494.262586247089
494.137378705299
473.08608103912
496.694509974143
459.13685032932
512.418670689131
471.428241642247
492.857852801574
501.45885726746
469.68157233738
466.791383494084
509.35514186524
478.000626522909
494.7925914101
486.158375378809
458.640883399451
463.848527381279
455.804772433387
479.698257887218
488.000865858357
477.759977969424
538.567400679184
454.039897193743
451.739412375509
452.893329614189
456.83585564714
475.54909604121
465.560964206789
458.249560661636
452.789068055293
518.044966381356
520.063613309151
518.483323509257
465.101132545772
473.702265536485
486.71184295252
477.861934112244
482.620136974232
503.146253291629
508.188058088034
452.26622190214
473.719735015906
517.966283198593
454.569335505156
479.593106377613
519.924252598898
476.894820187979
503.893768058864
453.788224840552
517.798621397395
519.916854554517
485.628382775649
455.181223337046
492.275648684507
511.826204928128
463.813000608732
474.163876411746
459.925775885116
470.366204386508
464.477035237087
468.609139864449
464.658421059598
490.721347603987
