537.203054351949
521.086588045816
518.017869554599
515.512341106537
515.065037752713
508.887703779512
507.926278274138
504.029528476785
502.439226571686
502.216298618209
499.391201572508
498.327632563218
497.664206267702
494.806610735235
494.055630331395
494.04140640165
492.684847231209
492.275178984342
491.489738174099
491.04784907961
489.558607446017
489.205317622744
488.947683977989
488.126038240987
488.009639179357
487.548953576546
487.360986885659
486.914352229379
486.827751006844
486.556217630973
485.037182347008
484.690642545126
484.644612766534
484.616752456537
484.076530234488
483.70343974693
483.703259311602
482.333644790456
481.243783486724
481.220387654808
480.216750574537
480.024656123621
479.088706071701
478.948593201135
477.776738746483
476.766566913462
475.769868254312
475.394263114815
474.474417839404
474.035330055408
472.259227712684
471.50700750354
471.166538586724
470.880533460252
470.522813539067
470.385401018762
470.354491508656
470.229953330677
470.213419932218
469.639035683413
469.623553326087
468.856169992871
467.165950920262
467.00090134369
466.931306181942
466.788864908952
465.964704163916
465.017661042018
464.354687547104
464.203341522884
464.19246343751
463.742001342788
462.978860596969
462.751563834752
462.751242362961
462.660099299296
462.424667530226
461.243223198894
461.228406439082
460.617033501481
460.482671629305
460.385073276749
460.141564131263
460.005476290922
459.979539390725
459.829552214562
458.213419800848
458.181239752106
458.111922118488
457.634151112802
457.620192161586
456.662973789888
456.102154086455
456.029138504527
455.429001307609
455.361832455514
455.087974990909
454.963792455317
454.193614971045
452.937891416736
452.671351440398
451.83585946152
451.60764030705
451.304721067795
450.918858253657
450.553072095585
450.421004773188
450.145560999509
450.084597530364
450.071839323554
449.858325085218
449.775694031818
449.236445000542
449.224891030137
448.879900590834
448.717867439971
448.360114261563
447.941182540266
447.575999298139
447.181213210878
447.173147495107
446.623373958465
446.499570284681
446.476648989295
446.421994458059
446.404501131753
446.344571524938
446.334954576743
446.094859329076
445.819018672395
445.806577872292
445.165214905608
445.116712282742
444.625965178697
444.25345592068
443.645788857616
443.544911109306
443.418345002659
443.368534743862
443.329685801037
443.138216068016
442.999683597768
442.732368668251
442.636947208914
442.344921457601
441.854626154686
441.836897081313
441.579429549777
441.167043797245
441.026475088019
440.419759113755
440.25506517937
439.819033561904
439.807166372891
439.750611369014
439.67726174792
439.436835300163
439.392814333407
439.300483366695
439.087593571409
439.04889260475
439.007079892871
438.999065014908
438.765799011047
438.648548685058
438.610061640718
438.560469574893
438.513107440751
438.178461188402
437.316360666076
437.042292555682
436.450590693989
436.39966894957
436.390946135412
436.165584551206
435.963063540032
435.923349462943
435.300233439361
435.20706203743
435.049781229026
434.860062849433
434.805013174252
434.750028114383
434.356086484297
434.338814946536
434.229435059589
434.094235468763
433.988974227204
433.948216583189
433.947296344233
433.923947745933
433.891775204808
433.858977840415
433.491940889058
433.102114143843
432.679144282868
432.647194462148
432.641558134583
432.435772107774
432.38599432535
432.277239663263
432.184965262749
432.152179408181
432.105553577651
431.951704599166
431.028192293435
430.857320008049
430.71878763927
430.50199131424
430.115257401851
429.817594965858
429.798705162517
429.673886546931
429.418839174399
429.327954799419
429.062568339952
428.581353591578
428.382308081241
428.26456017073
428.132363905097
428.093499761315
428.071231487411
427.870224102288
427.400687910635
427.333255685328
427.153487261428
427.10683803115
427.040621649634
427.039790125499
426.660692289836
426.501074126332
426.140881371964
425.817757285599
425.727094158536
425.64841133865
425.278225790761
425.06957839838
425.069061126831
425.045134884616
424.671841810992
423.611638773736
423.606516379959
423.384854411481
423.081862020922
423.033109479972
423.017158698364
422.894441336334
422.880639208442
422.871845170243
422.772484008494
422.492695845094
422.465906807511
422.407281050181
422.34659779462
421.759515234572
421.5696840618
421.228905866101
421.159599039551
420.970851425705
420.821732046664
420.642064691686
420.613874503377
420.595853563306
420.464754595845
420.418711526158
420.248970336762
420.045815665805
419.993559091559
419.834356050997
419.708365007471
419.43357220973
419.419278222622
419.108503472545
419.102508686349
419.063730330195
418.985136893168
418.878798298528
418.742388582852
418.741039580385
418.606726558741
418.599754681581
418.456503789473
418.302792372619
418.007614568175
417.916486792156
417.844320117083
417.825113579303
417.755784322182
417.681382067724
417.676440544136
417.583436645401
417.416096881745
417.300735505251
416.977054801775
416.956814715692
416.577193513774
416.573562960832
416.299220398911
415.852242137531
415.829330888031
415.438978358309
415.393338528591
415.24073655898
415.076236947276
415.041850496681
415.025453824901
414.644191378353
414.480057855198
414.420411831153
414.080198782408
413.954330636571
413.641103106742
413.369849142325
413.122051436244
413.091773728665
413.044833159628
412.745558537599
412.712453212364
412.519207215323
412.265316953073
412.038231304687
412.014189855775
411.99961189477
411.877116617134
411.86605642252
411.800121731965
411.703093232629
411.66122408976
411.540866765995
411.316021681977
411.207056247513
411.196134832302
410.853025453394
410.626965801828
410.603329282642
410.55139042172
410.458403074805
410.327234862507
410.2691558734
410.256766067196
410.066793808129
410.032689889399
410.011273109645
409.940280343174
409.684502287402
409.394506228556
409.359490304811
409.229174226148
409.122343596762
409.096629952796
408.882364546313
408.81582202595
408.644762552751
408.641405494613
408.434292316639
408.36484888936
408.322520706325
408.243924998798
407.855139049927
407.823899182937
407.81055754431
407.714101042179
407.566485055342
407.301030830153
407.244006427237
407.170886578427
407.117322203196
406.993725054296
406.98865135916
406.845998126
406.73938073926
406.674683627593
406.656727661325
406.619809111246
406.480509089179
406.414566609961
406.220222629725
406.085424037451
406.066339336991
406.007871318659
405.973170139079
405.759157948081
405.50190678169
405.310822145687
404.988619757507
404.92880266583
404.778021310328
404.76621562041
404.537763777748
404.411221156878
404.371177904341
404.243192795586
404.214009988725
404.194459454133
404.186676547935
404.111160276331
404.095255958391
404.066904305429
403.995009712857
403.994445994195
403.949449256297
403.895325486777
403.626668095111
403.620252448184
403.507000343617
403.34521264542
403.269040671694
403.232918725481
403.223720074786
403.209514389986
403.195003195459
403.144186538338
403.098079471827
403.083021588225
403.065629118039
402.911822750874
402.780026692957
402.743475121054
402.724973113154
402.638853659199
402.573975267672
402.527928331173
402.450020320936
402.390876810842
402.370513894628
402.329033985944
402.273532722861
402.264923321736
402.211369831845
402.151914363903
402.136327647358
402.095955663247
402.039460908394
402.001276497867
401.947205165822
401.930027211169
401.900301772214
401.861216333782
401.843579787829
401.492392875389
401.439067856564
401.257547244654
401.23815627134
401.132718397502
401.115302352218
401.110447354009
401.045793348027
400.970428985853
400.812565215675
400.609191522855
400.607050533932
400.500489915618
400.418173798844
400.41513831329
400.393578178343
400.257389182501
400.183449311306
399.932378358628
399.745697037035
399.640743233414
399.578205690048
399.401489422195
399.367099813955
399.334879687179
399.182786509434
398.9880737276
398.986097853827
398.859455231135
398.854881527542
398.809517794536
398.780713964417
398.749125313647
398.37645112524
398.376202236624
398.288290107607
398.248913100581
398.156138412842
398.009691196151
397.925051013264
397.813094812184
397.764485574035
397.732473478344
397.339773473203
397.057955216552
396.99081268495
396.924609221817
396.850618833756
396.813404673351
396.589697572192
396.579461230632
396.578748082846
396.537828230226
396.535177147213
396.491275379149
396.148533827114
396.114786868632
396.081288375938
396.076141958719
433.966116009287
401.151434734726
433.562614704147
435.432864121252
413.162055912594
399.928706617139
470.564024971224
408.018719720758
462.885745208188
413.20495990368
493.487839694853
457.896340593917
430.939053528701
421.331824063526
402.899685246192
470.819317380378
482.733063814333
406.19285204936
414.525884361135
410.755543621135
482.255373914977
471.766482344641
436.025468288784
400.088213440753
445.139189168505
455.233336537288
437.33801943751
399.870794633672
403.964253769648
455.563668575641
406.290996622255
401.616612021303
430.107969402006
441.564955477897
424.897889592221
481.74565033021
407.805952138152
419.646785750097
414.436262510695
480.311505977654
416.752037701731
411.093240892397
440.341207422681
426.532760834952
470.091889820217
423.937507615293
406.181218623273
438.410892249895
419.930715033633
469.329217621132
404.444933532148
402.554110818545
456.898566860101
402.502536404764
418.508672657959
457.506665294335
426.5185717849
483.262783272277
437.083293071484
450.891888982748
401.162567991151
415.102791335198
418.697103153763
406.155085787846
397.877429142904
415.580142095115
401.510780590693
429.49197690248
445.483387792552
424.03723935637
448.637029997956
404.723988331963
427.620220265897
422.502885266485
404.940823007816
398.117655994034
477.755389372572
435.511238618082
453.434771333974
442.160742278532
530.438048261476
450.793282442264
434.029035606433
402.450353042062
457.219817411586
465.538780972165
490.858691162799
447.238926843186
399.293683910832
464.472505400572
432.583281644571
396.14259293149
474.60659842376
404.876046162152
428.684448468771
397.94445363221
429.068889673119
403.883547821668
424.046493687896
400.578217262394
422.038911114464
440.812358963617
421.175763740622
437.365578313848
397.307997640819
417.43872110658
426.500963952579
400.506053843282
507.352585572952
498.39776917716
435.824665400036
427.727087345425
433.763068181913
444.364991639207
509.865901545078
461.973486045274
439.043399890128
405.60734605635
470.456314392297
401.67345714308
401.466415422026
418.515146382247
448.868136102547
476.21362146313
432.187965861603
435.000321808476
448.641078372545
492.470970193438
405.785937902323
422.96235770906
413.921488908636
420.302945968592
417.982009156205
442.03733880091
514.199805751518
475.548792083898
431.883681779516
425.585562447413
472.285596824286
431.032772431101
426.915888885219
461.785402562109
441.174956082422
441.239535418558
442.132660175878
428.203209165655
400.334559659854
477.57602470098
461.845097851105
435.46992066976
480.360172967846
460.502004762866
419.91219325737
457.777143758039
470.04740920384
436.264591118982
402.571476130062
410.050844520434
497.40869579123
426.898309789199
428.555331520712
432.582536395714
448.77665315523
500.094160569637
408.837433740044
459.507805538104
469.859727940619
427.552124387581
464.256737056415
424.560273931404
463.992230072268
407.889918247306
426.651393053379
450.778143746706
430.515811835038
428.199875393075
410.060552366514
410.757826432691
444.542905630777
441.628527776844
423.889534320403
401.142699459653
443.313409162353
458.252312808343
398.061265549537
467.120166406667
441.303109673084
425.468624622805
492.261804536816
453.528931422279
430.889848433449
400.078720445059
402.9315516936
433.814587968182
398.870487498891
403.737020644648
447.724105578137
414.710434378073
419.384964729239
441.616844614087
504.617353365514
464.610459526054
418.519924568419
409.134633447864
417.270855700463
405.437433343777
461.676029609795
504.346326116358
410.386761318564
436.377795412831
444.483781626366
489.985844436318
396.753810603827
397.674671593287
428.850312601262
480.078516241089
443.51239874577
442.654530726695
400.741752480636
448.759190488375
398.655246378854
426.545667500051
409.252937874761
415.241764575186
414.619513795267
454.171957133407
432.260222100238
398.105470448715
398.397725372327
431.055537526366
412.392643039728
403.065710742277
481.591114824973
410.93685437841
399.729665174778
489.105485675943
555.289510194863
418.203870332165
495.863119698121
406.695915768707
421.502052385292
478.756765852814
419.015957251292
413.126271941715
445.690986415511
410.562861994511
432.698673378633
440.966231344375
491.895004135723
447.463691626948
428.870546086858
416.35210904026
421.372292153704
460.193060138817
441.127678807476
474.18548640196
434.017074992406
397.280313824342
431.087930073047
408.156318409589
464.176672158571
426.912571183971
402.678053109542
405.501547366966
449.360440347481
440.840391718502
470.229827972442
422.31620414715
408.029877997523
442.748069786365
413.857508239635
411.234389934493
477.798614047444
399.326368202409
408.513079160445
397.65075433655
396.451788403364
410.497964325043
419.098626792082
433.436447570246
482.729713178051
406.725995357084
460.049159099412
461.736287845967
474.662850081543
483.66753700386
481.764447723378
425.581327912523
454.601734374168
407.129936316654
445.092566420177
402.975493998089
423.182926590371
527.634074684738
456.861268349475
417.05626971539
442.023243429496
403.253509991107
412.850180442052
437.052371319509
455.779610530144
429.479801596164
396.093966464834
485.845071238856
507.583379991259
516.036068674993
446.398539920764
406.002450697902
406.285822098152
459.516319817693
420.874262002635
396.347123915752
426.857884181394
491.376756105795
396.399305689004
398.143369049962
445.779343696687
423.071713392854
399.186963969644
430.123306180592
418.763786479214
414.611574661804
427.714657469032
457.950717413496
435.260938739197
462.945101440663
407.208202486391
423.791242885376
432.30169316905
427.652255917948
467.525426972779
440.406730384685
439.35243876885
396.426528873844
487.912307544936
401.22971624427
459.850823022985
437.16223781518
405.986511648757
425.240517917592
414.752297116553
402.166277410098
442.353542157523
400.426823236858
424.25286770823
479.615706354462
451.437623249013
419.369183101978
400.950961785593
408.977194275168
397.556095148132
395.928656437757
477.76499481025
553.676962572079
413.902236326174
510.813234351418
455.878128132182
403.526290371695
481.506195000806
420.191231369403
464.452860656789
457.814011577162
441.087495570161
400.190095295664
408.614059910442
401.21393022196
420.426923373081
471.206657531542
398.751231142871
418.821571299507
437.976326096765
428.830490044079
426.168496808407
456.850148045545
444.950403014508
417.048407164792
408.655988975962
402.206732148875
403.019590119516
396.664302844173
461.087927980015
432.402710728341
473.306505295723
404.47320753731
422.544763283579
399.957850379137
532.3201489452
414.901149987205
396.141902931611
450.577125308642
405.71781152236
430.321744903514
427.218107695049
408.999049272225
416.145002724875
428.451049573435
516.301407000957
399.255097957478
424.334149536619
428.34880912376
401.118578217889
446.784269444123
444.998875335677
399.280423186559
396.229698715828
396.196294502868
476.556451449574
416.649496763629
404.593972103073
409.088908577704
412.087410875631
464.117656310004
401.3176985455
424.429273284269
492.077019864479
424.06403953672
446.581677275695
423.21000334686
403.846334631784
424.045696709266
427.165792109364
467.793408263176
400.898274004347
396.990499033862
426.894475775416
439.453898859256
467.833321030511
463.857467618127
449.187634390233
417.818795448231
414.346737791584
413.72144288954
421.726701571238
485.965217298799
469.683463448861
466.371420035575
429.398995320409
417.457892865379
481.088767574379
520.830348905029
416.862165862695
408.116489262945
456.153856826836
462.093671967114
446.241923731214
396.11547035058
419.240194300193
424.875410630628
445.470857617888
478.022074933718
426.901803786403
429.559165638389
398.904820281966
426.922668599052
407.4004135879
408.685164503091
406.298388755461
490.715463855133
446.707618837997
451.628781900775
437.6483730759
442.378205129074
403.413301922121
425.645488677415
400.938481029219
444.962535546323
446.704011494539
408.966122756852
439.7219598231
397.254337555782
442.601605613659
463.088041743129
401.203230686498
508.039619458265
416.442495462483
414.484042743254
423.769198324053
422.326558692475
450.918838108671
411.780182619744
403.985298670742
435.704861683863
425.022704995418
458.006013309933
437.740207692467
527.898000444687
398.936545574242
412.834473063639
428.31092505802
399.879313191183
416.800042617958
458.359427489938
461.631515090254
396.760104378877
446.788681365068
482.526921728074
431.304726185297
416.921224068175
463.644057008019
513.015229055999
401.219980981487
418.678071831801
