1036.33936603808
1035.71399307912
1035.71099382945
1035.51014577443
1035.41096430711
1035.07278861496
1035.03661990783
1034.97707103935
1034.84373059624
1034.8152066357
1034.78881239927
1034.76343317408
1034.71676229954
1034.63837217797
1034.62636336939
1034.59375615015
1034.58376158414
1034.58357830948
1034.55490924485
1034.51057548861
1034.50505372812
1034.48795124583
1034.46388991576
1034.43454097485
1034.35845770706
1034.32399304402
1034.29259717211
1034.28660222132
1034.25711288873
1034.24890280734
1034.19714396592
1034.17840235165
1034.17417229951
1034.17072887401
1034.16527078712
1034.15136184646
1034.14900861119
1034.07729926245
1034.07659602023
1034.05261680769
1034.04723855744
1033.96093067847
1033.94962159197
1033.91982715156
1033.88302733903
1033.87663526448
1033.87198080958
1033.85274817776
1033.84828318379
1033.847376298
1033.83773277194
1033.8354584228
1033.81787534377
1033.81738564618
1033.79039108478
1033.79008573184
1033.78119552507
1033.7750246892
1033.76526215891
1033.75379859654
1033.74982893457
1033.70144946689
1033.69100352027
1033.66601743677
1033.66346545113
1033.64180290418
1033.6357552754
1033.62804025374
1033.62744055571
1033.62674224122
1033.6190688193
1033.59236450679
1033.57593334448
1033.52037199679
1033.50196425665
1033.48679799989
1033.48413237893
1033.48246917827
1033.47513550483
1033.45853077486
1033.44402072966
1033.44205483196
1033.40859619754
1033.39772442282
1033.37368125388
1033.37210352461
1033.37124769737
1033.3620658386
1033.35419018567
1033.35242103347
1033.34489435515
1033.33796605117
1033.3289028511
1033.32021199599
1033.31317643648
1033.30962444715
1033.29984959989
1033.29281230979
1033.28050997575
1033.275536098
1033.26354515121
1033.24488628705
1033.22458128269
1033.21929849076
1033.21732935577
1033.21126147774
1033.20351688544
1033.19150158052
1033.18807701926
1033.17892331933
1033.17467544546
1033.16777411067
1033.15323390251
1033.14761343864
1033.14215614183
1033.13519845549
1033.13518249453
1033.13321683426
1033.13162482194
1033.12639309596
1033.08891521906
1033.08533205543
1033.07468036326
1033.06577033973
1033.05601695715
1033.04902934935
1033.03615406612
1033.02559113146
1033.01758905462
1033.01353675835
1032.99281786054
1032.9848498845
1032.97601096155
1032.9757312618
1032.97480137281
1032.97410463983
1032.97256656257
1032.9609945814
1032.95935506941
1032.95673729825
1032.95076710752
1032.94414477463
1032.92022913033
1032.9159724524
1032.91556302676
1032.90720124191
1032.90625320688
1032.9005943524
1032.89840619491
1032.8949808147
1032.87805109143
1032.87804797088
1032.86568075883
1032.86478638841
1032.84069142828
1032.83881141996
1032.82922619168
1032.82711637745
1032.82149236084
1032.82110388822
1032.81964973872
1032.81217332336
1032.81144424053
1032.81062119324
1032.80741954734
1032.80490685371
1032.79884752919
1032.79869648115
1032.79783921066
1032.78627734814
1032.76718786242
1032.76417744106
1032.76347492
1032.7633030291
1032.76215393347
1032.76011377654
1032.7591349442
1032.75629702858
1032.7486169868
1032.74854343387
1032.74107990434
1032.73716574538
1032.73690590009
1032.73620706696
1032.72806939635
1032.72752245267
1032.72008009128
1032.71232324841
1032.70319027075
1032.69638736724
1032.69482581856
1032.69480440669
1032.68899843281
1032.68889033837
1032.66895061646
1032.66837801353
1032.66222212434
1032.65748045555
1032.65374529063
1032.64633401194
1032.64519431933
1032.64385905968
1032.64304788144
1032.63327994282
1032.62629855203
1032.62064114731
1032.60146628747
1032.60120491243
1032.60021685591
1032.59703125295
1032.59411095891
1032.5910804828
1032.58422267283
1032.57959830464
1032.57874965896
1032.57172518137
1032.56766192066
1032.56533175836
1032.55219315302
1032.5497371934
1032.54880319974
1032.54830815784
1032.5482917634
1032.54730459649
1032.54641359417
1032.54638789062
1032.54525210133
1032.54478472629
1032.54231321108
1032.5294621805
1032.52837237984
1032.52524570814
1032.52181987502
1032.52037676664
1032.5177593479
1032.51704191337
1032.51684663847
1032.51469066738
1032.51260400664
1032.49957089524
1032.49572963745
1032.49033245155
1032.48818007459
1032.48757308145
1032.48236310833
1032.47619823642
1032.46639232299
1032.46428507701
1032.45957776689
1032.45779309714
1032.45479527474
1032.45463709654
1032.45320279771
1032.45027644142
1032.45001398021
1032.44919311482
1032.44645076389
1032.44212886797
1032.43815744913
1032.43533170067
1032.43283945216
1032.42979968518
1032.42319242783
1032.4173375642
1032.41718860955
1032.41273859842
1032.40267721625
1032.40212579206
1032.39521607686
1032.39202222149
1032.38693619103
1032.38575582391
1032.37866737806
1032.37348016875
1032.36408825997
1032.36285104984
1032.35100583754
1032.34323734962
1032.34271257228
1032.33551313079
1032.33064309074
1032.3227948491
1032.32270546642
1032.32056515305
1032.31939955374
1032.3192273849
1032.31247140684
1032.30075125281
1032.30061031515
1032.29796052755
1032.29550288283
1032.29517669023
1032.2897015678
1032.27592509538
1032.27511755583
1032.27472650385
1032.27395604477
1032.27188660859
1032.27029417691
1032.26991558309
1032.26762640135
1032.26079096712
1032.25919443988
1032.2535548136
1032.2499568515
1032.2477917206
1032.24262466025
1032.23958430956
1032.23808811579
1032.23722412568
1032.23678985919
1032.23643686445
1032.23619180923
1032.2337770658
1032.23259037823
1032.22844942756
1032.2271790758
1032.22305652595
1032.22204559391
1032.2217765307
1032.21893750068
1032.21173146439
1032.20537392308
1032.20465984175
1032.19696037233
1032.19487712948
1032.19421218593
1032.19107438692
1032.1858214971
1032.18520808147
1032.17902490666
1032.17698230608
1032.17550951089
1032.1754117619
1032.17439764151
1032.17349597396
1032.17273535995
1032.17233298958
1032.17044687149
1032.16731600394
1032.16605493034
1032.16101715815
1032.15935349156
1032.15770022003
1032.15614256236
1032.15238670634
1032.14621215061
1032.13820999181
1032.135906731
1032.13419015462
1032.12470786014
1032.12031940987
1032.11768435671
1032.1067563558
1032.10456567941
1032.09568426214
1032.08409693304
1032.08135466693
1032.07692943317
1032.0727138232
1032.06768397244
1032.06269289754
1032.06204013653
1032.05743198097
1032.05540109662
1032.05349229104
1032.05124296189
1032.0488331326
1032.04302186768
1032.04106860597
1032.03974320299
1032.03804420036
1032.03742543688
1032.0337310497
1032.03024368221
1032.02833106446
1032.02767932182
1032.02552419928
1032.01343429851
1032.00816504043
1032.00392557302
1032.00017993179
1032.0001495779
1031.99899475881
1031.99635789971
1031.99570285071
1031.99276723356
1031.99053116124
1031.98740492896
1031.98481184029
1031.98393510118
1031.97939922437
1031.97445234262
1031.97306846236
1031.96439908629
1031.96432457254
1031.96308345815
1031.96142446034
1031.96053034585
1031.95586383141
1031.95430818613
1031.94558857066
1031.94405229447
1031.9390505095
1031.93780870044
1031.9309005562
1031.92462675397
1031.92356290746
1031.92159358167
1031.91682829199
1031.91617002925
1031.9142509711
1031.91191046138
1031.91032302214
1031.90929528783
1031.90702709339
1031.90581002936
1031.90521401009
1031.90275701937
1031.9027008226
1031.90232802539
1031.90185587655
1031.90047908654
1031.89818535031
1031.89759542397
1031.89483991845
1031.89471730249
1031.89274554729
1031.88839756078
1031.88822862857
1031.87738683253
1031.87612856175
1031.87384907942
1031.87146531995
1031.86788559114
1031.8636231852
1031.86029725456
1031.86024495245
1031.85971160096
1031.85923856168
1031.85358315896
1031.85256399785
1031.85251923215
1031.85096811924
1031.84939744607
1031.84404166434
1031.83992565546
1031.83449570255
1031.83285904937
1031.83082999863
1031.82850492779
1031.82716768612
1031.82560575957
1031.82368526242
1031.82147867454
1031.81451546516
1031.8130800392
1031.81245468746
1031.81048156832
1031.80907310042
1031.80882388494
1031.80800307211
1031.80725679782
1031.80617919611
1031.80487968378
1031.8007994553
1031.80051691298
1031.79925734619
1031.79155420527
1031.7888662647
1031.78699834666
1031.78671394469
1031.78484929104
1031.78414388365
1031.77928772321
1031.77813861699
1031.77682368643
1031.77619758803
1031.77453972475
1031.77297395802
1031.77243323097
1031.77206589817
1031.77114605541
1031.76963935727
1031.76897600974
1031.76841170232
1031.76832824176
1031.76826357507
1031.76815452997
1031.76009798757
1031.75720781777
1031.75296762922
1031.74729495989
1031.74711014747
1031.74487115998
1031.74418074238
1031.73915966393
1031.73687978872
1034.17330018599
1032.43261991457
1032.30093424562
1032.2233294399
1032.01857354071
1032.05234431417
1033.3931192653
1032.16834274284
1032.12446992196
1032.45517461419
1031.95656831087
1032.44433816011
1032.7569168563
1032.09785077043
1032.81281002499
1032.03797521128
1032.8271298497
1031.89386241957
1031.92259659996
1031.77175662093
1032.28343353434
1031.87730323211
1031.76406958955
1032.39059559745
1032.216738658
1033.40902489997
1034.37803161628
1032.03137627683
1032.24714627296
1032.11008639998
1032.70433860615
1032.10309131292
1032.15711750879
1032.63509202721
1032.77275094244
1031.7865661662
1032.89306979073
1031.80366223102
1033.64761511737
1031.8735471743
1031.77325227183
1032.89253962257
1031.87032345107
1033.23611441148
1033.28775387764
1031.95611542586
1032.99050402492
1035.91972666459
1032.48435815557
1032.79487184638
1032.64400193147
1033.37997420404
1032.15829686345
1031.78502357736
1032.26270911334
1033.29181291377
1033.06478614193
1031.99081387268
1034.97059431665
1033.51910846105
1034.95941545727
1033.17762981173
1034.49790412813
1032.24576760984
1032.56049582889
1034.06578519893
1032.56683804647
1032.63034540991
1031.99903406291
1031.98854965941
1032.12951855082
1032.78632288564
1033.78994876994
1033.09033082339
1032.48487962073
1032.06801254106
1032.52784846548
1032.55011439336
1032.9595961188
1032.13775488949
1033.09228014902
1031.78573230611
1031.99415199903
1032.04429056178
1032.7571008423
1032.18825139559
1033.21221569356
1034.68049916781
1032.89466253205
1032.12316825252
1035.61370596606
1032.0727342638
1031.77218295287
1035.17131343782
1033.50756166231
1033.18367678986
1032.66755602027
1034.63001767641
1033.43316070621
1032.20218943236
1034.21923755555
1033.31521491424
1032.3743274386
1034.22482120358
1033.28344600379
1034.35105478938
1033.7797236727
1032.03864190756
1032.26172872407
1033.78308574758
1032.31431372245
1032.23450842955
1032.66062799771
1032.3199601535
1033.93332161844
1032.44487652781
1032.79930958481
1032.64841138833
1034.8038859501
1032.65479592986
1032.22687529287
1031.78131298286
1031.83906544252
1032.180767803
1032.43082828339
1031.93393591168
1031.73073572389
1032.1719641546
1032.5131584163
1032.9631483725
1033.20785586212
1032.71103938257
1034.32977150855
1031.95831890656
1032.72751018508
1032.88578177029
1033.49365175414
1032.94730844501
1032.31999847253
1032.03919313871
1032.78359126684
1032.57959964803
1032.69332864315
1032.90499889252
1034.60473061387
1031.92733263767
1032.44091833826
1033.40246049405
1033.51637381441
1032.04713342541
1032.3009297649
1032.04971428657
1033.62086456882
1032.67500423523
1031.91312122789
1031.98395768437
1035.78465434133
1033.20186031938
1035.31259628433
1032.53770247394
1032.6762829528
1032.7953092906
1032.65298496288
1032.07560801169
1031.92514040433
1033.00210954819
1032.6776944301
1032.02113754099
1031.98119534022
1033.40647530818
1031.99285398305
1031.76486172168
1031.95719554317
1034.36608867487
1031.99200570111
1031.9158509497
1032.08137753174
1034.02146987081
1031.87300630366
1033.21185579479
1033.70811978858
1032.31983332576
1031.74773955308
1032.27356342649
1032.08559736907
1033.76993553415
1033.63361182256
1031.74213775403
1032.01166344294
1033.39444225184
1032.47431416877
1032.655602928
1032.64832280649
1032.35956717006
1031.82755046006
1031.96790301601
1033.27061651957
1032.02109272599
1032.19301799781
1032.00273762667
1037.59483384051
1031.75166139768
1032.35217569793
1035.17809496353
1032.22262050935
1032.38836052929
1033.06061188713
1032.17149271344
1032.35747566582
1032.13276687748
1032.58976590629
1032.19834953777
1033.45655610665
1034.29036467601
1032.10279640483
1032.96494283669
1033.26832908637
1031.8106280669
1031.78390026786
1031.73882669216
1032.11714315976
1032.60148465244
1034.44017946829
1032.29833241663
1032.1222613989
1032.43035631232
1032.577953302
1033.3020142681
1032.5684895229
1031.83941830969
1032.24124470332
1032.8463038744
1033.32527251042
1031.9520136931
1032.28969611154
1036.22035635667
1032.20539583324
1031.92743395095
1034.56530804218
1032.87807411262
1033.32350708964
1032.36690344708
1033.22355961967
1032.18274459433
1031.81498369345
1031.8681162522
1031.94347688905
1036.03821895277
1033.52758502946
1032.91953838247
1032.38042925893
1033.43108868777
1032.02678988397
1034.33860373372
1032.43827627164
1032.14015704155
1033.62771940788
1031.73168348917
1033.20976375815
1032.17036342092
1033.72420575813
1034.02249000623
1033.97454374667
1032.68765738509
1031.80946134981
1032.13709020019
1033.4811428902
1032.51268097513
1032.05992340156
1032.80351540562
1031.77504463555
1032.05746355651
1031.74755429068
1032.20879087213
1032.35267715555
1031.78721028492
1033.51445539403
1032.40655184788
1032.39924159502
1033.09181739097
1032.93945155431
1032.83540335848
1031.80155563233
1032.83819478643
1032.36759317257
1033.18998557815
1034.03936547633
1032.91086636283
1032.98627070906
1032.37170073829
1031.82860635172
1032.58114630856
1032.09760581647
1033.46239174573
1034.0637239723
1032.00656122891
1032.32075612446
1031.97260870748
1031.76952063019
1032.50153142068
1034.26656719156
1032.76943295872
1032.14374720949
1032.10413660671
1034.36334872163
1031.91068623238
1032.1256041119
1033.78230871559
1032.96986529605
1035.1670160425
1033.3812953399
1031.81666543266
1031.8198401538
1032.06837428502
1033.87409506338
1032.6505964006
1031.90327327123
1033.36695227105
1036.67797497568
1032.31119949694
1031.81558028991
1034.50783940651
1033.40425847243
1031.82267259434
1032.04103553233
1032.0733963139
1033.9500537508
1033.11751782724
1032.53104023497
1032.66969120253
1034.03219457152
1032.43157219328
1033.61727079007
1032.5670037291
1031.85570248284
1031.78741291062
1032.09775171115
1031.74032519091
1035.38582257108
1032.28268134344
1031.7369610098
1033.64459094379
1031.82068797442
1032.05619513107
1031.82381619855
1031.91984355483
1033.39460020615
1032.18754576365
1032.40122578778
1032.60466350559
1033.71323429894
1032.75844933229
1032.24164152655
1031.96431557473
1031.94357818443
1031.9387058009
1032.52323038411
1032.27625563034
1032.20932220927
1032.45306510004
1033.79659545246
1032.06436191073
1031.985799534
1031.82558763104
1034.07750290601
1032.24326956732
1033.01720462196
1031.9362433874
1032.73054383095
1032.24988833004
1033.72608033737
1034.25407150719
1032.60823958587
1033.09103647887
1032.63429155683
1034.87721352953
1032.99355460458
1032.4199751525
1033.13017006515
1031.82321397748
1032.29264192129
1033.52253713036
1032.23004113729
1034.6217789034
1032.12039481292
1032.00001572841
1031.74515602094
1032.28468328868
1033.65143832929
1034.77736216163
1033.51004451115
1033.65856029661
1032.16576159232
1034.30860050027
1032.50785167159
1034.67835923021
1031.7552827074
1032.59200832854
1031.99211885818
1032.78335729191
1031.77148695432
1032.84380854679
1032.00366382694
1032.17036815692
1032.70906098122
1032.33501200638
1032.47097919363
1032.71243915215
1031.83835160949
1031.76034962057
1031.78994938608
1033.839826596
1034.20126632843
1033.72266213438
1032.25131691329
1032.17189930415
1038.39349667944
1035.66876927296
1032.24733799099
1031.99115283138
1033.98144269977
1032.25511393686
1032.84348505201
1032.34926346978
1032.05193391526
1033.22886680813
1031.86906289719
1032.01036047773
1033.60557679352
1032.76925914533
1033.15628025236
1032.05221680041
1032.2480842051
1033.77221486903
1033.04318773043
1031.81567166701
1032.91000397284
1033.33382560238
1033.53814039471
1032.56445879109
1032.76000083841
1032.37211437
1033.32422962261
1032.20237684756
1032.73229167654
1032.06040006521
1031.77439112402
1031.80284881346
1031.95346151235
1032.01740633638
1032.05225216127
1032.20110683937
1032.20606799302
1034.03697615547
1033.98534266532
1031.84227555221
1033.16605322761
1032.78130926143
1032.38818092956
1031.86078053992
1032.19374811364
1035.15756280004
1031.94779025327
1032.75395841386
1031.9559242504
1033.7318901394
1031.78192465977
1034.49240367426
1033.47957918889
1033.12062145835
1032.61995219212
1031.96595104731
1034.29803868537
1032.72863859455
1031.89148911473
1033.01553869841
1034.03941184381
1033.41377709925
1033.34819812013
1032.00147966717
1031.95661592039
1031.97678134081
1032.95565002186
1031.82932933937
1031.74298130214
1032.22485058481
1033.01034034871
1031.76871906012
1031.98292886258
1033.49777819508
1033.46842020157
1034.70403241533
1032.79848446536
1033.22393568711
1033.75429012743
1034.23522899779
1032.76455573966
1033.85567659032
1031.77110790343
1032.69959847089
1035.33608577913
1033.40830361087
