1045.5557853143
1045.50770905161
1045.4770508705
1045.46049677943
1045.43251616597
1045.42851299008
1045.42228695474
1045.38230916878
1045.36720673109
1045.36489338687
1045.34063190318
1045.31452041537
1045.31149983887
1045.29248470535
1045.26812664494
1045.24792603525
1045.24587088135
1045.22422442387
1045.22403631876
1045.21303305863
1045.21192397717
1045.20989235524
1045.20497147371
1045.19799584006
1045.19170644354
1045.18747377633
1045.18669068247
1045.18625690496
1045.18515074286
1045.17974348865
1045.17811309841
1045.17735685754
1045.16845864119
1045.16782264035
1045.16520956709
1045.15322820306
1045.1366897299
1045.12757266001
1045.12377089852
1045.11427010161
1045.11425131785
1045.10893147027
1045.10854666217
1045.10690880825
1045.10292427634
1045.09881599451
1045.09581658037
1045.09528638643
1045.08692790145
1045.0841706517
1045.08273811786
1045.08158391185
1045.08030637239
1045.07880244766
1045.07642130118
1045.07213543642
1045.06718248152
1045.06489669769
1045.06400964869
1045.05262826646
1045.05021321643
1045.05018569776
1045.04854915401
1045.04747813225
1045.04528214512
1045.04501277541
1045.04489663337
1045.04252665731
1045.04075301689
1045.03915967426
1045.03826537606
1045.0333468205
1045.03172434734
1045.03059269599
1045.0299731849
1045.026384523
1045.02543029223
1045.02460790094
1045.02344497529
1045.01649291009
1045.01601899518
1045.01470971694
1045.01305019922
1045.00759403467
1045.00047103709
1044.99541519209
1044.99468619764
1044.99375969514
1044.98956842329
1044.98914714726
1044.9873741905
1044.98693847207
1044.9867690067
1044.98412715575
1044.98238021728
1044.97743315954
1044.97700471919
1044.97326128453
1044.97168131381
1044.97112751004
1044.97063958819
1044.96887057237
1044.96863084971
1044.96765773057
1044.96719372968
1044.96259547226
1044.96004999058
1044.95914566735
1044.95745700185
1044.95667806494
1044.9538517964
1044.9525820975
1044.95167463451
1044.94993334433
1044.94960805754
1044.94955632386
1044.94691601463
1044.94396501845
1044.93976516834
1044.93797906686
1044.93549077296
1044.93156111196
1044.93112629176
1044.92850473319
1044.92820130046
1044.92767473267
1044.92665004949
1044.92661044412
1044.9263519
1044.92558625132
1044.92235447219
1044.92094387326
1044.92083753741
1044.91995314148
1044.91737639404
1044.91355799619
1044.91141281758
1044.91015755655
1044.90922148155
1044.9074374374
1044.90682536422
1044.90664770674
1044.90543499411
1044.90331614256
1044.90279466547
1044.90267117215
1044.90258586588
1044.90179135267
1044.90169345559
1044.8998320902
1044.89888903887
1044.89860634584
1044.89837091633
1044.895085485
1044.89493603352
1044.89297112852
1044.89112132027
1044.89097556274
1044.89094659335
1044.88926271594
1044.88850383818
1044.88739838002
1044.88731333246
1044.8826068611
1044.88224273478
1044.88216545919
1044.88039979706
1044.8774103832
1044.87637431701
1044.87588926903
1044.87356868496
1044.87195074962
1044.87130521062
1044.87072645477
1044.87005793356
1044.8698351458
1044.86903534044
1044.86900857347
1044.8684562434
1044.86785491698
1044.86700669778
1044.86629202128
1044.86522102538
1044.86482311389
1044.8623430695
1044.86208116297
1044.86025380286
1044.85949541036
1044.85947216966
1044.85915712892
1044.85716040772
1044.85676623481
1044.8561459399
1044.85609826047
1044.8549239285
1044.85409062649
1044.852362753
1044.8515778267
1044.85132279914
1044.84983688134
1044.84928164521
1044.84877380123
1044.84844342555
1044.8470519845
1044.84668386255
1044.84637260958
1044.84612929663
1044.84585664253
1044.84482853141
1044.84465145291
1044.84351390662
1044.84272904682
1044.84194335022
1044.84188106406
1044.84138702691
1044.84073115947
1044.84048306935
1044.83968538771
1044.83790718648
1044.8378458389
1044.8374749433
1044.83743990204
1044.83736154791
1044.83710111515
1044.83709833042
1044.83595845656
1044.83582309835
1044.83432034551
1044.83347714017
1044.82923483019
1044.82866049046
1044.82570590783
1044.82439677623
1044.82397880042
1044.82309090232
1044.82097991263
1044.81999175037
1044.81993451069
1044.81976529388
1044.81957489587
1044.81790125061
1044.81712250386
1044.81630561559
1044.81629965312
1044.81561930337
1044.81497757734
1044.81448815494
1044.81387491695
1044.8138136018
1044.81378684416
1044.81367505255
1044.8125216184
1044.81141663048
1044.8108209971
1044.81041464514
1044.80969887328
1044.80906053394
1044.80838389167
1044.8065905239
1044.80612752716
1044.80520298081
1044.80445285137
1044.8043751882
1044.8040443219
1044.80301718231
1044.80160940365
1044.8014528096
1044.80095399571
1044.79749059181
1044.79725539511
1044.79708758949
1044.79505445784
1044.79480919151
1044.79443263961
1044.79396376486
1044.79334922812
1044.79037137159
1044.7901663802
1044.79008550368
1044.78850633123
1044.78784421752
1044.78760954213
1044.78566521824
1044.78458090485
1044.78434181311
1044.78404925227
1044.78280254597
1044.78163335519
1044.78117398644
1044.78053085063
1044.780059704
1044.77982442452
1044.77982288855
1044.77941605485
1044.77899142181
1044.7785943688
1044.77691309238
1044.77615306521
1044.77511598384
1044.77450103293
1044.77337301539
1044.77334787399
1044.77289760759
1044.77276165366
1044.77238413119
1044.77187923304
1044.77082540331
1044.7704442087
1044.77002416585
1044.76991430327
1044.76975069831
1044.76961439344
1044.76913622765
1044.76902106932
1044.76877892074
1044.76870572147
1044.76868858907
1044.76744186824
1044.76726708117
1044.76688261446
1044.76563341828
1044.76555551529
1044.76504493656
1044.7646696145
1044.7644423299
1044.76423604174
1044.76292774453
1044.76215892483
1044.76138239518
1044.76125656841
1044.76093355973
1044.76083430547
1044.76026146276
1044.76001720664
1044.75973683892
1044.75866918186
1044.75833352498
1044.75815508986
1044.75682890474
1044.75668384748
1044.75551468129
1044.75528478974
1044.75407104437
1044.75375220665
1044.75320849808
1044.7495551287
1044.74567411554
1044.7446852175
1044.74455333844
1044.74391176994
1044.74346224136
1044.74314545757
1044.74312671518
1044.742562599
1044.74254028285
1044.74125435801
1044.73917617818
1044.73878689562
1044.73867193714
1044.73781645035
1044.73734275436
1044.73730760124
1044.73688457092
1044.73682136995
1044.73638966589
1044.73616584469
1044.73616179624
1044.73596580284
1044.73583804661
1044.73503924183
1044.73498851695
1044.73476629901
1044.73463852105
1044.73454016409
1044.73449780154
1044.73320437852
1044.73255849717
1044.73207971641
1044.7320255016
1044.73143866644
1044.73108757181
1044.73100801421
1044.73008198511
1044.72867383058
1044.72840622483
1044.72792772625
1044.72781809265
1044.72684290025
1044.72649983823
1044.72603182068
1044.72585122911
1044.72583337323
1044.72505655182
1044.72486505727
1044.72448571283
1044.72353318297
1044.72326438292
1044.72130078112
1044.72123227727
1044.72119790232
1044.72081069207
1044.72049405859
1044.72046552462
1044.72021692895
1044.71955018328
1044.71937982275
1044.71891795611
1044.71883427121
1044.71856380341
1044.71810226402
1044.71784712222
1044.71758390847
1044.71670903256
1044.71585325939
1044.71505743756
1044.7143375938
1044.71425238006
1044.71417142253
1044.7139241273
1044.71302206021
1044.71297598383
1044.71153909083
1044.71120066216
1044.71088908417
1044.71063837383
1044.71002535517
1044.70990306101
1044.70970140418
1044.70906651822
1044.70887202058
1044.7088356001
1044.70847208756
1044.70821601706
1044.70781394849
1044.70635426989
1044.70565068326
1044.7055962611
1044.70541788819
1044.70367084976
1044.70331410082
1044.70318650065
1044.70312622564
1044.70264830304
1044.70257955442
1044.70248976179
1044.70220022239
1044.70210149545
1044.70209466846
1044.70172496999
1044.70112215674
1044.7010638524
1044.70096790497
1044.70048582944
1044.70034371986
1044.69963812698
1044.69954649403
1044.69953473643
1044.69908360581
1044.69863851032
1044.6985995546
1044.69850444279
1044.69826822203
1044.69766884736
1044.69653971014
1044.69551231818
1044.69523127058
1044.69491411562
1044.69471779367
1044.69469970135
1044.69336131374
1044.6927412882
1044.69268026685
1044.69213424887
1044.69179990338
1044.69085028903
1044.69081514046
1044.69072512504
1044.68993883561
1044.6892227421
1044.68917089209
1044.68877129531
1044.68850813429
1044.6880411572
1044.68746451061
1044.68584896217
1044.68495696062
1044.68410812561
1044.68383558649
1044.68356162966
1044.68335764146
1044.68294769362
1044.68281544259
1044.68279357397
1044.68269042135
1044.68195758886
1044.68185787966
1044.68160759595
1044.68109723758
1044.88226332117
1044.68863596424
1044.71227150021
1044.78077677551
1044.75978735627
1045.0939463581
1044.79552213057
1044.85143545752
1045.08804155517
1044.73738683107
1044.75057078955
1044.81082810804
1044.88034841526
1044.95068365109
1044.70735006221
1044.71260360598
1044.69146565224
1044.69916797855
1044.68041862507
1044.84368205445
1044.70176845954
1044.7223879863
1044.71177794233
1044.70826365547
1044.84307085879
1044.72719520219
1045.35390243637
1044.73287679254
1044.75678982006
1044.73461432281
1044.84879216044
1044.80609539165
1044.69147004001
1044.73990975646
1045.16461976499
1044.86283567744
1044.76407596453
1044.72733854792
1044.86004621244
1045.04876352179
1044.98098063029
1044.85869496311
1044.73454094282
1044.75892093069
1044.76317195524
1044.68479315253
1045.01318499792
1044.7841891266
1044.92054177596
1045.82915445381
1044.71798868518
1044.80025924901
1044.76939540134
1044.89025589179
1045.59429015681
1044.96800228835
1044.97144012226
1044.94875060343
1044.7718786758
1044.69772323024
1044.68539302987
1044.94154767436
1044.76465490018
1044.87190887538
1044.94664522467
1044.83862336498
1044.69611156569
1044.81419475255
1044.96760113432
1044.97949203643
1045.02175606307
1044.77046061211
1045.2154092374
1044.93631157847
1044.73092944217
1044.71039608757
1045.02554990118
1044.71192521782
1044.68169664046
1044.71752663897
1044.70384115155
1044.86129201461
1044.80223327218
1044.84865304262
1044.82867718899
1045.21375048869
1044.72995893453
1044.68551553587
1044.69324214495
1044.8182276554
1044.70912540221
1044.74800815184
1044.70124491963
1044.89041766247
1044.72741011504
1044.69611727141
1044.74268921442
1044.76790065693
1044.76899728057
1044.88090610513
1044.700684867
1044.75529169952
1044.68203973628
1044.74379204364
1044.70971954388
1044.69512217294
1045.2679482399
1044.74398203047
1044.77775481794
1044.76011937314
1044.69250774375
1044.85527406992
1045.09558039172
1044.74541951767
1044.91807267813
1044.85802036304
1044.72796103029
1044.91983168077
1044.71420771663
1044.79989892772
1044.91662723002
1044.71550531127
1044.91452653964
1044.68858615879
1044.72403768357
1044.71962654012
1044.81186381237
1044.77680801044
1044.70023550157
1044.77916657099
1044.98664221674
1044.94061621589
1044.75159433608
1045.02416696501
1044.75040580727
1044.76873370109
1044.84047493671
1044.89096984345
1044.98496122872
1044.8726976635
1044.75661326152
1044.74932382639
1044.83356549258
1044.91115194847
1044.77257967247
1044.71738690777
1044.7076609176
1044.69387894481
1044.82357814822
1045.18560792482
1044.69439792593
1045.14616041226
1045.06054609771
1044.86352858705
1044.99811407762
1045.1588196581
1044.71051521881
1044.91182816512
1045.29691064981
1044.78245779503
1044.85353129054
1044.84596679983
1044.6940965089
1044.98049311049
1044.80943224545
1044.69050965849
1044.75257059578
1044.93218026558
1044.69593127489
1044.79894912114
1044.72907306162
1044.68129886489
1044.87976645396
1044.80885684622
1044.76333309189
1044.98584758124
1044.7051301268
1044.7617471898
1045.25014509925
1044.7344302958
1044.98999370904
1044.87707849259
1044.72839636487
1044.89285069094
1045.05439408429
1044.76396739012
1044.87094937508
1044.9639000095
1044.72979093291
1045.10542304686
1044.87975023161
1044.70268125753
1044.7172956845
1044.91050378577
1044.77347124533
1044.75887031041
1044.90629450766
1045.0488438761
1044.81228933169
1044.83826352663
1044.83859892595
1044.68987368855
1044.89906341251
1044.71170081377
1044.81118572745
1044.74242462267
1044.73542502477
1044.70251843292
1044.78520417812
1044.76302314091
1044.76863866751
1044.71815763731
1044.83870290101
1045.07599856984
1045.35273871629
1044.73064882984
1044.84957001179
1044.7618295886
1044.78214814913
1044.96093203384
1044.69461096746
1044.92170189121
1044.89188150328
1044.71415487723
1044.73194023952
1044.81345738738
1044.86082705587
1044.92825007804
1045.03236210612
1044.73513657586
1044.71281951406
1044.70845081195
1044.79306101687
1045.40217803384
1044.7029766037
1044.77942650349
1045.12041045023
1044.82518005175
1044.87082770449
1044.7707894745
1044.72573043266
1045.10046438509
1044.74210141449
1044.82863734752
1044.71136618879
1044.76300550582
1044.95265414628
1044.95642743048
1044.91965020772
1044.70496280608
1044.85414837287
1044.99267552111
1044.86628316515
1044.8079134767
1044.75273277766
1044.83278879158
1044.71367837578
1044.92690156275
1044.87139635132
1044.83282066919
1044.79538190134
1044.76867571485
1045.68603434675
1044.70584817841
1044.73383488184
1044.75413965846
1045.02930870329
1044.71539454782
1045.20798483662
1045.07411616622
1045.21224397681
1044.78173428041
1044.8741114143
1044.71693769359
1044.76765314243
1044.72978768336
1044.76861670047
1044.88216797948
1044.95199739246
1045.11933726297
1044.80421465919
1045.20915065559
1044.71195339572
1044.83164538499
1045.01616352662
1044.85133606177
1044.73588791014
1044.76380244028
1044.90261863063
1044.89394849876
1044.75983966756
1044.80605491901
1044.68786475655
1044.68473841161
1044.78338300349
1044.85332748107
1044.96973163617
1044.70099817893
1044.7600662241
1044.71929646558
1044.8911813756
1044.68841535002
1044.90085605597
1044.81914009905
1044.7318731897
1045.09554222062
1044.90079141841
1044.78811857908
1044.92611849
1045.03408541178
1044.88100871116
1044.74755427602
1044.87194975217
1044.7204155123
1044.7262860317
1044.69256329871
1044.73092213517
1044.86127024282
1044.75741843751
1044.76372948029
1044.79333558484
1044.79274708064
1044.9176711636
1044.91359157096
1044.7634684657
1044.73244677593
1044.97782753364
1044.89705473038
1044.80872382672
1045.04634875114
1044.70590572917
1044.78078595236
1044.70266137233
1044.77752705116
1044.85181263563
1045.13489515415
1044.98529519571
1044.68226685856
1044.8195431778
1044.99386245446
1044.82294059428
1045.0016528523
1044.86878502348
1044.93742197379
1044.70190977209
1044.7285362346
1044.7796204302
1044.68564758318
1044.78995004421
1044.6997034182
1044.85685239599
1045.0228787131
1044.71607759667
1044.92525389936
1044.80185298008
1044.91793720046
1044.77523391574
1044.76403685284
1044.71723636821
1044.76973802558
1044.69286638853
1044.96276267087
1044.69236609798
1044.78410220259
1044.92026326353
1044.84954612197
1045.14472686437
1044.72958077487
1044.73741735982
1044.97780506493
1044.81436035402
1044.76951737751
1044.89783196317
1044.69222572417
1044.71746657107
1044.78051018984
1044.90599603601
1044.98347003951
1045.05772408973
1044.79016537502
1044.99961916301
1044.87396567989
1044.69476799427
1044.69194737639
1045.05094192596
1044.8148630201
1044.83705484523
1044.68863471166
1044.80532742626
1044.72082041663
1044.68781503497
1044.80866392181
1044.82195716683
1045.1782068493
1044.8362789629
1044.69724469683
1044.6924330844
1044.79608846869
1044.75473149444
1044.76223248658
1044.70947979345
1044.78688556493
1044.90384455103
1044.77596144229
1044.75358032291
1044.79185154871
1044.81446052294
1044.93342164321
1044.70147858227
1044.80721193867
1044.84863351227
1045.15783180704
1044.73773603554
1044.70218423242
1044.68592458703
1044.6976722778
1044.89564688018
1044.7486714049
1044.96659807211
1044.78192131923
1044.92184243332
1044.73210376684
1044.73511886088
1044.96254234974
1044.82237484891
1044.88659765025
1044.72336540049
1044.73212926135
1044.77044599133
1044.83724734999
1044.86282153755
1045.07613903831
1044.84540441165
1044.719372383
1044.69536298155
1044.73983724527
1044.76277483585
1044.77487188054
1044.78784738907
1044.81254703021
1044.76438343533
1044.79223431074
1044.78058757951
1045.1052173766
1044.68848731707
1044.88621063916
1044.88690239169
1044.70202249874
1044.8249211605
1045.04090745043
1044.90962551154
1045.04401129033
1044.69528863411
1044.74047029463
1045.00789581383
1044.80062887303
1044.9745571247
1044.75544092337
1044.70528462264
1044.86939046405
1045.49085629219
1045.00738167773
1044.7962232831
1044.72256742627
1044.72866385108
1044.70293240082
1044.83303773106
1045.20645238081
1044.80598139569
1044.73797214134
1044.94923843931
1044.80448119867
1044.70832600636
1045.20058026488
1044.68078489897
1044.80905775627
1044.78799624579
1044.97352712172
1044.85807003668
1044.70386462985
1044.86431312648
1044.82299718092
1044.79305116811
1044.75591350757
1044.85154660411
1044.8513636961
1044.72139328088
1044.75738059483
1045.07661204701
1045.41573811533
1044.72456354102
1044.74249741111
1044.78472701092
1044.69543735545
1044.92503419401
1044.70348928253
1044.68394253316
1044.69327554629
1045.06623136521
1044.87350912604
1044.72713665566
1044.77225816742
