1007.07302833005
1005.51737562718
1005.28971071506
1004.36694780835
1003.4406411051
1002.87642528183
1002.61139932183
1002.19880822352
1001.97006132362
1001.77933831935
1001.61526273845
1001.56620976712
1001.54184221799
1001.52531956871
1001.52521314302
1001.39286681082
1001.33544602634
1001.1358437862
1001.05466272251
1000.99008567428
1000.9563156145
1000.95205488799
1000.92504587328
1000.84565040259
1000.71154385552
1000.4870118922
1000.47300109776
1000.27204529751
1000.12817787195
1000.02431996408
1000.01448233391
999.970639033427
999.695567351905
999.628604645147
999.54807867068
999.491934524853
999.365804038647
999.320923969782
999.219624143963
999.144073774336
999.054485889158
999.053465951514
998.988323447087
998.803866774397
998.734929038153
998.658873860669
998.64008035972
998.60947715783
998.585314895013
998.547648832656
998.511129159549
998.490905816568
998.475268825805
998.468193317158
998.45108743796
998.369929148823
998.349469998743
998.313169668578
998.202662026834
998.135408958308
998.123782132387
998.068637428674
998.065552859519
998.063645092276
997.93642235639
997.920113327424
997.885735825092
997.847497078339
997.795753547617
997.771400120688
997.73479119017
997.64987039986
997.628184930142
997.61602506794
997.605066001452
997.530590655095
997.520778501905
997.519772526308
997.42839648243
997.410783902429
997.397609043161
997.355822497765
997.353947954391
997.330692704837
997.312846889018
997.235610887936
997.2211687329
997.21142114991
997.136442357217
997.127818690402
997.112972764982
997.055829901307
997.053348988044
997.052267771127
997.039959504387
997.0193071834
997.013615914056
997.005997825957
996.987066625434
996.978517251069
996.872519879165
996.840952459962
996.823740202886
996.814258482279
996.813996627522
996.736960968415
996.652844027355
996.64438706214
996.60917612301
996.596577671206
996.510327052407
996.505166838556
996.497839957049
996.457043343769
996.425317381982
996.424960531526
996.415149915394
996.392143671615
996.36310001509
996.323611948812
996.293551927179
996.246695495222
996.235244889785
996.220380017212
996.140667907772
996.12754549224
996.115102985733
996.053125474329
996.047552059973
995.983140721539
995.978898751053
995.974685605065
995.974035983707
995.927698700694
995.897427844019
995.873109738962
995.852056336622
995.848137670925
995.814109791526
995.780283497454
995.775593918837
995.736903109176
995.732145578704
995.725312325166
995.718052880482
995.708363886893
995.696929552233
995.675417521956
995.657305456563
995.65449425008
995.651877556767
995.60279522972
995.589131974252
995.571457871715
995.561577478306
995.539076931136
995.535151562031
995.534458346164
995.531258354072
995.530072901878
995.517505479969
995.508721503595
995.482061944007
995.478675300494
995.445307904178
995.444811931179
995.444344596533
995.410496068679
995.401240274234
995.399061710213
995.363435342771
995.352747312686
995.348021846303
995.330005094612
995.274562685408
995.262666187367
995.241724172459
995.230919174688
995.209370776802
995.205626551356
995.203695016786
995.202760503159
995.173927039199
995.170770638159
995.130231814296
995.129066846806
995.106001696095
995.083675466871
995.070111303127
995.04436961012
995.034609013503
995.032030332513
995.020839778088
995.017138581625
994.997423178428
994.980846028817
994.975650427559
994.961982336268
994.954174987632
994.940193274029
994.936866379306
994.919029767744
994.902455863182
994.898405877123
994.897704146322
994.896096090683
994.884848345334
994.882085581085
994.880479729298
994.839746574771
994.838789735166
994.83065266462
994.812749040697
994.804144839214
994.775357436215
994.762639917212
994.734927298462
994.7121672182
994.706083280921
994.700972119515
994.674965532835
994.668085059075
994.608392327855
994.607385187042
994.604164791349
994.597061478196
994.572575545247
994.570879922156
994.562660800684
994.55590843308
994.545889249503
994.536551615998
994.5334978209
994.510739461417
994.508349337293
994.490989015043
994.48102777454
994.479553814246
994.467864014614
994.454812350897
994.450638787971
994.440788204589
994.416264513007
994.413698807378
994.411866753528
994.409253921419
994.400944499008
994.389069380312
994.364737551841
994.353669272779
994.342374740305
994.341543494633
994.340753063052
994.330852360968
994.330279658436
994.291422913223
994.284654343043
994.27608640725
994.26216288542
994.211929753415
994.20973277261
994.209533725289
994.192443011497
994.177912589148
994.157608020405
994.126687502853
994.123859483484
994.11086708126
994.108180545309
994.105995517858
994.096475037002
994.071785198957
994.06073340095
994.044376887462
994.036282070628
994.017392188924
993.981080744722
993.975175051344
993.965512393339
993.956187880132
993.948873819968
993.927335170166
993.926630056714
993.919693442485
993.901758241122
993.897414887567
993.86569890874
993.857349511609
993.846564715271
993.821121601766
993.789674315455
993.75175252861
993.750787638087
993.747273875218
993.742795783056
993.734717331787
993.73247978836
993.726745233366
993.723858818178
993.717432267395
993.715559557295
993.713681281971
993.713203184274
993.710139307708
993.687877422547
993.683456715748
993.67380284635
993.66552201487
993.661429542156
993.637973022156
993.619573776255
993.61886889021
993.600430390167
993.596802471364
993.589752940996
993.585489609075
993.575670969802
993.563958649987
993.561462375398
993.560369378948
993.53405714361
993.533331568582
993.51408993672
993.512958032416
993.512028895535
993.496493114403
993.492070307116
993.489751345154
993.489271007263
993.485321334026
993.48222989454
993.46143667414
993.45488478014
993.448013233126
993.441965191879
993.409461661453
993.400237944758
993.396276635858
993.379761835755
993.371557643744
993.351291315168
993.346598401059
993.335832882223
993.334462494975
993.325671697437
993.32188484849
993.316757193569
993.31431078977
993.312102395341
993.307896128734
993.300679999541
993.295926761941
993.294500927416
993.293277126638
993.288882846897
993.279020564913
993.27186728168
993.265680252474
993.261937061749
993.244322734591
993.212373229338
993.194562380011
993.192213941542
993.191511654366
993.171601454957
993.166838328804
993.163938936364
993.160768372793
993.146053137707
993.141585097293
993.140800876368
993.140704204314
993.136312363292
993.132240972394
993.089074259168
993.061022923657
993.04713126402
993.037280794085
993.036377973857
993.034551193152
993.024455291469
993.023121904413
993.010024103408
993.008146333539
992.996718852383
992.979708752741
992.970520140653
992.969935769276
992.957161138515
992.940572566373
992.939150474767
992.932756005357
992.922112475238
992.917352029012
992.916634943377
992.912665397832
992.910139823756
992.906755735325
992.906428760161
992.903827147245
992.898283007514
992.891059829293
992.888149195511
992.883965443321
992.883622719181
992.881216645597
992.872796372024
992.872356822547
992.868813574908
992.85120371805
992.848329931867
992.84718287609
992.83973652582
992.837985787347
992.817360203265
992.813820200417
992.807604394843
992.795292027827
992.785423571121
992.781931526231
992.771494341731
992.766153390021
992.761978468331
992.761872890684
992.75477192522
992.744074451637
992.730298128427
992.721130244521
992.718464946454
992.715544128349
992.703546570341
992.687796440251
992.686229355848
992.682570940441
992.65786421268
992.656571844944
992.628018818778
992.627562080076
992.622562909465
992.621323793338
992.617617737427
992.613585986507
992.610786614983
992.601902269697
992.595301577291
992.570409564911
992.557742893262
992.557581683071
992.549616647318
992.546178026508
992.545028575421
992.532218152312
992.526360344914
992.526235609765
992.520396536656
992.520277237881
992.507215680791
992.504532368833
992.501101629309
992.491016187331
992.489178700436
992.486053737938
992.478312352593
992.474105935671
992.472066902917
992.47028781072
992.469690509012
992.459848946793
992.439358871618
992.436451359365
992.425293944639
992.416320916409
992.411211961752
992.406025044148
992.40373950661
992.378705456705
992.373077700102
992.361312027704
992.360429031648
992.359646055483
992.348959643362
992.344078532685
992.333407001612
992.330420330052
992.286850167446
992.283428923526
992.280802569971
992.267123682368
992.260766426345
992.260382420506
992.258366115377
992.25592354201
992.255774144699
992.254790631309
992.246152695399
992.241597118193
992.23912917615
992.237877941994
993.490575542051
992.271842628557
993.384988454252
992.492710367933
993.151181413042
995.679153395737
992.742639672952
992.686045406552
993.410784474425
1001.02781942273
1000.29856347204
993.251677855057
997.598808452682
993.170638998375
993.405149539858
993.724641039792
997.309882522094
997.349989181042
993.160453210352
999.246207257007
994.390107057631
997.843789106571
992.734231594357
993.086547033388
994.935074334376
997.443305825659
993.374696014939
994.700886353179
992.518740181379
993.011519241897
993.38563666964
992.855561574422
1000.69374997037
994.963924338458
992.882784726717
993.871643054683
992.434653982403
995.213747641621
999.955564184279
992.846501747541
995.310952929905
994.217711953354
992.306246390989
994.016192958907
994.323919446525
997.193005596197
996.354166547048
1001.38119087937
996.510409390909
992.28798790659
998.318638484292
993.317261336603
994.40875305359
993.640501862708
993.368586567195
992.250418220796
996.227697355296
992.635810922646
999.02405732922
992.273804999045
993.380767092649
994.459542350931
1011.82256304339
993.667978549885
993.905717727866
994.050869183784
994.856072633375
997.890021555975
992.677427958345
993.051939736126
996.103393082555
992.315717025883
993.432559218906
993.045290187244
995.380551008322
993.424077079093
996.196789787186
992.605748550133
993.877251881875
992.904724814383
992.752419779029
993.678885759991
993.168627288485
993.091116303936
998.732875473598
997.571112435741
995.085487149904
993.366758403408
994.513193795247
998.115483104569
993.566615328662
992.592671742861
992.518357608279
996.52250250949
994.685103800932
995.092748987514
997.385867109834
992.798221030257
992.871184347075
993.001247561498
993.375506539055
996.717049548509
1002.50764525194
999.15516966012
992.759369754647
997.906132625018
994.732434498495
993.503866905413
993.275970730078
994.164286585728
997.316952127888
994.451772007074
995.343313311574
996.373790465258
1000.02638756811
992.709577434147
993.567469538845
993.89016505769
998.833273622515
994.219615641146
995.25700926532
993.804780719379
997.448929650329
996.553813197638
1000.51097659938
993.601988664957
994.776140890287
995.067004295933
992.718519827752
1004.92526327424
996.606600239031
994.81341190243
993.820422580201
995.571061176475
994.05250932317
994.716799434413
994.192353158752
992.271840724029
992.675339111582
994.914264959892
993.689055018877
996.996071823764
994.181863187298
996.982152773289
994.394635682045
995.165626974193
993.507396191536
993.26241421629
994.87144145625
992.783412893649
992.772434480419
994.589452760218
993.455487709794
993.183125784445
992.953905531022
993.185692748426
993.08026068099
992.718864914197
994.901624587321
997.833863582231
992.802367527822
995.150235917461
993.098354095791
997.832830752506
996.571538441969
1005.7298005135
994.288666360143
993.41979360532
1000.06038807162
995.97912521877
992.819826123035
993.138821144815
993.283746914409
997.961148226261
994.465286296236
994.087695304336
992.406171081677
994.282844568868
995.939491491661
994.000842753745
1000.224387675
992.448651325567
995.83835400793
994.829698677741
998.637146402468
999.193673546185
994.422191387369
995.494541370291
993.330503360502
996.568766652624
994.682611866379
992.853071538004
994.747270419555
995.330804519564
996.90812818364
997.790198723946
993.043194890155
992.263478232456
995.569065294268
994.35349995501
999.927735343139
996.27421455575
994.864587702772
998.226027474919
1000.00692387851
997.487685794998
992.697822503737
993.834321315337
992.870949451235
992.329234366936
994.883787335692
992.675322226148
993.488043395309
1004.88416492937
992.78408386223
994.729437455394
994.189220419115
993.221191563058
995.107610876535
993.991914878669
995.616361361833
994.821914245661
996.922672116182
994.449366429883
996.563944384516
993.944484606662
992.92551945496
992.70822844497
992.242228043769
996.032568925362
994.969014891733
995.559322691439
993.111614637135
994.195078469374
993.358407391594
1000.9228163387
993.175828162167
995.356321672403
995.354960471563
993.593201806227
994.352357249298
993.692946184293
994.401329505527
993.364857964547
995.446232861177
997.680012935695
992.553817404782
995.218617475053
993.077350289981
997.999562836047
995.760485341768
992.771052094072
993.741886295796
993.632105015503
992.610864721825
992.677616220289
995.781359940841
996.296127931536
994.480295666059
994.686919104738
994.584514222751
995.50748079763
994.499419711003
992.582341962184
995.729380796607
1001.45577473786
995.512189042153
993.847867648527
993.133135333451
994.217066420872
1001.79647426716
997.558368875267
995.4315667854
1003.27667275645
995.137138569962
992.794813410523
993.789336929914
992.64907843955
1003.64654544264
993.001729626904
996.682739413252
992.809929225262
992.981336065097
995.985478431057
992.263912855567
993.617443751544
993.990518206946
993.069507159462
993.862010173107
998.169366734585
994.303572481936
996.980641904001
993.939407744169
1000.17758391193
997.646268705597
1004.38071312463
999.825052506816
993.541470968683
994.486163397305
993.643742654293
993.052994357754
1001.26139303971
996.02504730722
997.071317921066
994.629672988698
998.456138365279
999.386078067806
993.130394970431
993.080668110495
993.517062272517
994.046817716811
995.370817229535
997.262484860024
996.886636394291
993.192107829832
994.338789432861
994.366213379594
995.085282151943
996.355742409494
992.567944359474
992.773730870233
992.646463677146
993.806652796872
993.835240561323
995.250496929811
997.28991734696
1001.56917427694
994.458014402578
997.13745774966
997.091975118736
992.935216447162
993.088951570987
993.948979498817
994.046659988365
999.150468446215
992.808340588421
992.2345857418
996.951878498757
992.533860068574
998.162851250756
997.600859253304
993.596429982307
998.267077608117
995.156303655941
993.99762748427
993.229716581852
994.420986527979
997.147679634599
993.341963471597
995.230553804074
994.386363776233
992.584172719932
994.492929104969
996.220169216055
992.705926628366
993.951073559393
998.108585690931
994.448406235991
995.410508267513
992.659361640248
995.292619148023
995.490844534563
995.930178212661
996.485256791432
992.445386031568
999.082397034777
996.76624477159
992.456730907334
994.521034093511
994.179637480781
994.17687115169
993.460222536484
992.2965981784
995.764756239576
993.850048501104
994.358539503424
998.408902146604
994.394483990789
993.205419262031
999.563672001618
993.950734502084
992.278615926401
994.180732187744
995.252249805516
994.107109732017
993.200761622285
994.876829949189
992.908347758428
995.471926933988
996.728436652324
997.417376327199
995.498940061154
992.853092212445
995.835362564362
996.89802273559
996.945512507212
996.599191664131
993.072582233339
994.361833049836
996.335312879486
992.528805752284
993.838385689792
992.281416952816
992.778281496708
995.96535530011
993.473111395807
999.158104056584
992.54251768268
992.685376049099
994.942454277965
993.741548076236
995.106071924055
993.052935212998
998.968358537619
995.337848632114
992.966238274235
1003.40091529375
993.267634241512
996.783588791099
994.057053695808
996.532333158819
993.574984065982
998.093193675896
996.409642621802
992.805547619628
1000.93633590617
993.701297649431
992.838689791102
996.412322109755
993.067439938983
996.380595253218
997.127325636332
996.928591495137
992.65832345402
999.154113404415
992.790144221839
996.940750483922
1000.20585241625
995.88015873931
997.133746445564
993.28539262173
992.93458644839
1002.16739622701
997.143391135177
994.038730288806
993.571403408857
1001.32927047555
992.421870763362
997.710290758156
996.793645990303
1004.55575124812
997.416586838679
996.060814275365
995.118671390998
993.551033274989
995.943061580162
994.598456553634
995.744368467485
992.577780253941
994.075388215063
992.229299006381
992.416642279947
996.193808160403
996.661985545058
993.752242610218
993.494455834923
993.562209879071
993.048460993956
996.999569173681
994.164645917468
994.481924432499
994.609453661529
994.673076625099
993.859063234379
995.792725046491
992.663154746503
1004.24418897278
996.728404695669
995.390517353304
992.638484289246
996.469976783447
992.997703652055
995.188744454876
995.66018555988
995.743223210496
1001.25066975221
994.295974131978
993.645377454694
993.860275980623
992.449271862582
996.350127577924
994.574427297199
994.676298988679
992.995537338637
992.341419098145
996.228187901315
999.709767245468
993.826324960213
994.617346505228
993.589633569965
999.457262668527
995.590375505374
