990.488444597319
990.263781068937
990.03042581284
989.622649595469
988.918736788947
988.577985607255
987.898128998046
987.890423775122
987.771497865375
987.205011531578
987.018196936172
987.013477204407
986.941893180343
986.772002260963
986.738330901198
986.44376466751
986.382871625798
986.106251880292
986.026655094509
985.939277639012
985.818551066534
985.757732373199
985.502049017858
985.486601815311
985.420024168622
985.414577221746
985.28654433581
985.239906354389
985.238737740257
985.110901394594
985.100300056263
984.930114326057
984.898687609232
984.647427330665
984.618768679375
984.514421247838
984.496871120714
984.455154224974
984.433454144633
984.400707227723
984.301587395267
984.245135366952
984.119923231735
984.110280167157
984.056679864772
984.044707084317
984.040222046539
983.742273108
983.66983852704
983.449013651868
983.415365364726
983.397084637674
983.344203391944
983.248947459487
983.178228205596
983.064679106957
983.032542547135
983.030095178913
982.971878184744
982.890460037069
982.878625273868
982.828321558972
982.824627935177
982.816529323406
982.727182623057
982.719410844275
982.711093788012
982.680751632933
982.647004417436
982.627455887883
982.604831700078
982.554755415825
982.536526196787
982.483444022101
982.37181496522
982.295335854671
982.27889773007
982.232231182613
982.225106163537
982.12233322076
982.104929192999
982.091433385539
982.068778347703
982.014074322575
981.993637048318
981.966178546147
981.910896676807
981.902874341417
981.878192363393
981.857447598415
981.837023904081
981.743609955284
981.701261560631
981.683687610125
981.669770038275
981.667223634069
981.663971178725
981.661126882661
981.626297458605
981.607405159567
981.597225316409
981.586184452811
981.564391866208
981.53764686445
981.532463875942
981.517771009083
981.505848736885
981.489341920353
981.471895916975
981.466936267489
981.452563992596
981.445608928408
981.414245815153
981.411868856182
981.408258788811
981.346285213687
981.339055485434
981.326521573083
981.297573980041
981.260101199347
981.244784701426
981.225182842204
981.219408541824
981.179122335191
981.171804145812
981.162873784152
981.121820426039
981.080921580853
981.076203501448
981.059294700064
981.0451350632
981.021667926076
981.019111533161
980.984476557192
980.969571958023
980.950297042385
980.8733204936
980.83582203771
980.82873422759
980.79542786892
980.787190607518
980.776094880242
980.772285523855
980.761493907591
980.759107009593
980.747535327492
980.681209028288
980.679151234766
980.672681318469
980.635959512772
980.598778838855
980.597511712757
980.57554058362
980.545068900735
980.507174567477
980.450850241389
980.445508214163
980.355824505653
980.33728156844
980.335461326178
980.318276432344
980.317578504549
980.305542402653
980.286246619582
980.27838076596
980.266982366874
980.231015906482
980.228118228081
980.227980436672
980.224226127646
980.164512526013
980.154193639567
980.149094404589
980.130815305196
980.126631712818
980.104681432042
980.102704556106
980.08448409336
980.080818018971
980.076922113142
980.071329570797
980.069126687127
980.044927244877
980.030676831461
980.02161114704
980.017010448089
980.014107317669
979.987504803162
979.986544776185
979.980731045035
979.951647598487
979.949562149594
979.928301715169
979.927217814154
979.927011055918
979.922251730596
979.922053765091
979.920187612413
979.910848674025
979.908703770868
979.893248498484
979.862020604313
979.861633895186
979.849983160705
979.84614293761
979.837991205985
979.818411190492
979.792365370297
979.781390089162
979.77906356743
979.760871783213
979.750992989997
979.742174966782
979.737737699977
979.736994143982
979.702415024257
979.699900538366
979.698528881315
979.68432660927
979.682233729528
979.676708746913
979.638914339364
979.597608070613
979.594717967603
979.591814393977
979.588756468707
979.588451610178
979.58546661558
979.583644050871
979.581254354408
979.578508996968
979.5691623089
979.565130835835
979.556087441976
979.544294466133
979.524399975922
979.522794912094
979.520494989824
979.514203146781
979.467725050866
979.462659729339
979.460346881934
979.457507065844
979.452996487629
979.433429261776
979.431596973343
979.425214492885
979.418723344682
979.399752168354
979.389268026111
979.384847587481
979.379312343792
979.376464263629
979.354488309067
979.351706165586
979.34267498761
979.334049981905
979.288506992768
979.271267105515
979.236639000615
979.222777777134
979.208044679873
979.207149318921
979.205997351236
979.202481611197
979.186959077022
979.181968760984
979.180339834498
979.179126088698
979.176791392907
979.161668435809
979.154838119443
979.150564686609
979.147577865434
979.140928863654
979.137865342238
979.113932855648
979.101638139102
979.0750337259
979.052571688562
979.049577904191
979.046969565477
979.046288495874
979.044073373894
979.023838016036
979.023519645685
979.018664701273
979.017298961792
979.013433098681
979.01329546082
979.010945141057
979.005798491043
978.999973171861
978.996904929774
978.987324667965
978.984223004852
978.9810820428
978.977306817639
978.972947914621
978.946418659258
978.940041495826
978.935667624279
978.925893034392
978.886423193853
978.872427249489
978.864676087313
978.863189227144
978.856139252134
978.855929773427
978.845796390643
978.825581678704
978.825358012756
978.82499941214
978.816891334434
978.81522979922
978.807500055485
978.801712440714
978.779519942471
978.775628315416
978.757664862432
978.754230160689
978.748031053666
978.726136548185
978.714127380527
978.707705300368
978.70405827314
978.687752290186
978.685093742188
978.682307422983
978.678397603574
978.67516354886
978.671254779945
978.668059501009
978.64672647925
978.629249499695
978.62046450033
978.61593424251
978.613512523548
978.610179189801
978.603051886146
978.587133500422
978.581559294403
978.578255842382
978.574470891544
978.57205247597
978.561438887515
978.540071325636
978.5370078375
978.536141704779
978.520800413135
978.519998182978
978.510665990374
978.508320086641
978.50038974607
978.489532925778
978.484394929158
978.471558862265
978.463692565611
978.461617945863
978.432405169346
978.431063938243
978.417314078959
978.407174274024
978.402729201624
978.401533703138
978.387394834285
978.384455542394
978.382930447038
978.382924402914
978.371957586712
978.352118742365
978.340512651484
978.332378701304
978.330628023134
978.319157755151
978.31776379636
978.30822332667
978.302107882273
978.293348260468
978.288158433847
978.271535527776
978.265470311021
978.261581211993
978.252002400876
978.243515922226
978.237291619983
978.233402745775
978.232960147162
978.229087610943
978.225642706252
978.203321764298
978.202414624261
978.201696544565
978.200533875732
978.199514828967
978.189819962508
978.166247346899
978.166101753774
978.16114731423
978.153838539663
978.151677044742
978.130088549847
978.124378493649
978.113793954379
978.106921624876
978.103498404269
978.099343444694
978.084834728384
978.06792135104
978.056752561121
978.055017446476
978.052836574661
978.044552828451
978.044284548888
978.021151027817
978.020690336688
978.015693438498
978.009916313136
978.008106144528
978.004200204216
978.001144685068
977.998978430388
977.996863335494
977.988609811781
977.986080645207
977.984677208607
977.984131908813
977.975680737412
977.973120430507
977.970480898261
977.963184103807
977.927470030258
977.922928532178
977.908139725669
977.883417674763
977.869683614931
977.860719524698
977.847816615135
977.84641719929
977.837176956948
977.837158512579
977.834329983589
977.812948539114
977.803828732089
977.800119422427
977.794282008457
977.794255638803
977.788631336158
977.786921454409
977.780582405777
977.770616374179
977.759687119481
977.750978096698
977.742928924156
977.731553367447
977.713422675842
977.703043172955
977.702240412844
977.70144734659
977.698153939768
977.682080182045
977.67478772768
977.670896062704
977.66684770224
977.659905704559
977.647384777949
977.644406187187
977.643238187621
977.638986366016
977.638769426787
977.634265204209
977.623940037857
977.623234098837
977.620285313977
977.617997100828
977.616677478849
977.612844432139
977.612004029091
977.609684060663
977.604562060838
977.600062597597
977.592330429291
977.590983522939
977.587715142618
977.579697947137
977.574733529774
977.571077627049
977.558134525488
977.555680132916
977.549146315285
977.548727333952
977.547581656526
977.534265713256
977.526040772963
977.520120122044
977.509686213323
977.504083216259
977.490698887385
977.949540983802
979.930835521796
979.461144932004
983.42478989134
980.173459522137
977.481733366231
982.415969108676
979.71933958939
981.547375864753
979.163008818686
979.412448794235
979.574316016381
977.705963796298
978.110441970262
978.792784299402
980.25686716819
987.279066940352
979.239096740117
978.292599277498
987.134853185831
980.460400067861
979.982731133774
980.58432360709
978.934067312055
982.688705439955
979.203985230888
980.764489221645
977.782952871569
977.477949943964
981.809643071457
981.620854380678
978.274077191061
978.708812934051
978.363561791538
977.724380892377
982.152643864596
977.83911849954
977.945116172632
978.965805577804
981.110028933478
978.572209778057
985.012390612108
978.508533677486
981.34499430532
989.981577302408
977.557352546927
981.022558357425
979.42830386417
978.877825085805
980.853069318652
978.497931418287
982.121070802374
978.544800844156
978.091807362356
985.569119318245
977.816158238511
980.099402185067
979.665116292854
980.711022547838
980.57981652527
978.926529246963
984.358046193118
978.524457794851
980.519296680806
978.130329601843
980.057687509527
979.021947358315
979.99237044611
977.737947051705
980.650510586302
979.717155393472
978.91110357674
978.773806810467
977.649957096796
978.554042278327
985.05396210193
982.291852255255
979.867893649013
978.183544409677
977.958382254209
983.519569105058
979.518067529314
984.931348004487
978.504791406108
983.0162668608
979.945619793756
978.240562052703
983.259527608914
978.856123066949
977.707706573933
980.918964838241
985.400251864596
977.6776496742
979.627611008689
982.681768516583
977.610595199525
981.713263959263
981.086930249288
979.099912808387
978.587356634313
978.342377182455
977.892542897047
978.174610217096
986.287688335323
979.079111889959
978.215129261273
980.810989189878
979.92742637074
977.615203302702
977.616221557634
978.407818053028
981.381970760513
978.158623142727
978.327797153842
978.710535749679
985.647305620791
978.115692158026
979.890094043577
978.064544516622
981.517304135927
982.254138695524
977.528868333951
979.366484630595
981.566486578641
980.447337667778
984.68845490498
979.696133422024
981.598606725885
982.718272961233
982.261999696077
984.643503820832
987.900555086972
988.820102244237
979.322626265463
977.634689613476
977.54912054489
983.608169240397
986.20484784322
979.555928695255
983.269900285832
978.311010087093
986.429837410882
980.768960248845
978.174996858188
978.385570406564
978.431148531578
977.691914776066
977.77956340387
977.816998041573
978.30364731928
983.586988953906
978.115447102946
981.797859231449
979.966480585935
979.124605284823
982.856677346057
981.178981487948
977.495680823919
978.084802700319
982.810876383575
978.573763809719
978.260906439628
978.271615003093
977.615304786118
977.498323204477
978.252614265873
979.864116480084
981.12041933433
977.922459139375
979.821081941557
977.873204307589
977.692451024017
977.757462186707
978.246988905887
981.635607826891
978.707842535452
986.056950174479
982.975720314155
978.802344618751
979.793354143445
977.67451932574
980.140374947952
979.304035613064
977.794924193645
985.80758888081
977.604279066063
977.613496751426
981.398175962493
979.384644499011
979.068299517262
978.15534987911
980.509783389356
981.409430192108
977.648242343026
984.876222576265
979.120368317007
979.187409670315
981.274421936139
981.166398315513
977.84621882374
979.218019908983
983.154337299741
978.850293660827
978.172951291417
984.291243348496
978.517773162482
978.800886006057
977.696175331788
981.524324625129
981.003907019663
980.856310264086
977.633459933487
978.072702059667
981.736312607787
981.385241375233
979.745423427048
981.694648173864
978.820307903903
979.082377870762
977.69068583359
977.824484319081
979.115900588262
981.870121247166
979.234103109023
987.158705436526
978.082609081292
978.165843371547
978.73960832221
977.537112711731
978.936243086269
983.29373693678
985.366353824096
978.670921466566
980.562818731164
982.340140618852
985.595677121026
978.762407619792
982.15925472891
978.005755106078
982.160324416479
979.90769903095
981.362739050608
977.994454679099
983.331070092729
979.967099712007
980.094363211031
978.334061931793
990.134818813014
980.009361866638
981.602713232363
979.560088214163
977.47375205003
978.644954492847
978.451661169942
980.371367590677
980.239576428795
978.079687928626
980.100945233139
981.785102859619
978.347426954953
979.004110182929
978.911613183337
979.926884942622
978.857393400264
978.237291405272
980.876632484972
981.282610494513
978.979077024449
978.086446315848
979.167402922799
978.014838069666
978.034343135291
978.377688218365
981.171129386175
981.215104336213
981.769072088381
977.83946293856
978.38255969995
978.578373873303
977.60729880474
986.074095984836
978.72475115013
982.039450656717
984.909629110938
981.733749890508
978.981605648782
981.594733038954
977.618780756323
977.906686883694
989.968474402909
995.65449425008
977.795073435008
978.174807199991
978.078621389505
979.19258885692
979.636374489635
977.561197205319
980.386823197683
980.801289705554
977.511067380666
977.893667658721
977.960496306685
980.544196422005
978.65328299832
978.246542357007
980.706085555853
977.914675234155
979.359473629478
979.917650924894
979.326558294449
979.139588681023
978.549651333534
982.090143540438
981.645024846379
983.306780480525
982.119546505601
977.533524766061
984.782762320907
980.792147326763
977.640570892831
978.389109481747
981.488509582112
978.286476759456
979.0140573681
977.714462338288
977.900917016352
982.491704325381
979.430342750554
979.613173992651
980.845583050792
978.628584437786
978.54609524237
978.078401391851
983.046905426749
982.031468015476
978.879679548239
978.787445737806
979.126223167599
978.921222443727
978.693408069156
979.312425395791
981.80831435409
979.856689647412
979.682317000271
977.859493533466
978.990644045379
979.944938673669
978.482264159592
979.710250388295
995.173927039199
978.559659847976
978.300784968633
981.567147497498
978.491408553736
977.565912857371
980.02167971976
977.892605049738
980.122353305471
980.649792581002
980.137946917851
978.611358366217
978.363153700944
979.476154935133
977.597462501539
977.77171684901
981.694408480407
981.053614721749
980.49129468276
978.907819403678
978.070520669315
979.211582173
979.304726004647
977.674469737646
986.400392971123
978.099011934983
983.552237459441
979.742231995897
979.302011833303
978.063450128526
980.240645356179
980.982108079585
978.714400813339
981.650566648819
978.903792619238
987.215190161068
984.403606574
981.074692853259
985.220926234352
980.031460455348
978.392335302091
979.018222487666
977.56260889771
977.618778215052
979.428429573184
980.026122558362
977.718689451335
983.536823568854
983.958281850601
990.300373783729
977.722999831666
979.394296813351
982.190034688394
984.427574854456
982.233420982089
981.900538202915
979.506678553453
980.266656004455
990.215455719391
977.949246871142
977.820509207142
983.114831489038
982.764477640302
979.838962541048
978.588347535881
981.837453033288
981.665749972104
978.00044210938
979.841615844999
978.560130048263
978.057389428945
978.27478777051
986.525842205365
978.609035439341
978.906437919152
984.575477505427
978.824376281361
979.626587430104
978.281866295669
978.742751687506
978.407242401022
982.249366532794
978.384614093479
980.584736241517
980.31055701905
988.49514049221
982.532722627261
981.161452255731
977.953267335545
980.62273770479
981.490085630816
989.66162065056
983.298050568078
985.153787875946
977.979278647831
980.17703055257
979.087261880318
981.538127753794
978.359594451689
988.825827682815
982.00382082193
979.268126108002
977.995881588836
978.418704256824
977.670191477356
979.7937848849
982.959446992623
986.218588309869
977.916772559585
978.265335831983
979.384157475724
979.488964841794
982.342683079325
977.978267398011
981.456728411717
980.729609716029
980.134156668054
981.21159012345
978.296348673489
980.226675722922
978.627727090365
978.140498565685
985.238988748964
978.328682584272
985.719112517193
978.396063950534
985.507149677576
980.546700503011
977.837563333609
977.907362987716
977.499358550213
979.701441512704
978.195110662011
977.799612733273
981.701116274318
978.363653164592
978.783964576182
982.590901061447
978.648334666504
982.121371585744
979.111199494861
980.446769973567
980.392253044187
979.327236567559
983.979675526631
978.402588608797
979.565656278342
978.93650036112
979.444248378329
988.186858691917
982.840547672196
978.416966530343
978.144660121435
