1023.09783988513
1023.0636132684
1023.00523277741
1022.85273862156
1022.71486922081
1022.45749410155
1022.32698756419
1022.02951191096
1021.75812563879
1021.56641001107
1021.17582955569
1021.15151492139
1021.01163793174
1020.42947353905
1020.41420626629
1020.33846801155
1020.17866596722
1020.12892856471
1020.12653088625
1020.05540836587
1020.0311652642
1019.98548730852
1019.984876731
1019.84852435346
1019.7997763499
1019.78638942109
1019.73593680744
1019.71443988487
1019.62582142275
1019.59463677669
1019.58195180268
1019.57129228793
1019.55105024897
1019.48916511486
1019.48176131185
1019.42850974688
1019.41895470189
1019.37021790992
1019.34548302726
1019.34332543353
1019.25194825916
1019.09368905196
1019.04222491987
1019.03564776681
1018.99979511948
1018.98673747676
1018.9693952357
1018.93825571996
1018.83543849806
1018.83352279295
1018.83211510491
1018.8041100389
1018.78837353784
1018.78614280461
1018.74023893093
1018.73571342982
1018.72292892485
1018.70915052534
1018.68318793456
1018.65830357562
1018.63493653144
1018.62992086998
1018.62331119885
1018.6203418325
1018.60710736548
1018.6044790548
1018.59499396517
1018.59100508751
1018.58396689194
1018.54599323877
1018.54570273456
1018.5357453837
1018.52700776738
1018.52363586963
1018.51699928184
1018.50925168753
1018.50189147836
1018.49893340533
1018.48797515089
1018.46459219409
1018.46456255582
1018.45526070122
1018.4550012568
1018.42685975805
1018.40958080069
1018.39066182667
1018.38552243681
1018.3745033381
1018.35551142781
1018.32311043891
1018.31723188976
1018.30892458872
1018.27477080231
1018.24423305773
1018.2230083365
1018.2008176609
1018.20021398161
1018.18522566285
1018.17722502562
1018.17518695547
1018.12203385341
1018.11893939411
1018.10919491979
1018.09240426624
1018.09134854683
1018.07424863016
1018.07196755488
1018.06962025988
1018.05491468201
1018.04556222803
1018.04327268055
1018.03763944781
1018.03734272344
1018.03246088642
1018.02054678798
1018.01510823594
1018.0096095326
1018.0002014026
1017.99466413668
1017.98935718093
1017.97388037936
1017.95794973317
1017.94944277743
1017.94700748418
1017.9282842352
1017.92279670199
1017.92037541959
1017.91868841141
1017.91488715891
1017.90182918748
1017.89480553831
1017.87372251049
1017.86814750332
1017.86472658901
1017.85116885523
1017.85054758464
1017.84044037286
1017.83620785192
1017.83385072084
1017.83105687218
1017.79978256291
1017.79224204642
1017.78939943096
1017.77816921362
1017.7587421703
1017.75544670789
1017.74771588457
1017.73503662449
1017.72450277078
1017.71964555629
1017.70847452948
1017.70513707815
1017.6894245451
1017.68680634078
1017.66595436646
1017.65735832486
1017.65544657655
1017.65256386644
1017.64494328479
1017.64486962019
1017.63442826219
1017.62464654331
1017.61782844641
1017.61355972744
1017.61067010549
1017.60612224784
1017.60584185887
1017.60351949641
1017.59721158294
1017.59631847674
1017.58840976452
1017.5830784916
1017.57418705809
1017.56437687937
1017.55936046014
1017.51773716358
1017.49648837886
1017.48381510577
1017.4824886549
1017.48172929943
1017.47177463167
1017.44569807879
1017.43967838025
1017.43749958826
1017.43529441175
1017.42201745686
1017.40790439616
1017.40551211174
1017.40265033045
1017.39571679297
1017.38465784712
1017.37434721033
1017.36614516427
1017.36358388945
1017.35193622056
1017.34019594873
1017.33633327358
1017.3300934475
1017.32777259476
1017.31374544688
1017.31364846935
1017.31352117312
1017.27793555821
1017.27725546525
1017.27702759677
1017.27087355922
1017.25696878817
1017.23206040023
1017.23200143952
1017.21071362769
1017.20671887305
1017.20040901497
1017.19443591547
1017.18087911701
1017.16081885855
1017.1586624823
1017.15791200167
1017.15710166402
1017.14223862288
1017.13958606106
1017.1285196572
1017.12397157622
1017.11492179016
1017.10391856022
1017.08929037367
1017.08553878681
1017.08253021919
1017.07880953653
1017.07687353709
1017.07609147281
1017.06181916157
1017.05446712106
1017.04121899316
1017.03359276325
1017.01571154249
1017.01113093972
1016.99149895927
1016.98771241232
1016.94608745912
1016.943336784
1016.94190239037
1016.93024940104
1016.92437362812
1016.92398233262
1016.91893908211
1016.91707849859
1016.91237054869
1016.89380692491
1016.88520163894
1016.8824050918
1016.8769527419
1016.86334071582
1016.85102783405
1016.83089690613
1016.82782597731
1016.82644014278
1016.8231861654
1016.81675990676
1016.81552744914
1016.81489961974
1016.80921454219
1016.80343535809
1016.80301093079
1016.80112546357
1016.79985514045
1016.7970197597
1016.75792256922
1016.74521952409
1016.74478786405
1016.73532697301
1016.723221839
1016.72246513597
1016.71827996947
1016.71079172607
1016.69838057541
1016.69367682102
1016.689963069
1016.67548354468
1016.66559246637
1016.66193900699
1016.65390322153
1016.64876340516
1016.64508779306
1016.64170184723
1016.63459749679
1016.63418136441
1016.63294128859
1016.62807681633
1016.62654238878
1016.6191015558
1016.60911610896
1016.60785897296
1016.60199429924
1016.60183459935
1016.58934425352
1016.5870060612
1016.58425570615
1016.56702103608
1016.56225857358
1016.5600805604
1016.55708277322
1016.55089934572
1016.55007762495
1016.53877265868
1016.53331668928
1016.52391518904
1016.52338743119
1016.51572099755
1016.51121918549
1016.4914823709
1016.47528669219
1016.47248883535
1016.46817702589
1016.4622562389
1016.44677988702
1016.43099550115
1016.4189566229
1016.40365087901
1016.39161577781
1016.38522682757
1016.38392571555
1016.37812713963
1016.37561301989
1016.36705276092
1016.36637540444
1016.36485634556
1016.35574497422
1016.35469848547
1016.3523532008
1016.34889307608
1016.34871844281
1016.3459119131
1016.34538268511
1016.32461835919
1016.30857284005
1016.30639266521
1016.30615047154
1016.30090293943
1016.28995423014
1016.28799085204
1016.28742559327
1016.28332518572
1016.27538155143
1016.26688614781
1016.25716388244
1016.24783353294
1016.24750419774
1016.24595496902
1016.23602674024
1016.23093064854
1016.22094666814
1016.21658539875
1016.21615498955
1016.21560691337
1016.21536838622
1016.20938116731
1016.20790407126
1016.20409352453
1016.19799828288
1016.17430915636
1016.17399458965
1016.17174917095
1016.16648052145
1016.16602731321
1016.16168487213
1016.15932994808
1016.1565161197
1016.15424496608
1016.15286989015
1016.15224380856
1016.15016257862
1016.14511145789
1016.14360629213
1016.14247414846
1016.138689767
1016.12749849851
1016.12649335607
1016.12173785712
1016.11098600009
1016.10982535143
1016.10914901461
1016.10576836639
1016.10278958474
1016.09720162337
1016.09106863424
1016.08986968868
1016.08741553912
1016.08364612668
1016.08033320739
1016.0796038864
1016.07428861075
1016.07192765282
1016.06222463337
1016.06152376615
1016.06027029893
1016.0578103859
1016.03964642723
1016.03542621754
1016.03322458157
1016.02701184785
1016.02271583748
1016.02069252484
1016.01811432422
1016.01698865423
1016.01556979425
1016.01196129489
1016.01013953914
1016.00405798862
1016.00372344622
1015.99827568745
1015.99568768144
1015.99442782636
1015.9893286046
1015.97957786692
1015.9785681955
1015.97662133543
1015.96644456807
1015.96453991925
1015.95287573963
1015.94559589226
1015.94234720049
1015.94131750396
1015.93817888218
1015.92138827043
1015.91233338242
1015.91182996246
1015.91011951685
1015.90750475141
1015.89648795349
1015.89446939868
1015.89133209008
1015.8895645209
1015.88728528982
1015.8818987226
1015.87747857871
1015.87620492805
1015.87529295135
1015.87146604857
1015.86887542511
1015.85336308972
1015.84877717585
1015.84403684371
1015.84240099905
1015.83981337469
1015.8339946615
1015.83181922498
1015.83056901899
1015.83038046517
1015.81145240977
1015.80993044839
1015.80649674383
1015.80216140487
1015.79556033645
1015.79384405199
1015.78760915926
1015.783125035
1015.78074191986
1015.77804305604
1015.77581181835
1015.77478143312
1015.77200099647
1015.77160208932
1015.7693134414
1015.76357242424
1015.75837812746
1015.75640535547
1015.74960643912
1015.74553905193
1015.74351002236
1015.7426690019
1015.74153133011
1015.74109371452
1015.73841476984
1015.73726541278
1015.73376694043
1015.73122926904
1015.72935508466
1015.72229628637
1015.71864618165
1015.71481631123
1015.71388907547
1015.70519693421
1015.70189002898
1015.69998321931
1015.69952072418
1015.69710669623
1015.69536667386
1015.69500777391
1015.69174789715
1015.68474546877
1015.68300195485
1015.68178717783
1015.68128210019
1015.67567235986
1015.67443549791
1015.67066736607
1015.66678008319
1015.66035041052
1017.9483023779
1017.85704671175
1015.90066787114
1018.06616900799
1016.00996294432
1016.29125237466
1015.91733590582
1015.80913272067
1017.58611671343
1015.82764703237
1017.11305581934
1016.8427757258
1016.69950324978
1017.25913890245
1016.51393789074
1016.12004769755
1016.8654626505
1019.24348421764
1016.36581945569
1016.21323754332
1016.13960097123
1021.57345970014
1018.34869650017
1016.85163586524
1016.01775735676
1015.72208183685
1017.36688890703
1018.67671641461
1015.72293307866
1016.37975126695
1016.42409041446
1016.22382260243
1017.98886155588
1020.04694747245
1016.70869558414
1017.55736515131
1017.85406583723
1016.25526355296
1020.27942676573
1017.70444737505
1016.74758496402
1017.01847354635
1016.72645503993
1016.704878746
1017.99634126125
1020.92645127821
1016.90272564012
1016.28405394058
1017.32042909508
1016.56591382993
1016.43506400279
1017.50594319443
1016.33257419246
1015.98185535098
1016.16133953693
1016.68747396726
1018.56214308259
1016.00959925708
1016.43151569379
1016.48211953338
1015.73510581396
1017.19034527568
1017.71568628638
1015.7685080246
1016.25016928645
1016.03564526828
1017.21936965465
1016.3260007392
1016.43804906051
1016.62555742815
1015.93970593915
1016.73098668606
1018.87186458801
1018.28800821203
1018.68981670124
1017.82879661542
1015.72096734179
1016.61298023337
1018.15572101517
1018.59061093007
1016.70045557941
1015.74784651308
1015.91116125931
1015.8418509272
1019.86876907222
1016.28677907631
1018.51905988174
1017.16818244633
1018.28460679669
1018.06000829256
1018.12736580556
1016.69493951322
1016.46153010939
1016.40168841592
1016.07106407674
1016.47811894995
1019.66910145141
1015.71949122751
1015.70508211645
1015.7752589768
1018.40193621707
1016.82007014872
1017.63544252647
1016.35856552482
1018.60777817487
1017.31023276253
1016.76416130031
1015.92093962323
1016.82580257334
1018.31231970667
1015.71155530245
1016.35894691792
1017.81715551672
1018.60090842707
1016.36721944861
1016.08825095635
1016.16758347468
1015.80395765784
1020.13547522561
1016.61260359026
1015.87557988024
1016.74311748175
1017.49697511724
1015.65730373898
1017.66472017728
1015.74872222607
1017.09952280454
1018.40133669659
1017.78142911239
1017.8691779053
1016.24299136259
1016.077859196
1019.44442779755
1016.22218123638
1017.1528655635
1017.34115272941
1017.06533566656
1017.72189860926
1017.25198700103
1017.02516457671
1016.47671606732
1015.7436426049
1024.30231044219
1017.62468626212
1016.81560693282
1016.46190174002
1019.54899935703
1015.67258410145
1016.37409439231
1016.96549385278
1015.80316072889
1015.71499393388
1015.97462327191
1018.52183882035
1015.77972515393
1015.77448262973
1015.95286002469
1016.57185499974
1016.01332114351
1016.2030386223
1018.10354244197
1015.86772909995
1015.84487304053
1020.63439177084
1017.06374172929
1015.98526480634
1016.72263289271
1017.10229087343
1017.73737255733
1016.09476541734
1017.45773388062
1018.61155070192
1017.05350730709
1019.25518653017
1016.24543989696
1020.82963334801
1018.70625666417
1015.93867900401
1015.83915198777
1020.72464774452
1018.07000945228
1017.412883109
1015.90820653816
1016.04268667315
1016.45462404393
1019.74399337059
1017.18082414652
1016.50024812878
1015.9752669755
1016.08688377807
1016.50236489319
1016.5803388608
1018.72971923879
1016.06221651873
1019.06433663355
1018.52653268533
1015.65963856072
1015.93343060946
1021.61269087914
1016.69213125362
1016.06070512445
1016.75622710725
1016.65367961869
1016.79154946746
1018.11309383349
1016.16691051042
1018.31549463038
1018.32211719199
1015.77149942985
1020.44396158819
1016.044255729
1016.9580947348
1016.0101732829
1017.66679476343
1017.07427445707
1016.72873747746
1016.0168716073
1016.65514287185
1016.19625079529
1018.41414538954
1015.74362399252
1015.99892299581
1016.12924815572
1016.3886947405
1015.6662656924
1016.91253252689
1016.30036673113
1017.8044453812
1015.83615086657
1018.76564114668
1016.86788590177
1018.19012898103
1016.12676395927
1016.55581449707
1017.45471563848
1017.03750868859
1017.57470316898
1016.10033052187
1015.71633182473
1015.67875144942
1016.64943428955
1015.80774472061
1021.88973522023
1017.20590343847
1016.08818521659
1016.73436596256
1015.93527855892
1017.51326133483
1015.76096315139
1015.78405700244
1017.10081170127
1015.97312716165
1018.50676355198
1016.68434032075
1016.31788296083
1016.19320612732
1016.95591686748
1022.47870668902
1016.24052715106
1015.8324878132
1017.84554403476
1017.86811651784
1016.7206001108
1015.77514920849
1016.00084087531
1016.56714436835
1015.71983013758
1017.38275094044
1016.79932855792
1015.87658333781
1018.5453430037
1016.6396168467
1019.83671391386
1016.15098798815
1017.5883622226
1016.15929636363
1020.53311369902
1016.00318514847
1017.40259513412
1015.70069698675
1018.13563371291
1015.97030300683
1016.20661598505
1018.39657455296
1017.29218895724
1016.1184394929
1016.07862649632
1017.41840757114
1019.11221357636
1017.38617334698
1017.73411455166
1016.7047423913
1016.09412907914
1016.88999715375
1017.45151421653
1016.68730565601
1018.35919980562
1017.86175530458
1016.90158492009
1016.76285443798
1016.74624394417
1016.57592939735
1016.94272959127
1019.19907184929
1015.84020832847
1015.77090294705
1015.919069035
1018.84799072682
1016.19746639932
1015.75936609886
1016.35910501556
1016.37475647293
1020.60631023612
1017.15848203381
1018.67172035157
1020.26106234625
1016.55115847098
1017.77850236957
1017.30190932816
1015.67333366791
1017.3609451679
1016.85494006785
1016.75926566622
1020.09587632203
1018.10854019313
1015.92714417563
1015.90385504528
1017.28607771086
1019.44959317715
1016.61673273523
1018.41758158587
1015.72054327308
1016.84609833786
1016.88706143433
1018.27812973902
1016.52943713335
1016.09796002239
1018.06433375592
1015.69373393324
1017.26143510375
1017.29534834279
1016.22290104338
1020.6485772277
1016.84622380031
1015.92371537993
1015.91043135488
1015.98074987795
1017.20221581593
1018.33452607612
1019.64802501482
1022.60509143813
1019.74746570671
1016.2136748068
1019.43778226815
1017.03581739427
1017.54933071942
1017.71023025804
1016.17708876319
1016.87400448318
1019.23285689138
1016.90068176786
1016.05435277972
1016.01806503479
1016.81847469538
1016.76923673441
1018.28986785401
1015.91367805796
1015.87215846713
1017.74734886109
1016.47663734338
1016.02310066621
1016.2485467264
1022.36807442764
1015.8101438168
1017.00540648708
1017.17857455112
1016.65853825982
1016.88291658619
1016.2662495014
1016.27090342604
1016.51182759181
1016.05033553041
1016.32534627946
1016.38628482213
1018.164927342
1015.78961454973
1016.89851223086
1017.92224272433
1016.47072183634
1017.17839039937
1015.66294499475
1018.76945630664
1016.4738282824
1016.94373924374
1017.01423219367
1015.87907013186
1017.24503554765
1015.86129439891
1017.24268964577
1015.78860661264
1018.13065597841
1017.63630389519
1020.94243708053
1016.67146252925
1016.6818484319
1015.89113730689
1018.1789930059
1017.17114330014
1017.11632843058
1015.75173184401
1016.09686281553
1016.77383829483
1016.47161563758
1015.93284919992
1016.98425527923
1016.74381976367
1016.71459168286
1016.53855153149
1017.14356406173
1017.56856056743
1017.80614894889
1016.53079702693
1015.84588496417
1015.78026971113
1018.45785493776
1017.81607264878
1015.72992369082
1017.2989149345
1017.07108464441
1017.73905465623
1016.00602240877
1019.7129990254
1015.77237802382
1019.58903880625
1015.67366261136
1017.11388154691
1016.94183105204
1018.62388651747
1016.25791427245
1016.54432318543
1015.75451033033
1017.70031278054
1017.32114897546
1015.8575792543
1015.8903219063
1016.64300970749
1017.12203800111
1015.71567780647
1015.76659963166
1015.88804998297
1018.123784786
1016.39875412087
1016.19705300957
1018.34904803107
1021.3200804099
1017.33574638795
1015.77668613257
1017.03289554387
1017.43622267575
1018.17256359368
1016.64432744538
1018.42011884372
1018.14579386353
1016.83057574131
1017.84367338921
1016.06396311239
1017.67724332425
1015.87928854157
1018.5424822664
1017.30586664711
1016.49178244244
1015.66098119269
1018.1634097769
1017.09913335162
1017.31905430822
1016.53933512341
1015.89422909361
1016.60124767889
1017.12179433013
1015.95087273458
1017.03177958631
1016.04030920308
1017.87121242049
1017.02056535
1016.11903570904
1017.3529562907
1018.45126853181
1016.72303502798
1020.1610447578
1016.14152557288
1016.92896442468
1016.34139671062
1015.79481646849
1015.99681344818
1016.20498962953
1016.01549368916
1016.26403446199
1016.88618604565
1016.89676019973
1020.30194531008
1016.50414453482
1017.47745874131
