1046.18836797142
1046.11512522166
1046.11445303136
1046.10939176356
1046.09180649428
1046.06755477846
1046.06212869664
1046.05506816642
1046.01796901462
1046.01341984744
1045.99333870958
1045.97510983206
1045.96984344024
1045.96681159996
1045.9642479467
1045.92732465647
1045.92591961835
1045.92481243377
1045.92405383697
1045.91799945931
1045.91782325047
1045.90473377631
1045.89764214476
1045.89634592481
1045.89484795358
1045.88648478768
1045.88557542182
1045.8821511758
1045.87948757693
1045.87631519674
1045.87428129407
1045.87362684203
1045.86563535995
1045.86193535252
1045.8616125577
1045.85875820125
1045.85776510706
1045.85365957148
1045.85251035536
1045.84799138563
1045.84782163743
1045.84669851909
1045.84626936223
1045.83858464108
1045.83023024628
1045.82915445381
1045.82582198976
1045.82098252979
1045.81672131024
1045.81638194902
1045.8149295737
1045.81252233047
1045.81245580318
1045.81182644312
1045.81040167162
1045.8103675157
1045.81001113318
1045.80928527854
1045.80777858672
1045.8075947614
1045.80723912015
1045.80574780069
1045.80405998085
1045.80366800315
1045.80204628535
1045.7986960118
1045.79772877895
1045.7974500051
1045.79543130581
1045.79344225779
1045.79086035529
1045.78815358367
1045.78248917278
1045.78033501173
1045.77991106
1045.77935736024
1045.77421073541
1045.77322727859
1045.76929213619
1045.76780957735
1045.765691007
1045.76416745506
1045.7634156442
1045.76141671328
1045.76123716612
1045.76118101738
1045.76102037096
1045.76053669979
1045.76049729541
1045.76043157661
1045.75925848167
1045.75830027789
1045.75816194231
1045.75640854022
1045.75586306745
1045.75485409896
1045.75421766952
1045.75317985185
1045.75264929805
1045.75190452669
1045.75146087856
1045.75115430874
1045.74884556041
1045.74572519586
1045.74382487194
1045.74265011614
1045.74256417488
1045.74205671622
1045.74039401672
1045.7384048746
1045.73836908828
1045.7382871851
1045.73660445459
1045.73468043515
1045.73332989259
1045.73176190671
1045.73040455592
1045.72964889007
1045.72772406524
1045.72659323577
1045.72573988927
1045.72374814588
1045.72357959316
1045.72266949402
1045.72209637229
1045.72170343442
1045.71885872345
1045.71843363799
1045.71828308762
1045.71749925131
1045.71695015841
1045.71653154098
1045.71498998766
1045.71476828643
1045.71469359383
1045.71465059578
1045.71411946384
1045.71347080647
1045.71290167245
1045.71045820409
1045.70978377516
1045.70863882165
1045.70816385454
1045.70796223935
1045.70781983919
1045.70697164119
1045.7048612532
1045.70174591349
1045.70158488154
1045.69898327623
1045.69864317841
1045.69860736742
1045.69854563896
1045.69843499053
1045.69674428345
1045.69604703595
1045.69593922445
1045.69337869219
1045.69260956395
1045.69208248714
1045.69198966706
1045.69117361995
1045.68958520751
1045.68810517907
1045.68809647893
1045.68769275923
1045.68603434675
1045.68463128838
1045.68286320052
1045.67941189845
1045.67874340888
1045.67671184304
1045.67670906792
1045.67449123904
1045.67311733993
1045.67215821214
1045.67143989656
1045.67044336712
1045.67005036744
1045.66920752063
1045.66853700745
1045.66727417188
1045.66703059794
1045.666477224
1045.66641431806
1045.66577591149
1045.66530285436
1045.66415538433
1045.66393507818
1045.66351123522
1045.66305683895
1045.66240371702
1045.66161854699
1045.66115728786
1045.66088245943
1045.66083839472
1045.66039209684
1045.65893421836
1045.65868055729
1045.65754893131
1045.65745523126
1045.6573716708
1045.65736654863
1045.65572187534
1045.65505754835
1045.65451457087
1045.65447440536
1045.65424997229
1045.65423977217
1045.65406204751
1045.65397894451
1045.6530178044
1045.65288770251
1045.65257215768
1045.65239298105
1045.65235566608
1045.65082795243
1045.64910427188
1045.64903194182
1045.64821502125
1045.64739675861
1045.64735919486
1045.64662409943
1045.6462635532
1045.64566601031
1045.64542011256
1045.64309656388
1045.64308531736
1045.64227480323
1045.64227168292
1045.64164845544
1045.63892426223
1045.63880718582
1045.63866033781
1045.63849130906
1045.63824704407
1045.6370018361
1045.6368935452
1045.63610130177
1045.63560583628
1045.63502607288
1045.63400477644
1045.63366519799
1045.6336288382
1045.63353648076
1045.63150462006
1045.63127189367
1045.63114550988
1045.6295284137
1045.62910537059
1045.62891020471
1045.62861276818
1045.6284634327
1045.62793742988
1045.62696539222
1045.62591854473
1045.62560397556
1045.62504578557
1045.62443790859
1045.6234896607
1045.62286281669
1045.62275539762
1045.62172883561
1045.62137822343
1045.62032299777
1045.61982647323
1045.61940473349
1045.61924646372
1045.61854518425
1045.61822985484
1045.61821899656
1045.61806757092
1045.61795868418
1045.61774474598
1045.61746811831
1045.61662021618
1045.61645842586
1045.61618607211
1045.61602329791
1045.61590829449
1045.61567364382
1045.61532042419
1045.61467648287
1045.61450863322
1045.61312055389
1045.61263902111
1045.6125772573
1045.61250905991
1045.61146666583
1045.61127665547
1045.61126428951
1045.61079135539
1045.61073736425
1045.60982418686
1045.60969256098
1045.60954541259
1045.60952541241
1045.60937031387
1045.60927284551
1045.60869608003
1045.60848479123
1045.60825031828
1045.60815192175
1045.60800010195
1045.60787059024
1045.6061934882
1045.60523072856
1045.60502799529
1045.60478976225
1045.60465501245
1045.6041235155
1045.60389748767
1045.60355209263
1045.60332565843
1045.60320225803
1045.60316432811
1045.60312273985
1045.60280932853
1045.60213620388
1045.60204048053
1045.60202976595
1045.60174158352
1045.6016555363
1045.60131309029
1045.60129347854
1045.60104095021
1045.60073320463
1045.60038632541
1045.60033065831
1045.60024345303
1045.60011050766
1045.59890164361
1045.59875601331
1045.59858867203
1045.59856335309
1045.59844369076
1045.59755308235
1045.59725692437
1045.59659560498
1045.59646852559
1045.59643522888
1045.59613073857
1045.5959944659
1045.59464206178
1045.59429015681
1045.59312830141
1045.59173405743
1045.59122949229
1045.59104095775
1045.59058337477
1045.59031446005
1045.58980577688
1045.58962726784
1045.58904263367
1045.58878314765
1045.58876285994
1045.58855634572
1045.58834770499
1045.58830585014
1045.58786743668
1045.58760638795
1045.58747436429
1045.58694207188
1045.58692167847
1045.58682980451
1045.58678262327
1045.58663223773
1045.5862252682
1045.58611292145
1045.58566638804
1045.58545842866
1045.58466935712
1045.58461273934
1045.58446737412
1045.58317631393
1045.58291282189
1045.58286446326
1045.58219526681
1045.58217431895
1045.58195484138
1045.58177396554
1045.58176069283
1045.58144362514
1045.58052472258
1045.57964991117
1045.57888075318
1045.57792859546
1045.5774405493
1045.5772583131
1045.57713370812
1045.57691903873
1045.57620049386
1045.57565123131
1045.57535512458
1045.57438539917
1045.57435736368
1045.57415251839
1045.5741141926
1045.57405388357
1045.57398618627
1045.57397410652
1045.57395394003
1045.57384834181
1045.57379064008
1045.57371600552
1045.57329206077
1045.57324138594
1045.57322676371
1045.57301615467
1045.57252596458
1045.57121413561
1045.57117677239
1045.57081038754
1045.57073174244
1045.57068011411
1045.57060595001
1045.56946736001
1045.56930132922
1045.56840171686
1045.56835754041
1045.56818762101
1045.56793568919
1045.56765585633
1045.56717413864
1045.56701644606
1045.56653209694
1045.56640266333
1045.56629996763
1045.56518923063
1045.56514916422
1045.56505849944
1045.56486920555
1045.56466632769
1045.56442146388
1045.56408181556
1045.56342510458
1045.56338116461
1045.56305434
1045.56296111
1045.56259083653
1045.56183190633
1045.56122487528
1045.56115443229
1045.56074514226
1045.5604781717
1045.55981003879
1045.55865988142
1045.55768590028
1045.55729592906
1045.55700510106
1045.55694112519
1045.55622437519
1045.55603228159
1045.55599029452
1045.55598908307
1045.5557853143
1045.55558175567
1045.5555502951
1045.55554028458
1045.55553265222
1045.55522473684
1045.55520965489
1045.55456852739
1045.55405583595
1045.55382427399
1045.55358742481
1045.55316392396
1045.55299373652
1045.55294621679
1045.55290016474
1045.55262304033
1045.55230147312
1045.55210888541
1045.55204951736
1045.55083394982
1045.55025931008
1045.55007445385
1045.55003718945
1045.54998727655
1045.54997192553
1045.54965630474
1045.54943135899
1045.54929724771
1045.54773938221
1045.54772188528
1045.54762537784
1045.54722419293
1045.5470739472
1045.54688915277
1045.54687328989
1045.54680471209
1045.54633760438
1045.5462694834
1045.54584970349
1045.54578155671
1045.5456900087
1045.54549678613
1045.54546718041
1045.70946854839
1045.64115672382
1045.59919514804
1045.65584155158
1045.56639884077
1045.63645156465
1045.66467222306
1045.81291203614
1045.61243036639
1045.6286713843
1045.57070504815
1045.58221253767
1045.62473648367
1045.59133997846
1045.57696927991
1045.55532859722
1045.61954955368
1045.62271156728
1045.80511548546
1045.6308096447
1045.55389734049
1045.6985050251
1045.54626542941
1045.71454882907
1045.59046808687
1045.55797777318
1045.73397492093
1045.69744807361
1045.59341342564
1045.64803175557
1045.56345935501
1045.71041669791
1045.76903766253
1045.76252606874
1045.57745635129
1045.57617353523
1045.63239927086
1045.66444999991
1045.61535927114
1045.58111437967
1045.59976377922
1045.65236148508
1045.59345045021
1045.60512598772
1045.62452946014
1045.58736150472
1045.74302604346
1045.95463164702
1045.8378828532
1045.64772031904
1045.6913260597
1045.56923763286
1045.56786630179
1045.55201371303
1045.96949789699
1045.75357653864
1045.71341994528
1045.59554405196
1045.55840112683
1045.58408903046
1045.75806907328
1045.63276810316
1046.08608983878
1045.56003517214
1045.59373256292
1045.76691386919
1045.65293271966
1045.78119217533
1045.64941004415
1045.60910168225
1045.61991602172
1045.56387479145
1045.79174185751
1045.59208455953
1045.63946149929
1045.84818675754
1045.63894372605
1045.66107542414
1045.56752515836
1045.57526863398
1045.56921362051
1045.60757607943
1045.83835663959
1045.7049365309
1045.80391675832
1045.56617777588
1045.63139705883
1045.88639418609
1045.59311283358
1045.56514109193
1045.60764230978
1045.56783674951
1045.72099362944
1045.55176213273
1045.76997781185
1045.64413863416
1045.58801104396
1045.64330330581
1045.56832527887
1045.54856256344
1045.63094850834
1046.13178945441
1045.63629484143
1045.55505819346
1045.89030389132
1045.74727057939
1045.55350726505
1045.60435865286
1045.92118984323
1045.75853623728
1045.71847593395
1045.55132903352
1045.58918932048
1045.82071776647
1045.61615085277
1045.62103798254
1045.69971921976
1045.6208577266
1045.78452194513
1045.54850880127
1045.71321328915
1045.6147966947
1045.68260143059
1045.55512595288
1045.69510073448
1045.86586996229
1045.5830696717
1045.72443313303
1045.61340035017
1045.74809267473
1045.57534629523
1045.62615104656
1045.8322375794
1045.82611299828
1045.63685426206
1045.82443099329
1045.55011985472
1045.69068463937
1045.58700802345
1045.63870591529
1045.72153849609
1045.67370200521
1045.7547676206
1045.8974962764
1045.68437656824
1045.6847755674
1045.7872659186
1045.56389296905
1045.57256477681
1045.6450689128
1045.80033625247
1045.54591568333
1045.67452638512
1045.56124508107
1045.76231320549
1045.66432803465
1045.61129379222
1045.73833018995
1045.72545469058
1045.70811333603
1045.60429958922
1045.64874214262
1045.56069518998
1045.55626345872
1045.60029787118
1045.69000595291
1045.71586602636
1045.70402828668
1045.80199962708
1045.67593513713
1045.66474327237
1045.76708160698
1045.68776840872
1045.70376651515
1045.59272391401
1045.73628896389
1045.73428194354
1045.55978274267
1045.60807583971
1045.55939415298
1045.72206165684
1045.61440877092
1045.5537788674
1045.64154886507
1045.71787407202
1045.69971191928
1045.57075381847
1045.57525444249
1045.55577808456
1045.58722888658
1045.55143590755
1045.64090580052
1045.69726542228
1045.69573563725
1046.11475837244
1045.54850550936
1045.64174407767
1045.70692092228
1045.91574298612
1045.57497334044
1045.6427479562
1045.66400120287
1045.55447551942
1045.68551074557
1045.61480273782
1045.58825773684
1045.56844353939
1045.6167386821
1045.62540009323
1045.76320957689
1045.56073630427
1045.58074704477
1045.66480901438
1045.74237226122
1045.67455992842
1045.56470334126
1045.80964441947
1045.59534231005
1045.5752925062
1045.62725807764
1045.72627130493
1045.62380026959
1045.7410125376
1045.57581191198
1045.63101687524
1045.86529938461
1045.78421161108
1045.5455845592
1045.56578595294
1045.63777562202
1045.59502251958
1045.76015666327
1045.70186806429
1045.56766537385
1045.62322206176
1045.59202266563
1045.56474697649
1045.55005807589
1045.57192492899
1045.74738994023
1045.54708791121
1045.64556090679
1045.67161356533
1045.58176631237
1045.54952789789
1045.62476462922
1045.69830929781
1045.66757046117
1045.58496496028
1045.57206686342
1045.55416545981
1045.69573206122
1045.64915404978
1045.59004250277
1045.56516710748
1045.8251601811
1045.59568231583
1045.55656014549
1045.90149255763
1045.54633492431
1045.5642516528
1045.80136308399
1045.5934008949
1045.57967449415
1045.61945727951
1045.60014446164
1045.70368805979
1045.60634449966
1045.5756022425
1045.90822646051
1045.62919209342
1045.6524827774
1045.55132946797
1045.60023871412
1045.95087642319
1045.99713208848
1045.69975424916
1045.6489461753
1045.68962158125
1045.55441981769
1045.5899901766
1045.66204199862
1045.78867368377
1045.65739860284
1046.05337370813
1045.64828094266
1045.60239465354
1045.60072119323
1045.61507969364
1045.78671844808
1045.67724793811
1045.80596993611
1045.80553827702
1045.58098877791
1045.56241550945
1045.5816454573
1045.62217337628
1045.61240720445
1045.64282575318
1045.54604492412
1045.5856475512
1045.59548823469
1045.64691746264
1045.56096689291
1045.65646568884
1045.66335826232
1045.57588766899
1045.67773096347
1045.56328452043
1045.55407815682
1046.01786184578
1045.68168985543
1045.6388528972
1045.63273481677
1045.59158398059
1045.56052262772
1045.62774036234
1045.65157866762
1045.72509015761
1045.59779165928
1045.54550870054
1045.55679952109
1045.66648766724
1045.55726036142
1045.70109325415
1045.80023703969
1045.65034175494
1045.56010477164
1046.13135703904
1045.54824641555
1045.65968378431
1045.55837130885
1045.6007326582
1045.64622233652
1045.55051277537
1045.56512471789
1045.62331244691
1045.56051064689
1045.62513085019
1045.70962286639
1045.55682218695
1045.61078739881
1045.77747410215
1045.61807243266
1045.59205130093
1045.56002008487
1045.56342038011
1045.55138980558
1045.60241039092
1045.59225035231
1045.57713188512
1045.64765762481
1045.82730563359
1045.69952502155
1045.65976549892
1045.70595044165
1045.57352911786
1045.67254486786
1045.82745732225
1045.66414575089
1045.5551974621
1045.72429678914
1045.57585893048
1045.85881491584
1045.66914166189
1045.55621248061
1045.59379489968
1045.55404400322
1045.69269585903
1045.63912872516
1045.91503291892
1045.61832977468
1045.61896344117
1045.6584938719
1045.61501210994
1045.67788088738
1045.59065255892
1045.58127126555
1045.59218552065
1045.95520366702
1045.57512842643
1046.07733064981
1045.55558828823
1045.54772861985
1045.55084525892
1045.78233663945
1045.60036189006
1045.57635693884
1045.68942715384
1045.61472239189
1045.60686423143
1045.59270831698
1045.68448997208
1045.64509109503
1045.56045669117
1045.59546014585
1045.8420780912
1045.93552732385
1045.6730899333
1045.66652556713
1045.90724669036
1045.70820314079
1045.63490554849
1045.60138574741
1045.7266952476
1045.57829277829
1045.59493358729
1045.70165148156
1045.70503016468
1045.64932535594
1045.55939791384
1045.58742498519
1045.72729686559
1045.64124355705
1045.88051736095
1045.56880127842
1045.94413090298
1045.82784849118
1045.96420320853
1045.56662595467
1045.59228439774
1045.64553334851
1045.75991981582
1045.60998271804
1045.83692000491
1045.64809590267
1045.65840968984
1045.77870876629
1045.75230086042
1045.93671081358
1045.59770903898
1045.55355703432
1045.73259435006
1045.81372197153
1045.57066189759
1045.56795516565
1045.55345844027
1045.5868824083
1046.06324912343
1045.56113990571
1045.60800230135
1045.5825040049
1045.63878804961
1045.76533829521
1045.84724330436
1045.59403989327
1045.57833710567
1045.87090297755
1045.56447579909
1045.57078835716
1045.67481683403
1045.72758761059
1045.72650659441
1046.28199103732
1045.86793506331
1045.63201346331
1045.64147483424
1045.73664456647
1045.59853607052
1045.64540257657
1045.55094958209
1045.55450020516
1045.63942821111
1045.61165142602
1045.71089884744
1045.57104557704
1045.69782825342
1045.57012059558
1045.64409992185
1045.83916970467
1045.64287477448
1045.56954713026
1045.56213281977
1045.58375000282
1045.56491322809
1045.55919520255
1045.99735961899
1045.58669470052
1045.58784966824
1045.54915776576
1045.86229233484
1045.60352615003
1045.59066653673
1045.75159668652
1046.01203645883
1045.72713485993
1045.72163824761
1045.63951206452
1045.57149340387
1045.59014848622
1045.56598551456
1045.56394081535
1045.65537588451
1045.7208248483
1045.61872556555
1045.71240197366
1045.71101301052
1045.95833969744
1045.68832326209
1045.63244241385
1045.68398883348
1045.63838216044
