1044.2328682015
1044.15124018496
1044.09856902283
1044.0212089281
1044.00720120813
1043.92479429133
1043.89994855562
1043.82194233783
1043.77843401761
1043.75635666285
1043.75262135162
1043.71161540458
1043.6605354354
1043.66042552604
1043.65198787482
1043.61107031841
1043.59925403916
1043.57981319112
1043.5779894743
1043.57532155614
1043.55818523777
1043.54483843735
1043.53021768863
1043.50422231581
1043.49913158702
1043.49442772787
1043.48667698048
1043.47568397926
1043.4630751819
1043.4621290668
1043.45620737751
1043.45606143086
1043.45415089104
1043.45088082039
1043.41942496072
1043.40533025258
1043.40436751252
1043.40358573053
1043.40195783967
1043.40134581331
1043.39108215257
1043.3867682233
1043.3847018994
1043.37669222426
1043.37560585505
1043.36096638167
1043.3568889148
1043.35362149504
1043.35139710306
1043.34948641664
1043.34712929527
1043.34712081697
1043.34472615795
1043.34380024855
1043.33083165782
1043.33030368367
1043.32917910121
1043.32868514143
1043.32515720728
1043.31505876575
1043.31084389989
1043.30931202102
1043.30855842583
1043.30707973734
1043.30110967942
1043.29564282725
1043.29163183706
1043.28379409135
1043.28308538212
1043.28253790243
1043.28234119714
1043.28171661378
1043.27918069195
1043.27781587608
1043.27729179039
1043.27257627629
1043.26517028586
1043.26461984316
1043.26435762155
1043.26042781276
1043.25976563613
1043.2577444212
1043.25709181608
1043.25530119941
1043.25501313092
1043.24977552427
1043.24507115704
1043.23962394797
1043.23888283699
1043.23367554767
1043.23201584277
1043.2304479924
1043.22876517813
1043.22437514658
1043.22166636056
1043.22046810623
1043.21756514046
1043.21186127505
1043.21119268307
1043.20336143528
1043.20331259684
1043.19975743157
1043.19819603313
1043.19700261105
1043.1943183308
1043.19229128894
1043.18953531052
1043.18822714861
1043.18792238101
1043.18287254966
1043.18258392429
1043.18013355846
1043.17998752586
1043.17523016782
1043.17375901384
1043.16614351606
1043.16403939262
1043.16138807184
1043.15733109454
1043.15530540367
1043.15481503081
1043.15259508086
1043.15112142191
1043.14799372734
1043.14743930416
1043.14533030109
1043.14530652934
1043.14447026648
1043.14317939408
1043.14270842053
1043.13896711158
1043.13719061344
1043.13454258251
1043.13338544704
1043.13223936037
1043.1291211203
1043.12753399841
1043.12693810834
1043.12638499672
1043.1251309267
1043.12425117654
1043.12152401309
1043.12141206748
1043.12102079617
1043.11883912274
1043.11412196224
1043.1097864043
1043.10943015283
1043.10592908723
1043.10585995228
1043.10538043138
1043.09944258149
1043.09314305535
1043.09241929518
1043.09216323849
1043.09098144994
1043.08671017063
1043.08617261037
1043.0856206648
1043.08290346757
1043.08270188146
1043.08250319601
1043.07937471829
1043.07886063239
1043.07795295192
1043.0756135726
1043.07520931201
1043.07335368827
1043.06957492192
1043.06717278883
1043.06332030775
1043.06256088214
1043.06162735599
1043.05910419813
1043.05650946063
1043.05388298562
1043.05374415174
1043.05325434659
1043.05275442542
1043.0520777278
1043.05185336487
1043.05181401926
1043.04999183024
1043.04499994069
1043.0416604821
1043.04125658878
1043.04096149658
1043.0393179159
1043.03823808384
1043.03598259954
1043.03513423923
1043.03412583333
1043.03242168059
1043.03097456482
1043.02678031139
1043.02563996106
1043.02309500508
1043.02267084681
1043.02179650502
1043.02169322598
1043.01997922518
1043.01824123656
1043.01662088982
1043.01600264807
1043.01432614245
1043.01331362756
1043.01258137389
1043.00993032858
1043.00929755687
1043.00927237968
1043.00781553695
1043.00565957458
1043.00483253746
1043.00380670121
1043.00233492493
1042.99912667126
1042.99790753809
1042.99674705189
1042.99650362852
1042.9942190505
1042.99272715075
1042.98836788519
1042.98670247023
1042.98563399664
1042.98158672195
1042.98056079281
1042.97955902982
1042.97928073147
1042.97923967468
1042.97814054119
1042.97794254425
1042.97677541676
1042.97666240629
1042.97582423731
1042.97305737695
1042.97292563641
1042.97234588166
1042.97190869872
1042.97176531697
1042.97013750689
1042.9696130047
1042.96947357172
1042.96723191021
1042.9660045128
1042.96586708784
1042.96303832839
1042.96278014088
1042.96229286013
1042.95984085929
1042.95900482657
1042.95767582207
1042.9550389197
1042.95337099929
1042.95329099443
1042.95218002144
1042.95212152175
1042.95180662547
1042.95095815852
1042.94954904959
1042.94950806915
1042.94870736636
1042.94692860591
1042.94646400258
1042.94606577884
1042.94481670932
1042.9443005233
1042.94395583193
1042.94334810532
1042.94187807931
1042.93978603397
1042.93955242203
1042.93887274809
1042.93789618204
1042.93397593446
1042.93177393617
1042.93152575004
1042.93137466866
1042.93112913454
1042.9300974742
1042.92810630748
1042.92495083936
1042.9242686975
1042.92095804719
1042.92059583111
1042.91949070274
1042.91831171572
1042.91731643718
1042.91632015224
1042.91597599899
1042.9155958017
1042.91439677267
1042.91372543401
1042.91237070123
1042.9104015266
1042.90882901893
1042.90854237435
1042.90757728178
1042.90634454784
1042.90479741648
1042.90384939669
1042.90367510584
1042.9035008684
1042.90290383854
1042.90258447083
1042.90168078679
1042.90022795243
1042.89860822255
1042.89691005571
1042.89595597137
1042.89204967585
1042.89093584877
1042.89005158339
1042.8883094626
1042.88759678338
1042.88574892104
1042.88481455911
1042.88118679298
1042.87987418099
1042.87973966839
1042.87928603151
1042.8777348957
1042.87761047651
1042.87674994537
1042.87649734889
1042.87559193508
1042.87522891143
1042.8712521142
1042.87045513917
1042.8701693953
1042.86832636724
1042.86831126248
1042.86732247118
1042.86705261331
1042.8667406358
1042.86532532544
1042.86505141151
1042.86479450949
1042.86447254478
1042.86294658759
1042.86129592638
1042.86096128116
1042.86015697829
1042.86011312028
1042.85977301809
1042.85962049612
1042.85912753663
1042.8573047635
1042.85356097876
1042.85347739566
1042.85303266689
1042.85133036651
1042.85115872273
1042.85055685161
1042.84950473184
1042.84946331017
1042.84915920969
1042.84774828054
1042.84754723735
1042.8450976141
1042.84484703287
1042.84386947808
1042.84359646676
1042.84324010224
1042.84315031685
1042.84223365849
1042.84131798418
1042.84068048381
1042.8396531889
1042.83910575885
1042.83837312053
1042.83801219553
1042.83595553757
1042.83407353468
1042.83336435227
1042.82931972849
1042.8266465929
1042.82652639317
1042.82446709043
1042.82394637208
1042.82189648964
1042.82092309372
1042.81922207479
1042.81820852024
1042.81799619547
1042.81777776355
1042.81686841762
1042.81661242097
1042.81531831094
1042.81485070728
1042.81408586303
1042.81387740631
1042.81244371015
1042.81024718282
1042.80919530109
1042.80812593714
1042.80624710834
1042.80611568738
1042.80467972196
1042.80330970385
1042.80109501918
1042.80094121351
1042.80067889913
1042.80064836407
1042.80047096713
1042.80013316277
1042.79853460424
1042.79734409582
1042.79597363236
1042.79432308357
1042.79394329742
1042.79382000551
1042.79229786115
1042.79212244538
1042.79211180229
1042.79118499745
1042.79021121838
1042.79005105185
1042.78875833173
1042.78862083809
1042.78780611806
1042.78722038956
1042.7870830483
1042.78651458454
1042.78639486095
1042.7858289961
1042.78499850515
1042.78410812249
1042.78325471872
1042.78114831857
1042.77864405117
1042.77818056878
1042.77806071493
1042.77791011556
1042.77785293629
1042.77606485511
1042.77595440716
1042.7749390204
1042.77474644757
1042.77385947389
1042.77151143783
1042.77138244889
1042.77123584377
1042.77099061099
1042.77041946046
1042.76992591099
1042.7693104941
1042.76867409079
1042.76757061679
1042.76647496151
1042.76613178111
1042.7649838921
1042.76452907774
1042.76323786658
1042.76214397389
1042.76084890247
1042.76041818496
1042.75865899065
1042.75860028249
1042.758074462
1042.7579535931
1042.7572490315
1042.75694099357
1042.7569070206
1042.75669970299
1042.75665066879
1042.75645667969
1042.75631243942
1042.75609203875
1042.75540027512
1042.75483913894
1042.75334411732
1042.75278278167
1042.75197417033
1042.75152040987
1042.75108570102
1042.75086992173
1042.75071340043
1042.75030369825
1042.74897025565
1042.74832581114
1042.74827586643
1042.74823746602
1042.74771052796
1042.74748275419
1042.74640537728
1042.74629736909
1042.74542407854
1042.74298076866
1042.74255888958
1042.7424246469
1042.74145295575
1042.74108424278
1042.74036390604
1042.74008570093
1042.73967095967
1042.73955222582
1042.73705992528
1042.73640877745
1042.79661872394
1043.13320186482
1043.1553128879
1043.2070913578
1042.79909696281
1042.96938921456
1043.39635833025
1043.04848012636
1042.87998160173
1043.0420381162
1042.9102672852
1042.77490654554
1043.05821538778
1042.83476839674
1043.03090098018
1043.81230519247
1043.14812885742
1043.00364884087
1042.92396842679
1042.81903658779
1043.09960073344
1043.06471769602
1043.03776525846
1043.2612126216
1042.77581387684
1043.13424487752
1042.74222877187
1043.19763830941
1043.5460690392
1043.07123827435
1043.48928014249
1043.2353520038
1042.80670855316
1043.24724480698
1042.95618837301
1042.76189288747
1042.91849462118
1043.07747719738
1042.97239752501
1043.16903776154
1043.43921393608
1042.76709616297
1042.90600842291
1042.82649877811
1043.72141995891
1043.14541322402
1043.21270896147
1042.75790556424
1042.80627264054
1043.47137681554
1042.90204587392
1043.56834119677
1043.53814814777
1043.3649596884
1043.220967382
1042.92252807461
1042.85527473571
1042.81364495308
1043.00439190109
1043.17492381867
1043.23290422597
1042.9854408139
1042.9102388567
1043.06770336325
1043.18303013408
1043.09411734221
1043.09148048121
1042.74779114174
1043.15933816569
1042.83093605188
1043.02821840572
1042.83617876838
1043.11017334581
1043.23639598929
1042.91925032999
1043.21561140723
1043.00557889441
1042.9268557145
1042.78728990372
1043.39613010181
1042.78320088868
1043.05540731547
1043.2895154759
1042.94495813944
1042.77418278827
1042.92962666852
1042.92016846029
1042.94596965518
1043.26832756806
1043.03401795286
1042.91683188122
1042.78744033522
1043.03474193468
1043.12950736049
1042.79060853312
1042.85875798546
1042.86402882731
1043.22367864281
1043.30571595753
1043.43129321616
1042.99890386825
1042.98209259705
1042.80132445016
1043.12212946018
1043.05831367874
1043.35919097727
1043.20327302822
1043.2684532758
1043.15426009415
1042.88483651902
1042.82177171624
1043.37448517914
1042.94674368222
1042.81763221024
1043.04586510085
1042.74520143112
1043.20280314094
1042.73810387535
1043.12044410465
1042.842733789
1043.30936065377
1042.82419607564
1043.24039443316
1043.03115888317
1043.88533367857
1042.97772441695
1042.8866584925
1042.77124111465
1043.09012868992
1044.34464260515
1042.74746313071
1042.75299455675
1043.97626327638
1042.75443584828
1043.36518335736
1042.74914928444
1042.94184410326
1042.87098198036
1042.99181078193
1042.97276430779
1042.81007584073
1042.76576829596
1042.85587550106
1043.07771797882
1042.88569580629
1042.76049969709
1043.4441855523
1042.90271340572
1042.7766983023
1043.0137971197
1042.86477984794
1043.05565153454
1043.06721091538
1042.76986679557
1042.7911133471
1043.04619077455
1043.07081016783
1043.09678461922
1043.23007756387
1042.82073519741
1043.71331178065
1043.39844632792
1043.42370124813
1044.0619276643
1042.88918666902
1042.74878364902
1042.85416504043
1042.88732410183
1042.76367718892
1042.78125836208
1043.85973070836
1042.90106985728
1042.75601710121
1043.22853106615
1042.74225788237
1042.75141588837
1043.18484255546
1043.11852357457
1043.08043821633
1043.11271611202
1043.49839741339
1042.76022729969
1042.98151682071
1043.30001472271
1043.00691498017
1043.93361576936
1043.09875714021
1043.34445149633
1042.74683185607
1042.97186548198
1043.45420339132
1043.29305899301
1042.90081887994
1043.52083522403
1042.777644323
1042.80156741895
1043.55081212663
1042.8257826401
1042.8829981806
1043.04657988435
1042.74926716115
1042.82910630694
1042.83239898615
1042.92972917002
1042.76741806491
1043.10357454396
1042.83024723188
1043.67451790096
1043.09960380623
1043.19198578019
1043.23969874704
1042.84243622729
1042.90334651978
1042.78858539649
1042.79322433178
1042.93700819032
1042.794213606
1042.90801985471
1043.88620405222
1043.22761602179
1043.00598531852
1042.7418158212
1044.0642928201
1042.98806470023
1042.8566645827
1043.52200852954
1042.9071918378
1043.02431365894
1043.33071737535
1043.08162564621
1042.86795670207
1043.18486654299
1043.3509469561
1043.79101082312
1043.04347141233
1042.77157050246
1043.2344294747
1043.2569750757
1042.84448113731
1043.25274334967
1042.88586181142
1042.9061986816
1042.96295892582
1042.80337317416
1042.74216771038
1043.17371861049
1042.98549035882
1043.25232779709
1043.34313593047
1043.17461415025
1043.30274653325
1042.91250683617
1042.79344658267
1042.74503558772
1043.35864160929
1042.91375094228
1043.26438578301
1042.9518293565
1043.03419577977
1042.78365088635
1043.39259145305
1042.8934364876
1043.35744138563
1042.83599478674
1043.25416120225
1043.42896182066
1043.24137954368
1043.01257739533
1042.97032100156
1042.97388673671
1042.7962597002
1043.10290282011
1043.02068423155
1042.75359891788
1042.91233696116
1043.2176608037
1043.36895363609
1043.14186944638
1043.00355785812
1042.84231747754
1043.80907992975
1044.32478415018
1043.60065283939
1043.10785036197
1042.82715267231
1043.17217868443
1043.21499007771
1043.08595348337
1042.84351452044
1042.8095431626
1042.85061090766
1043.91820481236
1043.26206766396
1044.5168059485
1043.11370395899
1043.6199427398
1043.20211738161
1043.00131038839
1043.05609962372
1042.95079915432
1043.10740983832
1043.16991462136
1042.79667084369
1043.21995731551
1043.51449989282
1043.3066971192
1043.66638487559
1042.7400646453
1043.00952841272
1042.94603181323
1042.78331323452
1043.15348692658
1043.20021088952
1042.75018339782
1043.09398773699
1042.92241365661
1043.69095805078
1042.91032409492
1042.81541866299
1043.21416922311
1043.20206281865
1043.14799275824
1042.80323860657
1042.83012755121
1042.73474874886
1043.06218566175
1043.02404200222
1042.81324598418
1043.72976626397
1043.03412515824
1043.04872583019
1042.86894825877
1043.12600059991
1042.88464942225
1042.82889451087
1042.87444087773
1042.88320019453
1042.83409093501
1042.80780700195
1042.74111769377
1042.99731471911
1042.78594005979
1042.81425712201
1042.87502035925
1043.42541811548
1042.89921356756
1042.74041940103
1042.93365404402
1042.88597585684
1042.95578521295
1043.71610129331
1043.02756994783
1042.89496637429
1042.9296450345
1042.77409117813
1043.20794399637
1042.76834733569
1043.24810380759
1043.68992730158
1043.11889426924
1042.87759924988
1042.98126434712
1043.3847834073
1043.03712552404
1043.23283505134
1043.04924115121
1042.93117784928
1042.95060156855
1043.28253658986
1042.87718739716
1042.83583030463
1042.83995822804
1043.00623262393
1043.30874943569
1042.84572879887
1043.35020481801
1042.81063789908
1042.95565119348
1043.31437276891
1042.86581239066
1042.94520568527
1042.74768172537
1043.05641555435
1043.30246824942
1042.73487879942
1042.89683365446
1042.77205011891
1043.10649479785
1043.3730929765
1043.19854384969
1043.4127737206
1042.78748269224
1043.29171618564
1042.77090410005
1043.00983957674
1043.21249909392
1042.90775578009
1042.85283781469
1042.75838574438
1043.32082765585
1042.94221609366
1042.99397157154
1043.40974812483
1043.21838000877
1043.25684911993
1042.89800166507
1043.06586794297
1042.98157691457
1042.82914202226
1042.88295666428
1042.83353927242
1042.85523642395
1043.14232873386
1042.77947051444
1043.24333473143
1043.41390390425
1043.39197620735
1042.7796953646
1042.76474881783
1043.19417759985
1042.81763522219
1042.81918845697
1043.12403419705
1042.80515673851
1043.90280793735
1042.76185536043
1043.30854138713
1042.94342277388
1043.13516613408
1043.51281954783
1042.89953693757
1043.48414983234
1042.95177859653
1043.15706766551
1043.00063018673
1042.79125893857
1043.25962012043
1043.25186073127
1042.74422757181
1043.90920153697
1043.31894291944
1042.80175980489
1043.69123500023
1042.97877285374
1042.79644440212
1043.10831301936
1043.77523953428
1042.98754621701
1042.9674647311
1042.85423348046
1043.15343689402
1043.54994494336
1043.15631498337
1043.10048976986
1042.90862497061
1043.16231514621
1042.7386793167
1043.46590149239
1043.95793498211
1043.19818686039
1043.03865023763
1042.97800799099
1042.85033323439
1043.45112279673
1042.82643599814
1043.25720971708
1042.89350550963
1042.97493589808
1043.02769578309
1042.77054774983
1042.84593247147
1043.77652810903
1043.73227661712
1043.40737256998
1042.78958903336
1042.8745227341
1042.84832605214
1042.95299164902
1042.79336352908
1042.85652135107
1043.36397034769
1042.76506065889
1043.20062146543
1044.05527180647
1043.17680807756
1043.05695647373
1042.73991627141
1043.13959787952
1043.15296617601
1043.08579008303
1043.17169213195
1043.95547046627
1042.98135262288
1042.89735726243
1042.78116402359
1042.78057132372
1042.7561118218
1042.91546259742
1042.8336236701
1043.26895029213
1042.79796528076
1043.64001396934
