487.548953576546
461.243223198894
451.304721067795
428.071231487411
419.063730330195
407.301030830153
396.813404673351
394.897118649339
378.647194139395
376.311682684586
374.756769770373
374.651149410272
374.649043500621
374.648990932233
374.648561776391
374.648406088467
374.647982091362
374.646193162794
374.644509563867
374.644050642554
374.643911980751
374.643582121959
374.643326023876
374.640109485949
374.639481470524
374.637592431865
374.636284044847
374.63554470738
374.632996387742
374.6313306495
374.626028206484
374.621276624858
374.619164248479
374.606509538078
374.604818957676
374.60191659143
374.592677728852
374.588390630128
374.58816910732
374.580386305699
374.578882041602
374.574217646122
374.572848944851
374.567576875868
374.556496028681
374.548939481571
374.548752918201
374.542438539798
374.530285169852
374.528346387194
374.523785513211
374.515877278679
374.510876774264
374.502701892935
374.4980906631
374.496345000077
374.489659003455
374.477255535228
374.474725861846
374.473711241036
374.472187510497
374.452151578623
374.451381045597
374.44749815052
374.446369831707
374.421512486243
374.418838775385
374.412728183499
374.378327242661
374.356054746349
374.355802870031
374.355216151147
374.340613688738
374.32979489645
374.319103499394
374.317655544383
374.31248174868
374.297356947934
374.287276925984
374.284470449313
374.281890024472
374.276054764716
374.27565296896
374.265899201717
374.24654691641
374.246452866352
374.241289343716
374.222681190835
374.220337776658
374.205851267715
374.204697300543
374.189690090298
374.177404641566
374.15473994548
374.131638224694
374.106055358716
374.098005142997
374.08633755154
374.079002764152
374.061053546475
373.987297981008
373.985649075307
373.956471617989
373.947026727329
373.878708546642
373.852068378214
373.835957925836
373.817712111953
373.81339806873
373.809919962006
373.777253442703
373.76024869983
373.758713096432
373.745244463559
373.737720726053
373.734789633655
373.715263670078
373.714299513473
373.678808449322
373.628092409841
373.619740454135
373.61887967314
373.617637810818
373.590867905836
373.585537184145
373.571447438665
373.570481765067
373.566476921678
373.565123179566
373.557925513952
373.5573651791
373.535891903965
373.514306112724
373.504539546553
373.45866537427
373.443637271238
373.434109560649
373.423755730398
373.401280223833
373.396710455721
373.396097517299
373.35148999839
373.321089078216
373.289654380174
373.269367020434
373.25714405091
373.222647295077
373.219400900318
373.188888472958
373.177671238943
373.173689354328
373.151878057138
373.151461137399
373.142723728368
373.106151119704
373.04296342784
373.035349850309
373.024498723258
372.988080638937
372.976724518497
372.969019691368
372.924573744545
372.883907705076
372.865799126089
372.860084262934
372.820284682389
372.767137159223
372.735529104064
372.730448195583
372.722730657365
372.707808575536
372.707203728011
372.676961841605
372.636942732319
372.619463215296
372.579384111277
372.545643693863
372.543788009553
372.528796203755
372.528015715017
372.520807818837
372.460080949044
372.440555842478
372.379204106743
372.354956004091
372.350058929442
372.317470263876
372.273054914938
372.257397584382
372.240667565307
372.181364280877
372.165823682233
372.060820165335
372.024057457449
372.013673963952
372.001401726786
371.998136656585
371.969896707469
371.952821419219
371.922401334392
371.841890101124
371.821589473145
371.81226071303
371.802259707701
371.751375345437
371.728071515224
371.686318020343
371.671249594189
371.630516139581
371.568825165562
371.512204070802
371.477610775316
371.395001300134
371.394612060519
371.368954295034
371.358734596747
371.31970833199
371.319124383997
371.318496215524
371.306373294934
371.294056897894
371.259316304077
371.255802193705
371.252358083716
371.232078744822
371.143298489878
371.103455920429
371.091258038371
371.063467511302
371.041062914024
370.994517845646
370.972814695916
370.964541564749
370.961336359566
370.929162255539
370.907196374652
370.8761646679
370.808135646686
370.768609484971
370.744591896638
370.729706048334
370.655396277697
370.652502521066
370.624153977577
370.588930768653
370.55410858048
370.49067753713
370.481228006873
370.473282210481
370.418631365
370.313641908155
370.301742026214
370.233859030145
370.22036880749
370.217811369547
370.200930881526
370.162460766821
370.144451660436
370.083066179237
370.076388905417
370.03501003736
370.026698194994
370.01088854529
369.935458763315
369.890386472321
369.832766901933
369.787771196268
369.774152899748
369.559561099864
369.548065364349
369.51930109681
369.513660810214
369.422811542946
369.383029775101
369.285642077687
369.266400606775
369.210303144115
369.101103819595
369.099736884192
369.097270248477
369.07587381721
369.020428115367
368.971414288618
368.933713218732
368.899482578732
368.894862532373
368.880653606652
368.863327604624
368.808029821043
368.681580275
368.584739781666
368.513867635523
368.512184018786
368.493518660994
368.458096570777
368.455520539474
368.411022157337
368.332081908537
368.240740538508
368.216500109231
367.981802189367
367.969336543866
367.966286579059
367.949379349851
367.940231688748
367.881490145198
367.840009035241
367.790105709825
367.714255995357
367.686926592539
367.62261970871
367.619206414465
367.615710781031
367.485550725774
367.345898984897
367.276701852369
367.149600619917
367.102526459155
367.086368466632
367.022190593587
366.968140989788
366.963762885565
366.958390836715
366.95588920914
366.945464392894
366.864071828717
366.852036074742
366.795499656557
366.749843714466
366.681088649685
366.641619575632
366.561253618154
366.468232559758
366.315954538318
366.275431929174
366.244808411924
366.18152345938
366.128704426154
366.099446123629
366.095497577906
366.051043283909
366.013603547777
365.966177537361
365.849643938745
365.826939814709
365.81653127925
365.695552212967
365.67405469373
365.663586320012
365.556025077884
365.532598644094
365.495018095934
365.43836454517
365.383460476099
365.316790427613
365.266881701122
365.265553733908
365.12940149722
365.068750404808
365.042999969822
364.853660323795
364.805244112462
364.719988474384
364.68051471051
364.650408221383
364.607577550047
364.560994899014
364.544918923131
364.278262655207
364.201050264542
364.192707823334
364.119520572408
364.109590696813
364.049533667735
364.027505780315
364.021808198588
363.988468317324
363.588986926112
363.518258951956
363.513164203114
363.331263251504
363.310513308639
363.292888332026
363.200721294176
363.200530853684
363.167642003462
363.164825640891
363.133441950493
363.10343856263
362.760893145746
362.713094928981
362.682214898494
362.617377042493
362.554494642716
362.443723408617
362.296805616286
362.184245306188
362.151414708661
362.141696590577
361.993230311463
361.833359460286
361.799342935896
361.752747262661
361.600174744831
361.546685428606
361.512242639612
361.501013439917
361.447871639511
361.398768164905
361.353456155218
361.346174081892
361.316122351833
361.234489910256
361.039527328977
361.021041258771
360.85372748694
360.702139294402
360.697696693529
360.640238325831
360.630512170472
360.629968705385
360.588456865897
360.572839189748
360.362303101096
360.356174005512
360.301753288479
359.96052093294
359.944361110462
359.901852059347
359.815210616709
359.723432248
359.646303654301
359.568393084349
359.561088620932
359.535215972585
359.432483941964
359.368757967983
359.32440100488
359.267248044433
359.076137175933
359.04381440549
358.963212122678
358.9561565274
358.897144207595
358.88798504274
358.853616035327
358.811144955719
358.648684350407
358.613417904008
358.51411782642
358.411903483631
358.335869268139
358.275803499285
358.119919749045
358.091377973993
358.05183218979
357.966581104016
357.940338496538
357.938386664866
357.817332992065
357.793402247722
357.773635586639
357.722200860478
357.68590604806
357.533039767813
357.154482585686
357.019078306972
356.628141391245
356.622042360049
356.550877551585
356.542756747014
356.492847992292
356.482897766285
356.408906002453
356.296343465094
356.216994936366
356.185284054081
356.141349396366
355.813456353691
355.800593049006
355.671210736496
355.470282848848
355.469116882534
355.450882777727
355.448034473926
355.379481679536
355.373672422878
355.373299379664
355.134825666138
355.079802964006
355.065201275049
354.874928858001
354.765479226982
354.756160031795
354.641189608326
354.610539601478
354.588237155794
354.46451870327
374.633129343184
373.500858585768
367.804067622435
371.394476359355
361.009509812407
368.027578825847
359.308416633529
360.141758961786
371.150176702151
358.276066418533
371.223881922348
371.363118167977
359.742417104061
374.435540591421
373.884159471166
369.284458435176
364.313941423329
374.652016650767
355.681351554474
366.569106595917
368.506335403346
366.632028420411
368.923243386979
367.491251406016
372.774697268401
367.939651222265
368.239686432523
364.953072325126
358.080089542189
373.535104588986
364.787647688848
374.319565556538
372.251626468922
368.434457222325
360.537039749423
371.238402823531
371.442940793161
373.732778102525
365.827994177279
374.602081278346
364.378827058489
367.342644171246
372.072630932393
374.262181463108
368.81214879421
372.462997857693
372.142764295689
366.183718217409
398.9880737276
358.466761680506
374.345132116059
374.120168583187
359.975160256667
366.409913442322
360.785237374388
372.476798068363
374.645178954968
360.668290476171
365.980968852125
374.244862803115
371.520214702893
373.994424939191
365.264598158045
356.53131140739
361.068851796692
374.553802073193
370.621200217146
363.716014061999
373.925495614114
364.441775003743
373.744722268265
374.35430423801
359.279636606667
373.886804228582
364.648062439978
374.582047573891
374.387448201839
358.351203994773
374.427450317923
358.758547783486
374.627778503515
371.666056778328
364.902467244181
373.607327256776
367.593970399926
366.663398443003
367.324532054
354.800006667733
373.548981909335
369.613002470569
373.350830917025
368.130753024032
370.46280109388
374.554173350738
369.470240172644
364.966583192064
372.237109075879
359.562171417167
365.790548566255
372.988050124446
367.465415041063
374.46414924758
361.276513765627
370.976974527273
371.89427695364
356.611655768967
373.063367251079
374.458420943961
365.261058806351
360.793391595923
358.196013995961
362.28252535414
371.883444030678
370.574704032851
374.629000944199
368.863805712536
368.241986459789
374.625345729029
374.026833110803
372.222494354644
365.038662662559
370.22834626842
374.606118536405
374.219623761423
366.573496073227
370.065332878325
366.781602685525
367.536314104863
364.643258681101
365.751972289203
360.596175842525
367.815588782528
367.352435619348
374.646819000655
373.08494540562
357.260518762304
374.496428266164
359.331677159103
373.764016136227
356.422299321886
374.105407509804
374.049377728221
371.375956913826
354.700978694368
354.945771368383
369.269828442771
373.032085498392
374.264897998048
370.186414671092
367.650868899048
364.95778818121
362.213768273228
366.835243340086
374.6268838856
372.956073099244
374.640917593051
369.069904066577
374.582710850431
362.509998592152
372.173474430984
374.648221860006
374.396011698985
374.254676188977
371.175278283672
369.250344250387
374.473235122027
362.368968576696
374.284877185301
368.266570817192
367.331500807011
362.896823333558
369.041914713744
374.505733031942
373.935871913464
370.110821695867
365.504325378976
355.745131857236
368.659751975274
359.453529762707
370.163854018757
373.714361303759
372.736123704773
369.101875437589
356.887728265465
366.832104884369
369.31203368338
373.775083400854
374.25902565237
372.970195725261
372.46111229285
373.753699962339
368.168744189717
373.49772294468
371.944173094088
367.761860025569
371.281235303558
374.64829813464
374.587874523719
372.819119967434
370.278212866302
369.41364845155
361.320284915741
369.727131285024
363.081671460347
366.711399328121
366.768847603917
369.477234001913
369.290207756116
361.794961069951
371.816376508042
371.353080625093
368.778805573492
371.023956446776
356.00068560425
372.676711446804
373.263876133277
357.677343996963
373.845752806305
374.605724116258
365.829372746379
357.429415408223
373.915635236943
374.617985030092
369.957213787119
374.12002938068
372.61189585745
371.421831711828
373.44250021431
367.037566362456
359.722060003501
362.505508097726
374.02038310216
374.565007694599
372.540377863818
374.217420845828
374.187426685004
371.65522501464
373.979217248915
374.290470313365
358.917540789196
354.604826489359
374.64781548687
374.489013221297
373.111761160716
373.501826630373
374.085745466316
356.182945613052
364.905513280113
371.80557385485
374.437362628143
372.833727603701
374.506668765508
362.835526515305
360.070586773852
373.628329691641
372.18389293215
355.337780142823
367.91576645009
371.580853663314
362.50840639981
374.144449135181
373.645954533983
371.480115064053
370.592033350721
374.648975608913
367.4944725083
354.485131877979
365.127011648699
374.134273490534
374.191601162469
363.748937885481
358.278150528128
374.080628303258
372.542127546715
374.648030378146
368.73704087
374.649010132167
372.898714363167
372.394987265844
370.378000523499
372.228918876199
374.324589491957
373.134855576083
370.507228541453
372.339165486283
365.75949128103
368.735944856973
374.628521566284
356.55301297698
374.270211418713
371.538162985625
370.306756972979
360.069647002049
360.553980328166
368.412750361856
363.08088847638
372.107240354162
371.139136544349
373.973086534391
373.843745115841
374.6316163873
374.263674313481
369.435653313406
372.78245751272
373.283131242868
361.115544238088
374.605083930908
373.066847020313
363.780241643393
374.186482733478
365.169162149052
372.907771009448
373.368833938768
434.750028114383
373.370768059188
373.286873963094
361.193691462017
367.253962793729
369.314854599212
361.458828548955
363.260457164437
374.380636637998
364.703462231772
369.090420772777
359.877230515142
369.70190491979
355.170273523796
373.515371244271
366.670719263224
374.213108504947
364.893954619104
370.02432025524
367.775477017533
371.334653802719
371.363370935635
364.588000680715
359.378963113349
364.362022132953
368.086582946137
355.993167895939
374.142262761826
374.642417571573
374.319787138646
360.280557227939
373.543494052783
369.216737085828
374.107194047466
357.423252878274
359.128919468108
365.239740618994
364.522777229335
364.613069137814
374.685105497317
371.787589489532
360.85870523676
360.671041609599
369.745977350134
374.616922672696
374.315961597412
374.1867151683
363.777170698789
370.319310846638
374.584077557533
374.279510045838
374.486134440505
367.10477895507
374.278288789252
373.999011095022
372.604510996812
359.828710018958
368.588827696547
368.309535007997
363.530426800542
370.074581929938
365.808993925536
370.453331782471
374.588716828494
372.674839331166
360.169289511816
370.204928622493
360.480090140133
367.558351338166
373.38965837296
366.28312660086
371.000508077324
371.016748726375
373.007507308552
362.606245002312
369.271562790592
373.600431872032
374.390401136087
362.528057853115
355.827458315784
361.278709082009
366.707319310065
374.619604216776
370.315676766817
374.489712090476
372.99102849114
368.065888631993
374.018029624085
360.921967256143
367.707525736271
371.514410317007
444.625965178697
373.420026246766
374.080534001494
370.30090495391
374.649037920346
374.282549306042
374.608586507764
373.055625662254
366.378900214535
374.473306031369
374.471440846423
366.88517901832
368.312605345073
373.715252760201
370.384470021412
366.010338635615
374.367762023162
371.952678080426
369.45257820221
356.848774224008
364.61926073548
374.308342420172
373.703196487419
374.426067154715
374.383519716988
373.084903690211
374.610572459104
366.99776138679
358.476401889193
368.629555490729
371.567784111094
374.648999881635
374.004237394031
372.69936918896
374.352729584547
373.41131597183
368.692573426602
374.468821552591
371.812397445219
374.275740340325
371.678644274565
373.786113651777
369.189810225663
374.582224880439
372.08733111957
374.631230704368
371.227200172075
373.743349376879
374.08101482833
369.388808942049
371.85319100211
374.3053095957
373.440889238183
364.849781010523
370.166862635794
364.669665470041
373.683236578941
373.462332303206
357.836904477925
359.886026423285
356.963132969775
374.477213388484
364.576823574054
374.648075546374
374.499909256707
373.349956488054
374.506846602767
370.988791891471
369.989639190086
367.799613737416
374.246149826744
372.198410062381
372.190478188309
374.588260453772
363.897673178744
372.304927294849
372.864712546934
367.371599133839
375.12558849253
374.142693632045
373.005790103039
370.386534573215
371.781987761718
370.519528863965
374.38619013604
374.454911964858
376.769207582661
358.393675920491
374.309228903858
364.661765409534
374.645368440965
372.677982359647
373.352877613699
372.46095603567
372.708275763221
372.742954195352
372.300433096255
371.495013020597
