765.82741069548
765.539051902575
764.817006818959
764.17032641891
761.652570251571
760.907424005842
760.812019157333
759.544543240086
759.384846445569
758.679350003746
758.333207969878
758.164440027551
757.966482815433
757.947311461741
757.863460714697
757.383389046342
757.277552482132
756.788668576262
756.544754758652
756.140149863622
755.972217491174
755.917344812697
755.875010664564
755.670879831295
755.259777360415
755.194062170282
754.870985555874
754.836169892893
754.760275473542
754.753737686167
754.607949909497
754.329776046627
754.116981007051
753.972010788498
753.933704772866
753.892720308037
753.782223096675
753.753010571955
753.680955354392
753.519714679595
753.46273900118
753.395028492837
753.232542532281
753.209671863657
753.118934359629
752.943892303551
752.711637653772
752.59670329535
752.555504806824
752.030612990101
751.871906159211
751.804187319105
751.774643117971
751.724927053043
751.546982315188
751.471259574433
751.356485579328
751.198149288526
751.10654256342
751.092597135718
751.014419388414
750.726865531409
750.484402984673
750.411460204319
750.326473866988
750.078538659962
750.055979785068
750.029375577875
749.890698524697
749.885944065131
749.87915445925
749.733770858093
749.717457676399
749.540537730738
749.528845078724
749.378103394163
749.292376367986
749.247082388617
749.245426946165
749.186463421709
749.082890752324
748.903001521257
748.765381284515
748.597226899847
748.382185966368
748.355197922263
748.291812462867
748.2507416652
748.234415142677
748.123295047921
747.947937331448
747.709013626314
747.646087258753
747.631608020163
747.42570522631
747.385645760725
747.275656563463
747.123960953415
747.048971122459
746.861215260714
746.47437162204
746.40384953154
746.037602466517
746.035975343266
745.628660187382
745.355071838555
745.31341732567
745.156693695868
745.020624665872
744.940302865886
744.665914567659
744.435139252885
744.416516365961
744.406922854145
744.38304785154
744.341582449722
744.295524344396
744.000937974102
743.911580138572
743.883327929218
743.86691515154
743.728280969609
743.619046715999
743.410436738067
743.410249707141
743.353269811385
743.166049277949
743.048695179718
742.886933966583
742.690351148924
742.635491000201
742.532325654823
742.511203224922
742.338974160262
742.125672823169
742.068935775699
741.970711851776
741.887871496465
741.822885435107
741.818993612835
741.746851240221
741.712008302846
741.658753455238
741.437946458965
741.287160925044
741.024656120813
740.998327119412
740.911726408034
740.837477988373
740.837356355087
740.721329005203
740.705975384917
740.641439299977
740.501016016927
740.428390195425
740.353863031311
740.314238526118
740.273054763231
740.228697046903
740.122417301289
740.060790651594
740.009513273495
739.900794025243
739.866988618078
739.86249465532
739.856570407951
739.66115431367
739.624921944342
739.61401552348
739.507174387747
739.505956677243
739.494092751282
739.381274883709
739.335907834436
739.330463864887
739.309954241677
739.274793365841
739.13461555795
739.017725316565
738.867634608347
738.754206042997
738.735416338682
738.640934133415
738.611280031251
738.532389057488
738.500812358096
738.395762548562
738.365341363264
738.275068128307
738.179367675604
738.152878061187
738.117365391259
737.869328700733
737.737754702805
737.666101926769
737.545679632124
737.450104200826
737.448308908968
737.41300255843
737.333674270093
737.196150797835
737.145964651338
737.119487575021
737.003127421642
736.918710550868
736.886465345986
736.864463206981
736.797790616176
736.648110267067
736.647218395125
736.627895984839
736.624883797905
736.614365601153
736.588307408174
736.583784078001
736.571518164042
736.547658856552
736.515784448937
736.439947972135
736.360221777341
736.349296984942
736.335389982115
736.294684800938
736.1111663404
736.087567084685
735.95524081257
735.942331172067
735.89208772546
735.866196230542
735.832504047021
735.81017660122
735.805784083126
735.748069239547
735.713885072608
735.685479082171
735.672698145491
735.624800614073
735.587347342927
735.529538256417
735.453361871314
735.452364959343
735.413497093453
735.366224899953
735.267183511553
735.2237514597
735.211453385508
735.185011050459
735.124649385019
735.09961912667
735.085737477645
735.016833367706
734.943293914247
734.940061305434
734.902746959696
734.883864408334
734.870056959926
734.842109134295
734.817670438439
734.777336715136
734.708304118009
734.595721027408
734.49831901464
734.442850494222
734.434931174422
734.434579976446
734.427452155568
734.363714546686
734.32379550877
734.259253924548
734.200429577253
734.180193489251
734.178858708829
734.123852147545
734.05692689987
734.00707044548
734.003610478137
733.988550190797
733.949197156258
733.861877349393
733.85348278605
733.824171018416
733.788749076356
733.770213134398
733.689245490192
733.655421326921
733.558665292025
733.483888523113
733.345631730562
733.337786942749
733.202575875488
733.192109444901
733.191141186533
733.082321806637
732.997604001858
732.943301754141
732.937774762307
732.919384358858
732.902555189428
732.881593978528
732.786676277103
732.744475504925
732.733882611152
732.693749327773
732.673376697918
732.6302206726
732.575575833894
732.532816670102
732.521196055326
732.46995376875
732.292947102439
732.251225029011
732.250489219743
732.179433260685
732.164914959196
732.13780054941
732.107501136961
732.105301682241
732.100474298296
732.07215498118
732.042451457086
731.997331607874
731.976891023006
731.962961154015
731.830368781718
731.792853222442
731.594996348415
731.491362550713
731.473234375498
731.309373712114
731.229394869749
731.191783239286
731.177418195082
731.043908471621
731.036759327563
731.015499993401
730.974867298942
730.871091886951
730.781931414357
730.77690482646
730.775796080094
730.745752993616
730.722775878327
730.709617608077
730.70167077373
730.693819710679
730.669483096475
730.657077017318
730.653898721825
730.649284900003
730.634762419165
730.631239657384
730.545915963536
730.532728012756
730.51402926039
730.502938175978
730.474026248214
730.358962546372
730.292214528713
730.219986932751
730.191223586888
730.174866442356
730.087711984424
729.927158369026
729.912860515839
729.880142417613
729.863547630351
729.850478363853
729.685986854581
729.644390775796
729.637156402574
729.613603902266
729.604982962726
729.536840063997
729.455228453436
729.386886142061
729.384612303966
729.378537402336
729.361821368484
729.287548059323
729.238256368258
729.147762295492
729.109892944444
729.065479213558
728.998618438407
728.980288288838
728.979041736574
728.944450112938
728.9406890894
728.927846769764
728.91879685103
728.899444623541
728.863670449098
728.847762415126
728.825820028251
728.726928140889
728.719128666154
728.681459347822
728.677762729828
728.674835484265
728.638378838724
728.631739775783
728.621981379641
728.608001034079
728.574087560969
728.492438312243
728.469649981969
728.386264530084
728.320359908316
728.299113365469
728.283942497888
728.192731375124
728.186723414059
728.149171798512
728.118268660283
728.086677599571
728.047690245725
727.949667886923
727.930280557749
727.924647712935
727.915692484118
727.889270747206
727.824093663435
727.771165377758
727.666628085368
727.550378807987
727.542549804484
727.517926117072
727.388958022788
727.382698173791
727.332698868216
727.301046756445
727.132293076135
727.100788284877
727.058432985205
727.053216294885
726.988420446007
726.932542005992
726.923763193936
726.741111765609
726.716933127888
726.665293558886
726.630282399378
726.624224923225
726.604917926249
726.599589269932
726.451251593272
726.436041265808
726.342891861295
726.318224311596
726.300954115307
726.231394049049
726.16795807272
726.121213159482
726.120154759113
726.038441102161
726.032510464158
725.978847274281
725.952331195714
725.930426451566
725.902929143884
725.868011196726
725.831619060237
725.821445722288
725.752599451275
725.710361318867
725.614780602715
725.605684878249
725.56572276235
725.544381639463
725.447779987716
725.444087771658
725.404976669807
725.381638310528
725.315580607719
725.293858961364
725.256382242855
725.219360630523
725.193491813526
725.154599351946
725.142394613927
725.100906322024
725.07723988309
725.022528710559
725.000768640335
724.982753689061
724.970715688025
724.948554857976
724.932875407267
724.894229314445
724.892994644947
724.885616816653
724.804733508624
724.725696496362
724.671488427831
724.666928370442
724.641452234223
724.636318854308
724.632556868946
725.379836395714
766.274534773143
746.575563984995
772.898453133286
741.766911688834
729.939799781779
750.154208575214
727.705174126862
738.42683634266
727.533839127585
737.673727095493
740.669422458361
745.98974148448
739.41884606776
753.152193061555
739.672028092541
736.531848061308
745.335778062876
732.337406082779
736.531046942778
747.909304754434
726.688420465814
756.204917863644
731.455589992141
737.975998242331
754.198779288231
757.312835573155
728.620152641906
735.215116899056
753.054652573952
751.629203795142
757.628419042005
731.612429855681
737.342982103458
747.911534311539
747.825078340573
730.605085543562
753.220067181374
728.730418699478
745.582254453945
726.011089389694
734.126066213352
724.826325222679
734.351954518787
731.444331630357
726.067173808222
731.705434149082
726.107972391725
743.798040734116
727.481378930892
732.492934622423
733.867271396674
726.86785436252
727.550258205247
742.283979054793
734.695026395301
740.088136463525
726.960036863929
727.294518806247
748.22273753145
725.473013989269
748.081538614904
739.245276113383
749.522381283554
751.016376927585
739.883599785544
737.740643705214
725.20317375027
736.164097050695
741.993611391707
730.534856206153
748.12930779052
752.044835392687
742.459808675252
726.761434883524
765.683334559046
728.180885086443
758.009096702367
743.463323161006
727.799930338614
748.762227239087
745.86026186912
727.975028968638
735.838587161301
746.89968269465
731.691076048277
736.834271753445
726.406232885825
731.816349514211
758.717092046028
725.576904377039
735.831919274793
747.303053361291
747.67822022291
755.438598977747
753.798320654459
737.361609569035
726.031959538052
744.560719102689
735.076962801264
726.876352592336
735.127826026006
731.677734560053
743.93805927219
726.837926721694
739.15057278514
730.753540347145
733.780470344508
745.278373667487
741.39781923534
739.230173499905
729.974007635315
752.227788676225
732.745300184564
744.421519962532
737.813585818359
749.088863805866
726.492301434679
760.613929534122
731.974172875549
729.7742079962
726.36829553757
727.441413992157
739.571132771389
743.984501808139
738.945444669427
728.869555501999
745.869646299249
742.38239188896
733.105554142412
737.491480509752
748.188844931922
743.980953911081
736.298142381453
726.168024762208
736.53962364236
751.78061681261
739.48009015367
758.917325894978
729.851280583075
727.874240064668
729.472113625846
731.244234247545
735.254462979825
727.995563826625
724.862177974484
733.384083750009
748.309223399376
765.146544802026
732.982331549614
739.683155684738
728.80683721381
735.395708129736
728.191179031319
726.936079155979
756.814519448616
729.292675114483
751.004518476346
736.051823056374
768.226930834852
739.277977745183
756.819883367074
735.293073594226
729.547177628142
736.411479665171
726.591820580302
748.617024271924
746.28198772647
755.263107833945
738.846233707764
726.994936697315
738.513539773929
749.396964472648
727.202558814253
734.152056118845
724.62701251497
725.964690275228
751.540338355892
727.332895508684
731.118872350395
729.522211490537
746.191281999532
728.943132712309
734.830289029354
731.871916562882
756.372189432091
755.674690865417
734.37325622863
727.635211712942
727.207166979294
727.876426407383
729.147721098034
726.725953971598
756.062832834671
738.278632475439
729.976722914623
740.775194844104
754.029621962502
728.051357351653
745.68107646526
728.508418353381
762.72312207409
733.818023473848
733.969562839016
735.724494851042
741.182120749795
766.036157649346
729.740700429336
746.278563660873
743.771871655705
748.117391941875
755.352568017422
738.612630104612
745.985683292963
733.359826801485
726.792958114995
734.075620341483
726.79098279076
725.541309647087
740.083779419402
740.392470510394
737.441954239494
745.583596049583
741.424850261532
739.901711342703
725.356367674398
737.432702427218
728.199497031376
730.639600607687
743.52174734883
739.155205531104
735.916021783917
727.561016348337
731.579905840526
732.294009432317
725.798083619536
741.965960788216
725.813541130582
739.03881460128
733.526573713583
738.175451956599
724.570289207211
760.674190713206
742.761213992558
724.973930031624
729.09517279389
746.482767046476
733.61525638333
741.054247709835
726.317588012513
732.046232235938
757.056830797064
751.351940069616
765.057079105818
755.195922362874
731.116026540687
745.15266269604
731.463982407625
730.071622527043
731.348986270594
734.245524705094
734.799165223014
730.53281513778
724.893492142456
752.287067296468
741.60965978418
763.037856552856
729.105221978679
730.814191639546
750.19968766318
726.073416204247
749.985174780326
733.408363225501
727.131800970331
757.320235483364
728.022292118158
732.051253429865
733.218387748872
750.502131291177
728.775715847439
738.045458052411
742.622629530682
728.269818209239
728.852647871492
734.629192528648
731.988776340476
729.886891444766
729.4574977253
740.875140805611
749.224115747576
733.346111882586
725.413011948494
738.435642273287
730.210112298825
731.603326601
728.924747799905
736.430750486033
730.780447878276
737.914827434486
726.025030293227
729.360780805299
736.704521371424
726.137760758254
728.029610920735
732.639100933033
726.842963057101
744.403055872369
742.204717974425
740.964852545833
725.039941345708
742.242695452346
743.338182090553
748.057522449152
753.47662662621
744.744143279854
760.179605862777
753.780694279955
730.176761640476
728.811008496171
749.857106753769
725.344645774758
733.967451397238
737.973451163051
758.105898581915
737.485133931254
734.361472723485
729.797377921546
748.035633049472
725.940760209098
735.894454119933
748.517498347309
725.159237913042
733.153676430199
739.815624169705
729.426683745627
727.840310376625
732.500868670078
730.250163632147
724.718207734316
734.384713473434
732.659915933998
740.073455632317
732.133876491722
725.072474960641
729.523573220265
759.299673617254
757.456165966438
741.847057480808
727.586343712017
726.228540893127
738.761099448816
762.937387677818
728.758046828492
736.758617559055
734.465636566316
742.559514885346
731.682151851059
737.770690023607
728.57389883265
739.416877054776
754.275558818399
736.094145320223
742.998614416293
725.793611551047
737.965435596176
730.367373034847
735.8786029021
737.013504175105
734.118713288133
735.241096813767
738.527915166089
728.766302710351
731.013965029458
739.201424569946
744.102521574703
743.760820034727
732.863185402409
738.521930561878
729.358752732075
731.834151939619
725.198131533345
738.047635674526
732.426270411716
734.374061745866
744.636190530613
759.992009111164
725.596494823742
729.179518295293
732.176715335808
735.422499812271
728.870350594864
733.458176459657
754.873923844822
756.716616654661
725.390497979636
741.115580628417
732.249730924585
753.815690234477
729.977035927857
759.74955093175
736.905855974123
740.344235374598
728.674738264298
740.942087123079
725.891186579864
737.788561971527
749.117198221476
733.119657460008
731.210203433272
753.693123253825
734.099989371307
735.726402750719
738.026523865456
734.333877308041
729.66631134448
734.843894003242
726.251418571934
746.127363203415
732.925997977343
733.466676421076
741.056441940531
737.923941878129
733.253765617657
724.790270186708
750.340578153265
731.795154354642
729.847104995034
750.26572199596
744.742455258974
731.418979394876
726.442755931252
762.937050390884
748.224893763282
738.321618792983
739.48060115248
737.083829661011
734.295016964825
735.964436069443
764.226741069747
732.739200532992
741.515672218578
752.2292623392
734.243749974295
725.712684588013
734.23117927804
733.072926358051
742.640103119116
738.00135698529
750.652796685165
727.487249189614
735.693289198755
729.860059403966
730.107421700105
733.861344055447
732.961305513536
739.606742443707
724.676444806228
741.683997697178
739.525506096421
737.293729906744
724.924102941438
748.390656534491
759.626680556705
750.087590101171
749.17146527457
726.960866826942
747.786992050036
733.496019286031
725.096648878763
735.014377321873
726.725282211391
730.531203366698
731.499279453222
759.870695172298
731.676221766329
738.936268680591
747.500148173433
757.7554030218
740.565751255133
756.974974613718
733.947057765824
725.527092430531
725.914801268419
728.010732327066
740.591200250256
740.061895310598
739.557987714082
742.485610898984
730.216935932967
744.504116659348
735.125845483431
727.691444922657
744.865478228147
737.880991416675
737.243930411094
736.547136215433
725.453947049447
769.371332846926
752.04724750528
738.670710594264
732.032720027179
747.618067764175
