487.548953576546
484.616752456537
461.243223198894
451.304721067795
447.575999298139
444.625965178697
434.750028114383
428.093499761315
428.071231487411
422.407281050181
419.063730330195
407.301030830153
398.9880737276
396.850618833756
396.813404673351
394.897118649339
392.167935847091
378.899133454673
378.647194139395
377.252834471342
377.178511725525
376.769207582661
376.311682684586
376.250673171965
376.171445756711
375.12558849253
374.820083401279
374.791454181613
374.756769770373
374.685105497317
374.660607966163
374.652016650767
374.651149410272
374.649043500621
374.649037920346
374.649010132167
374.648999881635
374.648993247452
374.648990932233
374.648975608913
374.648673475096
374.648561776391
374.648406088467
374.64829813464
374.648244042298
374.648221860006
374.648075546374
374.648030378146
374.647982091362
374.64781548687
374.647470673122
374.647415318026
374.64728471509
374.646990263564
374.646819000655
374.646395209998
374.646193162794
374.646115751436
374.64587142388
374.645741090784
374.645368440965
374.645178954968
374.644880552325
374.644509563867
374.644093819891
374.644050642554
374.64401547464
374.643993798882
374.643911980751
374.643898483817
374.643772640763
374.643582121959
374.643326023876
374.643148155159
374.642812403183
374.642417571573
374.641900687867
374.641854221392
374.641743079305
374.64158909171
374.641569208698
374.641131395385
374.641125984465
374.640917593051
374.640109485949
374.639481470524
374.639344950656
374.639054089135
374.638175735579
374.638049358226
374.637592431865
374.636921222331
374.636284044847
374.635804487413
374.63554470738
374.635230255335
374.634846232826
374.634546410238
374.633129343184
374.633035136378
374.632996387742
374.632554519942
374.631836998129
374.6316163873
374.6313306495
374.631230704368
374.631026635814
374.630461992784
374.629403764608
374.629000944199
374.628521566284
374.628164059075
374.627778503515
374.6268838856
374.626857856784
374.626250921394
374.626028206484
374.625426482248
374.625345729029
374.624726238719
374.624330125716
374.62258292685
374.621276624858
374.620460386904
374.619927198915
374.619604216776
374.619183882557
374.619164248479
374.618185694975
374.617985030092
374.617944465565
374.617758045806
374.61759366961
374.617129181992
374.616922672696
374.616662625238
374.615974430153
374.615166908831
374.614836187641
374.613383019125
374.613338518198
374.613255386195
374.612494423936
374.611943350554
374.611687809116
374.610572459104
374.609222566438
374.608780267058
374.608586507764
374.608004933979
374.60774348143
374.606509538078
374.606118536405
374.606117764429
374.605724116258
374.605083930908
374.604818957676
374.602934298512
374.602496639966
374.602081278346
374.60191659143
374.599875691017
374.599718005706
374.597085567344
374.594988072484
374.593478029528
374.592677728852
374.591445090051
374.590995116091
374.588716828494
374.588390630128
374.588260453772
374.58816910732
374.587874523719
374.587154796855
374.586010776133
374.585888136608
374.585820381805
374.58445889241
374.584077557533
374.583396899472
374.582710850431
374.582224880439
374.582047573891
374.580386305699
374.578882041602
374.576676428013
374.574217646122
374.573851330334
374.572848944851
374.572540414535
374.567875223004
374.567576875868
374.565007694599
374.562721257483
374.562558562157
374.562338443115
374.562088301529
374.558059130161
374.557017264162
374.556496028681
374.555525767063
374.554173350738
374.553802073193
374.552883799228
374.552548794023
374.552439197853
374.550583746353
374.548939481571
374.548924302343
374.548752918201
374.54691734674
374.545981437142
374.545437289173
374.542438539798
374.539327724784
374.538910850142
374.538240364886
374.532576857604
374.53254066954
374.530873805864
374.530387971465
374.530285169852
374.530201677807
374.528346387194
374.528329427158
374.528123273585
374.527841402473
374.523785513211
374.523576569073
374.522669285337
374.521963417974
374.520644419751
374.519460126038
374.519196661329
374.517135791103
374.516433594145
374.516380006669
374.515877278679
374.514424956916
374.514250582377
374.510876774264
374.507506680602
374.506846602767
374.506668765508
374.505733031942
374.504892339086
374.503273920364
374.503020002617
374.502701892935
374.499909256707
374.4980906631
374.496428266164
374.496345000077
374.492394109078
374.489712090476
374.489659003455
374.489013221297
374.486134440505
374.486055326708
374.48244157689
374.480387262091
374.477255535228
374.477213388484
374.474725861846
374.474411342294
374.473711241036
374.473306031369
374.473235122027
374.472187510497
374.471440846423
374.470773633389
374.468821552591
374.468656839067
374.467040108926
374.466307836384
374.466142938474
374.46446317847
374.46414924758
374.462788990935
374.461814605755
374.461615813882
374.460710715656
374.458420943961
374.457394287706
374.455881181322
374.454911964858
374.452151578623
374.451381045597
374.450219905372
374.44749815052
374.446369831707
374.438139045187
374.437362628143
374.435540591421
374.435459912021
374.432995415288
374.431730166158
374.430287257358
374.428627859857
374.42837790967
374.427911789125
374.427800255771
374.427506290146
374.427450317923
374.426067154715
374.425918244501
374.423968818626
374.421512486243
374.418838775385
374.413117693261
374.412728183499
374.396472081639
374.396011698985
374.390510695052
374.390401136087
374.387448201839
374.38619013604
374.383519716988
374.382180518262
374.382139059406
374.380636637998
374.379737061507
374.378327242661
374.376838115466
374.376509559438
374.37307265698
374.372217817639
374.367762023162
374.367079380773
374.366365212204
374.366277808788
374.356493854169
374.356054746349
374.355802870031
374.355216151147
374.35430423801
374.352729584547
374.350324150585
374.349544376688
374.345132116059
374.343921351208
374.343042071938
374.341916212491
374.340613688738
374.337249806819
374.336531230592
374.334203558464
374.32979489645
374.329146691851
374.324589491957
374.324416080458
374.323270867607
374.319787138646
374.319565556538
374.319103499394
374.317655544383
374.315961597412
374.313058494475
374.31248174868
374.311970468402
374.309445094552
374.309228903858
374.308642675781
374.308342420172
374.3053095957
374.299607826853
374.297356947934
374.29497960962
374.290470313365
374.28792277215
374.287276925984
374.286470308153
374.284877185301
374.284470449313
374.283694586631
374.282891610177
374.282549306042
374.281890024472
374.281494782269
374.279510045838
374.278288789252
374.276054764716
374.275740340325
374.27565296896
374.270211418713
374.268035055472
374.265899201717
374.264897998048
374.263674313481
374.262181463108
374.25902565237
374.254676188977
374.252489617319
374.251318608108
374.249975846784
374.248069029611
374.24654691641
374.246452866352
374.246149826744
374.244862803115
374.244859471088
374.243036205983
374.241289343716
374.239446218067
374.234314751896
374.234053157266
374.223147438232
374.222681190835
374.220337776658
374.219623761423
374.218304440756
374.217420845828
374.213108504947
374.205851267715
374.204697300543
374.19715885375
374.191601162469
374.189767513891
374.189690090298
374.187823657308
374.187474385464
374.187426685004
374.1867151683
374.186482733478
374.178730989023
374.177404641566
374.177289930393
374.169984303304
374.159837818062
374.15473994548
374.151656891616
374.144449135181
374.142693632045
374.142262761826
374.139048047168
374.137486695725
374.136372845211
374.135039035676
374.134273490534
374.131638224694
374.130319568423
374.127178539643
374.121730788734
374.120168583187
374.12002938068
374.116260863386
374.107194047466
374.106772628306
374.106055358716
374.105407509804
374.098005142997
374.096359735924
374.08633755154
374.085745466316
374.08101482833
374.080628303258
374.080534001494
374.079002764152
374.068528036896
374.061053546475
374.049911457811
374.049377728221
374.046404107582
374.046171582972
374.042363349602
374.040192274054
374.034842163779
374.034820623768
374.026833110803
374.025896184557
374.02038310216
374.018029624085
374.004967333925
374.004382293916
374.004237394031
373.999011095022
373.998044277619
373.994424939191
373.994310988402
373.987297981008
373.985649075307
373.979217248915
373.973086534391
373.971873874539
373.965198716169
373.956471617989
373.954309791961
373.9521920093
373.952185217413
373.947026727329
373.94586317969
373.938735146511
373.938292591761
373.935871913464
373.926656312537
373.925495614114
373.921158807666
429.673886546931
374.593201334713
374.228261909983
374.232932057184
374.649059486841
374.077523355809
374.617974754186
374.491157619752
374.493353887076
374.555675756608
373.997021696549
374.113597583038
374.637786534897
374.484982407971
374.592867769624
374.301549670946
374.608447299655
374.648191286713
374.083205657933
374.031935831293
373.955346604733
374.004668927258
373.974851481317
374.64883345001
374.490338907221
374.33873253529
374.226122087655
374.190414606589
374.636712730752
374.375649931191
374.639031178322
374.462400600356
373.944680363379
374.606229863763
374.13330488462
374.637007548366
374.590267443815
374.256828010781
374.107996200544
374.587146353035
374.638052649479
374.176651169262
374.034785132672
374.617705916008
374.627630182692
374.594442545155
374.606437962934
374.050150421988
374.423989085354
374.472060050271
374.649592105777
374.016025266733
374.622491393867
374.223105525613
374.929555642794
374.360230331787
374.069256334638
374.005639566407
374.18229101047
374.485351077975
374.631170188315
374.643312074363
374.260949757258
374.638926526444
374.289970902939
374.29637859014
376.910889845891
374.369341708969
374.138611014265
374.558362003404
374.476721945045
374.607747267347
374.617064474535
374.589848798901
375.37025744928
374.600398474581
374.413923887528
374.080159663605
374.621034670675
374.636905161502
374.388116160491
374.648578806306
374.402196875973
373.967510984164
374.645188757545
374.04505534429
374.595452149841
374.235902318402
374.646666556545
374.618302583432
374.600926461201
374.390515641139
374.500540195601
374.314841658239
374.502329609316
374.546338083509
374.471344328247
374.159837204053
374.623494383279
374.12605961756
374.585586365779
374.243605497359
374.222303737579
374.646291784135
374.235477512592
373.925730740677
374.387517122305
374.529870395493
374.415328857387
374.524310340234
374.544557984348
374.614281108746
374.528365173079
374.648972468073
374.524796871734
374.617686880907
374.455158473399
374.256449613887
374.565145290116
374.626929527961
374.400676905653
375.212841575245
374.557348900057
374.648875153439
374.647875222278
374.643506706716
374.639784262601
374.481256412348
374.257863785038
374.429346438423
374.62862991031
374.532456525845
374.540004052661
374.413506784889
374.255470618805
374.641519998661
374.547767488765
374.417885242099
374.62864386083
374.317372203114
374.585537679005
373.923359042682
374.545413818404
374.6428778042
374.365754100413
374.58695903121
374.648976010781
374.203509286608
374.629475062622
373.917406799452
374.433707522968
374.53910437436
374.133642140187
374.642578213601
374.298410718397
373.924225986923
374.521988638652
374.566396737088
374.497802017361
374.585138478752
374.580356217413
374.522816781016
374.625768890556
374.593595573299
374.379668056355
374.648893151155
373.938701565872
374.633671510065
374.442996052898
374.230987410413
374.598517410914
374.513679192868
374.625266735309
374.110268005227
374.638139434387
374.176524846938
374.631193913753
374.670599540467
374.64709329482
374.627674462228
374.380233235817
374.596532804866
374.392792942035
374.630116778535
374.638004779079
374.55013229023
374.586198741921
374.546943687754
374.556463622436
374.633291434704
374.589375003053
374.22109994035
374.550508141976
374.345772240573
374.068405401928
374.532283301668
374.575044932298
373.940900089628
374.646847574092
374.604886439928
374.389646871424
374.542621395434
374.595556698122
374.056676007076
374.52340072198
374.647827182882
374.335378653119
374.619571047159
374.612880191468
373.977974888927
374.245324393224
374.180546648607
373.961484575498
374.509412479325
374.558485017208
374.498350924419
374.648596643088
374.558892167919
374.602973305223
374.574096079469
374.646935283611
374.167718975848
374.502001997582
374.077527383375
374.543341661338
374.419476706244
374.618467675711
374.336676850172
374.627398686171
374.501673459312
391.557176881419
374.236244255342
374.507211586881
374.632249808532
374.384153231697
377.560309881306
374.636822364954
373.988782754734
374.545357649848
374.595962034658
374.515277285832
374.360157957176
374.645734379274
373.928651560158
374.050479406403
374.378632610823
394.501255160338
374.555666630011
374.619923746566
374.648882775375
374.496658408625
374.772862742652
374.631192372131
374.614497329565
374.643377617696
374.174874722812
374.620080448597
374.58540659453
374.645446965257
373.937991415495
374.553898064197
374.422259905225
374.209463468354
499.391201572508
374.2184601031
374.496787258661
374.564959698735
374.420272376818
374.597373548515
374.55738750951
374.589595935913
374.214468841741
374.455095326071
374.309132532723
374.634060138137
374.643418537567
374.194733144774
374.501733336893
374.642848717558
374.287720252829
374.416798326981
374.648839413352
374.39751367166
374.510790737237
374.040711772018
374.594120184876
374.643976639648
374.588952397398
374.618966092562
374.63303413793
374.155859345563
374.438421999293
382.302212042528
374.646946716115
374.619136936249
374.409351191484
374.601207604817
374.469194072922
374.537525221775
374.428639808505
374.61492815989
374.50242534418
374.521453814692
373.924420616876
373.997899896579
374.642875085843
374.058936941813
427.039790125499
374.00371180987
374.639911556104
374.530176316766
374.596981307953
374.546043463811
374.48334373731
374.648973781503
374.276863491135
374.636865409434
374.572000129828
374.34069139029
374.62405471227
374.438790671077
374.375023707712
374.326005469894
374.625230169679
374.457160451153
374.437947318356
374.08943731331
374.414446436039
374.214356506412
374.651109767078
374.306469907082
374.600621565308
374.047406777131
374.508051256333
374.594036432442
374.515635892345
374.457824433657
374.648726280807
374.037045263955
374.535446749387
425.278225790761
374.631265177885
374.639364616523
374.453342122103
374.550228796964
374.199248501183
374.342084891825
374.172972612
374.644655326928
374.533171239491
375.225901601329
374.63939423556
374.635439066434
374.064267727111
374.335535457135
374.638719657384
374.120753145687
374.646387615066
374.0045145133
374.501079544757
374.096802137719
374.732738174296
373.991260233128
374.344006356046
374.539939996814
373.963656015489
374.547995986026
374.645317801235
374.520636174075
374.14270243278
374.415657262642
374.625254520525
374.291754125688
374.042543498479
374.579850661423
374.647227851901
374.354921441
374.516188558833
374.199684620872
384.19250957041
374.647504956207
374.587233071776
374.421985789895
374.56512537269
374.350787836197
374.572837170688
374.640252841104
374.323455496192
492.684847231209
374.486440886609
374.033154498801
374.127870356235
374.522569506809
374.419783218419
374.498019839573
374.648876946746
374.546349294016
374.633222961367
374.136701213585
374.512594392436
374.251937565806
374.376402513808
374.596118382676
374.627296676566
374.111495420243
374.647239226459
373.992573343656
374.385609250024
374.559547760862
374.63698561821
374.59622400349
374.626262345847
374.542623427437
374.161595071192
374.58707928869
374.187897291918
374.260379985843
374.385805847572
374.372980868693
374.548616273433
374.39688644504
374.611845996738
374.531378973449
373.966545544373
374.23496011802
374.461502886454
374.619787599742
373.95408110974
374.507639898772
374.211711102401
374.235958141168
374.547545499281
374.294479002499
374.468763302342
374.618715461593
374.31183461971
374.646724420663
374.069577141834
374.33607736267
374.604305402272
374.25165008992
374.661690933456
374.601911279826
374.073685901814
374.610731583337
374.643299510956
374.637131738707
374.358266353223
374.073438600198
374.522258884388
374.303203104513
374.574690648054
373.917961507866
374.64009636135
374.637465331975
418.007614568175
374.631977629029
374.647707494561
374.578466357074
374.643048955262
374.620775969096
374.273970151916
374.291544892634
374.243949975135
374.504624913589
374.354782854766
374.516433135688
374.553920635103
374.394831035405
374.531226286084
373.957439298222
374.21168611387
374.500989536726
374.031177517176
374.411567668684
374.639924971141
374.415803055696
374.244071955413
374.318417827927
373.92231524542
374.503857625938
374.273071122716
374.445487912349
374.526052689724
374.30436325853
374.601646771297
374.648051481893
374.648756549519
374.440871964829
374.402120326575
374.339629287585
374.557244783663
374.621654147987
374.629513347374
374.012551592418
374.648241539092
374.636455652575
375.25841129174
374.574030578792
374.626754738968
374.254489478605
374.019778495486
