825.780506443216
822.999488104679
815.940399187349
815.249252632796
814.81589290933
811.44026460024
810.03428358875
807.781065904276
807.42436091878
807.411460445964
806.314057012575
805.642059701061
805.181183567214
805.104172784101
804.798350380996
804.619647850757
804.141329823046
803.606502858525
803.508693954538
802.915269804549
802.097557569801
801.946595125581
801.703906553189
801.323095362188
801.066102019645
801.048021028881
800.233685159655
799.1296030796
798.940268813849
798.301824421581
798.083422160911
797.491585103248
797.413129768223
797.336281567101
797.323189202596
797.298311190658
796.5299564498
796.496278080019
796.217268670058
796.166255825698
796.083056654003
795.958350180096
795.764124229125
795.744502099058
795.563660861858
795.443358325666
795.374107077638
795.320119185972
795.249799247789
795.213806553294
795.142968272517
795.077384265983
794.89115253955
794.550898548733
794.28253184105
794.172903456585
794.034390257378
794.006695254049
793.5313067699
793.269683379721
793.217192919534
793.178152784219
792.945766683089
792.85536252802
792.592905876557
792.507607615899
792.296837750448
792.1640068524
791.959396768014
791.803220044099
791.781806931244
791.755224905015
791.718350124327
791.63246344584
791.610858370558
791.482038675071
791.375184650778
791.372943030703
791.295678562213
791.134126175789
791.133611443958
791.097293574922
791.077971283005
790.992813081918
790.981329240208
790.840351822735
790.778425213074
790.742280598696
790.73669807021
790.727044132944
790.59978726939
790.539676758642
790.394977799868
790.365701172625
790.299197794086
790.293140496988
790.205311352609
790.200587443434
790.096032808947
790.079913849476
790.061941875903
790.044535640613
789.884371840981
789.883318854174
789.867133965278
789.856466091821
789.819961615763
789.760029196197
789.724994365976
789.698331837785
789.69035917707
789.687961445862
789.51037763446
789.496036518702
789.489413217568
789.481664050225
789.340074012832
789.242829172479
789.206527895057
789.20500992482
789.14631502963
789.072226030137
789.050024344922
789.037872149202
788.974640980253
788.92849965588
788.836771209097
788.762797632487
788.74510135312
788.701126133612
788.664110212601
788.622908406306
788.613558483712
788.52257034205
788.474263238951
788.45573585327
788.452783875022
788.40491867264
788.338754234118
788.307965725327
788.296292506063
788.295501303284
788.291794111591
788.164047517581
788.145896655893
788.108872496477
788.100815964689
788.099183687045
788.071744067061
787.933458723891
787.917738290079
787.890561355896
787.883055712572
787.818923146892
787.770763591906
787.762678043724
787.644229963037
787.643750649309
787.638659185654
787.582282338698
787.568635777513
787.561444610386
787.48429528728
787.478386834542
787.464267960151
787.397792347999
787.383623619745
787.366851370267
787.330856882948
787.32755367509
787.318806743888
787.287645817108
787.273083043754
787.222922266813
787.181983410451
787.116848742943
786.92054859546
786.856283525933
786.826874146094
786.804078134065
786.760340640254
786.688189192262
786.684925039354
786.619871342507
786.589971742765
786.549746682446
786.415076547535
786.360800018521
786.346130755852
786.332502478345
786.307950812052
786.241151242211
786.218604044478
786.201778633683
786.139861306642
786.114408454561
786.102398725229
786.098037495516
786.087264188545
786.0623602064
786.057921512753
786.031338054824
786.020578563275
785.99881777056
785.994531500604
785.912907540377
785.853443435877
785.750794790998
785.633546932623
785.603559238592
785.589295932092
785.579248425808
785.569823131095
785.534538708451
785.482399360314
785.432893654276
785.378193358257
785.378154829117
785.377114463325
785.26694783119
785.255485614769
785.250821262459
785.222774676156
785.21970341185
785.217408708504
785.210220439908
785.187058116703
785.184651031264
785.182354732143
785.088697893081
785.06186456903
785.041362534783
785.03410332763
785.029431100158
784.987262432106
784.910421082846
784.891519435815
784.891025228764
784.866255433558
784.860335912783
784.852672418116
784.845880308845
784.838825323482
784.741040449774
784.703766460666
784.69302161526
784.680095409791
784.673289094299
784.637157281947
784.595145859191
784.542751489164
784.529052608369
784.48090234393
784.464896613965
784.464707407736
784.452653406171
784.426137009646
784.418040786791
784.377442372959
784.365375709843
784.360471261885
784.222218031112
784.207312752278
784.147169526249
784.111435770508
784.103483373354
784.090153352167
784.083657346746
784.060597625643
784.051570841652
784.037861033894
783.996514345673
783.992415414999
783.969478428726
783.963381415811
783.91370237218
783.894633892198
783.847970434574
783.832113123062
783.824868626278
783.798792343876
783.792868355428
783.771920731986
783.770190508597
783.763908827907
783.726236328782
783.684223383776
783.683771112245
783.669723523425
783.649409764442
783.640271973172
783.623930017298
783.619070922511
783.588255698708
783.517342954876
783.510064381039
783.50774720958
783.489995953045
783.407358903154
783.375478173819
783.349414495735
783.316155942671
783.314488225506
783.313557020082
783.281437542403
783.278987721572
783.237318066301
783.226749305588
783.219749963962
783.173395380222
783.153523581202
783.150189296446
783.112529257886
783.112067091751
783.089109489129
783.036373283492
783.036296598228
783.031277391432
783.024622094552
782.999766421692
782.997900384625
782.981233678024
782.978318097048
782.963669827583
782.960147050567
782.945101187592
782.929546210532
782.909806837794
782.89283235354
782.844629199834
782.818344974766
782.763899549898
782.750293739297
782.749917911834
782.747861520276
782.734543694745
782.732330229446
782.707311655211
782.701584102852
782.694358439988
782.692112881205
782.676918119981
782.636843496126
782.621989729982
782.619718646885
782.595894130544
782.555636283456
782.535650768132
782.486332832025
782.462395244238
782.457781559219
782.452863338769
782.439844901285
782.437276487424
782.436985134641
782.434645212917
782.420958343731
782.413841184197
782.386238016378
782.338363227246
782.323635664355
782.31539819344
782.290028858135
782.27781191458
782.219973201325
782.201368064551
782.186295705017
782.168602454266
782.164976815124
782.156598998512
782.107656755414
782.107131223708
782.101904779518
782.101721891846
782.100773576395
782.097996550709
782.095873689445
782.085479547987
782.07411290198
782.072615037366
782.059833760352
782.043107189678
782.026850229501
782.023438032501
781.978055575462
781.896206813513
781.885199817882
781.858749022268
781.814350344324
781.813331398914
781.782884274111
781.767953659704
781.737873674083
781.720462290975
781.703259981695
781.701723415052
781.67786639847
781.675813940338
781.65107977452
781.649205477294
781.648056210797
781.630207160756
781.620903496254
781.613969884405
781.608134681265
781.60517142634
781.588460247654
781.576462973356
781.565955096667
781.563483985922
781.56131208356
781.559548776811
781.511187452272
781.509398815954
781.507786460573
781.50704578224
781.497663853501
781.481742899056
781.431607538709
781.421126839423
781.419779475876
781.405319874331
781.386205219307
781.356642657359
781.330080021407
781.307453523507
781.292804080741
781.286017414731
781.256132055771
781.224959720035
781.216830207268
781.21541143312
781.211167738474
781.189186169735
781.18558050103
781.179795248436
781.16816423114
781.157679207909
781.154541364428
781.147141696241
781.141296529363
781.130428560443
781.12991534943
781.121293497485
781.11612334046
781.112244507292
781.110303734785
781.07635277057
781.070618730604
781.043633560331
781.032086047278
781.030293411939
781.024110999024
781.013909177751
781.012022963215
781.010254476961
780.987877861044
780.9840122046
780.952249390815
780.948976349469
780.94796227589
780.935371368964
780.91845926269
780.916159688362
780.915332418227
780.913239583065
780.909173912652
780.869246839439
780.859456980932
780.84854924638
780.841992279103
780.835891618294
780.827209629078
780.822213176759
780.81254247822
780.806906433663
780.802035558571
780.797075876401
780.79426027263
780.786883612927
780.781713390757
780.770281446816
780.751095348532
780.733990868379
780.714670400334
780.700276545174
780.660422930522
780.657448583451
780.654535315673
780.654450525013
780.650605635436
780.64824991683
780.628388173095
780.613339570385
780.611459972537
780.610195710929
780.603060997904
780.600952763345
781.243387689359
786.104305825835
786.221275308559
817.501956901548
782.54427054679
780.628434938931
792.417721232402
791.324550751318
786.403417103123
781.562228469273
797.341637217739
785.111107007797
807.768897327677
789.259690419649
787.883023210413
798.463514456245
799.139849801666
788.558218394845
783.594671743838
789.412861914915
789.102132175601
782.003088743399
782.6882398987
784.497876793445
795.246155107242
784.825487966046
783.019195987881
782.906985044401
788.607300319076
787.664978656964
782.40283151139
796.14513593162
790.917079389795
782.106828749036
781.946776257883
797.217838738618
780.724933591438
782.727775681683
782.230770009286
801.290520545101
798.543088773265
782.214164871364
806.935722346941
781.987978530926
786.230983311361
790.205930173693
792.908522049894
784.265280173467
790.939984920681
800.027906919535
782.147005895998
793.342921608913
784.181237492407
791.862541969359
784.712056507561
782.997318235799
784.784626674432
787.009972368263
811.060192781348
786.756405191374
794.999637206865
782.419181004841
782.934899862427
786.628149918287
785.517342774789
783.384039696957
781.895929024811
792.087734371153
794.660752451255
804.379006014109
791.277336298566
780.811169714418
800.538152153863
782.990573261193
786.488497569018
785.392770610405
780.908930168439
785.418429747601
783.502844421524
783.265698961035
781.092198323204
798.840064077305
789.898180019124
782.973113001176
783.448074140416
781.378248860219
784.54515382032
785.377394545539
787.862131382096
791.144175277207
780.641122115061
783.057255408105
781.367011595182
780.764325436367
784.046848392114
781.702005702939
795.892404706382
788.970289893984
792.634324608324
782.446583943135
781.234455009014
798.099765087042
787.993443741209
780.561960941719
784.467229692196
791.340933107148
789.18588235254
799.80745315176
790.430732621558
789.747203020356
784.818563278408
791.783471209017
789.870591071964
789.281859999522
783.455551195908
806.771580243107
802.642303074353
791.321290482464
788.778506630924
806.394747263742
783.868635639653
799.306328129447
789.549763836079
786.388521985032
783.097597660192
794.877053879141
785.779472042587
782.176799364634
781.618967676313
784.258233245536
793.485569450171
794.742306953001
803.159980104264
786.062156165571
789.305272829724
808.41056704592
785.608388663701
790.849644823517
796.091897812574
808.802874889589
784.270867754244
780.854743737259
785.087789720952
792.174549885064
797.925424164653
791.285913696946
781.095566761935
781.073924558662
782.572071351924
784.333303348666
788.546209088234
783.917167653215
781.120432866106
789.792703439876
809.549168025271
782.935848716272
783.315071416005
780.847979588281
782.354901831668
798.929131121943
785.574685660835
781.185887410023
781.472380393587
782.648264906444
783.243985268397
786.02261213284
785.455300555229
791.408227365792
783.411912645107
806.867522770845
797.207100534556
787.440401811525
784.821768710847
783.183119552271
782.488425516336
781.830180741435
791.298179500114
787.961321285259
794.336998059783
790.773844784193
781.899482506678
783.495701021993
780.647824226059
783.049868351087
783.513457090405
783.970403629554
787.789943260777
797.166793210425
784.084815019568
784.464613797799
781.875223156168
788.37446178603
806.658655940935
787.813701966922
792.451026065502
780.631256389792
796.758130031095
782.857243469127
783.422039291437
798.50079991515
780.892304482217
782.629342695705
784.574879408658
788.709215366969
789.454644556024
786.526439028251
805.405511335768
782.459747707401
795.180739813098
808.761419553618
795.008757121831
781.863926381352
781.967914069305
782.857568033799
793.093802766352
801.41469438279
781.456412779481
780.578508259381
781.009046160773
811.434042179233
796.275678634184
786.329463600673
789.081346550242
782.633363209251
783.61023260412
781.359263233725
789.548453372105
795.706267340587
792.885286799702
792.147322798957
796.970746935684
785.900079186535
790.415400302682
783.729130088933
812.466963247193
782.497205210926
781.455008199981
781.122983118632
787.628330686544
790.363434912018
781.435923684846
798.746034063445
784.981928965613
780.559784582066
782.265243128504
787.714399801979
782.775776819368
798.090009390051
782.016198111398
786.196535643953
781.105839999497
782.246911504119
784.89392269449
782.498904028516
793.790276248459
794.263399795761
792.175363413225
782.567147315567
783.553365410842
782.275346394404
783.578328468737
781.257552954947
793.993006649702
780.853971077217
791.798940512246
791.581470838485
783.222577140571
801.037251105319
801.373218724568
789.326508398222
816.351456374864
785.130691961968
788.798425624543
783.154642586363
781.145967577946
783.628807843368
781.152306905148
785.802370017617
785.494640830965
782.993637128452
802.253601373657
787.450236208855
787.367522514823
798.478868040583
784.001475128079
787.729191764224
800.167864187232
783.264514174714
780.612197958675
781.740167787734
810.78907304055
796.76902636851
783.49403495345
783.251454654042
781.575988897043
785.482855227299
781.743957524914
782.039526970537
790.725220314373
788.847969134025
785.890922053341
789.615639820061
784.174583844715
781.499692715841
782.196108401756
783.565326972453
782.952522708981
793.69894110685
782.397237284817
786.620107795265
782.74038723236
785.479704359878
800.568646303911
790.092881134758
816.586660263803
793.475392677412
783.253669983761
794.960187955584
793.012881966837
780.92805158683
786.023665815299
788.407648673391
780.947201862309
807.22102992803
780.964491439861
790.03224980051
803.597386415034
780.941151739707
781.220820301044
782.640496690575
782.954196596513
783.342175962936
780.939836340867
800.901519398449
802.367042496876
781.450709629246
786.308256028979
782.085171258663
781.718435985794
787.19111022454
789.400024882698
791.470361725879
787.576693457531
783.441562777403
783.209225253799
786.144870058579
784.766243931248
784.711853226768
794.328972542552
781.56311615856
783.314923908638
799.266530478199
782.522255016825
781.220384307843
788.725289020235
807.199927478268
783.410058149646
790.687130166364
787.528688243598
783.734117273227
796.433509901906
807.652082552569
783.783468861272
801.593371591035
789.452778909398
787.365598374976
783.479598706056
799.900452580737
784.436264422082
794.874773594399
782.329717784128
784.623867788526
783.695255160865
794.830123526546
789.376118338455
787.520383403471
784.104648288422
782.682749368365
787.107900318172
790.749143716233
791.16071614678
797.62664657075
785.213785183637
786.452439265799
789.528063623404
789.089768741125
782.345893873279
783.516924166714
790.305691622753
785.275530767189
781.083363843127
785.885354269608
797.446391735614
784.48315554655
789.430162648726
783.361863296698
784.674379207206
790.409098079262
781.546094218819
783.045937180146
784.141253037386
784.396104439545
786.815868150364
789.461385044229
783.744562454671
784.342932598567
786.328759625948
807.376737185299
788.848689918275
784.176757828165
783.579523700352
787.410711304217
807.662821448297
782.651705863567
781.002144728168
784.221748820527
787.718837556137
783.92939324186
799.98439198976
795.640343141333
790.421008738262
812.243309149632
782.578892232795
795.292547690087
824.326352985216
794.227918764636
823.01746696947
798.194417310183
786.238679068764
784.442555624355
810.898101139372
787.788991951803
781.535331277415
788.575067848795
787.86521821151
780.885610923215
781.021338925913
782.1649993777
788.778669130009
781.113438787021
786.280228802359
781.355578918035
786.618792858095
781.17362931488
782.640171355678
784.565707771493
784.857645588535
782.403120601842
788.024657393761
789.705604033842
781.728614808242
783.596837574536
790.487857440023
786.900734706881
784.274360901805
783.927658976886
795.228001010635
800.188450892718
803.492295327646
787.502718373164
794.191403899844
793.031332922505
782.586421772367
784.748648523398
790.374459556348
786.872501645012
783.004952293857
820.597546612959
782.275931463062
783.524636674606
781.232697020454
782.262651112909
781.120040398358
781.902195546611
784.006615560262
786.637358619345
783.015892953803
784.20331555687
802.464086523672
790.257123419359
781.563337213208
782.586030193029
792.695495235893
781.128082210144
783.212886192391
789.784185237776
783.767882898492
782.696652526174
780.663218040903
788.546421037773
783.025633568627
804.284791333539
782.065614056726
812.232816624575
785.197741558893
801.697119105763
790.93814379374
786.190242946358
781.233751981463
781.54235319653
784.882288490928
785.690093454368
