827.160368748001
826.593818388954
825.780506443216
824.968785975685
824.937823423637
824.55044340464
824.326352985216
823.779418425103
823.203746725461
823.01746696947
822.999488104679
821.464157735624
820.92993357425
820.812914441629
820.664570386943
820.597546612959
820.42451164647
819.661965005102
819.312816298667
819.253221645085
818.601443718918
818.389560428431
818.276724108072
817.973380414583
817.501956901548
817.342417923581
817.197959097493
816.586660263803
816.392514582248
816.351456374864
816.30170263356
816.154453315013
815.940399187349
815.758768943869
815.249252632796
815.20367309359
814.81589290933
814.24254769562
813.635356299889
813.35448564245
812.91240658068
812.685814917184
812.515893544851
812.466963247193
812.329061996319
812.243309149632
812.232816624575
812.225376698893
812.061402955484
811.920863941912
811.553693816399
811.44026460024
811.434042179233
811.060192781348
811.038354056505
810.898101139372
810.812718975583
810.78907304055
810.773635336807
810.769805466426
810.749767758
810.703687409866
810.296934816984
810.048792399194
810.03428358875
809.903619878144
809.750004478206
809.570538271805
809.549168025271
808.911314597778
808.886312383627
808.802874889589
808.761419553618
808.650143232509
808.41056704592
808.356055558579
808.158029979418
807.909854620736
807.807637321881
807.781065904276
807.768897327677
807.703091283141
807.662821448297
807.652082552569
807.558265885842
807.520760007496
807.42436091878
807.411460445964
807.376737185299
807.26798185635
807.238516122811
807.22102992803
807.199927478268
807.156130635974
807.003329041822
806.991991519789
806.935722346941
806.867522770845
806.803580257207
806.771580243107
806.703836974022
806.658655940935
806.622542545039
806.533392931713
806.394747263742
806.314057012575
806.224603780741
806.199636665408
806.068945361999
806.01227638613
805.953947053685
805.894697523276
805.730726601733
805.642059701061
805.611307319759
805.405511335768
805.255534286781
805.181183567214
805.133174924671
805.104172784101
805.004099922236
804.935245097785
804.798350380996
804.766484623647
804.619647850757
804.557340650132
804.493260031654
804.452388702057
804.379006014109
804.296245023613
804.284791333539
804.195874749346
804.141329823046
804.096210478181
803.971483454496
803.606502858525
803.597386415034
803.585825599598
803.508693954538
803.492295327646
803.456774544144
803.445290105115
803.243322547427
803.222971981132
803.217307256895
803.214219283746
803.197968775964
803.159980104264
803.142547301322
803.132390178245
802.915269804549
802.871564709853
802.847824471434
802.815409995333
802.766537264237
802.642303074353
802.632546975227
802.547309164791
802.464086523672
802.367042496876
802.253601373657
802.241246577362
802.169152484759
802.136226434749
802.097557569801
801.946595125581
801.853293923221
801.774869213785
801.706138654934
801.703906553189
801.697119105763
801.615754915592
801.607194416583
801.593371591035
801.41469438279
801.373218724568
801.323095362188
801.320625880819
801.307949628598
801.290520545101
801.280540299939
801.147021976872
801.066102019645
801.048021028881
801.037251105319
800.901519398449
800.665471024861
800.568646303911
800.538152153863
800.50204338423
800.440060550418
800.439976440514
800.437035706997
800.233685159655
800.211167282176
800.188450892718
800.167864187232
800.105611523855
800.053475516819
800.027906919535
799.98439198976
799.965519266776
799.900452580737
799.89115371321
799.854210806313
799.849290162487
799.80745315176
799.779353819922
799.667148683682
799.603531480968
799.466089387434
799.306328129447
799.303472633192
799.266530478199
799.139849801666
799.1296030796
799.029789465908
799.009159587138
798.940268813849
798.929131121943
798.840064077305
798.806410157796
798.746034063445
798.724880877639
798.613653499173
798.604082272253
798.543088773265
798.50079991515
798.478868040583
798.463514456245
798.443779791283
798.301824421581
798.283928932772
798.238580463352
798.194417310183
798.187901924898
798.155726493155
798.151585396012
798.137960184169
798.122753491838
798.116558749469
798.111496562207
798.099765087042
798.090009390051
798.083422160911
798.081375223298
798.072528075898
798.008842731045
798.006829938706
797.987539452796
797.925424164653
797.880160228252
797.84151440425
797.781627120822
797.686315591733
797.665392054628
797.641191891965
797.62664657075
797.545031446226
797.491585103248
797.446391735614
797.413129768223
797.341637217739
797.336281567101
797.323189202596
797.298311190658
797.217838738618
797.207100534556
797.166793210425
797.160184784932
797.130300931152
797.03743017549
796.97464182718
796.970746935684
796.947204597734
796.8245656369
796.780933356328
796.777451163751
796.76902636851
796.758130031095
796.652878094063
796.593978916641
796.565640273463
796.541364518312
796.5299564498
796.497034485346
796.496278080019
796.433509901906
796.395206014119
796.275678634184
796.246073421347
796.217268670058
796.166255825698
796.14513593162
796.122880558008
796.110999680413
796.091897812574
796.083056654003
796.079640015135
796.057977051236
796.056229442368
796.014965937446
795.967061248862
795.958350180096
795.956073343003
795.935918186448
795.892404706382
795.764124229125
795.744502099058
795.706267340587
795.648987324295
795.640343141333
795.563660861858
795.553222825065
795.443358325666
795.387509035386
795.374558515408
795.374107077638
795.320119185972
795.292547690087
795.261991117829
795.258762423032
795.249799247789
795.246155107242
795.228001010635
795.216291395313
795.213806553294
795.194029507684
795.180739813098
795.148530569983
795.142968272517
795.077384265983
795.008757121831
794.999637206865
794.977559143075
794.960187955584
794.942969018315
794.929323391985
794.89115253955
794.877053879141
794.874773594399
794.830123526546
794.825806616081
794.779486731302
794.742306953001
794.660752451255
794.633119619893
794.624567244687
794.62357392031
794.588930317149
794.57821443981
794.550898548733
794.434293108801
794.345649856143
794.345245423372
794.344903655714
794.336998059783
794.328972542552
794.28253184105
794.263399795761
794.235984121283
794.227918764636
794.191593164931
794.191403899844
794.174056809672
794.172903456585
794.078979320199
794.034390257378
794.006695254049
793.993006649702
793.924408614074
793.82589548405
793.790276248459
793.733925528505
793.69894110685
793.5313067699
793.519848857563
793.485569450171
793.475392677412
793.365085050337
793.342921608913
793.336433271749
793.269683379721
793.256622850695
793.226415208821
793.217192919534
793.216391322053
793.178152784219
793.131045607105
793.093802766352
793.031332922505
793.024740170658
793.022216910676
793.012881966837
792.945766683089
792.916359111427
792.908522049894
792.885286799702
792.882189630865
792.879691697862
792.857620174546
792.85536252802
792.851514510413
792.824829253629
792.811421449557
792.791652365839
792.742384798875
792.71191117072
792.695495235893
792.686687000801
792.653951842465
792.634324608324
792.610050152519
792.59937706781
792.592905876557
792.569433994993
792.569349279498
792.549590171116
792.531575326888
792.509561952089
792.507607615899
792.497559194544
792.451026065502
792.429754836546
792.422318562227
792.418062559767
792.417721232402
792.296837750448
792.247286161247
792.222538459919
792.220429533758
792.175363413225
792.174549885064
792.1640068524
792.151492825001
792.147322798957
792.103924604447
792.087734371153
792.020295849064
791.959396768014
791.925423014207
791.862541969359
791.842162809177
791.803220044099
791.798940512246
791.787340164693
791.783471209017
791.781806931244
791.755224905015
791.718350124327
791.69910490126
791.660202621145
791.648817166523
791.63246344584
791.627459987382
791.623245860019
791.610858370558
791.581470838485
791.562637909842
791.544838139461
791.519101220194
791.484883113582
791.482038675071
791.470361725879
791.408227365792
791.402538405833
791.383170763183
791.375184650778
791.372943030703
791.372520992559
791.36457302831
791.340933107148
791.324550751318
791.321290482464
791.314292953051
791.298987894354
791.298179500114
791.295678562213
791.289012207488
791.285913696946
791.277336298566
791.249991354233
791.217522339976
791.173485180448
791.16071614678
791.144175277207
791.139809224575
791.134126175789
791.133611443958
791.097293574922
791.077971283005
791.039236372116
791.033811501114
790.992813081918
790.981329240208
790.970203136359
790.968510424906
790.939984920681
795.840968452447
801.954820073659
808.414264129452
800.30209203524
797.483139915385
806.80484133551
794.363158643459
793.853815860013
796.729412909957
806.280120884689
812.287812562327
792.608498979018
795.45946684754
798.229215844817
810.538893946484
807.778994588608
800.721586537806
797.280155265351
793.533748567886
801.327123882124
792.42902448918
811.218392841404
810.705774836806
803.808683929137
796.823622252114
790.937558458439
800.711343750576
813.350723987882
806.26653542982
809.069243700625
805.864893869456
810.998761890663
799.033630004714
792.373381085856
832.037100195603
794.786086542953
795.116567818808
791.291889435742
793.050981101349
796.058239821371
800.558177387996
797.448699320759
803.303464100854
797.903213361557
792.871180300058
835.947215250534
792.56676406057
798.266691557705
803.945095128605
806.50780968807
801.135129922975
801.713955496804
806.364534939065
794.119175693442
794.69447521549
811.393304992908
807.163665723252
795.557604871033
791.748005564261
794.512099699792
801.419614199758
804.880466025906
805.8644872786
804.321287081921
798.500928672461
829.294263869507
815.970576666771
813.783101978334
814.467094210393
792.407985026808
802.148553363914
810.629270620851
794.061556473555
799.549509198925
793.79137120353
813.790488601183
800.074671540213
795.28727862761
796.241791261489
791.984189016604
794.30081842813
794.823982963952
792.800595870769
791.441721198717
799.856940559835
796.446918214479
802.932703543219
807.725102005167
795.131346790471
794.325464324015
803.719538137777
806.339664884796
803.354770643861
795.891348550974
791.208453554682
811.002197690913
796.528242150988
794.420165383938
813.078886675301
791.346406928133
801.377865762571
794.25610767807
795.335146525003
816.975431178616
792.157013146152
802.903851086774
793.150197044143
793.613405363947
804.445688977106
815.721159666519
799.863847052494
801.435521253551
795.593982356926
790.976989726463
803.03746670834
805.855683933214
799.688350137659
791.70487187469
805.890678538099
794.993355838829
800.212607237094
795.780231105142
805.132230027325
813.622020648517
822.965272897267
797.095447806574
798.41637556761
808.494820125439
803.954632089649
822.913704283542
802.492991786831
806.938881703249
805.285785756011
795.156309510936
804.229228323223
798.289583767663
792.289993165306
807.127183163746
790.922526315425
817.08711934028
795.497288029913
792.73596865436
797.763613337311
795.589150634609
796.623701815935
794.087853103072
831.706665456123
793.95020848752
792.852436933664
794.308818184516
795.107639963919
807.322447924021
791.399374377283
793.527284687722
795.857804160741
808.823837192919
796.54671210235
823.739311077101
800.448946697425
799.4728507742
823.761652064726
801.481879778811
805.418743861986
803.43245553214
814.805669425662
798.078797115679
798.227770071287
798.864143065487
791.897933367987
792.364708883126
794.619856693166
791.881235222289
792.961771732128
799.095140439187
801.750135674578
800.423500218807
795.090484179019
803.703544211777
798.808064075744
794.154777653113
803.199266869988
793.606163520406
794.286106704226
793.899950462486
791.329295921123
794.199335327196
797.597157363918
792.535917382308
798.806629349812
804.469642621569
807.288957189546
793.721177223593
792.109494050788
791.003506692673
804.932814526685
795.148289264566
792.818126241515
796.471179347921
793.674517487801
801.60383714925
797.193538637356
802.301142668253
809.408608279975
806.368442558981
794.639393525286
793.801278764638
794.498743502263
815.541563729123
803.454652434073
806.23820456551
808.526804343524
833.889184156343
796.326419702889
794.692650509677
806.958892300589
821.198958128063
795.402322914134
791.849039792388
791.51748102261
799.958107928528
798.088521453664
795.117343382125
803.562134780932
795.854459479539
828.191747073521
795.838353412111
792.002136217252
807.015762633576
793.189407186397
793.604751572306
793.024009845967
826.048171500468
797.54640329467
795.84748102788
796.83977781044
801.552979220819
791.710615338147
807.181983635593
792.8675532467
808.888598341886
795.002120182917
817.005623501489
792.370646275246
809.486541132875
796.809294886041
796.966407895115
804.172646377511
806.066780985085
808.736975693854
801.053610005082
804.766700572104
794.70263400535
794.304429108636
814.884938618689
793.471625689157
791.382222814041
802.285287133567
793.72395993859
792.422021561664
793.331373964778
796.010377481129
790.993281577012
799.052263469077
802.401077494773
805.880587214721
808.961417852429
799.016822833509
794.091019358724
805.20901764382
800.751795934686
803.176996058302
794.487049704335
803.132569118121
810.025317162572
794.320705047185
820.577036397338
813.45997915358
801.247257781839
800.464489173305
794.964444733769
792.171396389159
801.820702743554
810.9982539278
798.227914854935
802.761225614242
795.087469898791
797.032997794407
791.940913816983
812.88957228946
792.793317448161
799.405555147663
797.554926308728
796.325060205144
821.556332613001
804.89554685762
793.218918802856
792.202958197507
800.104636890207
817.523037797099
812.606352330488
792.986675463149
810.103722553626
819.651977582055
794.158402662434
794.707997719411
796.02848411683
800.055996878087
804.412940016566
806.315026743579
802.834328414497
806.921213082745
799.642012322491
798.131786918631
795.800105383285
803.026814361018
809.840034378219
816.011887466758
805.65106538084
792.065644901804
790.976455928531
795.93535544946
815.09044950561
792.058973833625
801.813773890842
796.983036953234
818.589983918237
792.294072798486
791.529785732187
792.399303746918
792.279966220431
806.695406021387
796.470386535427
814.357347417955
793.900937340307
808.930450680234
796.968291851134
816.343776806681
803.023908415166
803.37721803789
793.078483336146
806.785581552604
802.484058855071
791.502187375031
800.001315326433
793.214498775323
804.997248140874
799.061318875539
791.505144377318
804.381540348647
792.162706401597
810.189663548266
836.771363942575
794.50071935069
795.138139308773
814.516837060703
793.879829677115
804.058811305248
791.01249189407
792.431727468637
801.907945583827
797.332230881223
800.140886841608
792.603430802982
791.706011298774
812.104037041423
812.02162442008
793.495788707875
791.603732175792
803.913865647888
792.108110264457
805.106577924595
793.123305788919
794.00263984898
828.101376584511
798.351310086791
808.671242933237
805.14820834584
792.28431252147
795.629691372374
794.842928086487
791.904929926695
792.752744079217
791.136019981473
792.005310577326
794.146204007483
852.698484619661
799.701966801579
803.877555783408
803.295754102299
792.394461684577
803.178770169436
805.905739438532
816.527635184385
796.050451581313
791.423211871182
796.645129464451
794.804993883025
791.541333817518
795.522651303225
791.059519265355
791.590027320797
797.682706537141
811.122046744462
802.077885229795
796.771798433846
819.586563923866
808.055509882398
793.83424103698
796.735840342833
795.388069919292
801.470505784065
792.044454814721
806.904278993469
792.508538922361
795.625279875133
792.545745872218
798.731835334055
796.893477964575
810.380404884675
800.153195208335
792.880832249936
798.40060539774
802.915106844793
807.056462280717
797.779755495572
793.237072955214
799.434549114211
799.399478124192
802.430402252126
794.872009596288
799.214533020014
802.453128746964
801.292730821128
793.795704592635
821.372191902386
792.560482421564
813.393288098645
797.004659154647
811.242318736226
796.165930504702
802.038378525244
815.802947851565
801.557659002348
802.809724405039
809.122613374407
797.934737669265
799.563519066824
801.670083029602
796.343242872597
792.118059593872
803.849445579859
809.946391545217
790.935517412328
809.661684321339
791.882111772905
807.324244102332
798.391826534789
817.722283137814
818.153532611881
848.733313184504
815.308335557423
794.920938099903
795.92100654381
815.147010042196
806.928718469188
792.425904695774
812.710041194382
793.178446832704
808.721809551112
791.892104843598
792.074634218123
801.642647965057
805.626990625138
798.626764625861
791.410097353989
802.968800157606
797.083211815435
796.966536226098
801.537865782773
808.909432429407
799.559529451073
798.265955477721
804.301276494426
796.504932360244
813.801590857243
807.588731135157
801.341611660397
792.864396006004
816.892030025171
827.312125941479
793.060392362053
800.233747963747
799.172669831268
796.172264786017
793.335399754789
792.237098719167
795.409096540945
796.718480480251
795.815861769208
812.158790255485
816.420232333691
807.266406994234
