969.264098719341
963.816548065512
963.255012630158
962.367429429999
958.556826544202
958.395622997013
957.864461357021
957.744820916637
957.527333475948
957.499067805709
957.344383357703
957.263486431089
956.040847683335
955.864690004864
955.099033770519
954.024261989629
952.767300063018
952.341305220134
951.778196207409
951.470609953825
951.204582591306
950.793864526328
950.719930880313
949.643543692666
949.609503108069
949.501945822836
949.449753506385
948.658306021666
948.248084686664
948.157510782882
947.891595463674
947.457867837114
947.269982578144
946.954073841773
946.94946821598
946.800228248139
946.176827227431
945.729689695169
945.720264762979
945.686533082576
945.685437771563
945.296154319914
945.27452552968
945.251711129674
945.143031920619
945.10691772798
944.958675337341
944.772534258681
944.593141579612
944.564734935037
944.441342525874
944.408030827986
944.266348341682
944.25043048423
943.990537132517
943.942137845579
943.833540578912
943.8330183488
943.739327257544
943.728867826228
943.701877110389
943.59147739228
943.535449625707
943.35137822465
943.271816570633
943.154588029049
942.992319321814
942.840127087586
942.713580087374
942.573928812161
942.553613510766
942.458887722657
942.450792394384
942.351142351725
942.290959486112
942.199076307513
942.174315112861
942.047281477542
941.979334435388
941.964015320549
941.832479070783
941.797664804524
941.75113616088
941.450680561559
941.330973223801
941.31636793201
941.315532068457
941.237976582971
941.168633998917
941.033817571525
940.976706425171
940.975535411339
940.920662791752
940.837758444208
940.817961801043
940.755660226572
940.655757893589
940.318612165933
940.281163461719
940.15281894926
940.13879646985
939.905355890245
939.873336966847
939.822584790322
939.771889049282
939.686283853419
939.682598007604
939.58700047148
939.565830812342
939.545592455438
939.539827937527
939.525581103077
939.423030539578
939.416080659286
939.4059036628
939.400400659149
939.287164297402
939.25995949835
939.228750882919
939.081315843243
938.930760853513
938.923880230481
938.923385211467
938.89424952718
938.824054549129
938.72784344158
938.686123953631
938.6717953989
938.649516676427
938.607835713808
938.579463051102
938.321694604263
938.299092794305
938.270891185385
938.122666739901
938.121539475897
938.101305375351
938.049983712872
937.950683607176
937.941211011532
937.933300357003
937.895372418728
937.890027945813
937.872656096783
937.796718120887
937.765733766575
937.755228042942
937.739526799766
937.709664274486
937.706411173005
937.704800191385
937.645317717568
937.634148022555
937.629080330801
937.592458791221
937.504283331374
937.484131138188
937.463905911692
937.455969439543
937.442793088287
937.389681651638
937.387672577694
937.364110969684
937.251341052351
937.245493797711
937.210238028168
937.206101210138
937.158446124955
937.104651811645
937.041576625077
936.926933251128
936.876149679209
936.872148760877
936.846087358057
936.841877633708
936.800742015011
936.723990601258
936.709151331215
936.696074453126
936.687331729813
936.614479412928
936.461927943236
936.437901298746
936.402217400272
936.363315657378
936.309037960621
936.306514097858
936.218561418322
936.2149664732
936.174840777368
936.16903080014
936.137268870825
936.134229468453
936.096621855876
935.989195183258
935.971524964582
935.879619593787
935.851815341254
935.834506188673
935.74532584165
935.675092892994
935.668560160269
935.619942902346
935.581401101564
935.543748020697
935.404573010986
935.376602020329
935.198913331806
935.198394343791
935.187413274899
935.170126428064
935.134141622677
935.101828869773
935.098237078602
935.054142274189
935.033584468419
935.03352522573
935.017210992958
935.010694927775
934.995406316545
934.965735413748
934.925293286333
934.916328103233
934.865445127468
934.816536300294
934.649095908186
934.636505362721
934.532536405354
934.518920999991
934.51071529607
934.494287576881
934.384648363055
934.37252985951
934.353727407979
934.339329596136
934.31223288186
934.309773177093
934.247707795332
934.236778813108
934.221375137212
934.204141564843
934.162313384652
934.144182017438
934.061392750646
934.020140407296
933.961330332471
933.961189163972
933.892585168808
933.849479655472
933.839029031551
933.804659578313
933.788020005654
933.774445743143
933.767323130365
933.726148500609
933.703098309102
933.673187549562
933.651057764248
933.64935516993
933.6124317663
933.604339091142
933.60383533149
933.568911908502
933.567621309081
933.559075280151
933.469104417192
933.460406196713
933.430575224783
933.415529661316
933.367000910044
933.305497368037
933.223567891835
933.208697383253
933.206355182627
933.198829266559
933.181542690065
933.137510275634
933.113806574445
933.046139492607
933.032009202073
932.938747441675
932.933095077796
932.862824766338
932.852066920961
932.846876758418
932.821250957065
932.71095773356
932.6671521266
932.645494198013
932.610907318264
932.539106872049
932.504637227208
932.482859591602
932.394478478638
932.351845255607
932.315290076011
932.289821582049
932.253826681201
932.238129727859
932.225178731769
932.17380546558
932.153209595115
932.093975889619
932.080906703721
932.052521674249
932.022629189922
931.948504953875
931.918632080147
931.876182066585
931.86749276743
931.864051698005
931.724202550758
931.703272008741
931.679790880058
931.650091954408
931.531181494318
931.509321726007
931.458033694135
931.454495326749
931.443401761104
931.437701011483
931.38295691423
931.349062577858
931.323340667505
931.252427246614
931.225542350615
931.208592056745
931.159007573128
931.147861539695
931.144233603713
931.09614165374
931.057337833581
931.006654068451
930.983966641822
930.981830179436
930.967352645469
930.923767922067
930.900294083158
930.892928808678
930.858953945517
930.828570603493
930.820959864036
930.817204450479
930.766724771854
930.668116938446
930.659285927969
930.591506278913
930.586026804693
930.556095319765
930.546837805902
930.539490581067
930.53053901605
930.496959442107
930.488016144485
930.465945467461
930.421819845309
930.415567888032
930.374764920113
930.300720207156
930.252610986881
930.251181965422
930.225352884649
930.191272273603
930.17896557551
930.166234336893
930.141854302404
930.070103354907
930.021582356393
930.012250891143
929.973883489373
929.946387034023
929.943717355159
929.926944118865
929.893563661817
929.88451324486
929.8655040365
929.810552310878
929.770419706266
929.746315393126
929.745829545908
929.743579844575
929.722461906319
929.721511258712
929.656486350959
929.628383355437
929.626850599078
929.61456184644
929.605618629011
929.577609253666
929.552790183891
929.550072034019
929.513049936367
929.434713816818
929.429842144264
929.422421516844
929.322631328412
929.314621344458
929.243252114766
929.239225840628
929.238526907567
929.224907908669
929.206692059806
929.198129735924
929.185597982852
929.143415564456
929.138847685334
929.132290543718
929.11204798697
929.108689955572
929.108403411064
929.053880026537
929.004519996114
928.996261694896
928.988462806496
928.973540389662
928.910269657247
928.90914309601
928.884715724575
928.869215903499
928.86628145574
928.857912281747
928.780422327315
928.775056909
928.746541214521
928.736055457201
928.729349279969
928.724873949259
928.717697976101
928.696961478168
928.696854833162
928.675985363388
928.663642399935
928.648020840228
928.620772910543
928.620222125606
928.620035229572
928.592906479203
928.576398850127
928.549168383134
928.517680583528
928.514832344145
928.496774189912
928.493381883904
928.484135877239
928.470159184654
928.459013543462
928.451819082403
928.375563513518
928.362775353181
928.352975998069
928.351452822015
928.328426617715
928.324669111309
928.322676422637
928.287198317956
928.262378101552
928.258808393181
928.255970314293
928.241435196083
928.234399206014
928.217974426852
928.197230589909
928.173507505714
928.148500298447
928.147955499842
928.119643850123
928.078105853275
928.021326733513
927.98443341991
927.981610014627
927.964778737429
927.958576579192
927.953168440665
927.950453352201
927.855197874481
927.827806893907
927.803359794104
927.782018256467
927.781277017164
927.744993963661
927.691391373321
927.684530231702
927.637780165986
927.635210175081
927.634468330192
927.607936921547
927.588603577411
927.54760916692
927.540608291209
927.512522169169
927.489247829227
927.481906632633
927.474517635261
927.453766524662
927.44492496629
927.442762053242
927.3924452558
927.373311415761
938.15630761621
927.784142628904
938.882071534401
931.107434917883
931.263092099678
948.236917480103
928.445303077793
933.210811561432
935.639079489809
949.050041156276
928.080083552091
927.559177406393
939.073106257278
927.596592906988
931.447310882166
928.973956996303
927.941756021149
931.205706456497
939.106893013476
951.7950789017
936.888025319459
928.325038404487
946.31064716425
946.443442970594
931.431096185243
927.511335167969
927.834755152785
927.675406930746
933.653230464911
942.143259189983
936.467425157148
929.802139401068
957.275975265437
930.309554503171
940.243660813722
936.761513756803
934.495250450155
937.697186236166
932.677692455194
930.403422670979
931.388992536784
932.066942699862
928.027145154528
938.38441439474
947.095635202295
935.122318183502
927.887401075654
940.073393151331
940.295553243599
941.943038191622
935.918021504757
937.500001403587
933.94264871385
932.964766103052
944.410923356913
964.288277091548
930.815336513947
936.400428720176
934.401866330377
936.190455865404
930.390578610956
927.383872246723
929.178263600284
933.988405129171
931.442555779026
932.648268480848
935.821394990052
930.248353243418
930.617386317577
929.913455410654
933.217567280553
942.604802505038
937.976425260491
936.983397981043
933.338916873162
942.12328236221
940.915117494855
934.456451043781
958.921313708289
939.134446525605
952.988294925926
947.791040893234
933.709749031028
941.036679734546
929.006848764733
960.735901184904
928.577954721068
937.016347769631
929.435926179314
934.469652676447
936.029465219463
939.35923682967
939.407818926642
943.77408504469
930.044025125696
930.789217878353
928.426496706669
930.932252294416
934.314279832299
945.260115014293
939.227827242377
956.234926021844
931.189917478447
937.993029500835
955.487777169767
941.354702567454
940.988038011255
927.322991352781
927.465547165074
927.974358800392
940.517647217129
927.556365560324
936.271209272487
929.416035673738
943.597392536095
930.79082069278
941.652844759122
940.749271062085
932.181927492901
942.115114026825
942.486673661355
928.243282491014
938.931907723113
937.564922653086
932.245792655006
933.996851097305
930.932001232289
928.044304765328
930.82411867427
942.564114398393
939.978314143184
944.776758591475
933.298987539845
939.57043339836
944.35716546022
927.822746507177
931.692123693315
931.594745413014
934.537694969954
940.587605391189
927.374143769949
949.252450401003
933.987494575453
937.845178551627
935.215790310074
934.118175888313
927.721986939922
938.608608030447
927.438322519063
930.950131565978
939.682315213749
933.224091969946
945.635165026722
938.264366505739
936.398703421708
928.696683048177
953.966680110766
954.138072723831
932.595298172921
942.533159843643
936.720429963537
931.842990315376
938.018624643689
946.046844417167
927.682469465955
930.190169055827
929.649251775316
927.865850249573
942.299443368092
931.390943916463
929.612372344284
927.836738948533
929.753472663698
930.339953857521
931.156655495221
934.044947190852
928.210451218794
930.999711777315
942.508974828132
937.674387356836
935.48354929933
929.227937093401
929.879796366854
944.166204733781
938.95390634858
930.660940630133
952.814810658994
947.617804330433
955.812064551033
928.379075689818
946.661774889666
932.805844160797
931.214877633103
928.600784487894
937.664435151581
949.168599725844
934.733371486056
955.457097199437
930.508108867475
929.280187957092
930.360070807244
944.691394902019
952.092649433865
927.388890606761
934.817209039685
928.723494736754
932.017119909527
938.679777436077
927.790916502041
946.100415395719
931.067356143728
952.020178153358
934.659634134515
938.763292798061
932.757010611801
932.153533150137
937.905101894887
942.901434503128
930.425421546032
931.256388977152
929.715846931062
945.669960804914
937.335572057704
928.841025621643
929.682232456534
928.907594286316
928.96614390806
927.327451828335
929.692817324544
927.926489900995
936.472558639988
939.690259674039
935.465575498475
933.859286697075
932.507337113372
928.865036317006
944.635899642341
937.751331312975
932.041001123846
932.359315675413
928.429083137506
927.375676108264
938.457737011984
930.493450211141
931.809601247381
942.198598065882
928.672090616804
930.214487687017
946.672767896206
936.147501296931
930.136443693223
929.966885480644
929.855531681946
941.483944529065
938.570794950078
937.802976796887
935.059049316588
927.942511540562
933.783681760233
931.028760179481
939.878929455888
930.399078597255
933.477949820798
945.014992739863
931.406646653745
962.018110271412
946.252822565639
929.535674345871
932.507346019523
956.898950303382
935.34751238438
929.947339603436
932.146227111182
955.577637296297
928.27688253133
937.085544256186
927.34248261209
937.106038541731
945.856229171933
931.108899756377
936.056763960298
940.380961830935
937.907824844636
936.217430090294
930.636171554908
940.429450892452
948.381493086669
943.658735768758
934.570172843538
927.606876197347
935.975788007543
937.848943409235
933.593543733242
928.982008688218
927.909140219504
927.691182090984
935.524208326002
943.544990031243
934.323292701664
934.360052834024
930.12402180802
928.706431255304
948.258164697472
934.685132019863
936.112792475848
938.980800744667
927.886455918687
932.334422496697
930.431068765723
953.000665403482
930.129843444009
931.124495767248
942.997331096058
959.844552982178
932.50823169035
936.080910629794
933.187912991734
932.82474461327
933.501200268858
928.3210869698
929.039537724558
927.703201715488
934.877968357288
931.91130024201
935.803677707533
938.228434388609
953.416894806277
934.490261856774
933.448345789565
947.657138735122
930.37455937258
930.666981439468
939.223931230878
941.619678997688
933.384561872414
935.4613892702
941.229923334397
932.099367785447
927.69297028867
940.337188850215
939.231173670848
939.229784795316
930.259395498985
928.036547382502
931.170849812462
940.151043689859
945.193487631853
937.751336626297
939.182630706752
929.701642098782
931.595416628808
930.142476649771
931.294615198511
929.250960121106
928.483776437372
931.493107618641
928.616332751483
927.799161831091
935.26025604433
930.153000533814
939.982741663079
930.060392346449
937.75306563932
930.062175598739
927.691695673055
941.933369996632
934.276516067066
927.321970248938
941.118602156576
939.613519725505
947.33244791281
936.870926021742
940.810527252233
939.798630563537
935.337885342965
940.826090522988
948.395104046715
929.454331818488
937.003111033038
936.413236662489
933.272380485897
931.699683867304
928.184051055907
928.383810983199
928.743295122332
936.380690898167
930.945584883202
929.62702468061
931.459027169079
933.859955396322
935.278646724779
932.443858917926
938.351356748768
934.532028103202
943.802451329963
939.769110684041
934.062856757245
932.464861391867
931.343687511542
927.91453512399
953.072731488485
934.684707400979
934.732085467724
938.442494382111
930.693447290016
930.8658876819
930.220000998974
932.232997731188
957.253451063594
934.342548021927
930.48032056977
951.929296191155
935.921054955264
929.892573408232
934.791914275297
939.2693249291
938.457848038707
932.560919160611
927.444191231124
959.87730031844
943.999743150996
933.452895118167
942.629761424198
927.881553394061
929.273179802195
934.993494364712
935.722161445985
931.253061730869
933.793650487649
935.648178211612
929.329502784375
928.426881524809
928.471129063974
934.327848992908
937.761975504551
930.27778642564
928.51860124605
934.386687547739
935.126551756281
937.98306584032
934.461130704209
949.308873805607
964.319685186282
932.961808327176
928.842234616286
930.844942915111
947.647409331798
938.69832768395
931.420758305477
932.825042032859
935.50804491379
940.278520320246
949.345059163757
930.73098987588
928.706240619965
929.472635921382
935.152674885501
933.33758090117
935.785482359014
934.103244220101
938.534662375815
929.566527893407
933.405851937443
929.591413757346
933.589935449988
935.179655511639
935.815283601237
933.739484969321
943.399566749363
935.268515205784
933.612304458198
935.811932968183
930.483595985142
934.08378581573
930.327720477291
931.856031646417
931.301708260397
928.461838272616
932.320004738158
929.705557671003
941.081885128484
927.882651342908
949.091072229634
934.138215229389
928.556355319243
934.599166904173
940.489297566192
928.348796044326
946.045157405825
940.928920930556
928.974037302495
931.505687064555
927.471557885333
934.941496059307
940.75526879219
938.817113188345
935.970848583163
930.111668605958
928.883969655414
936.034137010844
941.074596935533
935.439447504898
