825.780506443216
807.411460445964
806.314057012575
801.323095362188
799.1296030796
798.940268813849
798.083422160911
797.413129768223
797.336281567101
796.5299564498
796.166255825698
795.744502099058
795.374107077638
795.249799247789
795.142968272517
794.034390257378
793.269683379721
793.217192919534
792.85536252802
792.1640068524
791.781806931244
791.718350124327
791.63246344584
791.610858370558
791.375184650778
791.372943030703
791.134126175789
791.077971283005
790.992813081918
790.981329240208
790.778425213074
790.742280598696
790.727044132944
790.539676758642
790.394977799868
790.365701172625
790.299197794086
790.200587443434
790.096032808947
789.867133965278
789.856466091821
789.819961615763
789.698331837785
789.489413217568
789.340074012832
789.20500992482
789.050024344922
788.613558483712
788.474263238951
788.452783875022
788.40491867264
788.307965725327
788.164047517581
788.145896655893
788.099183687045
787.933458723891
787.917738290079
787.890561355896
787.818923146892
787.770763591906
787.644229963037
787.638659185654
787.582282338698
787.561444610386
787.383623619745
787.366851370267
787.318806743888
787.116848742943
786.856283525933
786.826874146094
786.804078134065
786.760340640254
786.619871342507
786.589971742765
786.332502478345
786.241151242211
786.218604044478
786.139861306642
786.102398725229
786.087264188545
786.057921512753
785.99881777056
785.912907540377
785.853443435877
785.750794790998
785.589295932092
785.579248425808
785.534538708451
785.378193358257
785.377114463325
785.26694783119
785.255485614769
785.222774676156
785.217408708504
785.184651031264
785.182354732143
785.088697893081
784.866255433558
784.845880308845
784.703766460666
784.69302161526
784.637157281947
784.595145859191
784.542751489164
784.529052608369
784.464707407736
784.426137009646
784.377442372959
784.222218031112
784.083657346746
784.060597625643
784.037861033894
783.992415414999
783.969478428726
783.963381415811
783.792868355428
783.771920731986
783.726236328782
783.669723523425
783.619070922511
783.588255698708
783.517342954876
783.510064381039
783.375478173819
783.281437542403
783.278987721572
783.219749963962
783.173395380222
783.150189296446
783.112067091751
783.089109489129
783.036373283492
783.036296598228
782.981233678024
782.963669827583
782.909806837794
782.89283235354
782.844629199834
782.818344974766
782.750293739297
782.707311655211
782.694358439988
782.692112881205
782.636843496126
782.621989729982
782.555636283456
782.535650768132
782.486332832025
782.457781559219
782.452863338769
782.439844901285
782.434645212917
782.413841184197
782.338363227246
782.219973201325
782.201368064551
782.186295705017
782.101904779518
782.101721891846
782.100773576395
782.07411290198
782.026850229501
781.978055575462
781.813331398914
781.782884274111
781.720462290975
781.703259981695
781.675813940338
781.65107977452
781.649205477294
781.648056210797
781.630207160756
781.613969884405
781.608134681265
781.60517142634
781.588460247654
781.563483985922
781.511187452272
781.509398815954
781.507786460573
781.497663853501
781.481742899056
781.421126839423
781.419779475876
781.386205219307
781.356642657359
781.292804080741
781.286017414731
781.256132055771
781.211167738474
781.18558050103
781.179795248436
781.16816423114
781.157679207909
781.154541364428
781.147141696241
781.130428560443
781.12991534943
781.112244507292
781.043633560331
781.032086047278
781.024110999024
781.013909177751
780.948976349469
780.94796227589
780.916159688362
780.915332418227
780.913239583065
780.822213176759
780.806906433663
780.802035558571
780.797075876401
780.79426027263
780.786883612927
780.781713390757
780.751095348532
780.733990868379
780.714670400334
780.654535315673
780.64824991683
780.628388173095
780.613339570385
780.603060997904
780.600952763345
780.577690446717
780.559177437804
780.544107994122
780.536873664471
780.52001875397
780.510381820813
780.497197375822
780.492643488002
780.480573225105
780.441493693263
780.429230722865
780.404541910809
780.395476036578
780.273141529331
780.267667153838
780.250634024504
780.246749778423
780.214417893303
780.191922791055
780.156130013518
780.093618213197
780.072680830929
780.070385698038
780.054666334168
780.012721347616
780.009254035892
780.001859638174
779.980744969647
779.980193546118
779.972087324022
779.966208916852
779.95046209201
779.937013915725
779.928906704069
779.871766883839
779.866225693652
779.857892697655
779.849911163192
779.831337646662
779.826958061157
779.815692077371
779.800997757675
779.786443315614
779.779524222807
779.731392745285
779.718015111583
779.707063963744
779.704876435281
779.682575882581
779.648296467245
779.64610200532
779.643220586299
779.631228832383
779.610314727128
779.609165742838
779.603419661789
779.603316316221
779.576476696625
779.572803418355
779.568026265544
779.564935825098
779.560053814458
779.559505944353
779.558252527711
779.52041571315
779.499296501196
779.493939939494
779.485746024843
779.472126039595
779.469644036814
779.392712571042
779.357696189699
779.348225252369
779.340015571395
779.338910521501
779.332524408595
779.282289837764
779.280656920368
779.274477868229
779.264837013839
779.243704739297
779.23316559839
779.208308810993
779.201632252744
779.167442207099
779.14036897855
779.054577743907
779.053753605923
779.051115769862
779.037359315946
779.032707432915
779.018086472189
779.005896491161
779.005144222266
778.982975785219
778.975668193498
778.973962140116
778.972210441168
778.934264904925
778.921685324637
778.902194385411
778.892619131499
778.890203650953
778.884458923515
778.88188467126
778.877309406987
778.875216287417
778.861516432761
778.859453019882
778.845634186241
778.832108195202
778.81302180143
778.807345496927
778.803855288341
778.798860910261
778.773289241239
778.76737121497
778.755752734764
778.745978520063
778.729655671308
778.717569617578
778.695301789371
778.684184467012
778.683009355959
778.676531935567
778.668092548805
778.639239471668
778.629764960822
778.600704454527
778.581014697226
778.553441431103
778.548642807007
778.533115135511
778.486144053682
778.4417385531
778.441635503551
778.4399317362
778.421902863774
778.409474012123
778.405710102844
778.400462371548
778.400444034252
778.372924621233
778.353926231084
778.340722335844
778.338884432368
778.330835448391
778.328371600619
778.325877579472
778.323346898467
778.30706925487
778.306543817823
778.302709048886
778.294865250476
778.284220626991
778.267867547265
778.246732339122
778.228533569098
778.228238192644
778.226071569572
778.200134092846
778.191340760206
778.186653069116
778.178420004507
778.169605011991
778.162365077063
778.146919993266
778.104219457134
778.09355013022
778.084649067594
778.076189476295
778.02959194125
778.023386838458
778.021348228785
778.014209091048
778.010728719771
778.006600741292
777.998941706438
777.991006660376
777.990949714931
777.990460359539
777.981852543633
777.978777069901
777.93346657924
777.931398147976
777.925553568613
777.924250725096
777.91828236621
777.912039511055
777.905213587154
777.888595806835
777.8751566041
777.861840986865
777.860650469255
777.856003636665
777.841747664535
777.838230968977
777.799193784087
777.7839292908
777.780565784183
777.771674238405
777.761863985079
777.726918348454
777.709763292183
777.708020804755
777.700669641647
777.698141732925
777.656479872826
777.647388404292
777.635480055703
777.607346995581
777.604571531749
777.602643082052
777.590077017133
777.579770167173
777.577842171085
777.558444804188
777.546341649867
777.538634669156
777.535210221349
777.529906719728
777.487932484583
777.487052506503
777.462786759323
777.45960400317
777.445880004399
777.443635764488
777.433366477678
777.412077135108
777.405097332212
777.394365548248
777.393271077936
777.36707349197
777.356680930494
777.356117411648
777.351376736601
777.350925319254
777.347654051189
777.331446662178
777.329060137815
777.31437141902
777.292384765323
777.272957517046
777.25964533131
777.251739600834
777.248633856755
777.22818653085
777.224436680165
777.221039410316
777.216654669886
777.202411722174
777.199985755619
777.195805050978
777.188896240143
777.182704244184
777.180064314591
777.172047734689
777.171570448164
777.170616346565
777.158000336867
777.153956771427
777.149719247607
777.142191767334
777.137380953216
777.132328696407
777.122021281555
777.116404021981
777.115863229789
777.112076334634
777.100921688819
777.076217542876
777.075255548259
777.074189648494
777.072783118923
781.67786639847
795.443358325666
778.60877992178
777.358948496593
793.5313067699
780.909173912652
777.926996754229
779.988994403606
789.51037763446
777.238313325152
782.156598998512
778.192032623023
787.181983410451
788.74510135312
779.587897372497
789.687961445862
778.66498718955
780.81254247822
781.224959720035
790.044535640613
778.481087581322
777.416828805867
787.883055712572
778.527280812868
802.915269804549
781.56131208356
779.305388611389
779.816757106578
796.496278080019
780.987877861044
778.363242742362
797.298311190658
787.48429528728
779.062824579604
788.295501303284
783.649409764442
778.464167449383
778.465766567345
778.524035440356
777.944447484429
807.42436091878
777.93439902939
780.056697817972
777.653966571462
790.840351822735
779.941598001804
779.550219809417
779.61077430664
789.760029196197
783.847970434574
783.684223383776
780.660422930522
777.723282947269
777.342841234118
779.756145444983
786.688189192262
785.210220439908
785.187058116703
784.452653406171
777.818792464067
778.405917404359
779.094935181932
778.724361666339
779.730619118802
779.593151943229
777.784718137365
777.251802423797
781.885199817882
783.024622094552
777.896256801738
777.541723999333
777.676920685929
778.448766411141
779.708898643856
777.109986042614
794.006695254049
777.277220388002
780.234145713784
783.824868626278
780.859456980932
793.178152784219
782.31539819344
782.072615037366
788.296292506063
781.189186169735
781.737873674083
779.019079055232
778.215682273086
779.083880065345
785.378154829117
777.317883329138
786.684925039354
780.002802055355
777.064921587223
777.679133188218
779.808774492792
782.619718646885
779.676817534456
779.4932161329
787.643750649309
792.592905876557
782.290028858135
789.206527895057
787.464267960151
783.226749305588
779.212385694645
781.559548776811
779.086546105422
785.432893654276
779.132774574678
779.727207650288
780.320777317433
782.107656755414
778.449144027473
781.070618730604
777.435548023778
788.071744067061
780.375833763815
779.357985171377
783.640271973172
784.891519435815
780.519921429884
795.958350180096
788.291794111591
794.172903456585
782.701584102852
777.131619085739
782.27781191458
777.292687625215
786.0623602064
785.994531500604
778.38934842621
784.111435770508
777.058188234037
788.836771209097
789.724994365976
777.799718953984
780.020963502325
785.029431100158
777.059448414877
787.222922266813
778.114394537441
779.491094138028
787.330856882948
779.056017413233
778.72584985778
781.07635277057
777.850743354615
785.250821262459
782.676918119981
784.360471261885
779.916932983514
778.7968442582
822.999488104679
778.49572651969
778.691640361617
784.48090234393
777.539580904712
785.03410332763
781.701723415052
779.613895245169
787.397792347999
781.010254476961
789.496036518702
780.9840122046
780.952249390815
789.072226030137
794.550898548733
778.037552851074
797.323189202596
789.481664050225
790.205311352609
784.365375709843
781.307453523507
781.330080021407
778.042642510193
784.852672418116
788.762797632487
777.449905056951
794.28253184105
786.201778633683
780.611459972537
786.020578563275
777.239683690624
779.863818749261
777.225655458886
780.657448583451
804.141329823046
779.587031861263
782.997900384625
782.462395244238
780.17332391656
792.296837750448
778.647326444411
777.234751872389
779.808967356223
783.91370237218
788.338754234118
802.097557569801
779.69244273073
787.273083043754
777.201269296576
778.023332848298
788.622908406306
800.233685159655
786.549746682446
783.996514345673
782.734543694745
778.543501862697
780.654450525013
777.982037355109
778.029058196263
782.763899549898
778.9304813525
779.059105522366
782.436985134641
777.953763575043
777.136195196673
777.058387425208
783.349414495735
779.989819200282
781.216830207268
785.569823131095
781.431607538709
789.14631502963
778.157825176478
778.117073964795
784.891025228764
778.224435148692
795.764124229125
782.732330229446
782.960147050567
795.213806553294
777.106604793193
778.695599268956
780.496125163116
783.112529257886
777.721138997885
790.293140496988
780.221656899363
791.133611443958
779.449971672372
778.235503191427
785.21970341185
777.587774850235
782.595894130544
801.048021028881
784.838825323482
777.900025959479
815.940399187349
781.141296529363
780.869246839439
778.080453219352
783.313557020082
777.753766580965
780.14919123097
781.858749022268
815.249252632796
781.030293411939
779.271223772644
777.717138014015
803.508693954538
784.680095409791
783.407358903154
779.614804695983
777.704386921535
783.489995953045
781.576462973356
791.959396768014
784.051570841652
791.755224905015
778.958446102297
788.45573585327
788.108872496477
780.610195710929
777.161316040492
783.623930017298
778.191477563858
801.703906553189
782.945101187592
789.037872149202
779.715831376785
777.698189391185
777.856269409338
782.023438032501
783.031277391432
777.927729476857
777.478175399329
803.606502858525
797.491585103248
790.73669807021
782.999766421692
778.152039642909
782.043107189678
782.168602454266
781.767953659704
782.749917911834
791.482038675071
787.287645817108
782.097996550709
779.02894834103
782.107131223708
778.594658991899
789.883318854174
777.385996180142
779.147858824467
790.061941875903
780.835891618294
784.418040786791
777.683649491689
780.447423687681
783.316155942671
779.874192185436
788.701126133612
780.700276545174
786.360800018521
795.077384265983
778.87635803648
777.809651158952
783.770190508597
780.827209629078
785.603559238592
780.036156699146
783.237318066301
777.97582216429
779.183789012584
779.03087989274
790.59978726939
778.749493977519
777.765879148884
778.379975392831
790.079913849476
786.415076547535
779.228427533048
779.991458427018
789.884371840981
779.453760565258
786.098037495516
786.307950812052
780.841992279103
805.642059701061
779.572163567658
778.139677782127
778.310323554606
778.581595945584
787.762678043724
777.171701412063
782.437276487424
784.741040449774
779.46775957595
785.041362534783
782.085479547987
807.781065904276
778.688239832349
779.847779713657
777.985071144331
777.202194868924
779.827448977887
777.066593871768
778.902206740135
779.284865160511
777.629292404273
778.215869016852
779.246887941464
788.92849965588
804.798350380996
783.683771112245
787.568635777513
783.894633892198
778.231932952784
783.314488225506
782.386238016378
789.69035917707
788.52257034205
778.317577502674
780.770281446816
787.478386834542
791.097293574922
777.369429077648
778.942565296087
784.673289094299
777.416774957759
781.620903496254
779.015925912252
777.852694108209
780.181886916854
777.295254669153
782.323635664355
791.295678562213
777.795346156653
777.165111386689
777.510707629339
804.619647850757
780.935371368964
777.838540057019
778.742889016801
777.615512533658
786.114408454561
782.095873689445
779.107367365771
784.103483373354
783.763908827907
778.814509270099
781.565955096667
778.704498039644
777.594536086288
786.031338054824
783.50774720958
781.896206813513
777.3547370162
777.378487023999
777.948158014865
784.090153352167
781.814350344324
780.91845926269
814.81589290933
779.648473078155
783.153523581202
788.100815964689
778.261152045596
778.748553601313
810.03428358875
782.747861520276
782.978318097048
780.511698091993
786.92054859546
779.914669489413
777.793260468121
784.987262432106
779.989002465775
781.012022963215
805.181183567214
778.408501905254
785.06186456903
782.059833760352
782.164976815124
796.217268670058
781.11612334046
778.331098013849
784.147169526249
781.50704578224
788.664110212601
801.946595125581
785.482399360314
795.320119185972
778.383382971961
779.923481285459
777.713810870466
779.049135527824
789.242829172479
777.45483076704
805.104172784101
796.083056654003
779.036727542361
778.090788813519
783.832113123062
782.929546210532
795.563660861858
811.44026460024
778.128453826356
782.420958343731
780.490566665981
778.530523902509
780.504067295206
778.363157769729
778.583038355835
794.89115253955
787.32755367509
779.762682926915
786.346130755852
781.405319874331
798.301824421581
781.121293497485
780.323226043501
778.947482075417
778.810178140232
777.716547575077
777.892372645045
785.633546932623
792.507607615899
781.21541143312
777.276570846508
784.860335912783
781.110303734785
777.648149457852
777.300402291815
784.207312752278
777.803639364191
792.945766683089
779.625207500385
784.464896613965
780.650605635436
780.84854924638
791.803220044099
788.974640980253
777.743478470328
801.066102019645
779.069874109645
784.910421082846
778.411261555033
783.798792343876
778.931723287794
