873.811589283272
873.740707757371
864.756937588918
860.485561630715
859.802140037543
859.698361210891
859.611889482983
858.829369296461
858.530999264607
858.472337145117
853.80818047419
853.77330183866
853.702410221229
853.589342103604
852.819683683288
852.698484619661
852.59915128502
852.331004170881
851.829344258604
851.789587493952
850.702891029236
850.268123769464
850.165629355348
850.15390314904
850.038193459744
850.006420833525
849.354127491714
848.979431061541
848.733313184504
848.649272806799
848.375777563159
848.046260844194
847.060463922543
846.978717833478
846.84147951984
846.499820726869
846.295945178631
846.22582658229
845.815958656527
845.737775725605
845.701016124504
845.653853497093
845.222836225337
845.019922733053
844.863307953155
844.484266557896
844.151274341045
844.094133784278
844.063208199113
844.062199789893
843.93615293752
843.796949589717
843.427464329126
843.296627542154
843.226501146065
843.181285296241
843.119558982898
842.892521270171
842.804544330994
842.77313712339
842.447931655283
842.217200579703
842.204175123129
842.13029584503
841.98084796124
841.884246085093
841.860326628783
841.822536183769
841.804625581448
841.788270577726
841.767008943003
841.558632907233
841.554360697231
841.537471950624
841.518095379956
841.381517604065
841.297559435565
841.265106377254
841.264422062929
841.228374601838
841.192759431704
841.158161697903
841.057989391546
840.986762103505
840.856031268949
840.664530276508
840.655471301229
840.402000865696
840.29141288479
839.986824778165
839.958191470771
839.666909089291
839.533990408843
839.449444276593
839.411426033477
839.397124283427
839.297191437621
839.198903167092
839.081330029784
839.033345451936
839.029231120772
838.932876286342
838.804774489355
838.78470496106
838.768946342622
838.751542748258
838.730249225164
838.716394379049
838.672688522293
838.484014826838
838.378102440927
838.305653024015
838.232669971031
838.198111890997
838.142005323377
838.139102479267
837.719883309152
837.701971006471
837.646248676635
837.404914918721
837.307074995629
837.285211546285
837.254793699908
837.230994396405
837.22263177115
837.216491156087
837.173316329509
837.164591781828
836.975985470604
836.943766054211
836.788898506646
836.771363942575
836.545909602692
836.503316543595
836.384652400247
836.275736548412
836.265889525942
836.233824976332
836.23084447208
836.203078641498
836.172720435738
836.07745242433
836.062833137465
836.04151181232
835.970974855597
835.947215250534
835.94645913727
835.816017822425
835.777166423701
835.687006837984
835.586932591425
835.559224800411
835.556129567507
835.450444230492
835.431240191653
835.399199786175
835.331677741806
835.325352939311
835.249012798651
835.209026965709
835.199872962277
835.157528287867
834.932231386288
834.757809316748
834.694972856975
834.625117715095
834.567647468225
834.566805734493
834.513311588615
834.345256345639
833.979905850329
833.907874305952
833.90529646049
833.889727522729
833.889184156343
833.878150951619
833.85214701973
833.838215277143
833.78542243062
833.771058383584
833.757380810959
833.683316892184
833.640481021379
833.425137762114
833.375052944604
833.26325955425
833.254986918704
833.251221517151
833.154050613162
833.05994481139
833.044579448545
833.015857274493
833.007669528862
832.980781771303
832.96208862366
832.919298497133
832.890019903144
832.859485708902
832.85305950854
832.839585355648
832.813041283482
832.782162180091
832.751586019417
832.726133519334
832.709850694717
832.709721263624
832.702470169544
832.658426897073
832.652668926732
832.618290851659
832.558105230109
832.54594626175
832.514246264049
832.471996985958
832.450801747093
832.42784552702
832.418231729984
832.302551511166
832.272077262961
832.226991945134
832.202869299356
832.18783035804
832.159304569852
832.077101407302
832.037100195603
832.029727161671
832.023435870066
831.912702926952
831.838316583552
831.83557818989
831.813346359758
831.772030911325
831.706665456123
831.625657513294
831.623892937568
831.60747775327
831.559757983706
831.542018910425
831.479383699313
831.460551492419
831.421605775142
831.403477127342
831.401799436589
831.40000411041
831.39576125499
831.364984308858
831.352600415058
831.321274234105
831.29553750996
831.242538568673
831.210365417222
831.135130924036
831.123882216052
831.116080530811
831.089905784132
831.052713187181
831.025031052246
831.007859807987
830.98919883615
830.966528699405
830.924149751611
830.814501490998
830.792669988773
830.766807935571
830.756543448623
830.727089717795
830.691373946051
830.687718427669
830.68742735975
830.65620971056
830.635089239314
830.588944844083
830.427187469881
830.396832026884
830.39534928349
830.3565882757
830.325953368998
830.276797088137
830.212460269862
830.198802631661
830.15635211018
830.105721628598
830.015460073418
830.015411746695
829.957306047086
829.952061691957
829.88328849327
829.759732748429
829.734384753655
829.701619911291
829.674057077734
829.587102846055
829.5728357742
829.550643964442
829.543792226379
829.491303372872
829.481238854207
829.477487202338
829.460986376556
829.445157322977
829.420044379979
829.411997864184
829.404753871314
829.403657513329
829.395429510755
829.359539855179
829.345514697803
829.344028236745
829.317526701012
829.294263869507
829.221159684177
829.214191407052
829.204082956015
829.192571769096
829.18398146905
829.152993896749
829.152711609717
829.10345638635
829.068959136951
829.046863997792
829.019184312043
829.01017152554
829.008086641767
828.963571300457
828.941339831056
828.894362060296
828.879498532504
828.870547652758
828.852953514142
828.840093011965
828.818113323039
828.800994629287
828.764939404992
828.750664617462
828.744489344864
828.742887009049
828.741333085762
828.709705884098
828.706979073866
828.701900381985
828.695031614603
828.662437920693
828.622227609317
828.618853900337
828.588140403144
828.56287573108
828.494081877198
828.492114007935
828.414662061675
828.41143652934
828.387632212883
828.37753109425
828.339261797589
828.326297378601
828.298229909977
828.245934639837
828.211102425094
828.191747073521
828.187258109788
828.185224570806
828.180490752043
828.163015020846
828.154329465926
828.154177299057
828.143616294246
828.111216802173
828.101376584511
828.094760106289
828.088489926245
828.030070799077
828.024342295242
828.016104297496
828.010534980174
827.97077040396
827.967664619178
827.962443137849
827.911064003638
827.91033582483
827.808536935112
827.76678091254
827.757316014793
827.749368833582
827.727073745424
827.714243383167
827.664397060263
827.655193073094
827.655155526109
827.632315528729
827.591777255311
827.574299785235
827.561744502427
827.557609461909
827.550551843347
827.534691216898
827.525587672032
827.511753611054
827.457150046681
827.449298289209
827.424875933856
827.423041272813
827.399274795242
827.381588702901
827.353798839896
827.346757736363
827.313081451127
827.312125941479
827.307909430817
827.294234419457
827.283347779942
827.244071636282
827.217322948257
827.20717005974
827.179557946885
827.17185066434
827.166249894075
827.166023932297
827.160368748001
827.157994454334
827.096222190243
827.088347463883
827.070932245224
827.037522940647
827.031822478675
827.017446096999
827.005325685594
826.992633591586
826.979962653154
826.957646883957
826.951207196622
826.944529693354
826.944247994441
826.934113305443
826.934076632903
826.919853796769
826.910685693325
826.899226332249
826.893463867574
826.890487541341
826.886974112684
826.863143380348
826.852801088317
826.838703601052
826.827872171886
826.805804985795
826.804671894521
826.803614364779
826.794341401299
826.793303390081
826.788625918133
826.76387203377
826.74546964481
826.735402426225
826.706202756314
826.701534415585
826.681106464642
826.672768341554
826.653452980728
826.645647108352
826.644029145933
826.64363504812
826.638640154674
826.602205822631
826.593818388954
826.557400065262
826.542350161666
826.517820165089
826.491850734719
826.490533370938
826.467342471059
826.460025495192
826.445442525466
826.417516973424
826.397078236454
826.391680880908
826.384886563035
826.360166013796
826.339557239324
826.326962246468
826.323193493381
826.310225771944
826.270971173536
826.26921713585
826.259267999288
826.196016423917
826.169552790986
826.14597545901
826.12551450431
826.123291232133
826.098627132489
826.098252088515
826.076180318442
826.048171500468
826.044751648386
826.034581754815
826.02341213878
826.01921617742
826.015501588196
826.001862535819
838.230899712482
830.388493149759
839.596936060998
826.880025973173
828.050433884396
843.786334863666
829.291934018947
833.359091332749
829.960963064463
831.203909395217
835.388855500381
831.249516883291
826.236913955253
843.617663987391
826.278370215778
835.957808677821
831.009122058331
826.123109809916
841.587226577009
837.054847877915
843.496376135473
833.247742524116
852.20613703592
829.226723030008
840.359640428359
831.466105331671
841.888632991227
845.753803873053
833.598029825764
839.986019073118
858.080398354377
826.859450731706
832.155443372005
849.366415696719
833.259034916865
829.616715418828
859.330028345946
844.377340881789
830.685166391748
832.333428675496
859.943971857406
828.94461671959
849.330919740783
828.947900485805
836.987484953479
827.127059776134
834.116788836142
829.412394523587
832.973742068788
829.158801624853
845.825267037131
836.704399880566
848.265399660659
831.820751122687
827.478794042353
840.336028992475
826.368087196325
830.220163375992
829.33449332075
829.050450790297
826.187226948527
845.441045795834
837.44222425113
848.899809670828
831.002696320356
828.928742463649
826.751997071417
834.96428718761
831.446586084356
826.939240391556
835.165431873306
845.186606515937
827.129476308018
851.451367030076
849.01844326752
829.222664069172
836.179300243488
830.971498291436
833.763950438645
844.938185228504
836.204279712598
826.466120476205
835.046172899673
834.400823299628
828.661460759843
827.640374703424
840.238806055354
826.122539762229
839.002498693988
835.208322287575
833.44862485889
846.368808962088
826.691444563688
829.662145729003
827.917266304643
831.417580591772
826.008727084557
853.015712913914
838.116097826232
827.898880059521
830.376161667364
835.050528244669
831.504698567929
831.965100621414
828.629189966646
830.843569945274
827.421684734186
837.721542062379
842.919952614099
827.804652657838
828.144197132346
840.776344715637
828.358242367704
840.188980850856
827.990550762307
846.199914583767
831.406881456408
841.624040941906
826.879497744408
841.882721392788
826.134648838972
830.473521283156
828.760942670927
828.204110514512
859.137646126407
831.739523865375
848.747628609565
834.14331926538
828.702983354498
838.255343707735
834.710104724889
831.173758545965
844.515884095496
845.986865377932
827.159315312674
826.883561745938
834.451288278735
829.337209734264
827.957394890924
826.605432553137
826.644915392392
826.006196755157
828.190488645274
828.230919686829
828.014553286734
840.26979132141
831.620197155071
833.986656567838
830.548243498672
838.892746178693
851.985635861524
830.375418754973
826.662233976723
827.363465783176
827.475922057703
829.00329542033
834.318827923746
840.492335228239
835.0926042126
832.185674384172
830.941842684058
833.627699253763
830.045049544203
844.939226192036
835.6797097945
829.207324004038
839.724209144953
832.141174623581
826.049619934461
829.641720102656
832.224082501703
829.9600487622
843.557638229121
842.946875076327
827.427172214685
832.776276712382
830.861522308361
827.782919913532
832.61765692679
835.278016528975
826.206533495201
827.356072655718
838.962423575981
831.393895263475
827.410311975787
846.945037026484
829.952861811018
839.331192551074
830.162275271369
853.815278243576
857.527665482163
829.851850925154
847.66946616042
837.277584867264
835.168616632905
829.776413708152
830.065076733718
840.48985873398
832.449483328877
830.726265926858
835.93333302013
849.78298292306
830.167827769906
828.130867529386
843.148550225227
850.902223396692
847.206815976193
845.122823620149
830.319486331649
827.28937821232
826.795013277248
834.389564811931
843.621558056783
829.150373299639
837.844792332714
861.113500721914
830.436751968321
826.24949520193
826.178282050843
827.083538900667
835.126091489501
829.978469816063
826.252626290724
835.135402482919
833.448399286772
829.768039932951
853.229517177327
834.276232741219
837.246096666152
833.779178654524
826.745090834167
832.090973559656
830.096850650181
839.261807436201
844.824218611826
838.542349160735
826.763623385145
846.434672146596
848.663336400603
834.928106575825
832.089907868484
828.850450235083
827.692224721252
828.588585431792
828.42673693514
849.615984146903
828.173843032778
831.889685530271
837.202457357022
826.16319739243
827.678845947595
836.489548763146
841.997775816523
834.074738239901
832.618005987559
844.248101273324
839.264232137608
833.374642039082
835.952315084857
829.687345508254
830.99023915301
848.19749384519
834.772994271112
826.584784107421
836.276526897798
842.444501378119
838.435387623845
841.435961378675
834.608565389736
843.502359971961
827.996231524167
840.039845529106
830.576321180882
828.933812889684
826.017022279142
842.771526469783
826.865048582679
830.494351317247
842.843168273419
838.214919588397
830.68125157191
829.516677520199
827.819236145944
827.785892708561
836.003920584927
828.620782509981
826.462622599489
835.498663295758
826.915120396092
830.850398856741
826.331704967312
829.62341318748
834.513895122639
843.715105236584
829.218369004099
830.232984228336
828.281131543183
834.429042503987
830.889476426409
829.461364594797
826.107509405106
826.948317966226
834.113346986849
847.525353379998
838.753489471519
835.559126631683
834.07250735949
836.019711471398
868.146789977544
826.954564751154
841.774834264425
842.079880624794
827.478847310336
827.221886609897
826.083010348746
826.807201381142
842.124865883092
830.693624719949
826.895779139487
845.879639983233
826.271766949491
833.562270103996
833.664843456626
832.473541284029
855.403130030552
836.18767940632
845.591388211532
836.085973572194
860.891044967862
826.50936357706
837.667626428627
835.722388321256
843.483594295305
833.119259785716
837.712173983148
836.103904456466
827.868698105675
830.642346533331
828.975797327349
826.063340038007
826.647793192385
828.745003703102
830.66575827856
847.19445675785
827.091234452566
832.792678486419
825.950346976963
836.281670202313
837.810556707353
834.49882846689
827.743398514266
835.33349185791
838.260069849673
840.903692860905
826.804539587439
836.494081214258
830.683410199372
837.705247342469
856.083066129004
828.336465112233
826.414019369012
828.030729993505
847.967114608309
828.553601127218
826.127475182242
838.607787218975
826.35378164038
832.30747716269
827.304615116127
826.476130565389
843.011156986029
826.014627185257
831.18784828994
827.380741456356
833.480164774528
846.080861204873
842.414431719044
832.111188870147
844.482256157303
840.729124857035
835.297883573579
827.887600834708
831.124604760139
834.034057836368
831.967292389923
835.960445364611
831.647316357658
841.222653195059
858.212397247932
829.711578481994
841.330244257917
827.981473759237
837.869216818883
871.252171381279
829.240558499448
833.60236759669
826.506823492848
828.087864423341
841.705211177409
829.918863077486
830.731008352209
837.463786312868
827.568835707771
827.645815723078
832.294402933552
828.790373796044
832.306825906356
826.680133538239
827.924177135636
828.15986718854
838.861962121192
837.746573634831
828.883620182984
828.258879893461
827.796603555237
842.943795787256
828.86501170753
863.661941536309
827.509013650431
831.2029285256
828.081886919076
827.830014573809
842.12588039389
847.801849231129
828.380788410769
836.518787940876
838.905870944034
839.346538729914
834.360530173279
837.122320416858
828.302805642709
836.313072883553
835.807257987025
826.106147457939
828.273392538598
827.209869591685
848.609623195723
836.064258780876
832.670490923554
830.258799065328
826.871354196252
830.212250056093
845.333090262757
830.718586034401
853.367547437173
830.196436443916
836.642813875588
830.161759971579
855.086694875911
835.963977632529
834.114546498991
839.357546630699
826.672134360479
836.978437981942
827.286554219403
831.074995851568
827.765492435877
843.357146629515
826.425337999038
826.372659405412
843.087396329135
851.95970375889
827.811519740404
837.23329523378
838.332753424705
829.686766504082
834.317510967722
826.172984013873
826.784248879741
827.090821424102
828.450173133025
829.84482477803
851.686268733401
844.837668487807
829.440841631463
832.260480726494
836.773164549871
831.721365671321
826.97497888288
826.285048827035
835.458083642132
837.551849253827
855.313394848576
827.00528071523
840.22126205776
833.903322397601
829.76470082036
849.01700267035
826.097594501785
834.066978573939
843.238600060305
827.006275616772
826.085831604473
825.988317793462
833.002841174996
827.979116028621
828.840728255242
826.489674219392
846.489543391023
835.502116774548
837.076848842128
844.423797949188
