1271.633651
1271.638286
1271.64149
1271.656331
1271.672122
1271.694753
1271.700525
1271.710207
1271.726495
1271.739549
1271.751512
1271.765763
1271.771382
1271.774954
1271.788475
1271.791631
1271.793608
1271.799378
1271.799762
1271.802961
1271.804533
1271.80789
1271.830965
1271.839465
1271.854655
1271.856031
1271.862367
1271.867658
1271.871123
1271.879878
1271.892424
1271.893527
1271.895845
1271.896671
1271.90105
1271.9121
1271.918986
1271.940948
1271.954717
1271.9601
1271.960794
1271.965517
1271.981109
1271.998853
1272.008332
1272.011016
1272.015125
1272.021935
1272.029557
1272.032312
1272.034974
1272.045046
1272.052041
1272.052776
1272.053178
1272.070223
1272.072967
1272.074978
1272.077854
1272.082525
1272.08267
1272.085468
1272.102813
1272.110998
1272.144489
1272.159093
1272.174826
1272.181661
1272.188968
1272.196595
1272.203933
1272.214234
1272.217064
1272.219447
1272.235195
1272.238122
1272.251157
1272.254768
1272.256114
1272.27906
1272.291272
1272.297618
1272.297924
1272.299607
1272.309018
1272.310574
1272.318704
1272.325175
1272.325484
1272.325892
1272.342785
1272.37039
1272.372639
1272.374683
1272.374764
1272.37558
1272.377859
1272.379016
1272.396699
1272.401116
1272.401489
1272.402255
1272.407262
1272.419185
1272.427943
1272.437963
1272.445629
1272.454703
1272.466414
1272.474155
1272.489777
1272.493587
1272.49908
1272.500066
1272.501141
1272.502531
1272.503066
1272.5035
1272.525924
1272.527449
1272.543004
1272.543866
1272.545466
1272.54567
1272.548299
1272.566655
1272.567273
1272.5847
1272.586242
1272.592594
1272.610894
1272.617165
1272.621919
1272.632296
1272.637689
1272.653328
1272.654159
1272.66389
1272.675776
1272.677354
1272.681412
1272.687453
1272.690567
1272.702011
1272.70349
1272.708282
1272.709408
1272.713937
1272.719639
1272.725509
1272.727957
1272.736236
1272.738546
1272.747011
1272.747539
1272.755059
1272.755335
1272.7567
1272.769928
1272.777979
1272.782527
1272.796351
1272.802628
1272.809181
1272.82819
1272.837055
1272.842103
1272.844494
1272.84933
1272.859308
1272.862169
1272.862461
1272.877593
1272.877896
1272.888138
1272.889687
1272.893404
1272.894764
1272.895744
1272.902358
1272.908546
1272.910407
1272.914341
1272.955722
1272.962367
1272.964013
1272.965399
1272.974568
1272.988792
1272.991914
1272.993747
1272.996648
1273.007344
1273.013857
1273.042027
1273.045125
1273.046391
1273.056808
1273.059279
1273.076902
1273.079334
1273.089433
1273.094521
1273.096153
1273.098971
1273.099328
1273.119916
1273.131199
1273.162245
1273.17203
1273.199673
1273.216328
1273.217674
1273.219676
1273.221445
1273.252281
1273.254344
1273.25642
1273.260904
1273.262215
1273.278473
1273.279347
1273.282397
1273.285428
1273.288069
1273.291584
1273.306021
1273.323421
1273.336885
1273.383916
1273.388939
1273.389583
1273.391586
1273.400461
1273.404749
1273.405757
1273.405779
1273.411189
1273.434103
1273.434675
1273.442801
1273.44368
1273.461442
1273.463909
1273.473087
1273.473672
1273.478516
1273.479959
1273.495857
1273.504112
1273.51678
1273.517581
1273.537412
1273.543655
1273.558368
1273.571317
1273.60625
1273.62196
1273.639605
1273.642387
1273.667348
1273.667699
1273.680933
1273.681732
1273.682279
1273.6934
1273.70889
1273.71109
1273.721889
1273.723252
1273.725198
1273.740876
1273.746767
1273.759028
1273.762297
1273.773303
1273.775535
1273.778639
1273.778955
1273.786185
1273.814654
1273.816129
1273.81992
1273.832554
1273.835838
1273.84134
1273.844588
1273.8872
1273.891023
1273.894224
1273.905034
1273.907683
1273.909852
1273.911911
1273.913872
1273.915448
1273.938332
1273.943774
1273.950788
1273.959622
1273.96761
1273.983305
1273.991318
1273.993812
1274.001346
1274.010844
1274.013509
1274.027693
1274.031559
1274.033447
1274.034069
1274.035707
1274.039934
1274.039966
1274.04073
1274.043365
1274.053837
1274.057853
1274.084558
1274.095658
1274.105731
1274.113123
1274.114144
1274.119097
1274.120357
1274.133711
1274.135502
1274.14635
1274.149237
1274.15379
1274.165387
1274.168709
1274.177134
1274.180823
1274.185859
1274.186889
1274.204482
1274.211314
1274.220741
1274.22753
1274.228441
1274.228685
1274.240041
1274.242233
1274.248777
1274.273358
1274.274657
1274.275522
1274.309972
1274.310946
1274.322925
1274.326073
1274.327435
1274.33493
1274.352107
1274.352257
1274.352971
1274.356723
1274.372291
1274.373766
1274.376484
1274.378053
1274.379178
1274.382948
1274.383852
1274.385269
1274.395915
1274.399342
1274.401058
1274.406098
1274.406507
1274.410273
1274.412493
1274.416776
1274.417539
1274.419003
1274.429003
1274.429158
1274.43382
1274.438291
1274.44351
1274.451723
1274.457663
1274.458084
1274.463446
1274.479768
1274.482332
1274.484499
1274.50158
1274.507358
1274.514331
1274.552097
1274.571022
1274.577448
1274.57855
1274.591167
1274.607319
1274.607603
1274.61079
1274.625185
1274.627305
1274.63114
1274.635689
1274.638532
1274.638696
1274.639772
1274.648418
1274.654008
1274.662043
1274.665725
1274.666072
1274.68008
1274.68524
1274.701682
1274.710931
1274.716709
1274.718204
1274.728398
1274.734087
1274.746591
1274.755454
1274.762287
1274.764974
1274.765849
1274.768606
1274.781169
1274.785645
1274.786098
1274.786995
1274.81103
1274.821475
1274.839429
1274.843671
1274.861518
1274.862342
1274.882472
1274.892807
1274.898202
1274.911728
1274.913311
1274.94041
1274.945543
1274.950754
1274.981306
1274.988455
1274.99593
1274.997584
1275.015159
1275.01926
1275.049521
1275.073918
1275.082233
1275.094137
1275.107382
1275.117473
1275.119467
1275.125637
1275.139198
1275.152091
1275.15236
1275.155693
1275.170005
1275.171817
1275.183201
1275.185318
1275.203238
1275.217021
1275.225322
1275.230526
1275.247644
1275.254797
1275.318527
1275.326012
1275.347303
1275.347744
1275.348642
1275.353568
1275.363654
1275.370978
1275.3863
1275.391224
1275.392189
1275.394929
1275.404074
1275.407841
1275.409823
1275.412544
1275.41345
1275.418956
1275.420224
1275.431545
1275.434692
1275.444202
1275.444709
1275.448542
1275.45537
1275.455782
1275.494135
1275.497416
1275.505944
1275.506044
1275.511926
1275.531818
1275.531963
1275.535196
1275.536623
1275.553707
1275.56335
1275.563677
1275.589145
1275.590303
1275.591083
1275.60394
1275.623548
1275.631554
1275.649914
1275.666602
1275.687653
1275.70486
1275.711253
1275.714904
1275.726078
1275.747122
1275.772491
1275.782906
1275.784698
1275.830665
1275.842547
1275.846422
1275.849337
1275.863835
1275.870706
1275.883647
1275.891757
1275.891798
1275.907292
1275.913917
1275.93737
1275.959472
1275.959512
1275.969129
1275.971225
1275.977635
1275.985775
1275.987195
1275.99775
1275.999126
1275.999214
1276.002596
1276.027584
1276.037964
1276.039486
1276.046521
1276.052835
1276.059014
1276.068134
1276.068287
1276.069279
1276.075401
1276.107962
1276.109225
1276.110155
1276.113953
1276.116741
1276.149179
1276.155448
1276.160263
1276.168382
1276.17008
1276.173488
1276.201199
1276.205221
1276.206309
1276.257731
1276.265151
1276.269215
1276.310483
1276.315746
1276.317638
1276.318591
1276.32526
1276.339856
1276.342672
1276.345394
1276.362893
1276.381797
1276.388979
1276.392127
1276.39524
1276.397257
1276.404595
1276.423165
1276.428491
1276.439643
1276.447628
1276.455362
1276.456861
1276.472128
1276.480465
1276.485849
1276.485929
1276.501493
1276.51478
1276.518275
1276.535745
1276.562734
1276.569013
1276.576676
1276.594876
1276.595541
1276.596852
1276.608213
1276.622923
1276.639489
1276.687672
1276.690117
1276.693593
1276.700351
1276.770245
1276.778863
1276.800034
1276.802976
1276.8045
1276.817506
1276.83609
1276.839829
1276.842095
1276.843382
1276.862712
1276.875035
1276.915818
1276.932887
1276.948011
1276.964212
1276.970144
1276.982647
1276.9954
1277.006357
1277.02474
1277.035653
1277.051074
1277.059467
1277.09401
1277.109398
1277.121357
1277.131336
1277.136698
1277.166797
1277.173523
1277.181478
1277.199415
1277.203579
1277.204795
1277.217264
1277.220673
1277.224747
1277.231527
1277.248569
1277.249759
1277.292747
1277.306005
1277.317096
1277.32211
1277.322428
1277.327117
1277.331777
1277.33973
1277.351494
1277.375603
1277.390549
1277.396098
1277.396913
1277.435879
1277.442305
1277.457066
1277.480506
1277.50024
1277.511732
1277.522518
1277.525225
1277.539661
1277.553971
1277.567106
1277.567294
1277.574494
1277.577291
1277.586891
1277.591883
1277.594235
1277.601228
1277.618181
1277.666285
1277.669011
1277.679518
1277.70581
1277.710537
1277.712282
1277.735044
1277.763678
1277.763706
1277.791069
1277.803343
1277.814333
1277.830797
1277.855414
1277.858742
1277.877978
1277.879877
1277.894391
1277.900935
1277.921399
1277.957682
1277.969144
1277.976099
1277.987524
1277.989132
1277.995477
1278.00725
1278.011847
1278.035584
1278.052324
1278.055458
1278.061472
1278.089966
1278.099125
1278.118507
1278.132069
1278.132968
1278.147967
1278.164894
1278.167322
1278.179153
1278.179364
1278.185714
1278.185844
1278.222988
1278.246902
1278.250978
1278.259991
1278.303761
1278.317831
1278.319836
1278.32393
1278.327153
1278.336101
1278.338228
1278.345414
1278.345687
1278.364678
1278.36859
1278.37597
1278.393028
1278.398579
1278.420865
1278.424023
1278.431073
1278.434222
1278.439983
1278.44455
1278.459515
1278.465255
1278.465854
1278.478276
1278.491546
1278.500775
1278.513449
1278.51809
1278.530364
1278.534125
1278.551501
1278.578957
1278.57921
1278.615971
1278.618395
1278.623105
1278.625289
1278.628698
1278.636266
1278.660209
1278.670786
1278.672705
1278.684785
1278.687915
1278.712125
1278.751014
1278.754905
1278.775367
1278.78675
1278.797591
1278.812492
1278.812725
1278.847856
1278.848267
1278.852562
1278.857831
1278.87173
1278.879807
1278.882119
1278.898947
1278.918889
1278.945256
1278.988053
1279.010055
1279.010623
1279.012551
1279.014149
1279.023707
1279.053145
1279.064941
1279.119766
1279.120753
1279.131536
1279.134173
1279.14745
1279.190474
1279.215444
1279.21961
1279.22337
1279.248082
1279.282185
1279.284247
1279.298788
1279.300277
1279.319296
1279.342979
1279.346697
1279.377805
1279.405902
1279.408134
1279.417063
1279.422451
1279.428389
1279.452815
1279.45383
1279.505455
1279.506239
1279.51143
1279.518685
1279.531256
1279.540699
1279.566457
1279.607524
1279.607668
1279.622593
1279.625406
1279.637914
1279.648079
1279.648657
1279.658651
1279.68642
1279.694465
1279.701434
1279.702423
1279.715013
1279.738961
1279.78361
1279.790156
1279.847142
1279.888326
1279.893217
1279.919091
1279.934028
1279.961021
1279.990712
1280.018528
1280.022371
1280.032689
1280.067408
1280.093351
1280.094496
1280.13654
1280.155561
1280.195743
1280.241445
1280.261424
1280.303811
1280.348109
1280.368305
1280.385407
1280.3885
1280.421517
1280.431463
1280.437384
1280.512147
1280.520592
1280.536247
1280.571525
1280.571964
1280.620436
1280.62466
1280.628937
1280.645145
1280.716029
1280.74445
1280.759552
1280.772385
1280.776931
1280.778689
1280.781459
1280.791255
1280.795193
1280.855284
1280.881887
1280.923317
1281.003435
1281.089043
1281.091896
1281.109804
1281.111283
1281.113948
1281.122169
1281.126461
1281.151143
1281.172704
1281.229197
1281.25089
1281.253912
1281.294707
1281.310139
1281.362848
1281.4423
1281.448025
1281.47051
1281.483148
1281.516822
1281.554971
1281.634503
1281.663287
1281.718864
1281.757841
1281.767184
1281.785802
1281.807248
1281.819771
1281.838188
1281.859218
1281.864311
1281.964349
1281.970065
1281.970548
1281.976766
1282.101113
1282.112735
1282.165912
1282.189823
1282.22812
1282.246402
1282.260101
1282.269965
1282.315611
1282.33517
1282.359396
1282.543847
1282.575753
1282.578237
1282.580221
1282.598856
1282.629185
1282.658809
1282.690943
1282.739919
1282.837966
1282.85733
1282.9163
1282.959473
1282.962998
1282.985885
1282.994541
1283.093356
1283.113037
1283.11663
1283.136958
1283.182833
1283.184074
1283.28597
1283.292686
1283.453344
1283.466207
1283.496339
1283.510937
1283.554396
1283.600544
1283.830147
1283.883337
1284.16478
1284.21303
1284.380969
1284.493252
1284.754839
1284.769969
1284.891569
1284.976535
1284.976865
1285.10888
1285.164261
1285.195653
1285.51807
1285.607037
1285.695752
1315.021225
