4492.085919
4492.106089
4492.291058
4492.453375
4492.464077
4492.468016
4492.512257
4492.611412
4492.634606
4492.835835
4492.878833
4492.969274
4492.976799
4493.011958
4493.219407
4493.228247
4493.269881
4493.341143
4493.347165
4493.352718
4493.362343
4493.426813
4493.535113
4493.6478
4493.648143
4493.650125
4493.653361
4493.668223
4493.672674
4493.734825
4493.737824
4493.758369
4493.777608
4493.808075
4493.822892
4493.920418
4493.986836
4494.119549
4494.1649
4494.432834
4494.536159
4494.6631
4494.679256
4494.70927
4494.733868
4494.74043
4494.783307
4494.790393
4494.801006
4494.844355
4494.991081
4495.012409
4495.01691
4495.019042
4495.166232
4495.197287
4495.200363
4495.211217
4495.224424
4495.283467
4495.303804
4495.316093
4495.421735
4495.533541
4495.637258
4495.701914
4495.724321
4495.762872
4495.802265
4495.899767
4495.93267
4495.936339
4495.963415
4495.969841
4496.097885
4496.130815
4496.18417
4496.184921
4496.271635
4496.331928
4496.347691
4496.371722
4496.433174
4496.4548
4496.494208
4496.540952
4496.582227
4496.686927
4496.71054
4496.719876
4496.73642
4496.788745
4496.793056
4496.892709
4496.905188
4496.929205
4496.945425
4496.953822
4497.025024
4497.027492
4497.098507
4497.12292
4497.204526
4497.232267
4497.244379
4497.261176
4497.265947
4497.343641
4497.438649
4497.515938
4497.570069
4497.630059
4497.730687
4497.774665
4497.814717
4497.949397
4497.964086
4497.98062
4498.054923
4498.062343
4498.066397
4498.080224
4498.08911
4498.189709
4498.191629
4498.227914
4498.313054
4498.314232
4498.405691
4498.501587
4498.501905
4498.577453
4498.603055
4498.634911
4498.842894
4498.847938
4498.876781
4498.94529
4498.953808
4498.973606
4499.00825
4499.196966
4499.269325
4499.279241
4499.364736
4499.537298
4499.546622
4499.666762
4499.714992
4499.717161
4499.731614
4499.862834
4499.867109
4499.880845
4499.904059
4499.918031
4499.952785
4499.980939
4499.987591
4500.092181
4500.186365
4500.231445
4500.265646
4500.438035
4500.509668
4500.561197
4500.56756
4500.653037
4500.661259
4500.669878
4500.696697
4500.729008
4500.732583
4500.892096
4500.903897
4500.939465
4500.993458
4500.996023
4501.007579
4501.008012
4501.059622
4501.063046
4501.115182
4501.126708
4501.234696
4501.239817
4501.265959
4501.302431
4501.349846
4501.371601
4501.440086
4501.480308
4501.500919
4501.536486
4501.539064
4501.564936
4501.564945
4501.626208
4501.626585
4501.676487
4501.700281
4501.746336
4501.756632
4501.803771
4501.859708
4501.999848
4502.022567
4502.034628
4502.05611
4502.075809
4502.082862
4502.163939
4502.232637
4502.353221
4502.359561
4502.447638
4502.53422
4502.534267
4502.54379
4502.567093
4502.627261
4502.63342
4502.666436
4502.698843
4502.835807
4502.87305
4503.059042
4503.080914
4503.111557
4503.11773
4503.217824
4503.229155
4503.256453
4503.295957
4503.372347
4503.460844
4503.469988
4503.477255
4503.562659
4503.606339
4503.608873
4503.743363
4503.749705
4503.769041
4503.991292
4504.107085
4504.126643
4504.218032
4504.23085
4504.423671
4504.515424
4504.613718
4504.653487
4504.664166
4504.700545
4504.864509
4504.929616
4504.945795
4505.013296
4505.041763
4505.069879
4505.077967
4505.13132
4505.307302
4505.333405
4505.468411
4505.483346
4505.550391
4505.575178
4505.660463
4505.715572
4505.777915
4505.792308
4505.822121
4505.84097
4505.918589
4505.978497
4505.988395
4505.995118
4505.997537
4506.090668
4506.183999
4506.236017
4506.312409
4506.463711
4506.670686
4506.745196
4506.881718
4507.015998
4507.151578
4507.208352
4507.331326
4507.351415
4507.440975
4507.508407
4507.642967
4507.666249
4507.686314
4507.689768
4507.758626
4507.767698
4507.770224
4507.775381
4507.809636
4507.829708
4507.859034
4507.910436
4507.946557
4508.109476
4508.158101
4508.205186
4508.217464
4508.283484
4508.289298
4508.480923
4508.483855
4508.493102
4508.560243
4508.616274
4508.628138
4508.740447
4508.742248
4508.783159
4508.875552
4508.8817
4508.933191
4509.011036
4509.047798
4509.084173
4509.09593
4509.360044
4509.426571
4509.458902
4509.544305
4509.567867
4509.578051
4509.606664
4509.6743
4509.770839
4509.909588
4509.947262
4510.012064
4510.012278
4510.046926
4510.188374
4510.215074
4510.246825
4510.355284
4510.375534
4510.611129
4510.698179
4510.90527
4510.96004
4511.039882
4511.08582
4511.202034
4511.209346
4511.213183
4511.352678
4511.353714
4511.371903
4511.478481
4511.565042
4511.667605
4511.719784
4511.734433
4511.771547
4511.772297
4511.797013
4511.852126
4511.871366
4511.871868
4511.896968
4512.042493
4512.043453
4512.211769
4512.379487
4512.426781
4512.58639
4512.58793
4512.607883
4512.652396
4512.653918
4512.704332
4512.726216
4512.727807
4512.755602
4512.803168
4512.810585
4512.886173
4512.896303
4512.951547
4513.106749
4513.168761
4513.237821
4513.346983
4513.413987
4513.443689
4513.453578
4513.615285
4513.676288
4513.712218
4513.756952
4513.920757
4513.927636
4514.099659
4514.103341
4514.214905
4514.250966
4514.331111
4514.353445
4514.610912
4514.696267
4514.714626
4514.743625
4514.776343
4514.841341
4514.841476
4515.027424
4515.087504
4515.136488
4515.166946
4515.231011
4515.343377
4515.36246
4515.394359
4515.396915
4515.40335
4515.438102
4515.504283
4515.513058
4515.653412
4515.984135
4515.989435
4515.995166
4516.216555
4516.348303
4516.371446
4516.407529
4516.633753
4516.712506
4516.718885
4516.909453
4516.915984
4516.942123
4516.969969
4516.98378
4517.125734
4517.139956
4517.191973
4517.221814
4517.250579
4517.28513
4517.543429
4517.608889
4517.663344
4517.937507
4517.962292
4518.057104
4518.168524
4518.169267
4518.188585
4518.228121
4518.350344
4518.453937
4518.493438
4518.587651
4518.85767
4518.862215
4518.885406
4518.973162
4519.044141
4519.135372
4519.297601
4519.302706
4519.34082
4519.62175
4519.741866
4519.96436
4519.969573
4520.001733
4520.048524
4520.203723
4520.39597
4520.499702
4520.537551
4520.54016
4520.54778
4520.55137
4520.586258
4520.717655
4520.728819
4520.783612
4520.810855
4520.955186
4520.993255
4521.002916
4521.027281
4521.070876
4521.115501
4521.146043
4521.170351
4521.259801
4521.382336
4521.409552
4521.41054
4521.510563
4521.558114
4521.648525
4522.029576
4522.091798
4522.109571
4522.150653
4522.151401
4522.229945
4522.244664
4522.355534
4522.423805
4522.423918
4522.437527
4522.55677
4522.701221
4522.824384
4522.889903
4522.91587
4523.07843
4523.211655
4523.359083
4523.494546
4523.501738
4523.567063
4523.716411
4523.888245
4523.905528
4523.978108
4524.020213
4524.199198
4524.268482
4524.355728
4524.369158
4524.452743
4524.508337
4524.572778
4524.814047
4524.847314
4525.329852
4525.371624
4525.453557
4525.91129
4525.921056
4525.935285
4525.971723
4526.31344
4526.418838
4526.70477
4526.709724
4526.78396
4526.796999
4526.813711
4527.058072
4527.241014
4527.26184
4527.349472
4527.434084
4527.447968
4527.49473
4527.691133
4527.698873
4527.763962
4527.87424
4527.922593
4527.980991
4528.068718
4528.194632
4528.204118
4528.214981
4528.356687
4528.50179
4528.57739
4528.612695
4528.61629
4528.619656
4528.773076
4528.858935
4528.8728
4529.013407
4529.139356
4529.460693
4529.572597
4529.601704
4529.662693
4529.675172
4529.787774
4529.921845
4529.923807
4530.001734
4530.060938
4530.086648
4530.123994
4530.186127
4530.208695
4530.391292
4530.423251
4530.450174
4530.497648
4530.577695
4530.678383
4530.739589
4530.772497
4530.839909
4531.002652
4531.135307
4531.166246
4531.211842
4531.233203
4531.543001
4531.583745
4531.583816
4531.610947
4531.62208
4531.943688
4532.166064
4532.226837
4532.371688
4532.412667
4532.527896
4532.716493
4532.823431
4532.933791
4533.072598
4533.152306
4533.157069
4533.386897
4533.440782
4533.625933
4533.766578
4533.877633
4533.886177
4534.007847
4534.018989
4534.049578
4534.125858
4534.200782
4534.286709
4534.394162
4534.594294
4534.796353
4534.817706
4534.881235
4534.897519
4534.956676
4534.971501
4535.097153
4535.210616
4535.217923
4535.294677
4535.29537
4535.6082
4535.665129
4535.729302
4535.890416
4535.971062
4535.982299
4535.999437
4536.150515
4536.416657
4536.544718
4536.577091
4536.626048
4536.796299
4537.192747
4537.368354
4537.468086
4537.617446
4537.623126
4537.707283
4537.742463
4537.773312
4537.964261
4537.989392
4538.071054
4538.163544
4538.364371
4538.428959
4538.566151
4538.654335
4539.00947
4539.092705
4539.133271
4539.171854
4539.202092
4539.397761
4539.630258
4539.822788
4540.028075
4540.081138
4540.098851
4540.135942
4540.546307
4540.623724
4540.631235
4540.716876
4540.719655
4541.076658
4541.635098
4541.994873
4542.276633
4542.335859
4542.416641
4542.480827
4542.61416
4542.82271
4542.867547
4542.95842
4543.26869
4543.294184
4543.346298
4543.375081
4543.383106
4543.58489
4543.625363
4543.951832
4543.952272
4544.215651
4544.380794
4544.431742
4544.682988
4545.171758
4545.291049
4545.369295
4545.473957
4545.753539
4545.894076
4545.954892
4545.984711
4545.985516
4546.004385
4546.206915
4546.323073
4546.391929
4547.006584
4547.177159
4547.487541
4547.505862
4547.539127
4547.654902
4547.912231
4547.996252
4548.045576
4548.207026
4548.224279
4548.626834
4548.864123
4548.882934
4548.884199
4548.904618
4548.972665
4549.0563
4549.130211
4549.249668
4549.613512
4549.94674
4550.375475
4550.421944
4550.523426
4550.635651
4550.708912
4550.86909
4551.217438
4551.380757
4551.503998
4551.55681
4551.600522
4551.843152
4551.931736
4552.283702
4552.4039
4552.621216
4552.750889
4552.938602
4552.978945
4552.992471
4553.180043
4553.197122
4553.796485
4553.869156
4553.887231
4554.288697
4554.366436
4554.744072
4554.812281
4555.262161
4555.406977
4555.782003
4555.783721
4555.91902
4555.919729
4556.290831
4556.296751
4556.449572
4556.540442
4556.638175
4556.658772
4556.718619
4557.315388
4557.322002
4557.449917
4557.543392
4557.643269
4557.85957
4557.925223
4557.971003
4558.025688
4558.040351
4558.222077
4558.35199
4558.388363
4558.424444
4558.925339
4558.927447
4559.147506
4559.860729
4560.283345
4560.351852
4560.503497
4560.504783
4560.51864
4560.615248
4560.822592
4560.909231
4561.310613
4561.376428
4561.384281
4561.387542
4561.719574
4561.935168
4562.07042
4562.074265
4562.284597
4562.318684
4562.409011
4563.094902
4563.114331
4563.136704
4563.182214
4563.19936
4563.268671
4563.305494
4563.781063
4564.140675
4564.645984
4564.778753
4565.232374
4565.333641
4565.593589
4565.714994
4566.01848
4566.939342
4566.950372
4567.369601
4567.769628
4568.037619
4568.077364
4568.1986
4568.352729
4569.161206
4569.497849
4569.515223
4569.531233
4570.205561
4570.209266
4570.398492
4570.861996
4571.469505
4571.766467
4572.342468
4572.841542
4573.409271
4573.506869
4573.807283
4573.958816
4574.024821
4574.134322
4574.276966
4574.297743
4574.32559
4574.478297
4574.632058
4575.142584
4576.228803
4576.81582
4577.102741
4577.297574
4577.315863
4577.748737
4577.89093
4578.499092
4578.624612
4578.625793
4578.789295
4579.171148
4579.348737
4580.480961
4580.699725
4581.036575
4581.266892
4581.27349
4582.226026
4582.228578
4582.584971
4583.323161
4583.444603
4583.533908
4584.137195
4584.803481
4585.35256
4585.953795
4586.060804
4586.650363
4587.301344
4588.224442
4588.840799
4589.089255
4589.180124
4590.247255
4591.20442
4591.205499
4591.836623
4592.458093
4592.6269
4593.282229
4593.987285
4594.027311
4594.397515
4594.959819
4595.562383
4595.636443
4595.938046
4597.835799
4598.120162
4598.401919
4598.445194
4599.210898
4599.514123
4599.821617
4599.958194
4601.075383
4601.891739
4603.956103
4603.992051
4604.834334
4605.531464
4606.361847
4606.559439
4606.91944
4607.377953
4607.581119
4608.508093
4609.055075
4609.730885
4609.901004
4610.202504
4610.425127
4611.398378
4611.596235
4613.181534
4613.937455
4614.576267
4615.230846
4616.023104
4616.250994
4616.691224
4616.841287
4616.876823
4616.931253
4617.394558
4618.608157
4618.848836
4619.505867
4622.726728
4622.739708
4624.947774
4626.040833
4626.756301
4629.100388
4630.515817
4632.440988
4633.878802
4635.849926
4636.162104
4637.617457
4637.666159
4641.878878
4643.933148
4650.986844
4653.231495
4660.487941
4670.83737
4674.847916
4683.83911
