4109.079173
4109.11192
4109.112493
4109.135193
4109.15747
4109.174189
4109.184392
4109.192129
4109.195603
4109.204196
4109.207061
4109.219633
4109.223846
4109.296518
4109.297126
4109.302149
4109.30547
4109.330053
4109.332021
4109.332499
4109.377753
4109.391976
4109.392321
4109.405992
4109.412137
4109.421748
4109.423881
4109.42542
4109.428784
4109.443773
4109.456771
4109.473164
4109.480289
4109.494181
4109.531523
4109.559464
4109.563908
4109.566374
4109.575573
4109.581098
4109.586934
4109.587019
4109.589482
4109.596593
4109.616075
4109.625314
4109.632751
4109.656459
4109.674717
4109.68221
4109.696919
4109.73272
4109.737197
4109.738472
4109.75917
4109.773223
4109.785037
4109.793242
4109.807878
4109.820036
4109.857195
4109.904895
4109.925082
4109.925578
4109.936368
4109.937471
4109.959837
4109.992668
4109.999955
4110.010579
4110.02344
4110.028937
4110.05388
4110.10366
4110.13227
4110.147227
4110.200974
4110.282659
4110.330685
4110.34464
4110.365575
4110.374885
4110.381547
4110.384396
4110.392635
4110.429423
4110.430432
4110.455548
4110.466809
4110.47865
4110.482739
4110.488856
4110.515472
4110.541643
4110.553327
4110.554734
4110.562099
4110.568421
4110.578601
4110.581008
4110.602313
4110.606989
4110.632574
4110.639466
4110.654617
4110.662361
4110.696679
4110.734054
4110.753449
4110.759972
4110.799038
4110.802464
4110.812033
4110.831325
4110.852929
4110.87318
4110.880445
4110.894413
4110.897006
4110.904812
4110.929796
4110.93625
4110.936712
4111.007584
4111.019096
4111.038359
4111.075637
4111.110256
4111.127844
4111.130648
4111.148189
4111.160425
4111.161191
4111.168156
4111.177122
4111.188726
4111.217838
4111.226078
4111.249266
4111.278334
4111.291669
4111.303893
4111.309971
4111.313913
4111.334756
4111.356599
4111.365578
4111.365633
4111.374016
4111.380824
4111.389666
4111.391831
4111.427669
4111.444063
4111.448955
4111.452216
4111.490154
4111.519269
4111.522819
4111.570571
4111.579108
4111.582169
4111.596619
4111.601984
4111.603223
4111.609879
4111.675983
4111.679369
4111.69585
4111.711092
4111.716457
4111.716898
4111.71945
4111.73086
4111.73748
4111.760799
4111.785389
4111.796564
4111.800261
4111.815535
4111.903505
4111.907596
4111.931831
4111.94171
4111.942347
4111.947007
4111.958025
4111.985885
4111.995551
4111.999199
4111.999911
4112.040446
4112.053158
4112.087627
4112.099819
4112.100504
4112.110844
4112.114766
4112.119545
4112.1385
4112.14258
4112.151921
4112.20062
4112.208063
4112.213808
4112.216521
4112.25384
4112.266711
4112.268039
4112.285055
4112.286811
4112.299108
4112.301476
4112.347207
4112.352852
4112.401016
4112.414784
4112.424134
4112.456835
4112.458467
4112.462554
4112.464324
4112.485272
4112.487368
4112.518498
4112.546045
4112.548391
4112.557615
4112.571131
4112.580801
4112.591074
4112.623796
4112.625493
4112.659616
4112.660923
4112.681539
4112.712483
4112.743179
4112.746196
4112.753115
4112.798093
4112.801034
4112.807006
4112.816347
4112.842644
4112.851611
4112.881615
4112.885538
4112.902904
4112.913921
4112.933094
4112.977581
4112.979988
4112.994891
4112.996547
4113.024139
4113.040454
4113.077975
4113.115926
4113.129105
4113.145851
4113.154611
4113.177225
4113.220029
4113.255225
4113.261515
4113.282936
4113.299777
4113.318947
4113.347332
4113.355411
4113.363558
4113.369375
4113.390366
4113.394498
4113.435359
4113.436366
4113.44344
4113.445403
4113.579587
4113.590765
4113.609503
4113.621639
4113.630974
4113.698406
4113.712204
4113.734686
4113.736102
4113.781922
4113.817672
4113.827791
4113.84942
4113.867953
4113.910418
4113.944852
4113.954719
4113.956126
4113.970496
4113.989344
4114.009173
4114.032383
4114.092064
4114.097926
4114.108099
4114.121371
4114.121794
4114.156564
4114.181974
4114.199357
4114.232832
4114.238711
4114.238985
4114.241287
4114.268722
4114.280642
4114.302102
4114.348583
4114.360903
4114.381579
4114.386391
4114.403495
4114.428694
4114.432702
4114.444181
4114.454999
4114.458793
4114.471639
4114.479915
4114.502045
4114.533914
4114.544345
4114.550683
4114.563827
4114.569514
4114.597624
4114.669679
4114.672257
4114.689102
4114.703185
4114.705407
4114.756961
4114.781804
4114.786804
4114.891524
4114.89994
4114.931379
4114.935135
4114.943105
4114.974775
4114.983605
4114.994441
4114.995624
4115.016478
4115.040381
4115.041389
4115.04188
4115.050797
4115.086547
4115.103808
4115.207631
4115.250235
4115.262867
4115.295754
4115.308366
4115.308706
4115.310786
4115.31414
4115.319417
4115.347351
4115.370514
4115.378003
4115.45194
4115.475537
4115.504281
4115.525584
4115.544858
4115.546389
4115.551181
4115.562254
4115.585599
4115.591823
4115.663887
4115.688859
4115.712639
4115.726075
4115.765357
4115.800292
4115.821273
4115.828553
4115.846067
4115.851513
4115.857461
4115.86273
4115.897216
4115.91239
4115.915753
4115.924687
4115.925857
4115.982829
4116.00148
4116.063675
4116.079148
4116.090541
4116.100618
4116.125062
4116.150887
4116.197681
4116.23709
4116.304988
4116.318227
4116.320442
4116.327801
4116.381487
4116.393799
4116.420723
4116.485956
4116.565286
4116.615698
4116.61735
4116.62203
4116.671542
4116.675909
4116.679187
4116.694526
4116.755745
4116.761255
4116.819705
4116.830369
4116.837994
4116.853397
4116.870152
4116.896324
4116.927428
4116.93293
4116.94226
4116.944073
4116.951438
4116.958956
4116.969946
4116.990577
4117.005331
4117.014488
4117.028878
4117.037531
4117.070334
4117.081503
4117.124042
4117.174157
4117.211317
4117.240734
4117.24268
4117.267707
4117.298383
4117.299333
4117.326745
4117.352495
4117.36866
4117.370093
4117.374322
4117.375105
4117.411006
4117.440884
4117.456918
4117.457261
4117.475372
4117.479816
4117.483261
4117.491802
4117.506544
4117.520396
4117.532195
4117.534113
4117.547988
4117.571615
4117.572378
4117.582921
4117.589114
4117.649064
4117.668229
4117.669921
4117.688211
4117.730106
4117.733099
4117.752302
4117.799245
4117.863132
4117.888319
4117.915719
4117.994857
4117.998544
4118.056406
4118.072257
4118.075433
4118.08388
4118.097142
4118.149288
4118.178248
4118.19952
4118.199659
4118.200295
4118.227255
4118.230686
4118.251231
4118.331108
4118.333659
4118.346455
4118.356733
4118.396245
4118.400135
4118.424255
4118.453962
4118.461369
4118.462004
4118.464864
4118.519224
4118.523202
4118.536536
4118.537372
4118.642206
4118.644579
4118.66505
4118.729429
4118.743843
4118.823072
4118.83796
4118.861047
4118.882416
4118.905587
4118.91655
4118.928013
4118.930837
4118.96497
4119.045881
4119.080355
4119.089372
4119.107581
4119.12429
4119.192264
4119.252169
4119.260703
4119.282755
4119.284808
4119.405223
4119.425405
4119.437177
4119.444712
4119.481257
4119.484228
4119.512589
4119.525265
4119.54039
4119.565625
4119.581141
4119.606468
4119.648592
4119.734508
4119.736782
4119.746535
4119.771895
4119.861687
4119.895079
4119.937736
4119.963883
4119.986953
4119.99683
4120.08546
4120.144849
4120.16763
4120.17694
4120.208443
4120.227438
4120.264761
4120.29663
4120.342953
4120.344262
4120.346324
4120.353259
4120.377522
4120.378254
4120.37931
4120.397866
4120.403832
4120.424392
4120.50163
4120.520915
4120.532351
4120.579405
4120.629377
4120.63162
4120.669805
4120.739883
4120.787466
4120.802042
4120.830069
4120.837656
4120.970225
4120.989953
4121.002792
4121.075881
4121.118429
4121.168157
4121.192817
4121.281582
4121.295047
4121.327198
4121.336224
4121.340537
4121.345532
4121.45806
4121.482235
4121.524203
4121.569913
4121.589923
4121.590123
4121.623196
4121.627823
4121.679192
4121.683195
4121.770354
4121.830679
4121.896094
4121.975925
4121.996974
4122.01608
4122.180629
4122.252006
4122.255516
4122.305142
4122.312241
4122.31752
4122.320286
4122.344336
4122.375851
4122.388596
4122.42257
4122.449527
4122.456016
4122.457492
4122.474316
4122.475412
4122.556358
4122.573206
4122.588074
4122.664048
4122.692801
4122.728403
4122.793212
4122.796354
4122.838055
4122.897113
4122.920256
4122.956384
4122.998819
4122.998975
4123.052516
4123.061271
4123.109466
4123.160644
4123.16461
4123.179595
4123.202007
4123.355019
4123.358362
4123.361737
4123.417396
4123.529394
4123.55034
4123.615782
4123.622221
4123.657505
4123.736894
4123.780377
4123.828325
4123.881034
4123.925949
4123.943516
4123.952317
4123.95932
4123.9817
4124.030783
4124.032088
4124.051979
4124.066378
4124.073562
4124.091107
4124.135644
4124.200323
4124.298749
4124.310552
4124.317988
4124.32053
4124.334525
4124.348856
4124.350233
4124.365974
4124.401795
4124.453573
4124.506354
4124.541679
4124.559518
4124.674569
4124.745785
4124.899338
4124.902623
4124.905615
4124.924782
4124.958845
4124.965698
4125.103496
4125.127535
4125.148215
4125.186709
4125.206808
4125.233604
4125.244854
4125.251573
4125.266406
4125.356306
4125.387251
4125.478829
4125.624704
4125.647448
4125.650267
4125.65586
4125.657327
4125.703128
4125.718908
4125.808512
4125.877197
4125.927477
4125.980779
4125.985353
4126.031876
4126.038995
4126.06756
4126.106302
4126.208529
4126.218677
4126.223158
4126.320346
4126.358611
4126.387742
4126.462385
4126.521162
4126.529278
4126.656704
4126.690852
4126.710388
4126.748373
4126.758719
4126.879507
4126.941186
4126.945984
4127.02563
4127.053161
4127.058484
4127.150867
4127.171736
4127.182952
4127.189829
4127.210652
4127.287334
4127.289894
4127.368743
4127.498901
4127.515744
4127.604105
4127.641024
4127.716603
4127.732043
4127.939567
4127.981822
4128.089067
4128.110449
4128.111854
4128.210833
4128.226599
4128.30491
4128.530421
4128.564786
4128.627356
4128.646799
4128.674575
4128.697149
4128.742799
4128.989759
4129.067673
4129.263078
4129.362654
4129.410909
4129.541762
4129.694288
4129.721268
4129.799373
4129.921462
4129.959345
4129.968271
4130.058498
4130.147106
4130.230833
4130.352872
4130.382714
4130.456227
4130.461074
4130.527181
4130.577547
4130.582027
4130.653568
4130.697964
4130.817434
4130.877753
4130.878123
4130.928082
4130.94125
4130.994486
4131.073345
4131.101988
4131.131283
4131.238421
4131.297854
4131.379341
4131.398908
4131.452258
4131.560789
4131.652648
4131.774428
4131.869373
4131.888252
4131.985812
4132.104921
4132.161795
4132.177536
4132.178457
4132.181336
4132.18594
4132.35038
4132.414239
4132.419259
4132.431213
4132.505864
4132.546865
4132.631141
4132.664074
4132.723263
4132.877229
4132.885615
4132.92217
4132.982419
4133.013594
4133.241991
4133.259252
4133.300241
4133.334883
4133.633594
4133.68988
4133.691464
4133.728849
4133.88389
4133.947496
4133.989577
4134.114709
4134.165951
4134.186585
4134.307994
4134.309808
4134.346216
4134.368742
4134.412187
4134.460214
4134.535449
4134.548448
4134.56058
4134.5656
4134.67487
4134.916735
4135.093369
4135.152239
4135.251927
4135.264582
4135.334664
4135.367569
4135.457326
4135.510752
4135.608575
4135.687843
4135.728788
4135.734197
4135.831164
4135.960839
4136.107949
4136.108917
4136.209898
4136.216536
4136.267672
4136.429121
4136.52431
4136.535072
4136.754392
4137.085863
4137.193559
4137.243634
4137.289994
4137.416323
4137.421738
4137.548616
4137.64429
4137.759618
4137.951137
4137.993439
4138.046143
4138.180047
4138.255266
4138.265544
4138.372629
4138.423746
4138.445832
4138.479417
4138.629926
4138.736435
4138.908725
4138.918247
4138.983918
4139.119775
4139.170043
4139.372319
4139.542713
4139.905607
4140.098459
4140.243352
4140.408008
4140.490043
4140.721522
4141.051185
4141.63156
4141.635172
4141.705213
4141.930604
4141.933699
4142.356047
4143.019926
4143.265787
4143.363213
4143.468583
4143.971365
4144.135196
4144.252692
4144.321706
4144.613602
4144.655705
4144.887186
4144.894915
4144.917785
4145.171105
4145.733302
4146.090003
4146.286649
4146.320977
4146.776287
4146.901353
4147.151688
4147.560047
4147.716413
4147.910406
4147.956553
4148.496499
4148.923427
4149.101748
4149.42996
4150.370642
4150.426172
4150.870812
4151.367134
4151.494962
4151.633427
4152.571351
4153.267395
4154.8756
4155.020476
4155.027553
4156.377626
4156.406202
4157.97702
4158.664912
4159.269511
4159.806183
4160.34185
4161.386429
4161.904464
4161.91096
4162.885052
4164.24807
4165.223154
4165.81687
4167.682895
4169.76646
4173.134807
4174.746805
4179.021358
4179.518323
4180.166957
