702.791661305632
702.789082100946
702.776507885257
702.65086210199
702.635794784035
702.633819221476
702.625439850816
702.615968012258
702.606280003326
702.580049620561
702.579372245525
702.560047529027
702.553161798375
702.550006376055
702.539280366557
702.535175644751
702.524893405854
702.514500133779
702.495901312237
702.494671416884
702.493995689616
702.482352434052
702.460919512915
702.45998730687
702.451162667085
702.448734248321
702.433543720417
702.432657485001
702.432065410315
702.42559480469
702.418067079819
702.417551659437
702.413176065124
702.400606785882
702.394927412311
702.385353007582
702.380606187381
702.37630739949
702.372684626984
702.371848002721
702.369657049965
702.352558079635
702.342057640397
702.341028407078
702.340516379478
702.334501369029
702.33212364494
702.297779780279
702.293022969887
702.281312949791
702.271755556499
702.265946563567
702.262218573011
702.251961522376
702.245885466177
702.241092065183
702.238331900245
702.227506819268
702.225686909046
702.223215272311
702.223141680057
702.216458192387
702.211714964536
702.206607960545
702.182596751759
702.181213974848
702.177520455033
702.177327266464
702.176077272291
702.165126370387
702.154420818708
702.15355452358
702.149365665442
702.144157846112
702.143592887822
702.139682969032
702.136464646292
702.127883204385
702.125887328045
702.12313082472
702.108246780441
702.105289807818
702.084860215423
702.084824738923
702.078826500659
702.077257532363
702.074723186706
702.071661435765
702.069567517303
702.062245951824
702.058296096455
702.054306403127
702.053831127155
702.052841917234
702.052310132679
702.051869469157
702.050875041016
702.038284258878
702.037094302646
702.03669102639
702.035328828093
702.016006603111
702.014368673505
702.006006790424
702.004379200309
702.002737165041
701.990709810566
701.986588403439
701.986286253924
701.984439398794
701.982559322757
701.981595112707
701.980493207473
701.974413867514
701.955763464993
701.954660041444
701.950635533221
701.938998947599
701.934669368855
701.933115775443
701.932499048605
701.924534576386
701.923995150659
701.920601793705
701.916096209898
701.912147584152
701.910456365012
701.909597763392
701.909434940193
701.906804534264
701.905191391613
701.904575993769
701.897480875846
701.896078655114
701.888420742406
701.88783940498
701.886515804488
701.88542795886
701.881594643336
701.880706490891
701.873471751839
701.872608573099
701.870372347942
701.864778586034
701.863645730959
701.858835596958
701.856832884078
701.856264963632
701.855263426392
701.852957975942
701.850628244608
701.84702949278
701.844462798226
701.841736661192
701.83862012093
701.827451456153
701.826372173066
701.821977998615
701.821088145539
701.816362023782
701.815336375793
701.811876614419
701.811855686191
701.811577930473
701.805174703922
701.800658686143
701.799321411018
701.797910996625
701.796852702922
701.792374639194
701.791799788253
701.786589532382
701.781638505822
701.773902210604
701.771819557031
701.77125060875
701.758224213313
701.747985077258
701.743608351489
701.736775636144
701.731043468879
701.730542956981
701.729101810959
701.725376917896
701.722350139714
701.718580018235
701.717016595141
701.716125226343
701.710535176233
701.709953130747
701.703414568937
701.693902057447
701.68847240286
701.688459819266
701.68324285221
701.673317670551
701.672745288587
701.669353546322
701.66736870023
701.665087401359
701.660154468869
701.660052872821
701.659348987546
701.65561651479
701.648830197899
701.647768787992
701.647603037588
701.643401862175
701.642147895199
701.640721725368
701.635001909405
701.629378212207
701.628948427533
701.625658393382
701.624980980176
701.61958283002
701.615990779097
701.607896070086
701.603947798217
701.603120398799
701.598235331079
701.586810401678
701.585888977711
701.585089338461
701.583272617218
701.571002076374
701.562433658158
701.558350786659
701.557148061379
701.556506559275
701.54815714723
701.545577323726
701.54533859297
701.541626616932
701.541238715453
701.534971944523
701.533935336889
701.531916668338
701.530512766011
701.529537580371
701.519909040883
701.515509043023
701.506837796415
701.506446168146
701.499063840265
701.495108144711
701.489174852283
701.486512705546
701.486167891278
701.484265548611
701.482027071639
701.480309504426
701.472282891685
701.467334937304
701.451240005335
701.448385351845
701.446779835356
701.446238095475
701.444305067578
701.441838852422
701.43841687117
701.433089113102
701.430405433128
701.429299086345
701.423773334447
701.422021817818
701.420183120011
701.408345597073
701.404258215828
701.401450948392
701.400301403856
701.391764461168
701.390851506663
701.387786320733
701.379231358082
701.378238287853
701.377887594928
701.373719684093
701.368850605446
701.358338559798
701.358115416165
701.353341417347
701.350104471324
701.342033212517
701.34064948212
701.335977926831
701.335566156069
701.335358970261
701.330121686481
701.329021090016
701.325695562195
701.323754694777
701.322214625437
701.321233609928
701.319216166595
701.315305423967
701.314219828516
701.311958866192
701.310432096293
701.306127834578
701.297079419559
701.291877868192
701.291850108838
701.291674863233
701.275019486391
701.272983849564
701.27243038895
701.272005939487
701.270915543584
701.269491307478
701.268812992508
701.267122822563
701.2657056282
701.263448598399
701.256709974242
701.248730385578
701.244757250706
701.241469336031
701.239059398251
701.238093656904
701.237224800395
701.235475551668
701.230827528705
701.217000240971
701.215904694138
701.21264843328
701.211540999867
701.211056551673
701.210870949257
701.204187456943
701.200381485665
701.194834742966
701.193244859881
701.193038276207
701.192723838943
701.192174522022
701.188144501628
701.185584221502
701.181560603349
701.180115812871
701.177181130471
701.17611503477
701.175422951062
701.171515271488
701.171117779625
701.170380055265
701.168552593959
701.164320165221
701.153762229706
701.146927199239
701.144511541762
701.142891071381
701.135436515809
701.132528067074
701.130075977991
701.130030649066
701.129852851574
701.121898260912
701.119332100552
701.118583338866
701.11523013454
701.114644904577
701.11431381903
701.111913393083
701.110088625103
701.107724220043
701.106128885481
701.105920062688
701.100807255424
701.100321048379
701.099232986539
701.096184820846
701.095838882411
701.089186628024
701.085434492622
701.082564413453
701.07296117839
701.066535793972
701.066180384081
701.065964250114
701.063158379375
701.060762440615
701.060396736986
701.059501121979
701.059394665121
701.057466454393
701.056279968002
701.055467891716
701.054874716533
701.053245540194
701.049378138389
701.048132287551
701.043372130946
701.03959149688
701.033044825018
701.026996134605
701.026969729181
701.02640808236
701.025665753125
701.022365421522
701.020707320717
701.019067473744
701.017250312275
701.01628377226
701.015046687577
701.014971561264
701.01217816581
701.010202838712
701.006646433139
701.005564474448
701.004859378504
701.001956503818
701.00078549104
700.998352180119
700.992737293401
700.990730429988
700.979690696344
700.978031454895
700.977016144648
700.97577213434
700.972316118532
700.971799384315
700.97119640311
700.96528300609
700.964621393161
700.960853972268
700.959700421084
700.959378592808
700.95841069673
700.957786273278
700.956870004794
700.95533605392
700.951156581872
700.94981727557
700.946620091036
700.945327301599
700.942814627941
700.942760851184
700.939144094108
700.937449545621
700.936065069796
700.933773365543
700.92586813943
700.918939945813
700.911795600186
700.911772444194
700.911563247431
700.911428932131
700.904332843585
700.903239546734
700.89867104662
700.897641808027
700.89242421231
700.888215149733
700.88703142416
700.88489292488
700.884757337431
700.882648449704
700.878732350597
700.87683470187
700.857879548385
700.853845161636
700.848925197931
700.84788215102
700.843881498565
700.840381613859
700.836256315452
700.835323109465
700.834724427588
700.834358836662
700.833583402806
700.833497477099
700.83040729858
700.827772901238
700.827354979875
700.825159142163
700.82371864242
700.820833330759
700.819612170463
700.81618728945
700.809844418673
700.807197521152
700.802274387162
700.800144740557
700.792375477367
700.792213962595
700.788170550902
700.786644399618
700.785874170455
700.784560291094
700.782299306893
700.775114942904
700.773102056596
700.7712292382
700.769778772416
700.768449713853
700.768084280248
700.766099448865
700.765618918386
701.779768176272
702.465281355959
701.950695502084
702.569049518194
702.245667157827
701.888386513295
701.785059614737
701.000004362496
701.119210243067
701.710824730521
701.111353570074
702.370907320961
702.05148948008
700.972964953028
702.342544130041
702.116570206202
702.163295898335
702.480055913419
701.269605039911
701.452468765506
701.523754310233
702.166757607258
700.806102805805
703.089386608823
702.408089311927
701.017931396534
701.364596404223
701.317401905915
701.196734178135
701.1573411549
701.959696268392
701.349264238058
701.216437920639
701.61029508603
702.262993172718
700.765139510897
700.791487533277
701.08075870036
701.23372991892
700.86015482623
701.881776298849
701.793093112997
701.169994722581
702.566562987243
701.174190700347
701.641277685174
701.713840735579
701.708435790888
700.772707603647
701.104309633904
700.836290965523
701.10608009305
701.945431422729
701.665002755734
701.221918441257
701.372681370818
701.566677775823
701.180650063464
701.920306092572
702.019578688746
700.963823133921
702.388084091153
702.378169620987
701.075942554287
701.642349972664
701.195774723309
701.232756347334
701.583289892261
702.084503802506
701.920776377641
701.658496848229
701.761363859944
701.604604386256
702.508758598798
700.834339222042
701.713305730626
701.173317961227
701.047106380715
701.063170774469
701.89535927416
701.757939165272
701.319284497356
701.929004474198
700.89072930188
701.524020969831
701.657990426821
702.385252168381
702.114083958397
701.084009304149
702.558630898279
701.564306779332
701.790495086928
701.023248246674
702.329952277121
701.182631699018
701.916401330058
700.925300278794
701.151637386663
701.136884194565
701.937116988608
702.371842118232
701.392429490889
700.930490255824
701.939322016695
701.549218593614
701.176605282802
702.175338569132
702.086412862354
701.706186888904
701.298656440188
702.32360773641
701.766777526544
702.800429982156
701.55262548567
700.971798315408
701.001487124283
702.552961886696
701.894755388035
702.414149660691
701.048311201608
702.179680425371
701.852017361879
700.785568191789
702.097824807419
701.732702517721
701.161382995396
700.877304082206
701.63797938621
702.591323105893
701.354307332884
701.699221846321
702.123751486402
701.102534528717
702.079025113566
701.549612568587
701.4908956767
701.269391955928
701.883357969759
702.687559968235
701.330005431866
700.980943337686
700.776606569232
702.529325769173
701.544700807125
701.845666082557
701.825147984215
701.191912783233
701.165183692847
702.37662349532
700.830340909362
702.360073675988
700.803544533476
700.825933322907
700.998806377592
701.701449729228
700.879852928207
701.813396755604
701.639698429228
702.415049604184
701.109523100268
700.904951083971
702.529573027366
702.618818396841
701.27206137875
701.598903533609
702.163788524325
700.858442001014
702.134313494626
702.045461639741
700.914586291648
702.074737533842
701.264584256316
701.877060135191
701.636968065587
701.230439065295
701.86773005416
701.190578771633
702.203049923843
700.970368612798
701.022650524339
702.595558231144
702.037381657118
701.507700311436
701.188035932765
701.48966623179
701.304938027174
702.030909392416
701.533883837993
701.198578398809
701.106937621012
702.13411267925
700.990796937343
701.871337477074
701.773184437244
701.605270327785
701.511384449094
702.507632818759
700.945667667407
702.393706773824
702.151699912257
702.157746337843
701.777550898593
701.341210943737
701.771207995777
701.633558968915
702.010503294433
701.756391803647
702.401748625312
702.060831191073
701.783264105959
701.683826946799
702.631238951232
701.018598163778
701.73325256802
701.230907184594
700.877328143674
702.086073607833
701.364813607453
701.081014402855
701.985936983493
701.792289685107
702.432122861902
702.1459487548
701.793909551701
702.300138679666
701.900822991984
701.496139820578
701.564380963289
701.836426757637
700.966762005246
701.56956566112
701.35506898831
702.127847022793
701.144650766645
701.006750159779
702.297459482897
702.020434858112
700.918077910364
701.480817661481
701.426716395962
701.923362143631
702.001947264461
701.216274362232
701.12037747966
701.45245972532
701.750734449578
701.75307592463
701.074292113682
701.263971279966
700.828682688449
701.079021766747
700.772545558312
702.422763644374
701.183138815814
702.884542848812
702.361935600539
701.631545153047
701.816956793938
701.768590164516
701.457769082857
701.064579963382
702.04331934696
702.298121006312
701.506747993192
701.226114612936
701.702634611569
701.269811802461
701.134637069534
701.499488805367
702.12651157444
701.292901257127
700.93707681412
700.83686723662
701.871965286194
701.951590352246
702.10356099693
701.120375375995
702.155311923559
701.75678907465
700.937908437897
702.048731975457
716.378160960404
700.822291040315
701.39820719539
700.841624132524
702.03830113108
700.805792016684
702.524301963409
701.229338392435
701.058396575402
701.198974440891
701.08470033582
702.319719751605
701.79419351192
701.133316988449
701.068355099115
700.838464916265
701.899349251821
700.831558841153
701.016559302592
701.03803788131
702.065213996125
701.249043541088
701.231007592255
701.125135689898
701.366660569766
702.230841400873
701.024306833939
701.926760916272
700.838156308665
701.916707578302
702.307257020472
702.182712872197
701.355605020435
700.950912233115
702.246194446794
700.780964070928
701.334215832599
701.081216943654
701.881196230265
702.701765923381
701.982428115751
702.069060497111
701.241040977534
701.734318218461
701.434507731681
701.064471151274
700.909771728061
700.941485551956
701.95873939321
701.176082430136
701.541726103315
701.974618057598
701.424311112733
700.97740885337
702.198611452602
701.587182267944
700.998438555607
700.803497084439
701.124042724041
702.378390087253
701.867446106871
701.058317826443
700.784285657046
702.392148280169
701.443711269649
701.265221189715
701.598422783478
702.005258183642
701.091419943736
701.7725694112
700.881905862247
700.790613449474
701.293697866845
702.349439474867
701.877709906816
701.528098506328
701.271576293464
701.505013399552
700.851991478387
701.165927976966
701.937316114455
702.3264274162
702.540940529013
702.679209554207
701.726577201521
700.913295784771
700.940588932646
701.35807933801
700.898989066588
701.341627902237
701.776365070819
702.483840424151
701.422247010181
702.342137845792
701.289233584091
701.240477772217
701.382866140727
701.527766056823
701.125446883814
701.312172693881
700.860768923267
702.434653750773
701.159118884562
702.043211945385
700.803654730724
700.795151704721
701.59247984586
700.884783298158
701.707411779274
702.213502122992
702.510792787289
700.959036328946
701.003701487695
701.968318982946
702.116119370235
701.177193140819
701.146432773215
700.839055391717
700.801642043985
701.146918246478
701.535677884254
702.449542067811
702.837118080656
700.845377910026
700.810569179942
700.850813224828
700.891244762622
701.955775801732
701.039305318927
701.33190075227
701.67006812941
701.791698101772
702.204878866985
702.140633778189
702.506475232713
701.740857251974
701.522526340162
701.00682661756
700.873460506298
701.080744310982
701.831982577736
702.084687510253
702.801549738683
701.679374651548
701.036323222485
702.372542123384
701.133384611487
701.072633513244
700.909177696303
701.899910228757
702.472610687317
702.51127161166
701.378534478523
701.291825325966
701.113095031521
702.625226647905
701.649627926294
701.592308844108
702.239148850727
700.932912861346
702.383981830571
701.43290798057
701.709185801374
700.848736427037
701.355848978734
701.344708598601
701.356603947634
701.584365477091
702.39770524959
700.864768522753
701.513615662072
702.305746179948
701.004317996124
701.06160076804
701.300593927805
701.478917450675
701.957743457295
701.368742139142
701.169234483193
701.70958382428
701.420843612178
701.022382840472
701.205767617394
702.271916716023
701.273388948695
702.022239491712
702.337704318486
701.489700630135
701.148082899096
701.145493266206
701.046422923071
701.523745863139
702.596051170822
702.348899030138
701.834273860837
701.043072183243
701.790931868124
700.921996292481
701.288565156511
702.058814786958
701.327253875911
701.289256395074
701.4213045256
701.180608263765
700.927914356319
701.490408601201
702.091214413452
701.711334338486
701.252367048878
701.973451576455
701.511083554049
701.569641864106
702.282233710581
701.919506015523
700.7900368304
702.284217562156
701.007597733046
701.941247706638
701.693954826871
702.295079690001
