842.637992143265
840.310730880064
831.347352523866
831.129635446939
828.132445490451
827.714095166096
827.109830102918
826.716843393602
825.082070090184
824.546628781461
823.614632164947
822.999293320744
822.588125080956
822.217587066486
821.741159810869
821.206435393904
820.559853305169
820.394295587839
820.393957005274
819.694783909594
819.259456820423
819.134270495092
818.770433219525
818.403064830977
818.167890875014
818.165672236909
818.013886410917
817.899685896719
817.809436631126
817.407977249102
817.03014949904
816.848056361635
816.660222630848
816.429677643141
816.325034290584
815.959214840907
815.542217477201
815.511215779337
815.476047099804
815.295020567138
815.137126260428
815.054118241375
815.009721700706
814.989643480654
814.901464737483
814.536372812434
814.469749150809
814.383145769043
814.233148503757
814.088040135877
813.920331738953
813.689861278001
813.683460540665
813.639193361177
813.626926649991
813.265284126604
813.172096238004
813.16486454161
813.005533034587
812.799019819368
812.706841505722
812.634263522073
812.59818481888
812.459670176464
812.360361469516
812.254284770053
812.23849337345
812.124800494966
811.951837284398
811.919792839086
811.881165456609
811.676299367955
811.530999400548
811.529065010699
811.516307371181
811.508437083365
811.45553391828
811.407870594007
811.378712836479
811.334379821432
811.258711343008
811.249947440711
811.17589935465
811.088325214379
811.006814651906
811.006186875703
810.971362144541
810.962997245291
810.96133873073
810.740290512477
810.571369264854
810.468788590637
810.452621560047
810.394873234414
810.392414251074
810.205596060898
810.136707666534
810.028695482458
809.903354157211
809.697423131113
809.59452052214
809.523087801332
809.517598204532
809.353637401169
809.331887813963
809.321089641925
809.168058388799
809.095326055872
809.06780558105
809.010561398983
808.961805477925
808.870004943337
808.68379216107
808.670997048415
808.6201101068
808.580928120244
808.573552653948
808.52757038531
808.407833956189
808.395319529581
808.317938023045
807.988282233139
807.9575546113
807.953567902581
807.928763718428
807.852297194663
807.787451720422
807.778126145977
807.723711422253
807.680102594543
807.643858285775
807.590698498542
807.578379002391
807.535425388693
807.528344468321
807.437024257163
807.277712854426
807.235496858625
807.088776577253
807.03530983881
806.987724532531
806.949222221513
806.874588093751
806.792424850927
806.758967906205
806.753114578145
806.747893275356
806.728925948948
806.674512282548
806.642766125431
806.599133057307
806.499026640479
806.497559932224
806.470399056561
806.434935353187
806.431666841509
806.400379546091
806.377532850152
806.319178879096
806.288492034423
806.214408651131
805.99827006979
805.993403170391
805.870943790494
805.845228137046
805.795092971835
805.794938974968
805.714872236158
805.68515210056
805.679480251824
805.628654354547
805.603314755471
805.592638454247
805.579900991303
805.570501333126
805.376957637903
805.258396710373
805.174809094473
805.114605434945
805.07158260147
804.887134060359
804.790363312895
804.766416300408
804.755760521616
804.729411598426
804.623206555476
804.598834349245
804.567609416449
804.529295835445
804.511034184926
804.483564835939
804.418812618349
804.371043964339
804.293860087704
804.270163054875
804.243073081262
804.150865469338
804.119368740334
803.955080450841
803.913825438442
803.903883537644
803.903840526306
803.758509686422
803.720005352875
803.665874718217
803.664811072628
803.654922940819
803.639072991168
803.633500660623
803.632816617535
803.608066499129
803.535509642176
803.476468155152
803.471932599911
803.430104101313
803.388580580972
803.386551094996
803.355776717547
803.313322093327
803.250074534738
803.174123623225
803.082833268733
803.076862257249
803.051286802171
803.042493034956
803.040673129821
803.020752672092
803.012854836678
803.009737987328
802.97230560898
802.966026672421
802.823725088613
802.791210657513
802.652271423476
802.605811263493
802.521309816438
802.514922136339
802.451142661648
802.369651414866
802.333898644713
802.317241730663
802.317223038004
802.24267062792
802.155741033856
802.121678922827
802.068986162106
802.017655056148
801.994516119903
801.957486958011
801.943827699399
801.894074506055
801.867997140727
801.812864213808
801.785673030728
801.765729338711
801.723211682386
801.664667784159
801.641870829939
801.626979316744
801.589398575136
801.571525710705
801.566995644705
801.510555266235
801.448786749828
801.426199762758
801.369288585259
801.247381799066
801.215664702791
801.164564088834
801.147358937794
801.106303616967
801.07947329088
801.058026994058
801.03239431301
800.989605187227
800.907949177599
800.899333381595
800.881513744353
800.863787536999
800.860338536744
800.800543583327
800.754171475855
800.721840248277
800.704348812145
800.637447151029
800.602080812566
800.546762643398
800.443961770012
800.415466585222
800.394196189194
800.37882203706
800.372747136552
800.336594742351
800.313881761669
800.308776863102
800.291296690189
800.190213511323
800.067008398122
800.06115204173
800.047580205536
800.034687129078
800.021462751835
799.98966431383
799.902674630352
799.89239899057
799.86973705995
799.866965317434
799.858759392393
799.843647675644
799.835994919406
799.783136644157
799.734958194945
799.687719899823
799.637074161067
799.621479654569
799.602641007044
799.598986707181
799.556267475046
799.516964057088
799.484560443711
799.47151612126
799.460949450959
799.454605177093
799.4541683623
799.438995332714
799.392478319045
799.38777868936
799.328994107455
799.270446370256
799.256933677023
799.215305941083
799.210915090814
799.210390423657
799.187432373193
799.147177269057
799.101185741209
799.09306243582
799.043778397994
799.032968353152
799.026354300756
799.014829073421
799.01121330846
798.985208950925
798.981996511135
798.978473782103
798.978246526968
798.94214707727
798.939864155313
798.92398885701
798.910717751463
798.907709376718
798.879572314046
798.766600077463
798.751562891412
798.720876772916
798.664758709384
798.641389791769
798.62495704846
798.59763721185
798.575629554344
798.565157599836
798.54175189853
798.512651440916
798.484534554663
798.481247837286
798.396650669096
798.393687521265
798.369654631391
798.362655660243
798.33282076818
798.290423041903
798.258737955703
798.256716119476
798.213696075851
798.200328275165
798.198784637825
798.163587774211
798.149583681441
798.130893819543
798.110045696318
798.055762108059
798.048263334093
798.047175273548
798.046964663304
798.045124466463
798.035497885214
798.020325873572
797.981958326654
797.981767085078
797.964955240606
797.963121242822
797.960085423166
797.95049470676
797.917939112146
797.91258632186
797.87393895861
797.816112155226
797.80389364277
797.792722362068
797.772209827261
797.740411602161
797.687545259925
797.687501870808
797.682578587716
797.650794081253
797.566515654624
797.546013411959
797.544595625577
797.542420674071
797.514045202946
797.48660272407
797.403414081294
797.389822281762
797.388112813387
797.364225828789
797.359499082828
797.349077037947
797.347793779389
797.33434275246
797.190419447388
797.182477604322
797.171456272137
797.159770032095
797.155505081136
797.15115066165
797.133902618994
797.124710681956
797.107500321997
797.098559908702
797.041564619854
797.027035793479
796.996754651304
796.981666952114
796.981640110563
796.954697479691
796.947748323416
796.939564194591
796.894317577426
796.888721539475
796.793806558469
796.788822469936
796.733474258535
796.713332967906
796.650480617751
796.630146430058
796.591042562097
796.557214491808
796.551702789109
796.536282039994
796.511816449094
796.488105586272
796.477798396055
796.463530223741
796.440993504388
796.408405043501
796.406936840117
796.358881219565
796.358416125044
796.343626052225
796.341876444521
796.332623420015
796.304542939912
796.298987266473
796.278287154228
796.246747068113
796.222779739763
796.21316436647
796.195787002719
796.188503466389
796.126889474708
796.111481209064
796.106524695017
796.085075537928
796.071075018611
796.049351533692
796.0417133556
796.039792397255
796.039547180937
796.03820877978
796.037120106051
796.01848297745
796.012464539613
796.005045006021
796.001394492265
795.99205455861
795.960344733817
795.943974640932
795.933484725695
795.916190474155
795.907344943226
795.877793643405
795.860929832049
795.830724365712
795.82251826196
795.821509533036
795.815608808037
795.801921655767
795.774238678599
804.138518746953
834.175723874572
810.255349236889
801.934287163614
804.440486030814
796.446821247771
798.40981034652
798.009912641706
806.431819868449
807.790680903831
804.966080993562
805.033552730413
800.303927600008
799.043155440388
798.353320815253
798.568222027076
819.876042709523
813.894472606156
799.430888177686
798.350717487651
805.991060922489
804.99138085128
800.082226973568
815.368366523645
797.623384021495
796.852704144726
802.798592035501
802.146850091245
799.981787858416
814.540599159687
807.798017990183
803.595883799926
798.126731345011
829.905522217002
802.391133528741
796.63606807103
811.981010246594
796.749619062346
807.626658899051
802.719402419922
805.072869029904
800.42626446741
799.978875970803
805.558081538965
818.921666328267
802.74492730924
805.676709719089
804.765399221006
797.88640287216
799.049834174727
797.10395806418
811.506647574859
813.175746436086
804.922732603174
804.45142968168
805.236827183816
797.300933284867
802.43704321318
799.441300410541
795.846651691533
801.461768759547
798.905870258849
797.623137471677
803.183896666922
796.151783174965
812.320586650601
822.874757070573
795.862952791928
810.583783488957
799.891670089686
806.249945388053
797.576166309906
799.447713880042
801.961814687741
812.820767314749
797.00024373321
797.416550163103
800.913542265911
799.486053517217
800.431582698947
796.48167566237
807.215587527124
797.482339536978
802.965878738587
807.295367022615
824.414493792435
798.68873614479
803.577513232119
803.770972605498
808.802994403542
804.909288646795
830.361929383946
809.73053982754
808.41054693671
799.21621152888
815.953341640259
810.03983971918
799.293609142833
806.023700589312
807.960415800042
809.546821687452
804.076388769746
800.76287078577
798.482673301934
818.239277966442
799.147707310877
833.94585239171
804.664803021528
805.789356123931
796.90588469119
801.602441077326
804.983611991516
806.824020786396
814.377044498388
820.94022473646
808.425422223
799.71579020135
821.83192852134
800.133554290071
805.040042087016
816.115273623627
801.214398208554
804.952136786832
802.259062855229
801.387501530311
798.754099704441
797.911654424669
810.582219881534
799.108456964123
799.966396796236
797.22629930135
820.52987303419
812.860043873078
796.91926087155
796.355902857076
809.637669220483
813.218422404169
797.2112677485
816.271560355562
802.340528783824
803.716797856918
805.951831432231
795.988937458678
816.05027941083
816.37694868848
821.068146083852
798.203488877672
800.188795020934
799.567629878308
806.173011544045
797.351088926696
809.06132324012
805.040509786072
798.76747320833
817.434598084271
812.053927811134
812.949113616403
806.919735009572
813.574529598876
809.794741848342
800.879472446444
803.822790947479
808.2912802913
804.769057169648
805.908194379673
796.073002587666
799.980043669671
797.65731476419
811.851966344451
809.622490933482
797.40978674641
811.163228971709
802.679203174589
798.599798156598
802.094561720003
800.960152532396
818.35241792147
800.911865291791
799.335428431894
813.059073631703
808.733669719299
803.292634892046
796.181493198042
813.78382313361
796.420553600607
812.92267364866
804.02135246628
811.534241769126
807.356661983707
800.428952866826
812.109745378794
795.876334370761
804.773007875479
820.78695528128
810.452270006375
802.418389528976
797.959574633975
806.11749503882
806.459913212233
797.428174786616
805.026649004668
806.036029831592
827.71849867143
799.104205343474
807.806282036684
797.534805695736
800.624418159756
798.918350837293
810.959251339694
819.883276481456
808.461181415448
797.624038261023
805.337573971963
799.720634625991
807.203833744687
819.889102221713
814.308652491931
802.663199838628
800.820298967376
800.239501786418
805.76833455189
818.867914895498
796.823224157749
800.029183971075
809.702033711313
797.957236855964
802.357616618709
795.859520468824
805.544393034787
815.106093368405
813.487686242668
846.383512023618
815.573339971208
799.154425333968
803.578894225962
815.570435662236
800.289336077835
802.251586625605
800.07787683033
808.577869682683
803.791532087065
807.016874326448
803.113587932959
804.020773580782
795.933915551476
801.15675887991
801.722670563543
810.422953797158
816.088672960636
799.365943977657
805.978146375155
804.727351205355
813.203596981527
827.035476754682
815.9386190105
796.732286162039
811.533867246809
809.501833501775
799.939668379403
804.617205107928
805.598735080774
802.980684290435
797.912493012543
807.66033621957
800.60259773136
824.681693014306
797.250111144679
801.693836615687
801.575405508333
797.698627300284
799.195927645307
811.519412328811
798.569728488859
806.339561180087
799.098980791504
806.011307522281
799.715439561959
803.007699978804
800.440816818906
801.432121207308
810.688244745878
801.170023609449
800.33078472264
809.241637716528
805.419786138032
833.06310431301
805.798344914908
798.406465229363
797.637817374444
807.883268933438
805.543108505189
811.953439645835
803.702069078159
799.420264736919
801.744159713782
814.110240418327
798.168898152022
800.365150368739
802.130493192541
810.554007158912
796.318932851394
805.695536381876
800.563573594346
800.147058779881
798.653799190999
804.134023356071
797.683017794387
795.97906323085
806.869408711829
805.349880262147
804.421484209884
804.286928003006
809.866373661451
799.765146916275
831.011867096158
797.789406260375
814.527001684785
823.381721836101
804.786424769108
812.315538437597
816.149514753686
812.127133724629
800.450863756302
799.188255344008
817.2805510321
824.463184402202
801.905176153022
798.380258884629
797.891308924524
806.638214328338
804.188705840673
803.517859939673
809.730016126325
798.377930370272
801.076191618653
804.411909169411
802.380167872545
798.803593108101
802.219813593521
800.831788124721
802.156112310063
809.382234764033
797.688694019658
798.642458309075
800.780616582737
801.895562216193
800.386408856871
801.111781072576
803.871190813684
806.631200776842
812.324525584748
805.578346453284
821.291256348133
812.617911732304
826.719390242055
798.147203419308
823.385685125012
797.754759751787
806.046761325607
802.461544473245
821.287746277857
809.33066548422
808.174618534429
796.996309309998
798.890612044634
797.019055088571
796.819553210761
808.239569871065
807.30456037075
798.803235038151
817.08854571948
815.843886080943
814.472242993644
813.461451113389
807.825180985601
797.820698827549
823.991559328266
808.028276798828
808.108503219991
809.474214309237
802.51427338076
796.466180539934
802.840641322155
800.660781506967
803.060073920095
832.684433611524
840.913503094321
799.059218432825
804.662808830404
803.887572297315
798.706614445055
801.305164190157
817.752096219701
801.678438541027
804.984533499285
813.06366411494
827.781663889336
831.591905953016
825.080641559465
808.237684188803
801.057433505474
817.502597153741
809.203428424041
798.622078439617
805.748421677356
808.037950446396
823.122914963817
809.147664539501
805.652713673385
810.411050113152
823.7128845737
812.451622398371
807.321329432831
801.712809674994
818.678004022508
805.407346679489
807.026824568122
807.037651763706
804.96363345684
803.552882136685
802.944739143185
802.537520197898
796.071418109036
799.253278664926
803.546532797819
802.085692935804
819.395137337848
800.951674429921
796.807497366883
796.287301534485
802.710826061233
813.909912534449
808.136186311185
808.457063393345
795.879127865087
801.878971396183
808.72960431694
796.144715325463
805.238374341528
809.979900929118
799.662400257641
802.046046360558
801.822687914159
796.934940244234
798.923441858345
800.695565056745
811.102396152882
812.576807110953
808.031569357625
821.086098531034
823.729010529622
796.0303636158
805.377179838295
807.137106088183
803.231446699032
828.132800152137
805.492186637517
797.920344602081
796.980048098306
800.89962118877
798.603157278623
801.581816677305
797.560864006526
804.460054061565
798.410747799547
810.131726506415
810.013734284646
809.751118444468
823.027848157185
806.150243017132
800.913490225916
801.498269341695
800.560542270191
803.685618728602
801.850776267251
799.931271168839
811.704971207257
804.603348066859
799.457828825718
819.35328382305
804.01961906185
798.184210923903
804.187683306184
802.66071791729
832.720404440188
799.36772179476
810.392475815581
822.422470072098
815.649010149928
803.066232768366
801.312123990225
795.999333435481
796.757394785157
800.358747437712
804.326209559666
796.948601518146
807.883932692731
795.980017831038
808.439459118988
796.393859574949
819.450568005479
798.149417765612
