1009.28426234819
995.735847322762
985.008098736655
983.285668954537
982.58874272055
981.946918085445
979.847598301561
979.699452624842
979.375961123209
979.164721810348
979.084718596999
979.03203083646
978.923335327125
977.940423403687
977.887336588873
977.561229869557
977.319017601053
977.105828387226
977.046456724656
976.971643613492
976.909495277365
976.859848487362
976.677843825679
976.519215294674
975.976425349826
975.851400749677
975.626043308745
975.582950318437
975.314168584005
975.248089691959
975.154240626911
975.085228008282
975.072241683014
974.744376414032
974.715363616864
974.638284996211
974.629130860794
974.609245183168
974.425908343334
974.378078979378
974.019104096719
974.002012399657
973.86165789921
973.821378469576
973.783787229988
973.736649866098
973.669825749699
973.650902553299
973.55759206036
973.494670954686
973.48093534446
973.476992577801
973.36075318065
973.175036092543
973.161393136474
973.141283943733
973.073557071605
972.964116451997
972.862929727107
972.804407362503
972.787246670439
972.744300287497
972.610828745532
972.508500111546
972.471721854813
972.465218219386
972.388356422379
972.28203029973
972.272878239369
972.26550352699
972.257207712396
972.186206715872
972.168589521254
972.161841812416
972.092079539832
971.875658457041
971.858103315193
971.821238339306
971.792205128806
971.780809377287
971.723684354525
971.700392359524
971.63078008082
971.52519502242
971.381443199501
971.342755978316
971.081192811898
970.977205836795
970.930364348699
970.881432209482
970.863000603893
970.842448607835
970.789422524391
970.724344777231
970.718433479661
970.548762176469
970.541389163961
970.539459329436
970.533586279305
970.533293252364
970.413311153588
970.352328795952
970.276110106365
970.241352214282
970.209485098839
970.199963048432
970.106768017464
970.022356233683
970.010495052789
970.00591782701
969.888929072326
969.783960510957
969.776869797885
969.727799908882
969.727481751263
969.657241754065
969.487467201678
969.454500410972
969.420197533523
969.409640983998
969.404658548712
969.391755629852
969.389533094285
969.382775957122
969.35969640067
969.354584893189
969.303905408153
969.283499370276
969.267659668053
969.229617553044
969.215656253459
969.183388264093
969.110912693158
969.108580292633
969.088294266071
969.061949522607
969.011421101725
968.984327244365
968.974940803143
968.974822004678
968.97432717918
968.863979219141
968.82802613942
968.827880789503
968.818528725537
968.739062231801
968.734720786066
968.635994968154
968.600619395705
968.59687585896
968.572018484822
968.542890035927
968.391603554021
968.365390949663
968.311608468282
968.292105678401
968.221174425552
968.193571711385
968.102703380712
968.079836106496
968.067241714921
968.023598003182
968.019814385095
968.014720347508
968.008503800569
968.008255345104
967.966435239091
967.959819266669
967.938022791983
967.936587544002
967.920023464371
967.861317818416
967.858642514067
967.842474166677
967.836839444956
967.809048756026
967.785130601906
967.757609414047
967.729504589715
967.711740022006
967.693476310711
967.689404882666
967.681889392228
967.675482447315
967.632808140817
967.602104218591
967.540321228059
967.485726275345
967.467089766452
967.447906537907
967.436673955678
967.433501081363
967.402492572068
967.381389405236
967.362982781111
967.340526406145
967.27914854373
967.273969874933
967.263063886725
967.250902169504
967.226298320022
967.173362848905
967.145566706448
967.128087000286
967.115079153293
967.103815256688
967.095514158791
967.09217153503
967.085622412643
967.078181929719
967.067382924571
967.034103874457
966.974382622738
966.955323657224
966.933641093161
966.92006631862
966.917068835702
966.915074904526
966.910477361548
966.883341782027
966.872065462445
966.871688819033
966.871615849833
966.865753601467
966.854466411385
966.821983495002
966.797245587961
966.782636805259
966.782615077882
966.758939841037
966.734364465452
966.721591017684
966.679592793808
966.61727045619
966.587611687925
966.57539695293
966.56790276398
966.561828635786
966.499949330175
966.495463396174
966.489728564142
966.482503539353
966.473120036164
966.459520789061
966.458349235267
966.445978810342
966.430341415733
966.402038065952
966.394146101964
966.379456437782
966.355526235422
966.347650418136
966.330458818589
966.285805500512
966.266783163043
966.257270197248
966.251053660543
966.246450692298
966.224995264821
966.207089745003
966.202572061899
966.17976372261
966.147968014522
966.140849553007
966.138000567533
966.118960547927
966.111892134369
966.108777068825
966.100801141382
966.095311477012
966.06755649041
966.059007683041
966.022117126663
966.009006383288
965.987265584115
965.982911950864
965.978990468406
965.969814130591
965.9607619426
965.948142718232
965.941911243687
965.940165297131
965.905728366026
965.879629625245
965.871402307512
965.867473615956
965.85129915279
965.797639411147
965.768640593601
965.737782430275
965.724718704961
965.698106447686
965.681047760493
965.672242472687
965.663879941505
965.653045124699
965.65102732458
965.646449537698
965.595046966252
965.586198127334
965.548455353561
965.537960188812
965.535972110685
965.518459082092
965.513955206977
965.509110022083
965.506167198045
965.488844276015
965.484435651541
965.483977889114
965.472633955235
965.453513208545
965.435976138041
965.43513036951
965.41138326128
965.399919623306
965.393488236853
965.368689391252
965.311113631053
965.308023353567
965.263934487533
965.256666943691
965.253523702701
965.251143267802
965.225427663969
965.208945347489
965.207786692987
965.199577533688
965.1901268835
965.176672550938
965.170201648767
965.157824729621
965.153379686205
965.138277168217
965.136556929079
965.118989014848
965.101304121809
965.100428636813
965.060377891903
965.050570219929
965.032732469258
965.029805274692
965.027920012336
965.01512715249
965.006102675565
965.001935167033
964.997808357435
964.99764811892
964.993432786945
964.990378050272
964.978560799761
964.922184257605
964.918215176279
964.883680486643
964.883603313853
964.874487120758
964.849976691839
964.82288122772
964.822122877598
964.798253110885
964.78044135709
964.778510225647
964.772478736869
964.766935428335
964.760980612214
964.754499972093
964.748759492136
964.734977380207
964.721774111902
964.71682744594
964.713171481707
964.658224561025
964.648753074535
964.647912286752
964.589531653271
964.579675840958
964.53854810431
964.533723602785
964.511892062502
964.493834654314
964.456205933202
964.440262068569
964.419471489128
964.416240852781
964.386425483619
964.374926198229
964.323718047478
964.31535169736
964.308721667455
964.282156245357
964.276823463518
964.273275448716
964.264695521678
964.235691891901
964.191382222521
964.190606676196
964.190190785467
964.167191898335
964.165863413449
964.152915069777
964.146356784245
964.122595516386
964.119374254194
964.11783123715
964.102984916771
964.088049963632
964.072835331398
964.051754641423
964.042083518016
964.026655926328
964.024135083902
964.006883799964
964.004393458652
964.002859602126
963.987017730816
963.974438663305
963.973217654924
963.957938214558
963.93840722681
963.935550654404
963.925902737189
963.921353814483
963.919549320249
963.919148273062
963.899791243577
963.89117157762
963.842818512488
963.824151986793
963.817488891175
963.812031733574
963.810001597885
963.800289847
963.797085629593
963.789952738645
963.764808014741
963.757567348269
963.749809030361
963.743661451066
963.713542023989
963.687317255218
963.682197570303
963.678160593026
963.674860973471
963.670021741484
963.668412110611
963.592549887841
963.570182241407
963.565706857435
963.564403207703
963.538188530398
963.525311052613
963.517693011656
963.507408498264
963.500255518414
963.490087862687
963.461619935339
963.446653823141
963.436058382175
963.419749413793
963.418017293412
963.38998008336
963.364939295157
963.344213405286
963.341042977228
963.333157777741
963.332584547204
963.298317786873
963.291892304591
963.281559378231
963.272727986755
963.265249629585
963.26093489677
963.259590611734
963.236588886953
963.219107837127
963.211783781849
963.209900128115
963.205792189221
963.200074758886
963.186569972633
963.140823577381
963.137248944389
963.108367794978
963.090645715009
963.088736960139
963.083023937556
963.082690277926
963.06895751054
963.056423115001
963.046373662266
963.037165155197
963.031542589784
963.025186092949
963.022559157402
963.01483949079
963.008271318308
962.997141762068
962.996879385908
967.158156002673
976.274822827862
964.7176313464
977.614885395025
968.709552739381
963.591057953668
967.591137557461
967.454364352712
969.032005491024
966.704839053979
968.469733559139
965.51589330705
975.380422781463
964.925424526135
984.624742788571
968.657889681852
969.695183908537
964.079053264905
965.07529841597
970.491118445688
966.127104894517
967.815651104371
968.636678761426
963.681245216531
974.474572859558
967.477851265242
969.579284852841
971.695370071532
971.633634287254
965.314456478078
964.61261104036
967.075702925801
965.965561468029
965.34544756578
978.082147091593
966.530095337298
968.678969055104
964.529287456777
966.967946790502
971.174741095068
964.200515067427
965.314827837248
977.03787426207
964.060731236628
971.366875993419
966.085441622866
977.156398710439
964.741862247397
963.159718881793
982.944105902606
964.977097234394
963.320399382747
963.76191252128
963.855376517489
972.12581747176
974.390682225996
966.882366619749
963.285684295513
963.467045125912
977.646804631077
964.705439761779
964.747252601377
973.543020080539
967.498033126891
964.659724351116
971.57063666879
970.827825782385
963.820941523332
965.98921191805
963.47428107649
964.092775192565
963.777338625832
965.803090785205
965.835435096019
969.417209514185
966.280306358262
968.92162364751
967.939356764866
963.509550517461
970.462648981439
967.501096047405
963.796035862481
973.553772553249
972.522440886699
963.916642850507
963.877652439559
963.714148059109
968.570834702761
965.747818836064
973.273636738815
965.780939537964
965.006278036294
971.148431099202
966.46477837901
966.400118721867
967.429067256493
967.112050651806
980.654618434227
966.846302848848
965.126916092045
965.641263901982
966.85141645001
963.179891623228
964.483639859672
970.934377218291
969.974070814705
964.880140647029
964.824539568874
964.511977865615
963.451458462047
972.547540654237
965.505278498277
967.497964228235
967.591787275785
969.427400560392
967.795165397451
969.429081683188
968.732098078897
969.590882466061
969.015193287871
968.133374868471
972.580890096243
974.577495128165
965.902559686308
966.626196448361
965.3224835963
979.045978648817
963.773650230284
972.489278963253
968.695053663959
970.176561512074
966.426009800495
967.013852669483
967.111155078052
982.151812594509
970.099397103202
966.536382669683
964.133961699176
968.194587740555
970.63686235564
968.1822089831
963.762479282276
967.555141893927
965.845446391489
975.490869327037
991.21253108909
967.624608031707
968.959061860319
965.628928784941
967.903094260863
966.998000413302
984.374215193999
964.911406888839
970.866485239444
965.376690323576
969.416522522195
969.712958560132
963.680948150195
971.647465119902
977.147979054364
963.883372785201
963.610863646765
964.361992738372
979.001745575787
976.267365788387
969.501776702808
965.257031255015
972.138339328276
965.455649513051
963.955024055235
976.344322673846
968.899363920053
964.835076686091
963.709327581395
963.247922221862
968.512924961123
964.558611184111
965.359987797782
965.038437730047
973.451713031224
969.863942178253
965.201891704973
966.004495692801
968.615150511357
964.510080280531
966.072076010349
969.521877221993
977.370954008446
972.361122931249
966.26876532319
971.998465453278
965.141370222854
967.884051205917
966.7949517146
965.728485459592
963.166003051657
964.212557995868
965.339359017996
963.711861258256
965.609004710628
971.724438782673
965.499401305892
965.03495577554
969.386713003693
963.490969447149
971.725041476359
963.120220277931
964.951139285486
974.32459728684
978.378873353124
967.069561752529
965.399775963917
979.259646780282
963.982584008056
964.820231264607
965.86337984524
967.164727681276
965.06219962218
966.354823378593
963.92949006787
963.871981058977
964.872212287677
971.530066337412
964.689664755737
963.963146514978
963.191687302932
969.497419616504
963.309571956252
968.158970116294
970.345089393007
964.944280782588
981.635163952984
965.96345726407
974.037028077233
964.31865438581
966.911434252138
964.246045196312
967.392468475659
970.436833940351
964.152143983925
965.95911166103
963.103129115006
963.575116099465
973.01551565716
970.305292054678
963.506337347146
963.040202373615
963.8251814705
964.903589983936
970.923076497151
963.116912946897
964.77710946442
963.990243466735
965.739005682415
964.220061297757
964.393057931896
968.097346508112
969.145583403297
974.934407003381
964.472502198147
975.130384654528
964.95794187728
963.789108435698
964.971085207722
967.981945088709
966.722554591721
964.118984551306
968.542008480323
968.868765121255
963.264494543816
967.426327744233
963.882974050837
969.705629368048
970.185199882648
967.530300323176
968.737113591985
963.725054856101
964.445676962873
973.300191384667
973.264065104547
975.072623050161
969.660226831842
969.400417712575
970.420256769454
965.239005363766
964.63233444482
966.572375869728
966.87638266503
967.887013018176
969.449092338383
963.737460529466
970.699091385835
974.992932592371
967.074552635375
971.842083337964
981.169393790568
965.81708234774
965.170708177685
969.304283163844
974.355316720465
969.478675467274
966.387288006498
979.645606106907
965.745003477261
966.40882583472
968.324244402417
964.254213704068
964.962019693983
964.805511661141
970.401114201943
963.436741744572
964.527529941604
963.282370263107
966.279180028433
964.986717253886
965.237195053528
966.758542682884
965.734532503825
971.084090151496
967.422225546895
969.665998695944
964.385337831231
964.171735307302
970.730020301885
962.999912306869
966.276823843049
963.546570173613
976.675008692962
970.934608304969
972.559694491802
968.111114909968
963.180171104018
965.232042450431
965.274906890978
964.118213339145
968.733396669955
967.89766363487
977.203738965977
975.436815025458
965.79846709666
967.384507348433
969.935326702292
968.823103203632
974.479425365953
984.347375342273
964.589191281065
963.572264206161
968.440151769194
975.029570220494
963.428907748009
966.4144724441
970.44781923829
966.102866464686
965.27232281885
969.954345545434
972.773177435511
968.312144865193
965.372757777417
965.619903997299
965.743649266542
973.329475000224
968.13698675795
966.734925342966
969.142172799384
967.152272128671
969.618079268855
974.734340509741
965.662160854814
968.221783188525
967.712339971299
973.609641245176
970.788722591667
963.189213408921
963.288248064601
963.375690785443
964.476433038308
965.207011491778
967.061390140081
963.304883612498
970.863329728981
967.875438831415
967.967790540363
966.021456867519
967.249963149477
968.231417796707
975.497244224418
974.309131405952
964.598193469084
979.429538469763
964.686345715212
968.654217547381
964.946706813131
968.61918572127
968.212306963186
967.662499145296
966.945219980834
967.563772958145
963.435610006895
969.899845948238
966.177409778499
963.906329846869
965.397618608263
964.473275268212
966.251824926263
963.16944020933
968.345597565262
969.711166487285
967.60991716139
969.357707313815
969.679863183447
976.984197246135
964.363083637989
965.570779167588
964.807870027796
969.280274193761
965.569368814048
972.103513087781
968.422719298033
965.095303734774
969.177985758122
966.916428088401
969.81522340145
971.740599517599
963.35151543352
964.390450680757
972.850181476849
967.09508158173
984.598055453888
969.489415135395
964.568699210923
963.43003231096
967.20833003566
963.360915763787
967.908999697827
969.243254315964
973.172349950079
968.760539778399
965.736243016052
963.302261225879
964.613996040704
967.853155877137
963.626516313357
965.53721256498
966.899588191422
964.953791304181
966.423413599433
968.619362329683
963.946858324129
964.30815174181
983.752137509453
963.613096909052
975.557820362674
970.368944357192
971.902685965533
970.408133665831
969.449074686099
963.939084822326
970.848760472285
967.736567584925
975.314547433439
970.74738765412
965.835184627164
972.609034746892
964.729591627779
964.682840328165
971.27838284906
969.528982324403
969.067968384322
970.240915174842
965.854911658218
971.775714057239
963.105810969578
963.101741435539
963.685364049021
974.955604352276
965.920294524519
969.084226078837
974.080830464377
971.254930362573
963.315835455047
965.291054955151
967.100774851257
964.686833749924
963.795623843902
968.513051263533
969.844897925719
971.123342998495
966.061490164354
964.833804146304
970.322529914962
969.152207770627
964.80629337164
963.70179115359
966.869349400057
963.390634180926
965.95362016729
980.010290252906
967.340761469544
974.074465827218
963.751290523197
963.783211433045
965.106481233226
