1063.90240526537
1063.14870984518
1062.89189468209
1061.6973649548
1061.68954884067
1061.64072097572
1061.50393708689
1061.23820952883
1060.82259386637
1060.57094759246
1060.50935828569
1060.06018763818
1060.03726227469
1059.65241148375
1059.52053442442
1059.46876187259
1059.05379750768
1058.89265615586
1058.86323453973
1058.77621023317
1058.63466294525
1058.62167488742
1058.60678656032
1058.60062144398
1058.42012621927
1058.38525787104
1058.16180651408
1058.15321226612
1058.03785598053
1057.97558489035
1057.91145949417
1057.8464152146
1057.83569597524
1057.76883470058
1057.67145651623
1057.53498217505
1057.4252038756
1057.33824940702
1057.206436382
1057.18651249855
1057.12718290301
1057.06633616447
1057.04153219175
1057.02864879879
1056.88007537618
1056.87356737599
1056.84159186035
1056.79116211581
1056.75920989658
1056.74724166527
1056.73608455152
1056.7234227116
1056.52879863743
1056.47891652555
1056.45740284713
1056.43006534
1056.32636832797
1056.32006094386
1056.27917097641
1056.27474162262
1056.27026931121
1056.22558925072
1056.02819419786
1056.00405716529
1055.97063208103
1055.96812342476
1055.94007770135
1055.9113157858
1055.87105701954
1055.85896490456
1055.84901768481
1055.8326894216
1055.74076360798
1055.65303366856
1055.62166814582
1055.58735157972
1055.56275837103
1055.49993097492
1055.47053422608
1055.41779832813
1055.39590503619
1055.3951220114
1055.26772670798
1055.23173089042
1055.21561175595
1055.20577451915
1055.18822687825
1055.1819890237
1055.14191443678
1055.1412457005
1055.02207105595
1054.98550843718
1054.97058025717
1054.90694932775
1054.90157701981
1054.87577070008
1054.86484984272
1054.85856731034
1054.81768702032
1054.77991380381
1054.72807198069
1054.71248601382
1054.66337334999
1054.64726822476
1054.60717885957
1054.59588414976
1054.58721759885
1054.57701363948
1054.56636284376
1054.53084759738
1054.49407414815
1054.44633655987
1054.42147019194
1054.38923691377
1054.35498515998
1054.35005777833
1054.28996594024
1054.26993165716
1054.25596186113
1054.22499345165
1054.17797501114
1054.16381179269
1054.15547881851
1054.14730139607
1054.12426075638
1054.06410799078
1053.95514505265
1053.94782365863
1053.9374349419
1053.92910533528
1053.89731927496
1053.88620439454
1053.87807712801
1053.87252383955
1053.86913007234
1053.85511212586
1053.81354340729
1053.80518080063
1053.78657367913
1053.77779177286
1053.76528197262
1053.76450051912
1053.7508251822
1053.75078271685
1053.739718065
1053.72366140067
1053.71375553988
1053.70182577323
1053.65388463684
1053.6479022624
1053.64639111632
1053.64590444355
1053.61954944747
1053.61771810349
1053.61470887947
1053.59412726558
1053.58433691135
1053.57392669984
1053.54916519422
1053.53097982293
1053.50535076421
1053.50103844473
1053.49722489721
1053.42382683901
1053.33554645927
1053.3273784368
1053.32538320956
1053.31692885474
1053.31522134733
1053.30859969338
1053.30522523719
1053.27202292472
1053.25564621119
1053.23621209932
1053.19593736396
1053.19018094582
1053.18278347618
1053.17175761238
1053.16429099723
1053.14559349854
1053.12550967548
1053.1015301638
1053.09763204848
1053.09350921969
1053.09204555854
1053.08469527505
1053.07795364421
1053.04853548876
1053.0421637364
1053.02965050081
1053.0027855916
1052.97255762545
1052.94047884534
1052.94014879502
1052.93834629476
1052.91588338127
1052.91321179205
1052.89773449057
1052.84050683402
1052.81937167966
1052.81007046165
1052.80371765696
1052.77825113537
1052.76395518713
1052.75212335481
1052.75130613104
1052.72742299836
1052.72465423293
1052.72137910738
1052.71810301301
1052.66746169408
1052.66064922591
1052.65349043468
1052.64008423997
1052.63440391507
1052.62228338399
1052.60519724847
1052.60365092749
1052.59358841104
1052.5669600569
1052.56681157064
1052.53150926971
1052.51270440029
1052.4876825681
1052.47678848589
1052.4509224354
1052.44265422092
1052.37350255586
1052.36478826875
1052.3567856838
1052.3528774542
1052.34899180783
1052.32671764084
1052.32202462882
1052.30987125313
1052.29735681726
1052.28134917236
1052.25826233306
1052.24969275308
1052.24227199307
1052.21825369963
1052.21286253205
1052.2027968038
1052.2024617093
1052.1930414275
1052.19293534404
1052.19047269412
1052.18991472974
1052.1846058044
1052.16736651337
1052.14472138999
1052.12095751703
1052.09876182501
1052.07447831826
1052.05362200155
1052.05007387794
1052.04720420128
1052.03605028976
1052.03574297956
1052.03424636561
1052.02330802817
1052.01870239846
1052.01833153062
1052.01265086421
1052.00152824349
1051.98967265936
1051.9686545542
1051.96727559664
1051.96195973862
1051.95928692371
1051.95257253616
1051.94896207672
1051.91384445442
1051.9020152924
1051.89435408928
1051.87550706941
1051.85210477954
1051.83270619812
1051.8309027319
1051.82191626811
1051.81955287205
1051.81927207359
1051.817938526
1051.79022410446
1051.78436353151
1051.7786373914
1051.76998784229
1051.76723204122
1051.76457660231
1051.75452540225
1051.7453735892
1051.73888439613
1051.72589818184
1051.72539380102
1051.72375662242
1051.70593845168
1051.69715562316
1051.66294145175
1051.64938162258
1051.62326905862
1051.62140642371
1051.61106811569
1051.61009092685
1051.60029981182
1051.60025372915
1051.57753937834
1051.56554032585
1051.56432061936
1051.54858747137
1051.52929477692
1051.51323038712
1051.50996456741
1051.49437853331
1051.48360018828
1051.47027183246
1051.45805728754
1051.45564651487
1051.44747462459
1051.44472815155
1051.43723651847
1051.42814380522
1051.41946259633
1051.40651397239
1051.39627395681
1051.37308174452
1051.36474582754
1051.36101502882
1051.35879652537
1051.34753423312
1051.34046508227
1051.32526949796
1051.31452089376
1051.26592346382
1051.24841542265
1051.24104673899
1051.23889245803
1051.22325320413
1051.19867858741
1051.1933922576
1051.17116136646
1051.16717633409
1051.16419582361
1051.15709770138
1051.15581679727
1051.15540948164
1051.14086734124
1051.13742179359
1051.12462248868
1051.10522375109
1051.10085361661
1051.09490449538
1051.08678391219
1051.0824078037
1051.08013388585
1051.06375341814
1051.04510384982
1051.03227425174
1051.0266065299
1051.02460977578
1051.01291141765
1051.00757104688
1051.0060682623
1051.00330173489
1051.00120475451
1050.99984954355
1050.99760933067
1050.99026359776
1050.99021977482
1050.97602854598
1050.94408298008
1050.93791223436
1050.93278303009
1050.92970582292
1050.90334293091
1050.90215734808
1050.89782013447
1050.89416907806
1050.89131170093
1050.88834535406
1050.87875185968
1050.87200413786
1050.82367676471
1050.82034533291
1050.80349326463
1050.80300658071
1050.79766139904
1050.79530072801
1050.79386173292
1050.79345529753
1050.78846032264
1050.77680888233
1050.76662390204
1050.76004371238
1050.7574864474
1050.7527518949
1050.75086765622
1050.74455280906
1050.73663932542
1050.72949293833
1050.72644704248
1050.72299435918
1050.70722268782
1050.70605950283
1050.70259883754
1050.6922652071
1050.6796502239
1050.67422243831
1050.6710655852
1050.66109431678
1050.6576386529
1050.65540957111
1050.64978185612
1050.64202378222
1050.63237405366
1050.62876161076
1050.62424589302
1050.61994220451
1050.61389156993
1050.61105057986
1050.60401220439
1050.59540715364
1050.57135421144
1050.56837108547
1050.56572870085
1050.54883104372
1050.54720752877
1050.54026827602
1050.53938660651
1050.52818839712
1050.51194316124
1050.48712825691
1050.47771377975
1050.47285325803
1050.47052770054
1050.46968874219
1050.46712294415
1050.46579339087
1050.46311580365
1050.46052273034
1050.45193090249
1050.44438117399
1050.44224926962
1050.43736080649
1050.43504742171
1050.40658476815
1050.40633982398
1050.38788071485
1050.36213201134
1050.35937036657
1050.3467233197
1050.34464425197
1050.33706815154
1050.33578143388
1050.3155129605
1050.30243291915
1050.29383188655
1050.2727708033
1050.25360529653
1050.24845608127
1050.23882834997
1050.23711449146
1050.20853972269
1050.18711869307
1050.17230623225
1050.16788817641
1050.16519918523
1050.16211345697
1050.15881669764
1050.14027727711
1050.1369560771
1050.11240386187
1050.10607883884
1050.09813454126
1050.08335255029
1050.08190325579
1050.06988567547
1050.06981510003
1050.0687278117
1050.06658163703
1050.06496872688
1050.06288295275
1050.0606565071
1050.05323113824
1050.03745518908
1050.02575595377
1050.02571746696
1050.02092952278
1050.01532418363
1049.99870151754
1049.99750907567
1049.98613435638
1049.98543106769
1049.98139873503
1049.979721189
1049.97718350179
1049.97353568189
1049.97197641615
1049.96442813007
1053.18591141326
1054.14005119438
1050.33210243583
1060.93944826816
1058.05006627562
1052.44131452801
1053.35599037689
1053.67417460708
1052.14850502075
1051.50027003937
1052.302128525
1052.8957285642
1057.21658695873
1053.87996954935
1055.07225531971
1050.58299524656
1054.64213232446
1051.91970586127
1064.81897041195
1051.82668279304
1052.22242286916
1050.96939657471
1051.97586429455
1050.61458225121
1050.37360969825
1059.71261747176
1056.3963354623
1058.60334723756
1050.62036376725
1059.51346270274
1053.31968480178
1050.20720057784
1053.02124650799
1056.77777684885
1053.81763297828
1054.61993041568
1051.61933419025
1050.25291034666
1052.51507823528
1058.08314335518
1052.22447530162
1054.46570354935
1053.62173016795
1055.91756240093
1056.61645024319
1051.06005472554
1050.99063095378
1050.88941865677
1050.03953917819
1052.49974514739
1052.33930852809
1053.9850755338
1051.44943947378
1051.94694738664
1050.11630896821
1052.54808414285
1053.93835015812
1061.2819993044
1059.90057537188
1052.81498232466
1051.52662656226
1052.39232880422
1059.2346548724
1051.17915420381
1054.9771443547
1053.61938723701
1052.68382320028
1055.74496404284
1050.04798344858
1052.83092482761
1054.0486037472
1050.28798359915
1050.59097304023
1050.78827277192
1054.70672706973
1051.18567175065
1054.12298981373
1051.41471206557
1055.95503268221
1051.38081398428
1050.89519417528
1050.77881204225
1051.3039752965
1053.04806308071
1050.9651367573
1052.17132548326
1054.17133868703
1051.07424773716
1058.04685206088
1051.33199255896
1055.34382259981
1054.16033022539
1050.2406479475
1054.55390516206
1064.20260813527
1053.51748982398
1053.83921819104
1050.49162628843
1060.02387880383
1050.97623556892
1057.14986961862
1051.8343262464
1050.45563598238
1053.46811439231
1053.62356531574
1053.93642567634
1051.40329860371
1051.89579122825
1053.24156965778
1050.68627648894
1050.07171378727
1050.54817022158
1051.14456852325
1055.5699606585
1050.04119070285
1050.5806775432
1051.48622182785
1051.01477142613
1053.73355199211
1052.74799460658
1057.91144765143
1059.97633829228
1052.68492530412
1051.82037579306
1054.02469380708
1052.43728705369
1051.48305618245
1051.79073059743
1057.54296742406
1050.5811109897
1057.60283958408
1055.79920079214
1053.74904094383
1054.8006249958
1052.7141800536
1057.76005616726
1051.62461226129
1052.72106325716
1050.75299936375
1058.55753258254
1050.95233803034
1051.30517489675
1051.03663846137
1049.9962240019
1053.21501168083
1050.06135868631
1055.28740836999
1055.71248528974
1050.44945075258
1059.91758708172
1053.17006706234
1059.32577079845
1050.32307206472
1060.59172809092
1051.91295148455
1060.27856638186
1051.84949967154
1052.61816298261
1050.41232180419
1051.12321551107
1052.5427941334
1051.41389772744
1052.60613224843
1054.65246501143
1054.34380019558
1052.29168574373
1054.88435296362
1053.8673992824
1050.29674180613
1057.02352904677
1055.04723443253
1053.1497404154
1053.08634952834
1056.16146363496
1054.55982441127
1050.33350979321
1051.13992580267
1051.94967478995
1063.88546045927
1054.385228849
1052.7400462736
1054.46576712859
1051.99473110187
1050.72477883495
1052.92372610122
1050.46592883273
1058.20531159345
1051.51552966421
1055.03776701422
1051.03400695332
1050.42984803065
1055.53547373362
1054.32386040815
1064.39857436869
1050.56281224699
1057.80593734589
1050.28267247585
1057.50325738669
1051.28040190293
1050.94950680161
1056.0802044432
1053.15775196841
1054.09914754008
1058.04069352157
1051.28872788731
1051.28579274157
1054.49809692678
1050.99015062814
1055.00019983726
1051.65635054149
1054.98475256203
1054.33080979632
1056.95858065635
1050.51128999987
1061.37808025962
1051.83508652635
1054.15227415704
1053.68128344954
1061.18001431738
1050.52236728647
1050.75272539481
1052.36218684302
1050.2192189313
1054.57560434659
1050.26148799959
1051.97447058937
1050.44077585278
1052.92805034176
1050.85453290165
1051.86403598958
1051.13659905397
1055.32811561027
1058.01495933098
1052.89831016513
1050.60589917426
1053.91698048787
1054.01777255827
1051.7112039642
1051.22434986424
1050.88662091324
1052.93723370747
1050.98196312278
1052.14657256256
1051.79580122233
1049.99059072967
1053.17331974732
1053.37242100845
1057.81559544714
1052.94552074775
1051.84468170971
1056.64310881982
1050.86789824906
1055.71049577837
1052.5245514731
1053.72062934861
1054.86138410958
1053.29078557981
1056.51459631322
1052.21974437882
1050.29413646915
1053.53849315676
1053.4882881894
1052.68627557873
1050.35448063364
1066.98051643632
1051.05694810981
1058.53225049737
1057.63858259575
1051.94015403977
1053.1603741875
1053.15186211892
1051.55952995026
1051.09911840978
1054.60757099321
1053.27027164889
1054.05420948395
1057.14536748578
1050.66974241311
1057.38158294012
1050.53038836083
1052.43466496466
1054.09139960368
1053.52420631407
1050.90802106957
1054.88129893313
1051.81468123243
1053.08731546957
1051.4221874054
1057.52824966375
1050.52643994471
1051.88151600879
1050.34723852568
1052.92704518633
1050.47120805364
1054.23878901035
1053.25149090155
1050.64643337885
1053.37591383594
1059.76819793629
1055.56510204303
1050.76436900004
1055.17369752282
1053.63966179181
1060.10672704979
1050.4004771918
1050.28390810665
1054.36935078284
1051.83683829492
1053.48996852689
1050.57266827041
1051.37812927598
1050.10414033644
1052.47846479871
1062.93948415296
1053.80915694704
1052.49945681633
1054.68184589206
1055.77776294276
1051.6017715356
1054.66941292048
1050.64499034676
1051.96384225784
1051.27081233449
1054.43276183508
1057.30349841435
1050.67102211707
1051.96388845942
1055.42085279181
1053.02015850627
1055.40131133107
1050.69130913188
1051.77783252367
1061.8959946523
1051.00368862458
1053.90070655103
1054.88219564177
1051.70315245284
1054.99415664667
1052.37170029835
1053.70005951836
1052.82263958703
1056.28830628128
1053.90919204763
1051.31220540825
1056.12204588772
1062.14288678068
1053.03322129564
1053.63486504334
1052.14861511877
1050.36878128067
1051.83480563826
1051.02574830583
1054.39340038369
1051.07650804733
1056.17020272044
1052.97092525644
1051.33822407768
1051.88760837618
1050.20848408109
1057.44285118057
1058.36715813884
1050.23983665636
1051.42486295641
1054.43374062275
1055.35278496277
1050.5927847582
1050.00195483346
1060.01975737887
1051.15775599041
1050.87221560053
1052.94918655151
1053.09978094992
1052.0961972404
1052.05167473504
1050.95952128565
1052.60679202416
1053.8052388347
1052.12676692272
1050.71075187528
1049.95816896301
1055.57627588781
1050.33301486548
1051.2725893648
1055.35846948635
1051.42408778967
1051.29971122153
1050.60597546943
1051.64361515289
1050.4860356492
1051.49707580965
1057.81745887904
1056.36711932679
1052.03045329273
1050.4056899377
1052.51045538007
1050.1192018574
1050.09557546633
1052.8117636952
1051.57970508094
1057.99670461221
1057.21898700115
1052.84739228269
1051.86196155904
1059.08241503095
1052.32096694376
1053.67516959099
1053.51542785796
1050.94479957759
1052.058043385
1059.6542450828
1050.2960814774
1057.05520597964
1050.25196497396
1049.9707818207
1053.37971069396
1050.19734861874
1056.69691137998
1051.56618553134
1052.25232494276
1060.3186224168
1050.15146949037
1049.99820810492
1059.53953384468
1053.00666272159
1058.77819018212
1057.61035482929
1056.38203147818
1055.18664973439
1050.51812201782
1053.62819588465
1050.75237378529
1052.32472210017
1058.25081604327
1050.59036873772
1051.92483766722
1055.52485557746
1053.75700381143
1050.83429946575
1051.09433276868
1051.23787125355
1051.69812615611
1052.30527366981
1054.86033230503
1053.30516151379
1050.05563039491
1052.63704427344
1050.14349755115
1052.9427237455
1051.12162259919
1058.02552704545
1050.24661126902
1050.46795089022
1054.31586276587
1049.98474384599
1054.33607030736
1057.68212148827
1054.22896433508
1052.24987133413
1056.65369268399
1051.22705944327
1058.51279206024
1051.24943813328
1053.74970030042
1055.72776755817
1056.58325794537
1050.62953614463
1050.63077370425
1052.34086176695
1050.6481506212
1051.96478400956
1060.14317462691
1052.22260027203
1052.26679825995
1050.00923072335
1052.80402254615
1053.35586327106
1055.31971545381
1056.39047473243
1057.88445155335
1053.16235717446
1056.84381865086
1050.54211269727
1056.96401697076
1055.82669380058
1057.34713206173
1061.96971714582
1050.42264409493
1050.98837441432
1050.95183682302
1051.86379450413
1052.64602705515
1052.87401829565
1059.64462864163
1055.30603754466
1051.8156160759
1057.79509919014
1058.45227626014
1052.56482375079
1050.91208507201
1054.00630895259
1050.32026041105
1054.72822620821
