827.714095166096
821.741159810869
816.660222630848
815.476047099804
815.295020567138
813.920331738953
813.005533034587
812.706841505722
811.919792839086
811.530999400548
811.508437083365
811.378712836479
811.17589935465
811.006186875703
810.962997245291
809.903354157211
809.59452052214
809.523087801332
809.321089641925
809.06780558105
808.580928120244
808.407833956189
808.317938023045
807.988282233139
807.953567902581
807.778126145977
807.680102594543
806.987724532531
806.949222221513
806.792424850927
805.592638454247
805.579900991303
805.376957637903
804.766416300408
804.755760521616
804.729411598426
804.567609416449
804.150865469338
804.119368740334
803.903883537644
803.664811072628
803.639072991168
803.632816617535
803.535509642176
803.476468155152
803.386551094996
803.012854836678
802.605811263493
802.521309816438
802.24267062792
801.664667784159
801.589398575136
801.03239431301
800.863787536999
800.546762643398
800.308776863102
799.902674630352
799.866965317434
799.843647675644
799.637074161067
799.621479654569
799.556267475046
799.4541683623
799.392478319045
799.328994107455
799.210915090814
799.210390423657
799.09306243582
798.985208950925
798.978473782103
798.879572314046
798.766600077463
798.565157599836
798.484534554663
798.396650669096
798.393687521265
798.362655660243
798.200328275165
798.110045696318
797.960085423166
797.91258632186
797.87393895861
797.772209827261
797.566515654624
797.544595625577
797.48660272407
797.182477604322
797.098559908702
796.888721539475
796.733474258535
796.477798396055
796.463530223741
796.358881219565
796.343626052225
796.222779739763
796.195787002719
796.071075018611
796.039547180937
796.01848297745
796.012464539613
796.001394492265
795.933484725695
795.907344943226
795.815608808037
795.75002677376
795.6327539905
795.551430763368
795.385400789992
795.349251839502
795.303377640556
795.183759957269
794.927919173451
794.764317725811
794.697051126043
794.664826506902
794.611645818914
794.410293430967
794.340220258299
794.333665438084
794.292740197817
794.292188911978
794.264007331286
794.205878025749
794.186556997477
794.145072864145
794.129078873192
794.056254687077
793.960445019487
793.944954987546
793.938470963999
793.929210288577
793.894675203806
793.834068520215
793.774824576415
793.504652065191
793.451450884999
793.302687433829
793.270553645013
793.180737019561
793.117728533157
793.066035650429
793.05066736638
793.037413016272
792.998948412165
792.996314510297
792.924424815757
792.921426079684
792.855950330677
792.803085288649
792.613363186998
792.588503941754
792.512851501804
792.484906241109
792.444104472461
792.435785789113
792.386827298268
792.305298538775
792.252663754493
792.237106898273
792.166726300912
792.128383528458
792.12774718572
792.124444158612
792.075132188502
792.042258359296
791.922248215769
791.907151236543
791.899008733595
791.897598896936
791.89708322337
791.878870018926
791.868976540301
791.784049138765
791.777306974412
791.769709057009
791.727300731985
791.678558662796
791.656062427226
791.63159139165
791.626995736727
791.61757497138
791.608630512646
791.531656872701
791.481271941918
791.460389409908
791.438971747805
791.356906519353
791.286566657602
791.282142916804
791.27887787663
791.275836013691
791.254936500003
791.242664253796
791.138000406109
791.136199044756
791.126670951367
791.108749835483
791.052012016557
791.037677323894
791.037107204033
790.928028457626
790.920718545062
790.895486729029
790.838342882366
790.803399643005
790.71927952769
790.671607902006
790.670642849833
790.629074982606
790.575716739426
790.540588120577
790.521527510994
790.498703843099
790.481815439252
790.466104092652
790.368063791789
790.326412271152
790.32342596207
790.307776498195
790.30302827666
790.168348913206
790.142531115673
790.133719120182
790.12507772792
790.102616216618
790.096312479886
790.061478513091
790.045289379109
790.025393311433
790.000316866511
789.986938400544
789.95512399369
789.951085082483
789.925968099154
789.885541344071
789.874228306911
789.751379125355
789.74786019135
789.680089877241
789.653756811329
789.648269623316
789.647984180342
789.633154358664
789.615165062346
789.594055592469
789.590616239109
789.586968995956
789.570186604477
789.497768314473
789.487570117864
789.476025386579
789.448144449106
789.408811290665
789.39150322714
789.35432641182
789.34042845273
789.322759566106
789.312775702313
789.251369085729
789.21070010572
789.188896709179
789.17185809898
789.151130198032
789.136162173656
789.113220104679
789.105940392248
788.999498605608
788.999410725648
788.946401199929
788.941660761604
788.899964217863
788.886559032637
788.839554575739
788.750106047015
788.733569871682
788.697289934118
788.676472043042
788.608931177401
788.59974487252
788.593908088198
788.566686033799
788.565038096024
788.473560980217
788.466210029915
788.415178321113
788.414979848534
788.409903486771
788.400441770313
788.398998095957
788.39605867235
788.382414510957
788.379602437515
788.37229019672
788.267045005257
788.21308068727
788.21132330486
788.202895628424
788.201625361263
788.161090581894
788.146840253616
788.117538037825
788.098828994634
788.065629551572
788.050592335899
788.026804643995
787.996917448314
787.98960188511
787.97936081244
787.972972316073
787.948120139026
787.917671174892
787.897025755888
787.870032200523
787.868678027599
787.859057639538
787.836351473389
787.812199572501
787.811209307347
787.768885319751
787.739916669529
787.738628712175
787.719084960623
787.702031539441
787.689970581582
787.686478614503
787.659329849456
787.610037547046
787.587860149445
787.58067638462
787.54149274319
787.446058574869
787.410020607948
787.342625046552
787.338669564312
787.333852415698
787.260395975517
787.256186435196
787.208832312025
787.191735013567
787.181081808604
787.179546390299
787.116756605446
787.094764190333
787.063147472793
787.054543690719
787.045149913164
787.044918128097
787.013931143962
786.989884376814
786.97790208406
786.924906547668
786.918990875787
786.917778773236
786.757109888901
786.752273179123
786.74927984494
786.730234285534
786.725494414879
786.708883931067
786.707156013042
786.702982698197
786.694807036648
786.686999246706
786.682224349725
786.661473444974
786.650015164439
786.625172839751
786.619169626508
786.582697466119
786.580949644934
786.55401166337
786.48478679625
786.469284295751
786.453164618126
786.368526584396
786.365087418182
786.322706217968
786.321054678495
786.288907201961
786.287632650086
786.279771812796
786.154276208723
786.150564828564
786.131192998801
786.123157645101
786.068387930419
786.061500758838
786.030248998761
786.014946060974
786.008495319565
786.006573005443
785.998826991693
785.991337492498
785.936216578019
785.932999466772
785.918091633799
785.912657210908
785.910555983029
785.893134167375
785.875123215878
785.863079499496
785.83009676504
785.822860609325
785.821192841593
785.818057112904
785.778976825262
785.773191625504
785.749074076545
785.735051190932
785.733377845898
785.717415862466
785.702026076369
785.696338876778
785.69417301503
785.671779237098
785.645465795168
785.602347518467
785.56468395876
785.551199939044
785.451393611627
785.418476178741
785.416986802691
785.369030626206
785.327157445715
785.305930215854
785.279251850519
785.259423465337
785.25525874501
785.232781641695
785.132495514766
785.109204795798
785.104378721254
785.095106182927
785.09333491936
785.068498322983
785.053264858708
785.029254041544
785.015159457528
785.010331845713
784.987507487377
784.986709141426
784.948365947798
784.910443482074
784.877651334536
784.858049788126
784.857661487398
784.850050291727
784.837484211137
784.810836651426
784.766700933591
784.746299843221
784.741160265423
784.728590533975
784.710483862587
784.696374861861
784.693815150301
784.663445835923
784.652118528139
784.624716922116
784.615674790143
784.596351924048
784.586748560462
784.581011605567
784.550423513336
784.530310158844
784.513265394717
784.481216624434
784.473226534677
784.406108405685
784.400930257555
784.384240221305
784.347530883744
784.326999865239
784.322090433798
784.318143515302
784.311688991885
784.30727450636
784.265617840735
784.258745155302
784.223747505909
784.20392663858
784.1908724774
784.190087619672
784.173672411659
784.135692693326
784.133512419323
784.091851692052
784.0273524859
784.000991174775
783.991902538227
783.988146324765
783.979668787798
783.976415896074
783.973650367874
783.972279506714
783.963103191585
783.959524696948
783.951234480807
794.372940930599
784.495268256629
819.694783909594
793.64343087552
786.479908631285
785.350351409038
805.114605434945
792.711209723846
787.45333475094
795.088104812374
786.350010411622
797.682578587716
786.001427919134
792.782646564234
792.349195652616
790.275108342165
784.001513813375
786.053908299853
787.259048883777
792.224787469096
799.032968353152
791.093247975411
788.561113223172
786.068762903771
798.981996511135
785.893025433368
784.461405176367
785.366150960081
792.118685320648
787.618028831384
806.642766125431
803.388580580972
785.93098573422
796.0417133556
785.775070493794
787.199513809004
786.464166458577
801.894074506055
787.674715738181
793.730108444392
795.586509431905
785.511214995573
784.035857693373
784.722484376872
786.161652806178
791.364662126333
812.634263522073
787.532847011528
800.021462751835
791.140698815169
784.293129108908
787.792419856068
791.099419519455
785.884892646384
799.687719899823
790.837595769764
790.920430797261
787.926522609569
797.33434275246
811.258711343008
789.658312882298
785.391366862658
803.471932599911
801.566995644705
795.465751214824
794.26855185672
787.017310038403
785.791943451285
784.494137314334
791.988999733783
803.608066499129
790.278338335438
803.665874718217
793.647000208481
786.539017062589
792.251136241236
784.477983323303
789.418498759053
784.627186591198
786.222423563975
788.757659919543
798.055762108059
795.476663591778
799.101185741209
807.437024257163
792.526742429646
790.091850563772
785.523746311615
804.293860087704
794.542668229045
800.415466585222
788.569300918115
792.914103423456
812.799019819368
785.542479958053
801.369288585259
795.685147452282
786.39866711384
797.687501870808
785.617071861418
789.827441820078
801.07947329088
784.146121227705
811.529065010699
789.167781516581
790.255739209451
797.542420674071
788.520860171371
804.887134060359
792.422358953594
785.410151068362
793.212824652928
787.855533794716
791.624332674065
802.97230560898
792.791804791251
786.505390535162
800.06115204173
785.482274278159
793.827652140865
799.47151612126
786.184812410889
785.03488297778
790.376086873994
784.004801091313
785.007997394794
793.520910229312
784.615584849863
810.392414251074
787.780618118277
795.373227029451
800.443961770012
811.516307371181
806.470399056561
784.057603514263
815.137126260428
793.590559925001
784.434835584408
785.331560773547
788.805083002518
791.557866250897
794.345730699207
784.002995271159
785.478335872876
801.247381799066
784.021236647816
793.578896912836
787.11573262177
793.135331033344
794.990051875188
791.289376482675
789.055369571573
797.107500321997
789.72358955907
795.191946962922
788.798487305484
787.243469617472
791.700910560762
787.721285283718
793.669645050159
789.170351599
803.720005352875
807.277712854426
790.476319741918
796.894317577426
784.116151680587
787.060108074964
785.936177098606
785.997555957455
792.769558057765
811.951837284398
784.950146890851
785.541570144504
789.795230255278
792.353776958676
797.359499082828
786.724009139371
802.652271423476
786.82692664759
787.326544139537
803.355776717547
790.099610551933
818.013886410917
789.638051392623
789.540542968638
792.222544042324
793.753662585277
788.929514606537
793.924046752963
788.368487985623
799.38777868936
787.3658032892
793.357037564076
786.072702256371
793.664709895675
806.377532850152
783.940802544972
785.33903782608
814.233148503757
795.757591733244
796.304542939912
785.024815185352
794.526571486752
792.365210843524
784.680047031769
800.067008398122
793.513187290247
785.685131160094
792.791934421665
793.4690489172
786.276349230851
787.063621904184
794.936909794313
786.3888883722
797.514045202946
788.956906222887
792.344853559787
790.417019551244
784.524791714877
787.195502421312
784.019466913444
793.537888780626
819.259456820423
785.963591628729
800.637447151029
786.512134587944
785.140695069169
786.374772970923
806.674512282548
815.959214840907
786.086375780083
798.035497885214
794.979716572012
796.298987266473
785.101702442946
806.599133057307
795.308611441439
786.063669732158
795.82251826196
784.565695712935
784.493951300917
784.342253229879
813.265284126604
820.559853305169
785.618847795261
788.955900668121
784.556144290249
805.174809094473
802.369651414866
801.510555266235
785.653189680136
811.45553391828
785.187679671205
785.207839410996
784.511377458622
784.211440043241
790.517219863026
784.088843129505
792.509590512676
794.654418334885
801.448786749828
802.317241730663
789.407103668032
793.312541298579
792.505431900524
784.350278996039
793.440675398087
799.484560443711
784.656550335699
803.903840526306
808.870004943337
793.103588501844
842.637992143265
785.49918215484
790.512825414231
787.443125613518
802.823725088613
798.198784637825
791.201998859547
790.953655134837
785.328908708594
799.014829073421
791.37338632524
797.80389364277
791.427859470765
793.669585173032
803.076862257249
787.688957339184
791.597167438891
795.860929832049
790.573435284071
787.943304642078
785.610366607326
785.638581990862
785.776202160923
792.539898622161
798.664758709384
791.595748860695
786.189662334198
790.17503703558
785.662771645841
789.537620486294
794.376970830873
785.302109427405
785.168398155594
798.256716119476
800.800543583327
788.374415038025
784.694728965207
790.931864416276
784.446314089921
801.058026994058
800.602080812566
786.066817101277
784.625670476694
784.468610746698
796.085075537928
789.596818229087
784.084646679655
790.661494538973
784.753092186332
789.703417580713
812.254284770053
785.590374173934
786.606588556716
784.039569145978
796.406936840117
796.332623420015
784.242325218495
799.783136644157
793.367329733475
795.22764685032
784.063531730249
789.700043332045
793.356627817653
784.47284692116
785.73677146177
789.417449627218
785.029676923675
794.822336676971
784.91339945379
791.030594386201
793.900500312591
789.773311116451
803.082833268733
793.821011689672
787.541658325918
787.818076745733
784.836280425725
792.312061408762
793.670607390428
788.874188701085
803.250074534738
786.313681819303
786.417312302018
810.452621560047
789.518778707575
784.828867098938
800.989605187227
802.068986162106
801.867997140727
814.536372812434
785.650503625149
796.557214491808
784.705726430243
788.688321583564
802.791210657513
793.377114647207
790.175749544779
785.595836111128
787.954644127502
794.105113752857
795.960344733817
793.374794430509
804.243073081262
799.256933677023
790.142875260547
808.395319529581
793.171406364106
788.053725522432
822.999293320744
790.141547561572
791.168495755753
788.559795664
790.166060347611
784.376806072534
784.078273096344
810.028695482458
785.081276391344
794.93817619102
792.226441924884
787.446883114434
785.77019908385
793.850908934212
785.915736082058
787.559167315776
786.729018830757
795.325788342346
818.770433219525
784.523763760416
785.482942466219
786.637115265246
795.497519843108
788.840948227446
785.876845960427
790.303977044311
787.45187744797
788.311313807491
791.957068268519
785.663394960732
788.204059994122
787.464690451005
803.042493034956
791.505242311644
794.536574039624
784.780129842918
791.575007464111
807.590698498542
793.147986827721
785.577221275683
788.914201206226
818.167890875014
784.456839610637
793.258066905905
797.190419447388
789.975629582759
785.382436213134
786.229614423438
786.556413976122
787.610213975269
784.556310241353
793.611747810399
793.368511778531
786.284230495976
788.884455599123
785.832845247238
785.353185553571
786.971127356916
788.277286778588
786.793957858813
799.147177269057
785.821718565056
787.550582188881
811.881165456609
785.25042440643
791.0683274054
786.091837921585
807.088776577253
827.109830102918
792.75647469271
786.503130673003
785.435048327949
785.934481736955
787.931537085236
784.481875905928
787.913539969352
785.272245793887
787.901145093515
799.215305941083
787.056604591139
787.275834001454
785.456001591708
796.954697479691
791.042671086103
788.872396481982
798.045124466463
797.981958326654
787.382881597046
785.805418366805
793.758090438212
793.725883763394
810.394873234414
789.266219656835
786.407756101724
790.053658223172
784.991040538635
797.687545259925
802.514922136339
792.984536427824
786.722842814714
796.996754651304
793.885149162811
797.917939112146
792.029474665965
787.784068128567
791.820575755881
795.556549800659
789.560889257936
785.371161012716
789.602944293608
786.808169340073
786.500839073006
785.093380432254
814.383145769043
795.774238678599
796.536282039994
807.723711422253
795.679255348487
793.780396815945
784.265004851896
784.213574506055
812.360361469516
