539.938407861567
509.450787581018
501.372066894645
489.191712082377
479.792081829189
477.075375346588
473.767999635396
468.245555084733
459.248767488767
457.161735258077
457.074541395995
455.710081360467
455.588396344117
455.095699589668
449.325306913192
449.030267446088
445.919924103712
443.946818017051
441.07053414672
436.697037752866
434.757546353105
433.529272806577
427.908449381024
424.356830410633
421.624239787944
421.490081668052
420.856117824603
418.633232790726
418.147231272048
414.31769240202
412.24222857921
410.973542632451
409.77205415502
408.315302344917
406.97846188463
406.90370651414
406.841722508525
406.352710360467
403.777137064412
403.263167676884
402.537363209549
401.939980663067
401.842796449201
401.205958526304
401.109667093364
400.174507098673
400.017022545115
399.222877415171
399.064764765257
398.398149713178
398.045742841543
397.319078804746
397.084353408361
395.528593743418
394.650882362009
394.60691197553
394.508763545784
394.314441908925
393.175850485629
392.205501029933
391.955479899139
391.702523800016
391.574556349317
391.368784786087
391.195982262328
390.463526281513
389.899216859888
389.778079329947
389.667544798168
389.523858164397
389.172937274491
388.720062383138
388.593007836331
386.941907453207
385.752932603426
385.627410052051
385.26563270855
385.25413135142
384.587399750521
384.257609371934
384.067457700713
383.644173502958
383.22771801398
382.909785904393
382.884845099234
382.361944880261
380.819348849198
380.66666345047
380.643065164259
380.347727957557
379.877424629537
379.729654760495
379.669104041461
379.655411237176
379.61335737649
379.259414428976
378.843086744516
378.554421692729
378.549005716583
378.536679837416
378.486415253681
378.428980770811
378.394300849639
378.381617277507
378.291480731625
378.210965894309
378.185960582938
378.113861835595
377.823532741618
377.678952963142
377.270944489181
377.172950956046
377.118033361549
377.065127774415
376.915800591998
376.886294257269
376.612596166909
376.407489705466
376.369108327294
376.359902903668
376.359419298043
376.212978355972
376.164852039435
376.070962976317
375.94883503834
375.919832699957
375.895058734136
375.82207552902
375.634935132334
375.609884042957
375.597811192387
375.58417943913
375.497598770405
375.495115166077
375.4250174199
375.379854357182
375.339626330596
375.303675944222
375.186578821315
375.159334895084
375.155950092194
375.070787295843
375.056789853421
375.048091409134
375.031487796945
374.993234455342
374.96328678034
374.95482445979
374.943481786642
374.887358261686
374.879117727594
374.849346107501
374.835848932756
374.82758502603
374.821407663151
374.800002033352
374.798470862057
374.793779054735
374.770272628141
374.767594462223
374.741492780016
374.728792536976
374.725005676115
374.719155955617
374.717697664144
374.709593882278
374.70261565432
374.701523338741
374.696290409844
374.681251486168
374.676129907846
374.675559737819
374.66986228845
374.668024409405
374.663241065279
374.656246391127
374.655162302951
374.654979172367
374.651735787103
374.649546665693
374.649522013898
374.649186516879
374.649062006559
374.649061753685
374.649058470447
374.649052802543
374.649049820438
374.649047559981
374.649043588115
374.649028158982
374.649027987838
374.649007928897
374.649004335348
374.649001992833
374.648984096152
374.648957650497
374.648950198608
374.648939304535
374.648924885074
374.648923898691
374.648921659363
374.648887706102
374.648883441367
374.64887659817
374.648874940851
374.648869333357
374.648780241527
374.648733655185
374.648718647371
374.648677851701
374.648669032257
374.648640914341
374.64862996581
374.648602181125
374.648568184043
374.648542886944
374.648494283991
374.648477499867
374.648428050264
374.648417340191
374.648410672762
374.648407313068
374.648372404136
374.64828431175
374.648178537113
374.648162186723
374.648079566253
374.648055844573
374.648040253833
374.648039017951
374.648033761445
374.647997152347
374.64795278675
374.647896669412
374.64786797245
374.647837951111
374.647807655207
374.647784897015
374.647750886449
374.647741489827
374.647723592867
374.64772307703
374.64770893557
374.647707857101
374.647680442937
374.647680289004
374.647526429615
374.647440140125
374.647378051432
374.647358980942
374.647313759869
374.64729614412
374.647226988559
374.647034023054
374.647009525494
374.646968059681
374.646928195562
374.646919332017
374.646865277237
374.646788420524
374.646781293141
374.646676671422
374.646661252508
374.64660515496
374.646511546595
374.646500361988
374.646351477521
374.646312931894
374.646274816671
374.646130270926
374.646108397039
374.646105716889
374.646021854921
374.645984239231
374.645963748843
374.645910347044
374.645837223711
374.645823920607
374.645614993047
374.645498909448
374.645437855217
374.645359648838
374.645354210778
374.645321430536
374.645270099804
374.645065378041
374.644877024042
374.644683486245
374.644469814577
374.644326051444
374.644172253012
374.644140953089
374.644112202939
374.644103497207
374.644038887446
374.643890695513
374.643732086992
374.643722648821
374.643499658762
374.643368544378
374.643358874911
374.643267218025
374.643238612726
374.643195249062
374.643194939129
374.643100998265
374.643086446933
374.643046215806
374.643037973605
374.643017188134
374.642830628946
374.642825224262
374.642653828193
374.642631786148
374.642567286133
374.642537549742
374.642526124987
374.642512067455
374.642305863258
374.642268185076
374.642238382762
374.642150729129
374.642072048705
374.641991608149
374.641958441918
374.6419130098
374.641852107191
374.641819014782
374.641811045867
374.641708265986
374.641642309897
374.641165047529
374.641139787839
374.640930817953
374.640743886351
374.640693393626
374.64058302054
374.640573037516
374.640557516486
374.640280475913
374.640268135392
374.639879843606
374.639791109886
374.639686286723
374.63963271526
374.639595936821
374.639548646021
374.639468987774
374.63930262751
374.639262210935
374.639145386401
374.639051699294
374.639007719961
374.638775730404
374.63845759846
374.638156087552
374.637915636656
374.637861760064
374.63768881062
374.637526578515
374.637272941862
374.637164286737
374.636934165583
374.636927116391
374.636905136879
374.636485489503
374.636437470573
374.636328453097
374.63621482076
374.636077011718
374.635872704915
374.635841404575
374.635732362934
374.635607895801
374.635583125916
374.635511666122
374.635469491436
374.635428895244
374.635337960931
374.635218238629
374.635196603229
374.635164559099
374.634645577356
374.63439476195
374.634115314291
374.634055457227
374.634044438926
374.633961667794
374.633930634749
374.633821553379
374.633704178905
374.633662038588
374.633644220515
374.633608939686
374.633196232955
374.633174103201
374.633041800643
374.633014730322
374.632900166979
374.632892916209
374.632715092446
374.632649658684
374.632576055858
374.632358823595
374.632344642112
374.632333116332
374.632230298703
374.632023154142
374.63182052445
374.63176913283
374.631704877484
374.631651509042
374.631508776434
374.631437440275
374.631353273317
374.631349340195
374.631315058323
374.631238476296
374.631164435606
374.631130843863
374.630910011154
374.63087232185
374.63081113657
374.630199004252
374.630114831868
374.630011536618
374.629671307211
374.629275532212
374.628936534396
374.628656878457
374.628647770618
374.628644714449
374.628575776171
374.628548032767
374.628519199387
374.62838725122
374.628204329966
374.62812731529
374.628045428115
374.627890362032
374.627815276958
374.627669130384
374.627426227158
374.627245798357
374.62705159471
374.626988912984
374.626838616066
374.626795900879
374.626504855819
374.626383941468
374.62623917739
374.626168860858
374.626123868428
374.626075563974
374.625887954911
374.625796457654
374.625251647286
374.625009305894
374.625004430786
374.624658839102
374.624476935113
374.62444691655
374.624441849125
374.624353254619
374.624228862633
374.624188536228
374.62402662826
374.623834637041
374.623700916627
374.623449433353
374.623131410909
374.62288230447
374.622766448743
374.622651345656
374.622607439982
374.622515894736
374.622160631252
374.621731156218
374.621640484687
374.621615585167
374.621564658363
374.621510907689
374.621468353742
374.62143191274
374.621153272896
374.621084944993
374.620869048948
374.620859480262
374.620821681264
374.620736023415
374.62070929619
374.620495734107
374.620420787339
374.620420672348
374.620168982865
374.619418104502
374.618969353228
374.618912156199
374.630142999571
399.361684333497
374.648394564339
374.648134692231
374.998444937984
374.670108586085
427.462302486051
378.057391255827
374.626008430157
374.623479607298
374.63305355726
374.632643506352
381.802957257084
374.630807348597
374.642076654894
374.624994487197
455.107986571444
443.676709132623
374.645964087231
374.648529614471
374.648105013139
374.625400186643
374.629874353844
458.019141806215
374.63118152477
374.645025063588
374.639998834061
374.647661567839
375.600941581777
375.025703956135
374.64192611886
388.150073119084
376.041699546315
379.126596654252
374.637869769242
377.846363509677
374.622182770519
374.626731381224
391.338422630511
374.642797610313
374.647597857148
374.643037135098
374.641212663244
374.649001836553
374.621257686204
374.64228148309
374.885677812751
374.642996994178
380.87406777605
375.980913439761
401.774922230548
374.647363590441
378.951140620033
374.639931577867
374.643028749895
374.635571813904
374.648660611026
380.184733681267
387.90406608528
374.635283387279
374.641942045556
374.646924406222
374.687062360236
374.625221820644
374.629510366879
374.619952196672
484.832392841752
398.050334967538
378.961642020005
374.620192855254
374.642686132899
383.022555654788
374.66653721101
374.629140200498
382.480699257794
504.55977657841
454.720901473759
374.644840429307
374.63836127238
417.543455139809
374.644790347322
374.645149857393
387.792806674086
376.375477644183
374.629379092412
384.929049608073
380.973656657196
376.382604118865
374.644845358226
374.809525512375
381.961857318341
374.644942221
401.150360549869
382.872619919698
374.629631363974
374.648656584965
374.770703720333
374.618961260136
374.640699052425
376.369940989801
374.646019458275
427.622953655918
374.649054929408
374.62858641149
374.648823299379
374.648604498511
375.145335765586
374.647809607946
374.647739243545
374.638342410083
374.643568124811
374.648968749099
374.713854948661
476.472563100218
374.624189417849
374.621124707707
386.907141661505
378.602098006941
374.623471489506
403.248765188755
374.638518448301
374.625179987968
374.645579578725
374.645738814081
377.36237376538
374.629603623615
375.112719274819
374.632079304056
374.645902982132
421.952742788014
374.624586942071
374.640631327127
374.634201870481
374.645163481893
374.626960156709
374.646434411579
374.648023016502
374.649209166501
474.247191178355
389.616137688178
374.637008088619
374.645518262657
374.630569145543
374.626268377018
374.645036396708
378.851871397348
488.330478697771
374.649039079554
431.428855895691
374.651143031863
382.987592532557
374.63733835149
374.644855577093
374.661236504298
374.631282050966
374.648243615278
374.649015790182
415.862727371678
376.592181160105
374.621869853535
374.627556948811
393.44222653686
477.752436470236
374.64860673719
374.644621044421
374.62782494567
400.48522498271
380.449574260996
374.646132462539
374.645262361595
374.648729671928
420.314500149169
374.620064286706
375.011375282707
374.634971490343
374.641781291286
374.644887812751
374.645777772514
374.625724587542
374.63739945883
389.768220347385
374.629380418703
374.647824452391
374.753694853931
374.647388718629
374.631401710925
508.784772141546
374.624333801135
374.649016200468
374.646714650736
374.642445565355
375.821353307242
374.629071451399
374.673802966832
375.864250293255
374.64503052766
374.648739235845
374.647302595939
374.63798961676
375.335319059266
374.635131272404
374.645203543
374.620292518944
374.641489049238
376.094289690272
374.632419903232
374.631043176703
374.649052192212
374.640582781385
374.647374444782
374.640178525385
374.628172744562
443.097315687488
382.376332763716
374.644537247539
374.648642251976
503.892989675266
374.636980592871
374.630974305483
374.668262216473
374.635404217785
385.544955519291
374.648049759561
374.641424307882
374.623774372199
374.97991156673
374.649018348809
374.629307141809
374.73440939203
374.62090492306
408.736212279138
375.000614667175
474.542465583509
374.637861021172
374.635790978711
374.647578224194
378.623011862965
374.625443942766
374.620127787601
379.93686102852
469.845244845659
374.638901413668
374.644915484909
374.637587073233
374.641464762312
374.638079522034
374.641703558082
376.018608937213
374.645742368432
477.686322330114
374.644533333964
379.290462377088
374.632660195056
374.622084810924
374.645170196009
374.641365407825
384.221660256248
385.511489411083
374.623597168754
480.509308958386
374.642279932845
376.503268274417
489.762574928039
379.099247646298
375.100181109427
378.548817697239
374.631895715608
387.353232099246
374.638097770523
374.648050570334
375.146088457895
374.646977976909
405.291283205038
374.648677591238
374.623012265235
374.904254251053
374.648690907187
374.647847437672
375.906120003368
396.220039107034
374.631371336124
374.623872173214
378.53594163531
374.635893917555
374.64642707422
374.634608517738
374.640610441867
374.648920419033
374.634577541392
374.646319053593
486.601728412599
374.643284253017
374.646546328011
392.461476674257
374.831042805592
374.639156206695
374.639615719207
427.260877274991
374.641818177687
374.648519982998
380.162748935196
374.64048391925
429.237366922107
374.625887511752
378.301532768151
380.153084335337
374.633133566573
374.646197614117
374.641730123769
374.648296678767
457.73360257797
374.642504476929
374.695547827282
374.628094853574
415.473335169191
374.635243922431
432.674942367469
374.64892901328
374.637775379204
374.636666221524
374.648782573655
374.640021415663
374.649036755564
374.648929639643
388.528424865903
374.644081887844
374.620626104081
374.647759617763
374.646118909204
374.646934030108
374.619583192647
374.625878761764
374.630514459605
412.504988948454
374.647476150041
374.649033989807
374.63681470706
374.64701300596
374.625326618833
375.174868496012
382.771621010136
375.231867030094
374.634474821898
374.618999464739
374.626224464078
374.645860949496
374.63580750527
374.633281141196
374.62995914636
374.649105780329
409.827297641876
374.645280683825
374.645905417834
374.653919923942
382.048891648336
374.64906166002
374.63594941612
381.259738854922
374.647219179923
374.631278311913
377.489787389127
374.803605155604
471.666999221972
374.708909478619
375.121199509033
374.623607375809
374.644889365526
386.498537710009
374.644844945575
374.642987232993
374.62377269079
374.649012450391
379.728590459362
384.345163316314
374.648229182719
386.024609070177
474.695473324326
374.634077153834
374.692502262095
382.261626833406
374.628826857211
421.233315509352
374.649062976582
374.634224290575
374.648217971917
376.069260228119
374.643967649921
374.648995341068
410.196896463482
385.963460271111
374.638644216189
374.623177491755
374.645505110485
374.640178472295
374.648297045869
374.643395190722
374.648251439435
374.64799639331
375.855342286331
374.804281239359
442.184407380292
425.116149839729
374.646853108202
374.626957463625
374.644249451565
379.995643599278
374.622366620437
383.625282964119
384.168650160677
374.634103877201
374.621833395038
374.640195774816
394.229819387017
374.973892580561
374.634297416401
374.642144474686
374.627070285691
374.64765308435
375.080529669607
374.64903579703
374.630152970322
416.672703489824
374.887066008564
386.944791204934
374.638429268481
374.648386275687
374.649410306601
438.200037873801
407.409427853414
374.66062575612
393.577916629275
377.697576149731
374.638555681532
378.383622626522
374.657349394588
480.416762124445
374.64363153899
374.626656260356
374.648392453094
374.648892248488
374.641501389975
374.619370518774
374.647297811258
375.696509936676
380.158599311359
374.649030161031
374.63841797447
374.637695170112
374.637732023526
374.626202276135
374.99739410568
374.63930492711
374.644510118948
374.633142609626
375.101215754536
374.648722104116
374.648576712582
374.646840449299
374.647256554415
374.648506829628
374.62420638719
408.728647784188
374.639552884401
374.628414835111
458.776656797876
374.647813481468
374.858399819523
374.642274414902
374.631315038044
390.080493368925
381.765930240843
374.648384033511
374.649047312541
377.130400755974
374.628575663192
378.526513496162
424.120540500047
374.648641316521
502.115387202602
374.648135299987
374.629547588177
374.634186423488
374.647414494356
394.053715334911
382.524997384879
374.640828752917
374.647963755963
416.290472568921
377.093075903965
374.620448055781
399.792142333063
397.035737113665
376.525419811483
374.623724039935
374.643307077393
376.001576062569
399.884690367313
374.642722267402
374.639284441585
374.683666033759
387.900276740484
375.240055266631
