1062.89189468209
1051.73888439613
1051.02460977578
1046.45647982875
1043.06194346657
1042.89684145792
1042.41721734603
1041.5825795052
1041.05808579176
1040.72416436701
1040.28300398749
1039.78739736589
1039.31002053129
1039.14577478321
1039.14248609295
1038.95972331181
1038.31314053473
1038.21740436477
1038.04747928417
1037.96569512035
1037.76246768185
1037.72551735382
1037.20298445957
1037.08168785388
1036.92152040098
1036.85358876307
1036.74198670458
1036.71786512658
1036.69664846722
1036.57360526928
1036.44975562115
1036.28674756958
1036.2747987019
1036.20854125353
1036.13891161033
1036.11804653684
1036.08168692294
1035.92498548149
1035.8672818299
1035.81516870537
1035.78237852057
1035.75588429814
1035.64456573767
1035.35493204996
1035.21511736655
1035.15752114049
1035.15057332798
1035.04989133616
1034.97986788975
1034.90658869146
1034.83633494927
1034.79973728693
1034.73801063066
1034.72712754892
1034.70954974958
1034.64093253765
1034.57486549313
1034.49859091544
1034.46535411335
1034.44703990434
1034.44466322177
1034.42426088335
1034.39045560192
1034.26734814085
1034.26029996624
1034.24613157677
1034.1685512254
1034.12484143741
1034.06360990115
1034.02111540895
1034.00719459944
1034.00712907816
1034.00059743602
1033.99445763595
1033.88645200887
1033.84331594937
1033.75257457252
1033.64716449923
1033.63739094458
1033.62391386566
1033.59664881348
1033.59504686298
1033.56471278765
1033.42361349835
1033.36674548425
1033.28361733182
1033.27913154593
1033.2450784046
1033.22508357969
1033.1913811501
1033.1771970684
1033.15812423216
1033.08288341641
1033.05961581625
1032.96933907644
1032.89919449485
1032.76381752155
1032.71435949574
1032.63584466315
1032.6136087348
1032.58171974622
1032.53572147405
1032.50674326279
1032.45072971671
1032.43653794802
1032.39539576923
1032.35885433133
1032.32871513531
1032.28250263945
1032.25830508512
1032.23846394103
1032.2177948254
1032.19669441306
1031.98559349155
1031.97846877203
1031.94019264047
1031.9247044861
1031.91995590363
1031.89656517748
1031.88076657026
1031.77473703284
1031.74063569055
1031.73293835795
1031.63120597262
1031.62139536128
1031.59323260434
1031.55381447849
1031.53636293785
1031.50317134469
1031.4631391807
1031.4345741229
1031.42627363467
1031.42075089672
1031.34829589565
1031.32446781116
1031.27486884887
1031.2722047509
1031.24733266562
1031.22545705662
1031.22296797661
1031.02899726313
1030.98792775383
1030.97145811527
1030.83569240015
1030.78840861232
1030.71875307706
1030.65489393738
1030.5604561779
1030.51577552606
1030.49773616834
1030.48008954031
1030.39757866604
1030.37475962737
1030.36874677088
1030.33669356327
1030.3296039822
1030.3135979228
1030.29991497229
1030.20769533566
1030.20050832982
1030.16296215692
1030.12809032586
1030.11276711318
1030.11123475644
1030.10626083909
1030.08860484758
1030.08668897562
1029.94518066319
1029.89625669395
1029.89568225394
1029.86322440975
1029.84541966576
1029.84056456649
1029.80571759499
1029.77063068316
1029.73777981316
1029.71251925471
1029.70086227892
1029.68076821547
1029.67584215581
1029.64191202723
1029.62667326983
1029.60923214063
1029.52646180186
1029.43715888576
1029.40809182178
1029.39081503228
1029.3835402673
1029.37699240011
1029.3357797866
1029.33355524853
1029.31051902029
1029.29343766881
1029.2541836029
1029.14756916803
1029.11569973443
1029.04499434148
1028.99241017549
1028.98663344105
1028.97784098104
1028.89684205055
1028.88634122528
1028.83993191512
1028.7807773876
1028.76852867745
1028.75549165268
1028.75416751446
1028.74540036833
1028.69426663741
1028.60424629555
1028.59156504325
1028.58320834935
1028.58059844968
1028.57856953986
1028.57608087928
1028.56505572713
1028.53295937908
1028.53011111888
1028.52426861562
1028.44016172749
1028.43242860298
1028.42276411524
1028.41544667026
1028.40384129184
1028.38245159173
1028.37224062592
1028.35237493114
1028.31370837996
1028.23984934958
1028.23427769662
1028.1901052543
1028.15657869524
1028.15417880513
1028.15275050005
1028.14661778805
1028.13761551313
1028.13183619676
1028.13102105992
1028.12662772906
1028.11156203243
1028.08144984468
1028.06990820233
1028.05487414549
1028.0520822403
1028.04132739936
1028.01360896186
1028.00003096044
1027.99840907664
1027.96066097482
1027.94481909103
1027.9380883173
1027.9370059662
1027.93672555142
1027.93296159477
1027.9163784655
1027.91532533623
1027.90570777699
1027.87661519221
1027.86752809236
1027.86143741944
1027.85205195189
1027.83160752768
1027.82686207135
1027.79963126734
1027.72723898777
1027.70542783829
1027.69489811908
1027.6569725023
1027.5792010696
1027.57140803571
1027.55953447314
1027.54885329684
1027.50766517736
1027.50179498294
1027.49350576725
1027.47805588119
1027.45707546919
1027.45571234294
1027.43170084475
1027.3965228022
1027.34121783631
1027.33084589603
1027.31989265628
1027.31130429284
1027.28884063925
1027.2417411004
1027.23826130332
1027.19433883693
1027.19059881766
1027.14752172342
1027.11080642965
1027.10921908962
1027.06230956902
1027.05835536211
1027.05179402192
1027.00731167951
1026.99599288177
1026.99365260952
1026.98154700028
1026.92875450768
1026.89100581569
1026.88334384713
1026.88230575557
1026.87466976718
1026.86965994036
1026.86780916239
1026.85583536137
1026.83783490586
1026.81050744086
1026.78420935778
1026.76522126155
1026.75076224169
1026.72082976171
1026.72064436289
1026.70833755517
1026.69376440582
1026.67343718344
1026.6670481414
1026.63332915033
1026.61683648251
1026.60712766328
1026.60482853146
1026.58814020376
1026.58292929662
1026.54398883719
1026.5273310901
1026.47781046662
1026.46840172062
1026.4523173866
1026.41658605172
1026.41343597752
1026.41320834283
1026.40273411911
1026.37988859023
1026.36848328577
1026.35142968009
1026.28480540176
1026.28353761047
1026.27484586158
1026.27457732118
1026.25141435103
1026.24842996758
1026.24832433351
1026.22624419644
1026.21513125339
1026.21447451649
1026.16284844585
1026.15062743717
1026.06849205824
1026.04749796754
1026.04579999084
1026.04386546046
1026.04340429387
1026.03378893578
1026.00208223759
1025.98867174347
1025.97862695133
1025.97229238587
1025.96895694502
1025.94270245059
1025.92540498683
1025.92346381093
1025.91872442522
1025.82043769057
1025.81103928701
1025.79103445277
1025.79076263881
1025.78988524341
1025.78198411447
1025.76920297903
1025.73759931687
1025.71542378174
1025.69932719628
1025.68146370921
1025.66484734721
1025.63858345215
1025.63231656158
1025.60625732119
1025.59410248105
1025.53630108367
1025.51271472871
1025.49172130612
1025.48755373793
1025.48035561647
1025.46695582848
1025.46551840725
1025.44009836221
1025.43609482478
1025.4181729341
1025.41649812278
1025.40380871433
1025.39948567588
1025.37807109213
1025.37327427853
1025.35758623198
1025.32922753045
1025.29709949768
1025.28949392593
1025.27403650683
1025.2606916746
1025.25861671876
1025.24541686497
1025.24111655445
1025.24017022071
1025.2286558435
1025.22719128834
1025.20910189294
1025.20258263601
1025.17290749614
1025.14211701446
1025.13658984235
1025.12543033033
1025.11352625966
1025.10840986306
1025.10639062773
1025.10259010201
1025.06460550005
1025.05721531581
1025.03851800355
1025.03595519116
1025.0292501084
1025.02280326208
1025.01304605534
1024.99623674881
1024.99323491374
1024.99043812364
1024.98196835067
1024.9463708011
1024.93243630199
1024.92746095719
1024.91188219895
1024.90929247153
1024.90012352066
1024.87542682723
1024.87409464901
1024.87195400673
1024.83673863781
1024.83630701847
1024.82951816783
1024.8289291111
1024.82882183006
1024.82756674979
1024.82173180551
1024.81856870352
1024.8101566743
1024.78561642079
1024.78515081309
1024.77610729451
1024.77553099806
1024.77186944078
1024.75092922646
1024.72874391151
1024.72497434169
1024.72102991972
1024.71981766847
1024.70396298341
1024.68546033021
1024.68230630513
1024.67007966356
1024.66017168495
1024.65474246721
1024.64842375277
1024.63546095673
1024.62766186625
1024.59349249639
1024.56437316166
1024.55233119726
1024.55014585369
1024.51952987179
1024.51644945498
1024.50274276566
1024.49996435941
1024.48776579424
1024.47819048437
1024.43029577154
1024.42991362126
1024.41097792945
1024.38447049055
1024.36385458946
1024.36291074595
1024.35520426354
1024.35316194082
1024.34919945499
1024.34753644699
1024.32383300936
1024.27463657842
1024.26339546726
1024.23556214019
1024.22980239306
1024.22427132378
1024.21678243366
1024.19012048634
1024.16820936227
1024.15009423236
1024.14857930626
1024.14585963693
1024.14494297007
1024.1360525968
1030.40128890984
1027.02848948289
1031.0656671518
1027.16669679013
1031.19469766528
1028.52975604603
1027.91816194644
1035.89464269048
1028.76092351215
1025.21753398399
1025.14265597931
1027.54046444274
1028.11875830019
1031.6374842296
1032.67659315102
1024.30957221411
1032.73434176899
1043.82617153933
1027.87938295218
1030.8098423847
1033.9006666763
1027.59573618847
1032.10037501749
1032.2400568072
1024.63742043319
1029.94529037274
1026.97636725222
1031.3851628732
1024.6072250455
1025.73412530795
1027.40785618518
1026.98754278594
1025.33062581336
1027.7774946671
1028.64583112483
1025.6496467683
1028.66914941831
1032.14725559083
1035.19156123608
1024.584376947
1024.4807460671
1027.12176362535
1026.90923670542
1043.55128126123
1026.77073566391
1027.6449033645
1029.53516028568
1024.93634675363
1031.5094413868
1024.52680747714
1032.65421387264
1028.12146684944
1024.64088683288
1025.82129755877
1026.18963923424
1029.35911618467
1024.22551294974
1040.80597264906
1032.53978726829
1035.93893946083
1026.91811885274
1035.79137013644
1026.46626659696
1024.81064203926
1030.798017798
1025.99396531912
1024.22799394464
1029.40841132275
1031.34679542849
1036.72210522137
1027.33806987289
1026.08210444469
1027.29082113288
1039.0936879976
1030.85926413583
1044.88226915202
1030.37454620001
1027.17773049988
1030.13321593718
1028.78656655892
1025.70351635096
1038.41013997117
1029.64842819983
1033.56546093729
1025.68051776164
1024.75129583864
1026.94523185306
1027.14172871713
1032.0229794106
1025.47538665211
1026.52025925981
1028.56728324116
1030.25530957407
1032.95073178132
1039.28057374728
1030.32169013956
1026.32030935979
1026.42788793853
1025.17650462752
1025.8018808047
1025.63271708141
1024.78716862643
1026.38237408853
1036.58224333478
1025.20285799716
1032.80619972795
1024.22507249596
1028.19187199479
1026.17934553633
1031.59616202256
1024.43570594286
1028.25580417126
1030.06289051071
1029.5203064891
1028.07497814634
1026.76513484519
1024.34666281722
1029.2850120105
1028.26560392801
1027.27642538446
1027.98909634428
1024.66886671011
1026.3687799138
1024.97428869251
1031.3528700676
1027.74823672258
1024.24464871681
1026.24534729326
1029.82798701567
1029.47873960029
1026.02128615653
1028.20259952524
1034.77771659582
1026.36497250716
1024.59880406481
1031.50158091347
1028.43270753219
1026.42027581303
1030.75629529422
1040.3357882092
1038.64861215709
1029.58923202663
1027.7866991872
1025.61416709941
1026.55757361875
1030.49390059594
1029.08505915045
1027.2272420025
1024.57120859082
1026.64054523308
1028.03431164176
1039.23820778742
1026.07875618327
1034.58295317805
1027.70071606996
1030.3477323293
1024.51051822308
1026.19314116481
1026.84025370791
1025.22547939191
1026.74237218385
1028.17000149232
1032.90117555849
1032.4424914259
1027.36220360964
1032.20914418135
1029.69864507723
1024.18615416921
1024.19600100321
1031.23361550532
1027.14455390959
1032.56901378167
1029.30221320975
1024.80525624386
1027.07435151588
1035.87382360286
1029.66220044716
1031.02834492922
1027.96237389571
1030.00523159471
1050.99984954355
1025.8649984193
1024.27671131589
1028.74612141664
1030.62109479514
1026.13329627296
1025.46099504984
1042.97913998578
1026.59909783225
1030.16580007425
1033.21099199331
1026.32985127331
1025.19271158832
1028.38826831806
1024.2428451145
1024.31511859785
1025.16822692821
1041.49831098989
1030.149849397
1028.14606337771
1031.4191821951
1027.09349242334
1028.5571321598
1035.25847213301
1025.15545919299
1026.45088073039
1038.88013612615
1033.08640643891
1030.43061933255
1028.5507701695
1027.16799008916
1024.97020495122
1029.77237451782
1024.59671906216
1029.36506946742
1024.44593829628
1027.27980193303
1027.75975955519
1037.57126828832
1029.56004890713
1027.85608467891
1025.53699887432
1024.90980109886
1025.28784676203
1035.23125585144
1028.94848310922
1024.95627908487
1024.27556806494
1028.37671650306
1028.388391835
1032.33036532908
1027.13460713363
1024.3559132839
1025.49599528873
1024.2914471843
1028.13666942753
1027.79050640397
1026.61182538116
1030.0321373973
1025.76956572258
1039.23439032183
1035.87721066922
1030.8230795708
1026.77094950528
1039.15903431307
1027.30024016864
1032.83465205323
1029.7803262287
1033.98634973766
1025.6994070193
1037.08644413094
1024.61709310649
1038.47737212012
1030.85879784733
1025.21597151678
1028.9506548031
1028.30340707006
1036.67243574782
1028.26559343873
1027.04769814882
1024.22250866223
1024.486544003
1045.27777641884
1025.67444861513
1035.17399806917
1024.55408697878
1027.28421797386
1028.26479562336
1044.15322106867
1037.77133386687
1025.8358375361
1024.59308395313
1026.41115260186
1027.73116039532
1030.21035843527
1027.34311744136
1031.17609023626
1032.13645693672
1028.9920001554
1029.27980930156
1030.7420822728
1028.6045512493
1034.47492779219
1047.65676657377
1025.13376701889
1027.01472621592
1027.82850615435
1028.67734039324
1030.4076820458
1026.21287350611
1026.52093507729
1024.42658365278
1026.37120129977
1025.43869463028
1026.70193839897
1027.18966025914
1027.02355311085
1027.31985980695
1028.52748214329
1034.33704267753
1028.0508575649
1027.37370916506
1029.50765632855
1025.08387004694
1036.98918982074
1026.55250196776
1025.14219913734
1025.08657574276
1028.0237334549
1025.95415689094
1028.05760582021
1024.80877368117
1030.82834018987
1026.59343815089
1037.64931680378
1024.25022575292
1026.72975106856
1029.67510654457
1028.0090082727
1029.3171036137
1026.87895365576
1030.79604564757
1024.87447544928
1029.76256225344
1031.55119671309
1026.6877636215
1024.32394824729
1032.35507258643
1029.23023719576
1025.82110690402
1036.16746153268
1033.69512569212
1026.94872610275
1025.25947178376
1026.92785397984
1045.33777742126
1033.46619268421
1026.39815467399
1027.02241168001
1036.03146746806
1029.52783736328
1026.60020946893
1032.60103214967
1025.84971833725
1025.48519340427
1024.69049368567
1030.05379422969
1028.75679563272
1026.43442516743
1026.91714086616
1024.72923709222
1043.07299684454
1028.593110061
1025.77299513904
1032.20696927474
1030.88874351661
1024.39534997661
1035.1296394854
1025.7184919373
1030.7806619044
1029.00184326423
1033.71580015272
1027.49135461413
1033.25168237438
1027.47574743968
1033.62624745964
1026.71336008779
1030.05665382364
1031.48936134263
1024.31985139556
1029.02781961968
1028.90469652984
1030.98544851452
1024.64410960069
1028.26379746993
1028.53019218573
1024.23965778216
1028.7423793031
1027.79285703573
1027.67706345691
1026.26256724941
1028.30014991189
1031.03262192292
1025.63684184463
1024.94216213878
1024.62599466834
1029.7034882461
1031.55448870772
1025.10767599926
1035.56569693249
1026.53758425607
1024.82407743846
1024.8846763803
1026.88228313323
1026.39814842399
1038.68701939045
1024.55613357801
1034.07732718164
1024.88675585135
1027.18983450674
1026.4200318456
1026.4725199337
1024.15072412005
1025.13377297826
1028.43997074485
1029.25884150414
1025.57945975387
1032.23851509842
1031.46068674485
1028.18144404431
1025.40549011219
1027.13086174047
1028.36030360787
1026.12585786604
1025.65779066554
1025.88762255701
1028.36235105793
1041.06550432535
1038.94967548243
1028.471083114
1027.11036152618
1026.55053836058
1024.31521636039
1024.51323442484
1026.284510438
1026.43609759753
1025.34791085244
1024.84169179589
1024.76053262303
1039.5696145736
1032.45279735502
1033.57022268814
1024.55072834557
1037.254877277
1028.54098798367
1028.50948595132
1024.72996676605
1025.61694143439
1024.63388045546
1028.81468161055
1036.07506498476
1024.63038921938
1026.16382364278
1045.48459201361
1028.76296083055
1027.49719402737
1032.54936978155
1031.23053178559
1031.73650289466
1029.59425299818
1026.16767128642
1032.71220928778
1025.05585585544
1025.44148067814
1033.66864670159
1024.24132448615
1025.26019447149
1024.26603649431
1027.29913244312
1029.81413317715
1031.45699295786
1034.76920798566
1027.36272878515
1025.8437120297
1025.5304284708
1033.4583279146
1025.57807074198
1027.81440606829
1035.56177598023
1030.69852849375
1025.31797485711
1024.74505033118
1024.92324442617
1026.13272696431
1027.41085077183
1030.28647744292
1024.43079151731
1038.20882779746
1036.40876734243
1027.08720936097
1025.70586205958
1025.19557042836
1030.24954298837
1026.55267951464
1025.52769611753
1024.66789998731
1024.17400614324
1030.37793951453
1026.3368089738
1027.04359682576
1025.93903202948
1033.61294374685
1024.20595823941
1029.64192526012
1024.48588242604
1024.56706878061
1024.81229568464
1026.68261366824
1026.22482418733
1026.37452550009
1028.7479641088
1030.13685711131
