1090.47700171573
1089.81521917887
1089.1212729345
1089.00179934528
1088.76993364158
1088.72762550192
1088.553479438
1088.47793908589
1088.41640144296
1088.24565974284
1088.24313121881
1088.11682713114
1088.05116861577
1088.04003193219
1088.01330704295
1087.98226807245
1087.96084586368
1087.84935190136
1087.82023774431
1087.79689390891
1087.79320995814
1087.78320680319
1087.75344926359
1087.75322103495
1087.74346279691
1087.72801320536
1087.71698738593
1087.71389522234
1087.69735686864
1087.69694184486
1087.6872028161
1087.60737438714
1087.55841511016
1087.55008431991
1087.54440242817
1087.53037046715
1087.49457322865
1087.48145351109
1087.47632119532
1087.45863250437
1087.44439747832
1087.42963768894
1087.42899418242
1087.41134556641
1087.38109377664
1087.38086604403
1087.34828692064
1087.33004735031
1087.29572796332
1087.27769952808
1087.27574004284
1087.2105018175
1087.19788115971
1087.19156536827
1087.13677421933
1087.13460390135
1087.10839487481
1087.10588220005
1087.09993490464
1087.07227043365
1087.07013975636
1087.04421233976
1087.02893493444
1087.01986569699
1087.01606602449
1087.0083040403
1087.00021653637
1086.9901304964
1086.98671127644
1086.97708596162
1086.95746664738
1086.92722559996
1086.92376522069
1086.91596467885
1086.91317322029
1086.9107409952
1086.90303862785
1086.8975121157
1086.8818493154
1086.87598567425
1086.87391901302
1086.85077093002
1086.83231138607
1086.82693510103
1086.77940750383
1086.75430068856
1086.75262742055
1086.75134837416
1086.7469481155
1086.72741736483
1086.7135506516
1086.70930739515
1086.69915308273
1086.68324042709
1086.67343543609
1086.66816930316
1086.6676060271
1086.66440827795
1086.65892694824
1086.63830780518
1086.62611170057
1086.61517784029
1086.60365134838
1086.59677001383
1086.59398017653
1086.59383801598
1086.58598495379
1086.58076086119
1086.56507343441
1086.56448104418
1086.55193265022
1086.55157136284
1086.53202053293
1086.52560447247
1086.52287993629
1086.51497908674
1086.50836700267
1086.49694331235
1086.49612646885
1086.48917772142
1086.48193396176
1086.47828111198
1086.47704184939
1086.47566760573
1086.46538258624
1086.45912475357
1086.45888336538
1086.45265952357
1086.41681844213
1086.40819581237
1086.406041218
1086.40372617376
1086.40192517068
1086.39796949507
1086.39459755506
1086.38323263502
1086.38186644673
1086.37976762593
1086.37546452039
1086.37375421107
1086.37206790288
1086.3664109094
1086.36622179069
1086.36268377113
1086.35865107802
1086.35055811679
1086.33101587117
1086.32978508316
1086.32311197463
1086.31744184928
1086.30747844324
1086.30115008756
1086.29987572621
1086.29983559054
1086.29840735582
1086.29792453631
1086.2842984578
1086.28181462199
1086.27157143235
1086.27016636049
1086.26546966312
1086.26060613311
1086.25527636557
1086.24452758336
1086.24163860822
1086.24025908293
1086.23475641681
1086.21670836826
1086.20641869604
1086.2029954201
1086.20069139263
1086.19965200222
1086.19673027918
1086.18903417803
1086.18847220131
1086.1856559913
1086.17964115488
1086.1717655082
1086.17000926988
1086.15814035779
1086.15688427979
1086.15314098863
1086.15168285667
1086.15005210025
1086.14498328992
1086.14001113619
1086.13944713639
1086.13784662062
1086.1261729732
1086.12480884914
1086.12143171666
1086.11591082282
1086.11004453963
1086.1035745194
1086.099263233
1086.09528919809
1086.09392989586
1086.09026458331
1086.08937639014
1086.08878470864
1086.07839842926
1086.07774483085
1086.07625823787
1086.07576491952
1086.07571007553
1086.07222745873
1086.06658261989
1086.05694192876
1086.05595439173
1086.03822133231
1086.034559026
1086.03261740152
1086.03111680613
1085.99443726166
1085.99440368182
1085.99040492915
1085.95665109068
1085.94544024834
1085.94146762365
1085.93729907787
1085.93529585609
1085.93299853967
1085.93201224285
1085.92804560299
1085.92739123843
1085.9267162048
1085.92628197639
1085.91724061477
1085.91625882368
1085.91176146815
1085.90985592377
1085.90807764873
1085.90802844016
1085.90573709081
1085.90564166737
1085.90361498784
1085.89973401949
1085.89515266572
1085.89440427597
1085.88424471918
1085.88406017403
1085.88150824138
1085.87958753339
1085.86764279636
1085.86709600034
1085.85944348701
1085.85751770631
1085.85609668624
1085.85583473086
1085.85524389222
1085.85285990642
1085.83833060736
1085.83457074147
1085.83438712476
1085.83160722942
1085.82854762228
1085.81196298628
1085.79810013566
1085.79642060833
1085.7939867144
1085.78709188143
1085.77763028286
1085.76782408056
1085.76227446069
1085.75670404778
1085.74978284618
1085.74863171271
1085.74219426928
1085.7419143357
1085.73749760257
1085.73699013749
1085.73461476265
1085.7344798369
1085.72716137727
1085.72134498251
1085.71722594524
1085.7156732822
1085.71388465945
1085.71251903338
1085.70422334135
1085.6844185049
1085.68276134104
1085.68191903275
1085.67396373995
1085.67102936288
1085.6681671122
1085.66806796764
1085.66458501429
1085.66034862426
1085.65578060726
1085.64814502745
1085.64769041252
1085.64548816813
1085.64428278539
1085.64319962692
1085.6404489717
1085.63980943025
1085.63900650334
1085.63124788655
1085.62767894352
1085.62656241066
1085.62626245067
1085.62501901891
1085.61807553738
1085.61529797417
1085.60931874454
1085.60802179749
1085.59791706579
1085.59710823849
1085.59253319531
1085.59079874239
1085.58281424773
1085.58071211783
1085.5728243722
1085.56831945975
1085.56369585732
1085.56142753576
1085.55816721443
1085.55599134315
1085.55182147794
1085.5514883702
1085.54777966326
1085.54687427843
1085.54372882933
1085.54285297272
1085.54273675043
1085.53105299483
1085.53040402115
1085.52186025705
1085.51622943339
1085.51419734312
1085.51344863512
1085.50374231645
1085.50218341386
1085.50151483941
1085.50126731833
1085.49922378876
1085.49882472207
1085.49429307369
1085.49015512802
1085.4887968732
1085.48771634168
1085.48731813388
1085.48712920319
1085.4863847725
1085.48624113573
1085.48386003134
1085.47847936821
1085.47746921833
1085.47332525896
1085.47323365826
1085.47011644695
1085.46647621964
1085.4663140152
1085.46464611707
1085.46284526078
1085.46105393654
1085.46068005364
1085.45684457831
1085.4563731491
1085.45633799949
1085.45240935304
1085.45240287809
1085.45074199664
1085.44201063859
1085.43868341931
1085.43010726309
1085.42725192305
1085.42710847393
1085.42533425806
1085.42446413308
1085.40810389414
1085.40781664167
1085.40622550387
1085.40503160084
1085.4042057961
1085.40412484487
1085.39711823431
1085.39025783672
1085.38374674111
1085.37979069957
1085.3763884249
1085.37626009907
1085.37408432614
1085.37157597688
1085.36962954349
1085.36813646103
1085.36571210886
1085.36516841665
1085.36220901872
1085.36202857453
1085.35984448886
1085.35253225415
1085.34962590161
1085.34645319224
1085.34541852525
1085.34283772359
1085.33857462794
1085.33816522506
1085.33650799796
1085.32937042302
1085.32368026228
1085.31898663404
1085.31874026049
1085.31099949065
1085.30894330235
1085.30727905667
1085.30664893674
1085.30650890352
1085.30383269647
1085.30099759115
1085.29638247741
1085.28992580301
1085.28837035789
1085.28483336493
1085.28288681153
1085.2778874555
1085.27708940446
1085.27649106332
1085.27577418353
1085.27332370664
1085.27114506378
1085.26888600602
1085.26824769715
1085.26779360796
1085.26778105368
1085.2623321262
1085.26129520485
1085.26025987207
1085.25689931211
1085.25536644999
1085.25478958748
1085.25351934588
1085.24747780559
1085.24143386536
1085.23868095963
1085.23633723636
1085.23462793851
1085.23236305666
1085.22754386106
1085.22660963621
1085.22461931491
1085.2233353896
1085.2189641613
1085.21627054487
1085.20956642998
1085.20841007423
1085.205663671
1085.20561244089
1085.20524526828
1085.20374645392
1085.20317966796
1085.20250231395
1085.19933181168
1085.19806980177
1085.19729882728
1085.19447482182
1085.19001446718
1085.18962676927
1085.1878824599
1085.18607776219
1085.17063403748
1085.1665554461
1085.16621641304
1085.16602573473
1085.16368013523
1085.16252068607
1085.15956467609
1085.1573174055
1085.15676435294
1085.15422364193
1085.15117827936
1085.14737071524
1085.1472886527
1085.14596844713
1085.1445255674
1085.14435175961
1085.1441219909
1085.13814194307
1085.13490487673
1085.13066436871
1085.12429553249
1085.12293046867
1085.12259035193
1085.11890099078
1085.11566938015
1085.11043752129
1085.10240658805
1085.10129286694
1085.1001645625
1085.09908482735
1085.09736471805
1085.0927817345
1085.09164296107
1085.09093557896
1085.09017453825
1085.08828233263
1085.08563194227
1085.10142366183
1085.43229532067
1087.3728880959
1087.38875417682
1088.11142040642
1085.71102993097
1087.93764230218
1085.33151412211
1089.20577689576
1088.29994857235
1087.54926108164
1087.85601705071
1088.86721149126
1087.77354878294
1085.7175891323
1087.7439550057
1087.66469148194
1085.93701630082
1085.21725092456
1085.08882064119
1086.48531723917
1086.98675754785
1086.83429145576
1088.30709987141
1087.52163385617
1086.05776767089
1086.88161569608
1085.73978752826
1086.13511508121
1085.12382915957
1086.69093016973
1085.49968305884
1085.99207062305
1085.8455179455
1087.35054423489
1089.65997539249
1085.20223714961
1085.14225692756
1085.9379406625
1086.07959387013
1087.37129097388
1086.02696183161
1086.152650983
1085.3927893484
1087.11256390518
1086.08508153971
1087.82418627919
1085.71837080028
1085.92513662465
1088.1708805914
1085.8432817756
1085.22269681927
1086.10204232054
1085.63373112699
1085.29779618731
1085.71489858803
1085.36790837441
1085.27023341299
1086.15137525858
1085.90211083536
1086.61883154437
1085.50544120062
1085.27210243979
1086.48863013402
1086.40871411667
1086.19463094739
1088.49385054901
1087.81634248383
1088.28087634078
1089.72354056837
1085.27099896215
1085.43406487685
1088.96091260328
1085.66462641709
1085.49899161446
1086.7369635048
1086.06999365019
1087.44988954035
1087.39431683349
1086.71723037278
1085.57178302961
1085.8125333067
1086.28903412218
1086.83725537131
1085.46090457426
1085.28448739541
1086.78233863762
1085.84479858595
1088.18887372568
1086.03982935747
1085.4853723372
1085.93952612667
1086.38453787832
1085.60806275831
1086.32001835655
1085.41790540467
1085.42784244093
1085.63163885714
1086.75437119293
1085.56019131664
1086.96719085931
1086.59897798163
1085.8415652728
1086.5574880134
1086.57287564423
1085.43419082644
1086.09749408873
1085.32044267256
1085.33101027465
1085.97092986986
1087.6855042639
1085.53269870679
1085.34447528628
1086.75896964743
1085.17227814567
1085.98122081804
1085.53940245676
1086.93445316203
1086.2710541651
1085.10983548423
1088.16361022618
1088.2966579006
1087.87994933827
1085.92532098403
1086.15874159681
1085.32179600959
1085.49730922995
1087.78699128878
1086.13389045168
1086.19905592631
1085.31282877359
1085.63681098575
1086.60798947784
1087.64479655048
1085.65798435704
1086.96181606222
1086.69697239646
1085.32083611941
1085.88298700086
1089.99186683413
1085.92976898638
1085.1043728652
1085.60830140989
1085.89290698699
1085.1483633797
1088.54475321869
1087.07804604144
1087.55160877123
1086.31389521106
1085.73924572767
1085.26460355969
1085.52042844668
1087.05308896488
1090.48806891987
1087.93481537708
1087.34835166689
1087.74697819512
1086.74427319532
1086.6206162167
1085.593441835
1086.80753698898
1085.46156430375
1088.66057416186
1085.1838254719
1085.49336625013
1085.34276753752
1086.38243673575
1087.13327149567
1086.0974082374
1086.37752700486
1085.19413599234
1085.98744480436
1088.68119840418
1085.10641971294
1085.10665567594
1085.07901705072
1085.09888955909
1085.88910015555
1086.01207139332
1086.341095648
1085.78444616205
1087.29181927727
1085.65230402856
1085.76456841553
1086.19895116019
1087.65244774195
1085.41037004339
1085.32583365777
1087.34196874409
1087.39593783265
1085.37276876058
1086.7825456281
1086.23629243121
1086.45828431177
1085.95897929106
1085.72234610565
1085.94440783029
1085.27545720526
1085.09046205816
1087.00285586193
1085.12051318166
1085.33229196067
1085.66809983303
1088.01470885425
1088.3128347605
1087.64828442185
1089.55690597563
1085.71833133701
1085.65782090458
1088.3075722446
1086.21681372585
1085.32073873147
1086.80509151356
1087.36850718888
1086.339326199
1086.38010134239
1085.62556408039
1085.42188319432
1086.02039178184
1085.28645095879
1087.26869399342
1088.36259251388
1086.60222521942
1085.13773500909
1086.32100262086
1087.37776230703
1086.94941184089
1085.67602158954
1085.63062133722
1085.43600215536
1086.76528689875
1086.34646419526
1086.52678289594
1085.5128052209
1086.5964899587
1087.38586134344
1087.86309517785
1085.4975584252
1085.92902156516
1086.81937746391
1092.25677067378
1085.25157046286
1087.1161437726
1086.66614118745
1085.57164671401
1085.26606137448
1089.54700293885
1085.46675707727
1087.69717795608
1085.57027891982
1085.90972167279
1085.41921770782
1085.5674527161
1085.65361503746
1085.77118441386
1087.78646310281
1086.06808935915
1085.26990727297
1088.33505296187
1086.18095880991
1085.3750721768
1085.97916198812
1086.0012596267
1085.46195479009
1086.25365627293
1085.54686490444
1086.26572134788
1086.37082885413
1085.35571969054
1085.91352160379
1086.62083143507
1085.98903222703
1086.83558212496
1086.09367897417
1086.73075798142
1085.38290396775
1085.85304366612
1085.40152261382
1087.93185295776
1086.34472310211
1085.84824066822
1085.14281205447
1087.76867577569
1085.08465693538
1086.62349106571
1086.14930247515
1086.1972139333
1085.50404741571
1085.69318379287
1087.0134739598
1085.59150287583
1086.50752667931
1085.43772051048
1088.7129774598
1086.67797832661
1085.71686784035
1087.18188451636
1085.29406980642
1085.19307992981
1086.99429261744
1085.1161923974
1086.90935433084
1086.90646284281
1089.05968298735
1089.9040426641
1086.54065710118
1088.94096619965
1087.95571196341
1087.52689866396
1085.50232804013
1087.69254664203
1087.65785481608
1086.6797191802
1086.27214591394
1087.50457402542
1088.96060259505
1086.7426355569
1085.79016227502
1085.2903820446
1085.35495582925
1085.3796441484
1086.21947522721
1086.28209968992
1086.95233791168
1085.97320549724
1087.17284974905
1085.53296797314
1085.69753258391
1085.41406091884
1085.41042335272
1085.37701324426
1085.39331939378
1086.45374905499
1086.12518795707
1085.1184512924
1085.55317131398
1087.88913475441
1086.01590211746
1085.24712709578
1085.99489567352
1086.57661855878
1085.22875796925
1086.32184287583
1087.78538027098
1085.35420907548
1085.76524702679
1085.33938036436
1088.98727730699
1093.11647875553
1086.02592797819
1085.46626668648
1085.14288873893
1085.39081597907
1085.43813252607
1085.1091318097
1085.63806435009
1087.31199961942
1087.14163565614
1085.3814790964
1085.8871677301
1087.18050068079
1086.36310006922
1085.78727598515
1090.65004134886
1085.56455342643
1085.23943306347
1085.70778166608
1085.60507757462
1085.35816146476
1086.23749658446
1086.85053992195
1089.79592014114
1087.25778226756
1088.02808005346
1086.15946151306
1085.93891761165
1085.28226811666
1087.21064170452
1086.72676703704
1087.24966353064
1085.55716768342
1085.28793751665
1087.61516266484
1085.31573202027
1085.40717452125
1086.21477990617
1086.14019952921
1085.57304993318
1089.49552092898
1086.65725194542
1085.48202127639
1085.46720674242
1085.81068486882
1087.77886946827
1087.76661751007
1085.39643308272
1085.63979537377
1085.95453987416
1085.97661630924
1086.17503060624
1085.85261005788
1085.49441493977
1085.58932288951
1085.91719540009
1085.236522813
1085.8250547962
1085.13084525476
1085.98026842492
1089.82697784106
1089.49503602566
1086.85512556373
1085.99819452246
1087.49553113828
1085.81153112529
1086.0812572814
1085.20411821535
1085.13214298624
1085.29826309767
1086.9850574199
1089.19032893576
1085.71463920239
1085.91658539794
1086.83061930569
1085.54424002393
1088.40934985099
1085.17338127593
1085.84222360569
1085.11532452071
1085.81937899295
1085.73120802542
1085.24707212694
1085.63364916093
1085.43233952483
1087.00143939245
1085.31588993019
1085.52024043768
1085.60326716311
1086.97234857033
1085.93756238672
1087.26429412215
1086.66942137641
1090.27892937135
1085.13124794082
1085.97323755167
1085.20676608453
1085.09362888858
1085.48331510142
1085.26892865813
1087.1446482676
1086.42204116073
1085.95707026132
1086.15726038799
1089.82448138325
1085.65110732408
1085.21779079051
1085.27116326149
1086.76626131879
1086.13205282901
1086.06851624655
1086.03744728062
1085.56345576656
1087.77000630373
1086.01537193107
1086.39541180967
1086.08618455312
1085.11839054883
1085.307878509
1085.34534161468
1086.49747757605
1085.19698701993
1087.09835716576
1085.55120122555
1086.74107090262
1085.45918193061
1086.23041566075
1085.36571878775
1089.50212458859
1085.14205672928
1087.79604463859
1087.7805854397
1086.83613519655
1086.05908173056
1085.21993919661
1085.86357008669
1086.83534418406
1085.96588590192
1085.17970263089
1086.27271583509
1086.48016368705
1085.17059847387
1087.6718902424
1086.505167728
1087.54046960904
1085.16000326239
1088.1966957762
1087.89555084863
1085.88177645715
1088.3461260873
1085.39801055521
1086.27308427222
1085.3716436082
1085.91418422012
