1067.27250448571
1067.22693198328
1066.98051643632
1066.55920886438
1065.47804462205
1065.34392752947
1064.8221332075
1064.81897041195
1064.39857436869
1064.20260813527
1064.01897642681
1063.90240526537
1063.88546045927
1063.7388447758
1063.41770174106
1063.14870984518
1062.93948415296
1062.89189468209
1062.63043116085
1062.45765750857
1062.21193840835
1062.14288678068
1062.12188127606
1061.96971714582
1061.8959946523
1061.86211604784
1061.6973649548
1061.68954884067
1061.66904450837
1061.64072097572
1061.55680353532
1061.50393708689
1061.50009067822
1061.37808025962
1061.2819993044
1061.23820952883
1061.21387930009
1061.18001431738
1061.05498255663
1061.03216191461
1060.93944826816
1060.82259386637
1060.81549652054
1060.663616089
1060.60046399061
1060.59172809092
1060.57094759246
1060.54977991404
1060.50935828569
1060.3186224168
1060.27856638186
1060.19541408581
1060.1730946634
1060.14317462691
1060.11942827981
1060.10672704979
1060.10185521505
1060.10112327169
1060.08740716842
1060.06018763818
1060.05102012834
1060.03726227469
1060.02387880383
1060.01975737887
1059.97633829228
1059.94862571429
1059.9213215938
1059.91758708172
1059.90057537188
1059.85273762586
1059.82906850319
1059.80032848612
1059.76819793629
1059.71261747176
1059.65655735135
1059.6542450828
1059.65241148375
1059.64462864163
1059.64403859521
1059.59721512523
1059.56724265205
1059.55642307561
1059.53953384468
1059.52389258134
1059.52053442442
1059.51346270274
1059.51079419134
1059.47751615789
1059.46876187259
1059.45729166884
1059.43476837306
1059.39876767702
1059.36382055873
1059.32577079845
1059.32427420462
1059.27176262931
1059.2503457068
1059.2346548724
1059.18666371298
1059.15402490777
1059.14830627194
1059.08919557359
1059.08241503095
1059.05379750768
1059.03441985798
1059.01595133019
1059.01366230358
1058.89876604744
1058.89265615586
1058.86323453973
1058.86266442826
1058.79821486983
1058.7945888924
1058.77819018212
1058.77621023317
1058.74898882016
1058.71468928039
1058.63466294525
1058.62372396258
1058.62318294172
1058.62167488742
1058.60678656032
1058.60334723756
1058.60062144398
1058.58910227535
1058.58059601797
1058.56704258831
1058.55753258254
1058.55527182322
1058.55045856672
1058.53225049737
1058.51279206024
1058.49104986408
1058.48807792199
1058.47370887084
1058.45227626014
1058.44807649267
1058.42012621927
1058.38525787104
1058.36715813884
1058.27381651936
1058.25081604327
1058.21029746052
1058.20531159345
1058.20416764693
1058.17274665059
1058.16180651408
1058.15321226612
1058.15185308916
1058.14789874708
1058.08314335518
1058.06909537957
1058.05006627562
1058.04760574624
1058.04685206088
1058.04483730769
1058.04069352157
1058.03785598053
1058.02552704545
1058.01809646163
1058.01495933098
1058.00743155555
1057.99670461221
1057.97558489035
1057.9621844969
1057.92804751983
1057.91145949417
1057.91144765143
1057.88445155335
1057.88240245397
1057.85881069999
1057.8464152146
1057.83569597524
1057.82236281783
1057.81950310092
1057.81928456584
1057.81745887904
1057.81559544714
1057.80593734589
1057.79509919014
1057.76883470058
1057.76869765856
1057.76005616726
1057.74369461944
1057.73565660882
1057.69860012875
1057.69454357436
1057.6931971955
1057.68212148827
1057.67825185954
1057.67315228998
1057.67145651623
1057.67124960838
1057.65532591235
1057.65060348007
1057.63858259575
1057.61035482929
1057.60283958408
1057.56122065918
1057.54756976278
1057.54296742406
1057.53498217505
1057.52824966375
1057.52419788793
1057.50325738669
1057.48479539414
1057.47060903194
1057.44285118057
1057.4252038756
1057.38158294012
1057.36786327314
1057.34713206173
1057.3443604466
1057.33824940702
1057.32437322137
1057.32126147719
1057.30466126324
1057.30349841435
1057.29436389399
1057.29409512671
1057.28184921495
1057.24917029303
1057.21898700115
1057.21658695873
1057.21532209669
1057.21310546287
1057.206436382
1057.18651249855
1057.14986961862
1057.14536748578
1057.1333167796
1057.12718290301
1057.11863499348
1057.10147049625
1057.09092715569
1057.06999627284
1057.06633616447
1057.05828367784
1057.05520597964
1057.04153219175
1057.03838204047
1057.02911224514
1057.02864879879
1057.02352904677
1057.01865538937
1057.01777591888
1056.98323787931
1056.97959933232
1056.96401697076
1056.95858065635
1056.93127063782
1056.92519650411
1056.91864364679
1056.88007537618
1056.87857424723
1056.87356737599
1056.8699807759
1056.84381865086
1056.84159186035
1056.83992359369
1056.79889491738
1056.79116211581
1056.77777684885
1056.77677708734
1056.77381427035
1056.75920989658
1056.74724166527
1056.73608455152
1056.7234227116
1056.70780570368
1056.70102088606
1056.69691137998
1056.66074811801
1056.65369268399
1056.64813149892
1056.64620955347
1056.64310881982
1056.61645024319
1056.59359439769
1056.58713710318
1056.58459286698
1056.58325794537
1056.57519963122
1056.56746875349
1056.52879863743
1056.52666951062
1056.5243608832
1056.52299815963
1056.52278443913
1056.51459631322
1056.51208053687
1056.47891652555
1056.45740284713
1056.43006534
1056.3963354623
1056.39047473243
1056.38203147818
1056.3817473134
1056.37129150934
1056.36711932679
1056.36518147024
1056.36314893979
1056.34165837334
1056.32991611666
1056.32752751185
1056.32636832797
1056.32006094386
1056.31051058838
1056.28830628128
1056.28521147271
1056.27917097641
1056.27474162262
1056.27118887566
1056.27026931121
1056.26577135777
1056.22558925072
1056.21635996546
1056.1822450404
1056.17020272044
1056.16856853012
1056.16146363496
1056.14626872526
1056.14241365967
1056.13997678148
1056.12204588772
1056.0863959802
1056.0802044432
1056.05600673261
1056.02819419786
1056.02338712995
1056.00405716529
1055.9791363019
1055.97063208103
1055.96812342476
1055.9561621738
1055.95503268221
1055.94007770135
1055.91756240093
1055.91380999918
1055.9113157858
1055.9061286645
1055.89280369637
1055.89253644047
1055.88424403582
1055.87105701954
1055.87027864537
1055.85896490456
1055.85472941184
1055.84901768481
1055.84622481966
1055.8326894216
1055.82669380058
1055.82247832944
1055.79920079214
1055.79142744835
1055.77776294276
1055.77318659096
1055.77270642363
1055.76509373908
1055.76294887734
1055.75508500333
1055.74496404284
1055.74256912731
1055.74076360798
1055.73778743106
1055.73645835361
1055.72776755817
1055.72763015959
1055.72095361104
1055.71418428825
1055.71248528974
1055.71049577837
1055.71049222281
1055.6800498295
1055.6543340649
1055.65303366856
1055.63110313415
1055.62696633113
1055.62166814582
1055.62156702304
1055.61415338816
1055.60902164819
1055.58735157972
1055.57627588781
1055.57495046334
1055.57289755084
1055.5699606585
1055.56510204303
1055.56275837103
1055.54548388418
1055.53547373362
1055.52652944247
1055.52485557746
1055.52247176394
1055.52186294212
1055.52095118123
1055.51986890415
1055.51762142938
1055.5103095007
1055.49993097492
1055.4903602919
1055.47654398599
1055.47149839554
1055.47053422608
1055.46652811927
1055.45824521611
1055.43578380076
1055.42295113378
1055.42085279181
1055.41779832813
1055.40131133107
1055.39590503619
1055.3951220114
1055.38565466335
1055.35846948635
1055.35278496277
1055.34525489636
1055.34382259981
1055.32811561027
1055.31971545381
1055.30603754466
1055.3037036526
1055.29643107479
1055.29502788523
1055.29309503754
1055.28740836999
1055.26772670798
1055.26604893042
1055.25619480388
1055.25261360029
1055.23173089042
1055.23000193729
1055.21561175595
1055.2062581378
1055.20577451915
1055.18822687825
1055.18664973439
1055.1819890237
1055.17369752282
1055.14191443678
1055.1412457005
1055.12174101736
1055.09399867144
1055.07225531971
1055.06468862961
1055.04723443253
1055.03776701422
1055.03594970415
1055.0294309548
1055.02207105595
1055.01455571414
1055.00396398888
1055.00019983726
1054.99415664667
1054.98550843718
1054.98475256203
1054.98321082133
1054.98234669583
1054.9771443547
1054.97058025717
1054.96978760377
1054.95800649963
1054.95752594023
1054.94016723403
1054.93948058626
1054.92268421194
1054.90694932775
1054.90157701981
1054.89222121718
1054.88534017571
1054.88435296362
1054.88219564177
1054.88129893313
1054.87988559111
1054.87577070008
1054.86770880049
1054.86645259552
1054.86484984272
1054.86138410958
1054.86033230503
1054.85856731034
1054.85586537517
1054.84541239527
1054.84054116672
1054.81768702032
1054.8006249958
1054.78393559556
1054.77991380381
1054.76939007065
1054.73822302523
1054.72822620821
1054.72807198069
1054.71798814532
1054.71248601382
1054.70854160191
1054.70672706973
1054.70522055809
1054.68184589206
1057.99028876617
1055.09907501103
1056.1173977662
1056.6357778361
1056.95147014562
1060.32025867212
1054.93188642166
1055.30948752651
1057.11694578957
1055.96000651197
1055.26869484997
1055.35560206391
1062.61040262523
1054.73693317634
1065.39795589274
1059.14744996449
1058.65596719045
1061.04321842776
1056.38411525116
1057.92571408029
1058.44008919072
1057.61862497281
1058.88553581508
1057.2018820571
1054.77662101993
1056.42019823768
1054.98406661114
1062.77533343875
1056.65147274454
1057.46935735108
1062.41920657982
1055.09970213418
1057.69743833969
1057.32321194654
1055.14639842377
1056.93097046834
1056.26318383795
1058.97009698933
1056.49632781451
1061.2356861902
1055.10923610658
1055.91830310756
1057.06434855761
1059.09979792723
1056.87423568606
1057.81933157748
1060.17128803227
1058.3288757765
1055.1580861764
1055.08281146728
1058.88656960204
1062.08257124408
1055.06395798292
1055.12094922042
1057.26311672621
1054.92639832514
1055.55710511541
1054.68085306636
1061.84064909165
1055.24042566237
1056.39838865565
1055.03431875028
1059.22474593536
1063.77662574335
1055.56211474055
1055.63170018434
1055.79352856777
1055.83897034032
1055.25115298324
1057.47383074466
1057.12627599179
1055.21580968206
1059.33166879867
1054.94376390002
1055.30766662691
1054.98822710643
1059.81170434195
1061.17440051748
1055.60735276871
1060.02030495125
1056.02328970173
1054.7860561556
1057.03816718661
1058.2568972077
1059.35237322312
1056.85211597157
1055.13379768975
1056.76235419562
1056.39469590466
1060.58749296193
1057.94319813191
1056.26025195002
1056.7265938686
1056.6075548824
1058.25060681066
1062.62482771253
1055.8421834218
1055.86395967147
1058.08243065264
1058.04568318323
1056.59758556105
1054.87511956253
1056.93514771329
1055.16426139117
1057.23126114661
1058.87436754999
1054.78561688983
1055.31071786375
1055.020815365
1057.35542251267
1056.1757497238
1055.42805435964
1058.3875821074
1058.22994755773
1056.65329932832
1061.04817958601
1057.70876152491
1056.83954878832
1058.43193799751
1056.15580105477
1055.56427382719
1057.33488171298
1058.33333094831
1056.28991036311
1055.96394411363
1054.80478694656
1064.18513862371
1058.92747507576
1059.86036218005
1060.34725088314
1059.6741386666
1056.47762425867
1055.55472435278
1056.24663291623
1058.02776975541
1061.24346892415
1058.0447337522
1054.68350439278
1059.70515012429
1056.90543370114
1056.25625794074
1061.87215240635
1059.74762056053
1056.50402683571
1055.05931155661
1054.77250356293
1057.63384504386
1055.53744507701
1057.10205392751
1057.61078586151
1055.38613288589
1054.85345249919
1060.20744824771
1055.08597829633
1062.0855854551
1056.11487466407
1063.31589295975
1055.02795066797
1056.11348440186
1060.64823591502
1055.20282124589
1056.57714424517
1060.68536836078
1056.36218018812
1056.57773412803
1057.75722018069
1056.42808070509
1058.87898744831
1055.10073591045
1057.33321166726
1058.45550668096
1060.52237102374
1057.78202724043
1058.57478158976
1055.31288869468
1056.0175988662
1054.8628473071
1058.43684280098
1055.77345441245
1055.555807675
1056.92315173006
1059.5500256382
1055.72795324455
1054.75440545877
1058.00471671654
1055.2257856372
1057.96284971143
1055.17698186144
1055.46230950103
1055.69200095232
1057.43195854653
1058.39565901556
1057.72283108239
1066.03005517925
1056.51411800344
1055.90834111613
1058.30599421572
1057.58971496974
1058.45110713765
1062.78068804777
1055.70710110868
1060.29869680085
1060.1924327727
1055.74553487859
1059.78225732652
1055.86553016202
1054.73711147534
1057.12782305422
1058.58321518995
1057.62601026718
1057.60647232048
1055.89612644318
1060.32267450989
1058.30301915923
1064.17503394295
1063.1518068556
1056.07949290279
1055.37690432502
1059.88905176711
1057.84357417316
1058.08980096259
1057.13428560947
1055.91540883573
1061.01518674749
1057.92666269828
1055.86376377702
1057.18346344317
1057.57550636635
1061.50009329458
1054.71897381961
1056.43578677029
1056.48148574906
1054.84831505131
1058.84657947444
1054.79381699049
1059.59567969769
1058.57494249307
1054.66571864533
1063.24611197119
1054.85864745474
1063.88178714259
1058.30836882506
1057.11086040238
1062.2695196043
1056.86182413157
1055.19377304294
1056.5841519037
1055.08907170229
1062.34857415943
1058.88100040583
1065.29637483926
1059.5565976046
1054.86129788046
1061.32995640764
1056.12354302501
1054.68151842113
1059.63373467527
1058.65967699329
1060.98494997321
1059.45990360493
1065.45821257095
1056.10676282194
1056.65814312471
1061.93432253365
1057.26945465903
1055.51825651928
1058.93063200848
1060.64716923502
1060.02403927923
1057.71313702929
1065.80565407028
1058.48453770991
1054.99432829765
1055.24522990701
1058.97239962026
1060.60443195098
1062.6734735927
1057.34009933259
1056.09874947234
1055.64828289936
1057.47820867486
1059.75084505031
1060.05140425055
1055.27195944322
1061.27822230406
1060.95265636912
1057.12095040186
1055.46792564867
1055.39805893513
1061.78234291765
1057.20834617242
1057.50880897695
1058.96444059555
1057.28418749318
1055.88121039825
1056.82450568341
1060.94242668241
1056.54074942533
1061.34053938458
1059.75815353014
1055.43314601918
1060.70790788372
1064.27203997375
1055.04366182649
1058.35550265635
1059.52205432234
1065.5293351841
1055.56596945979
1067.06623478618
1063.63565974404
1056.80141960471
1055.14489593038
1057.68844231423
1057.3063106558
1058.20417116778
1054.83771374683
1055.21386993828
1056.74501926274
1055.98628203453
1056.53623624838
1061.30826291088
1055.33652992555
1060.81836606541
1060.03637150385
1056.89609442311
1054.97966531796
1059.84762497568
1058.69354366202
1055.70712941397
1058.67298003794
1058.3101299979
1055.21076373747
1061.07450551498
1057.05614243266
1061.49793936904
1059.09289196985
1054.75684288472
1055.77198639604
1055.8758513609
1057.87614567362
1060.03029750569
1055.82740278174
1056.79292459462
1060.32819037607
1060.27301652661
1055.79370793671
1059.67242892411
1055.70020738913
1057.46523439478
1057.15553479957
1058.72987300125
1058.18701615511
1057.75395801004
1067.92232590369
1058.35057319783
1059.99928017067
1059.27394992534
1058.31734935067
1054.93389725659
1057.18634748389
1057.44180169473
1058.50503547764
1057.65102836947
1055.80887706636
1056.74426185906
1059.96161204837
1057.87401774179
1059.10216028324
1056.56732050508
1056.57002193672
1058.16314136577
1061.22569029819
1057.7582439141
1055.12789754476
1058.59750643242
1059.10901214168
1063.28181813966
1057.96341088195
1056.49916692481
1055.79276005843
1056.3796361586
1055.62859264985
1055.52392353551
1056.19677283082
1054.82459842319
1056.16007512694
1060.09628376949
1059.07591056323
1061.71208448378
1054.82638216308
1060.29533847423
1055.91175699854
1061.87011114774
1060.36410259099
1055.28906375193
1060.78174707219
1057.85339163583
1055.40587087168
1060.84841733635
1059.39742897295
1054.99149791241
1054.96674456978
1057.3996165991
1062.60219642393
1055.76797330098
1059.91510315256
1056.92999940328
1061.01980922251
1056.24586735091
1062.16201824396
1057.73164435879
1060.01034155812
1054.95888370619
1058.75094636015
1057.64145037923
1058.40783732689
1059.10700447653
1056.37218370762
1058.14096192852
1058.45787356422
1061.30902198228
1059.33321836745
1055.73506353447
1055.66108382334
1055.16152179221
1055.0282021257
1057.66686880254
1059.26201490562
1055.25035154994
1058.12383154178
1056.5418372702
1059.89479383052
1055.16228857807
1059.81618286581
1055.70538153577
1056.92522298971
1056.17505751627
1059.67981472871
1058.4006414969
1060.38646588773
1054.80321581097
1055.2872286181
1055.7904265122
1059.87287249863
1055.45094545412
1056.07259024097
1064.17303147909
1059.73263336525
1055.87776524869
1060.70914729506
1056.82275585213
1055.17200761921
1057.38183379164
1054.84752608287
1057.9267943569
1066.29522966207
1055.87845254478
1056.96140206712
1057.46991139629
1056.930570689
1055.45770673961
1054.67812918002
1056.03974631878
1055.12230420989
1056.73833177762
1056.48708032385
1062.53046722631
1058.09209847322
1056.39287122031
1054.96847018118
1055.1639790796
1059.58143437855
1056.79486233761
1060.89093758734
1054.96632726115
1055.52424884561
1056.3225776558
1056.13419076739
1059.82937958477
1056.6117838505
1058.1372665898
1059.17969777774
1054.71455644365
1059.68392213447
1057.45704510061
1064.1926757156
1057.61929890063
1056.10810036066
1060.68941813676
1056.9468841311
1059.83854241716
1062.00806021813
1056.35838584111
1058.22382951896
1056.7271596471
1061.92231666006
1055.99571082143
1058.78843055681
1057.83208066672
1057.51962210098
1059.27997732155
1054.93544490717
