982.58874272055
979.084718596999
977.319017601053
975.248089691959
974.378078979378
971.381443199501
970.010495052789
969.108580292633
968.974822004678
968.863979219141
968.311608468282
967.861317818416
967.836839444956
967.693476310711
967.540321228059
967.467089766452
967.433501081363
967.362982781111
967.173362848905
967.09217153503
966.915074904526
966.782615077882
966.587611687925
966.561828635786
966.482503539353
966.445978810342
966.285805500512
966.202572061899
965.982911950864
965.871402307512
965.672242472687
965.586198127334
965.393488236853
965.311113631053
965.153379686205
965.138277168217
965.01512715249
964.922184257605
964.874487120758
964.734977380207
964.374926198229
964.191382222521
964.152915069777
964.004393458652
963.713542023989
963.517693011656
963.500255518414
963.419749413793
963.298317786873
963.200074758886
963.137248944389
963.022559157402
962.977052760762
962.943105691482
962.923267362199
962.812913450403
962.808998656544
962.730267779514
962.685542063087
962.6652524771
962.61970881719
962.56702781646
962.502951785063
962.502165825361
962.388095210223
962.374293383775
962.211895163674
962.056218294977
961.989329251357
961.784467755785
961.70669907517
961.692323284013
961.658261409727
961.615054043016
961.563003758546
961.55871876386
961.470495107605
961.223911471341
961.116088870201
961.080737276835
961.04872898749
961.041110565977
960.994610820772
960.971555787102
960.96427867357
960.939557691799
960.712162083159
960.694500708964
960.679487035722
960.669453564385
960.597352179454
960.517617674175
960.511939018245
960.461502979491
960.32298245536
960.301147951251
960.265972948605
960.164598799399
959.88518870901
959.793567285242
959.793553373738
959.767559878708
959.72378299702
959.705805693693
959.691333988121
959.655486861877
959.609318951241
959.573833137041
959.570076520968
959.556095955226
959.423655044284
959.348773683118
959.258199533346
959.254162488437
959.178296286671
959.118299109272
959.107584785538
959.092169749584
959.070651593525
958.902403643597
958.85098717351
958.834231660654
958.810790883224
958.746144207722
958.723066340893
958.700800662356
958.653362911218
958.650895351912
958.603654610008
958.592834596515
958.561653001241
958.539743520949
958.512395980356
958.495231574109
958.469119884634
958.434607995176
958.407725869873
958.391034843216
958.375627244563
958.336722051711
958.292814091103
958.280347637527
958.200680938645
958.123944188185
958.088214924757
958.01526316686
957.997587066995
957.977856601298
957.947226148796
957.911082650063
957.904114825331
957.884943734382
957.77896748762
957.743319962887
957.729729655089
957.709026278662
957.686940871344
957.569150244051
957.568455702935
957.556158519653
957.540679420612
957.512627772077
957.49438801151
957.426003853329
957.40397019062
957.385798669697
957.348111582633
957.330144253222
957.282970836546
957.265339675077
957.262860397629
957.249738088574
957.227751924831
957.186559725881
957.183551481374
957.013271139865
956.992263755018
956.968615971112
956.916259624027
956.895370819706
956.877207514096
956.836924631071
956.834690627446
956.816064491919
956.796339490188
956.772357727357
956.731010781132
956.660175800133
956.626941882378
956.603780054909
956.56154499109
956.550511261869
956.547787898935
956.541406117287
956.541042815164
956.537543566483
956.49832691377
956.447681199224
956.386092689463
956.374020045296
956.301805875642
956.248215230649
956.238246072742
956.228574913775
956.214803600416
956.188106549911
956.104829223562
956.089113185299
955.990193208659
955.975666818491
955.91026454306
955.907447657698
955.860947251879
955.857205032799
955.848584341511
955.82764320456
955.791749103994
955.739340078198
955.721907969481
955.718847265361
955.679110190419
955.610558611825
955.601115698145
955.531814489663
955.526761982356
955.526370078931
955.487143084233
955.450886653536
955.411184558425
955.352999820796
955.351508651901
955.32009589303
955.261427083324
955.256742057626
955.196976512515
955.127958772005
955.000387433674
954.994803465855
954.99040374192
954.981096241582
954.981025909395
954.970138026514
954.968673490242
954.959157442782
954.958796024013
954.874239973096
954.801511551057
954.785058305495
954.751528577753
954.726500865977
954.702567682326
954.695322981398
954.688544738336
954.687266459578
954.674191190193
954.639592964579
954.637911657881
954.637539199918
954.63748496808
954.63694097983
954.57946862983
954.57623933958
954.56538025766
954.548780654188
954.536470146545
954.52864054471
954.524798737416
954.518784892382
954.495871241154
954.487874561457
954.45017159974
954.428727342163
954.426054884392
954.397192280688
954.395618134182
954.372733001882
954.368397693607
954.366669397072
954.353693576948
954.344984670055
954.343310599797
954.310338214457
954.296060351782
954.264774998771
954.259949484657
954.225203602591
954.212910790246
954.197473324288
954.16620173178
954.132935181304
954.12501559124
954.115659486448
954.08297288036
954.075560846457
954.064988954269
954.060913431331
954.040207286115
954.011431218021
954.007297431027
953.94705494624
953.942772851549
953.939779341161
953.917144115741
953.913068138946
953.899436625333
953.898760549481
953.869832054712
953.835792424398
953.808752034309
953.771550023412
953.75884652152
953.744632440981
953.741344686085
953.730490293596
953.708779099357
953.693906123181
953.617323880356
953.58780421417
953.573968542244
953.566475472885
953.550388873283
953.514558698125
953.507780912917
953.505335322045
953.504585891221
953.497873088555
953.479898292041
953.462218401435
953.460183013425
953.457266656321
953.453858922975
953.453140366329
953.419259345791
953.400298793116
953.3972513149
953.34301056261
953.337169773552
953.305801043272
953.258623864441
953.258296197031
953.243370989378
953.231821589098
953.210472918405
953.193542334649
953.171144419844
953.167579438162
953.150436192277
953.148495760385
953.131745275401
953.122246521905
953.110309738724
953.105184130722
953.098210593262
953.070767535314
953.03975959458
953.036955697844
952.991507237788
952.946262044907
952.912296951162
952.906048579158
952.866173140889
952.845150531123
952.840141534514
952.834600400829
952.807759456434
952.801872630344
952.800876976672
952.765318591342
952.751257785546
952.727091981703
952.712919260786
952.700236985342
952.698855475672
952.697771854548
952.693945397471
952.658808621081
952.653201874875
952.629250463192
952.626259634465
952.600240918811
952.595517522901
952.576327005086
952.570774829406
952.564854964295
952.56289177433
952.540317814431
952.530157218055
952.517195645307
952.515550385397
952.506834136217
952.477803671964
952.459246622466
952.453046156825
952.398300075946
952.394725856691
952.391250000543
952.389481307749
952.370988474314
952.365340800511
952.348854756877
952.327084597433
952.315443244788
952.252276336305
952.243400669299
952.22839722637
952.194433379708
952.19383649869
952.186750268137
952.170983995235
952.165418289685
952.165417637803
952.085898114467
952.06565307637
952.0513371678
952.048509597979
952.040935499659
952.017642863975
952.010337662023
951.998526216934
951.993259631582
951.990378396257
951.956275848355
951.949981354622
951.949902576187
951.928270631643
951.918968403868
951.916130702823
951.89400642122
951.881395832379
951.872602065856
951.859639597614
951.833258527045
951.828959165317
951.786739146892
951.786456016818
951.762876732358
951.730226352993
951.728553057851
951.71790081792
951.700901592682
951.678080838819
951.672528313519
951.663011207714
951.657527935254
951.654006465951
951.638372365258
951.634158212272
951.629955009651
951.617283476579
951.584525610546
951.557642337688
951.552210712863
951.545604987899
951.523462696829
951.509689591666
951.494754594321
951.493840301434
951.49210729025
951.480787062864
951.473038552683
951.466737289682
951.45713017786
951.451340256954
951.446085778085
951.438766293663
951.438483668247
951.434104106381
951.417597841597
951.40450865334
951.39175830753
951.352450905114
951.347726624853
951.345965957808
951.289588732928
951.287777118804
951.275284581047
951.273429548174
951.271400869589
951.243571659376
951.241373529562
951.228794117979
951.224099780021
951.200176910961
951.18778855359
951.177173287289
951.17234868283
951.155832514011
951.143006053592
951.139419734485
951.135644424305
951.117648359747
951.073892733797
951.065336474751
951.039786119262
951.038716809838
951.001093659959
950.97872043206
950.937461241526
956.871062859108
950.9423117294
978.923335327125
959.883719383493
956.233836585403
960.695766292457
952.119154704676
957.845658081116
952.270476669357
955.294868526528
966.17976372261
959.634819364052
951.628321327743
953.938781627259
970.352328795952
957.935413123818
953.347640418673
963.031542589784
958.956151294161
952.866421279468
957.108951938559
977.940423403687
954.900867395612
953.604584271367
955.275564456234
955.764787627851
963.973217654924
953.136722967179
961.396931397473
961.710444621881
952.979644178315
960.465731069749
961.007674571852
951.089730365199
954.711143504979
962.518331265086
959.14190823763
958.144285752922
953.47628081854
958.260687188622
954.647129755354
955.044519493199
955.593675254935
952.88752854024
953.347648144571
951.984393434591
952.008979692929
956.845802727143
952.749846093156
954.129087660368
954.824075651498
963.974438663305
951.125495604389
951.492736886906
960.21666594659
957.060827139601
950.97223033024
950.993321564553
954.871018953327
959.226377699981
951.426252162127
953.845737515917
954.80013603339
953.420623564189
957.448617884174
957.530573964063
962.791450472519
958.805500557193
952.923897298938
951.667409583059
952.073603000926
951.352575551349
954.427589345636
951.112187581913
951.856432855372
959.216564809373
960.675187470128
957.31242085096
958.851594218276
955.646782740291
951.092155704022
957.688646049053
954.881043534286
970.106768017464
960.9246128164
953.705346487273
955.971534518703
953.830308314605
951.786895404258
952.424585242149
955.275448207057
951.716820785113
952.25158439379
953.531268048205
955.961109390467
952.505960517518
951.367096177964
953.756566292762
954.293583401696
952.771441945324
967.250902169504
955.239384852931
953.888989862164
952.36005756475
954.072512933326
956.956364804296
953.338750257792
953.253695346842
951.169349578622
967.145566706448
955.447737386964
958.544428077364
962.110175053609
953.225100706475
973.175036092543
951.840828025473
953.645253766035
957.604837468166
954.41423563762
951.828739499986
954.231419590078
953.005830381297
954.514484896799
961.38428944413
952.589787961097
970.842448607835
952.044600397671
962.258472649015
953.930226184073
951.076451857926
968.572018484822
959.65269129928
953.686043084529
960.472961090271
952.36100155036
953.21707375645
969.011421101725
952.623711619376
957.164050418538
954.774037774673
954.753891537248
957.917630619578
951.613887819968
967.078181929719
952.671186562929
956.2011860641
971.700392359524
960.061389593905
955.878294688312
960.559140668308
965.060377891903
954.858841756308
959.552334846274
954.39156749211
957.781493762945
974.019104096719
958.059628060711
965.1901268835
953.608816469857
956.690039365772
951.126803341897
954.509797159439
957.427209735544
952.716872088529
955.610543093837
954.309265338973
955.93135464911
962.989692799841
957.439113939645
973.161393136474
954.321267510407
954.057958026971
966.246450692298
959.477649622954
959.596278514382
961.158118817432
952.06603216836
972.257207712396
952.38802558048
962.254166977311
951.089698704959
959.767512447804
951.80666985765
952.081642873041
951.749627122476
952.779257442514
959.093724779889
958.397603868782
958.32631162165
953.647090850234
963.538188530398
951.867622497239
954.501028408629
954.368638787215
955.294710489623
955.57526221527
952.990763769577
956.393988013524
951.643251723077
951.58267950164
960.398056414713
968.014720347508
969.391755629852
951.539498329174
961.782408060647
954.930274583477
955.817105250128
973.736649866098
951.557560208331
955.421810294109
966.499949330175
951.603392145015
963.06895751054
952.24006340953
954.98232844499
955.745727539601
955.625530288537
951.444637126191
952.985141428115
953.259354435016
957.101313558533
962.47536711881
952.677430040047
951.86093938502
951.469397294317
962.865110446583
963.418017293412
952.845153352658
956.897481868683
958.235664248991
955.764355505731
953.547861305439
972.272878239369
958.228338262616
960.084046562115
952.660807634598
953.192996232637
956.783466085168
951.438197813227
954.44389246058
959.936885153268
956.835006138888
959.047406869501
966.782636805259
961.261285511047
951.028798847091
953.135562613088
964.088049963632
952.875876416284
955.276904660712
954.034041722243
951.826086900047
972.508500111546
951.802978988073
955.246586769386
951.846082478842
952.665352604599
957.107054532184
962.679753621069
956.313459746833
953.552236862343
956.06241132803
976.859848487362
968.818528725537
963.743661451066
956.44255110398
959.518378171905
964.235691891901
959.402568153416
954.247192223332
952.158095337484
952.345265022164
954.185567936074
955.631973986043
951.281101131841
961.666856134822
955.961482484444
962.639296182848
952.960040733965
955.688296188772
965.724718704961
971.821238339306
975.626043308745
954.653781727459
951.1835049639
952.705190276537
958.719815012938
953.923495004126
951.57173326885
966.917068835702
951.01687469352
964.778510225647
953.061246740779
958.604260475061
953.561589666976
956.742385328387
954.629136197378
953.696035147011
957.960817276391
967.340526406145
963.272727986755
965.101304121809
951.418008131057
951.479473411784
956.305191080164
951.100875909718
955.125524308212
951.845639108988
951.089615337186
960.045726154958
954.35165576105
956.402729634038
958.197606242544
954.381128949288
952.770571529089
951.494473076145
953.881975976006
955.738165370128
951.119125590023
951.656359196382
952.934240965126
957.508594701357
953.073487789882
955.58747138094
951.752648117763
972.186206715872
961.168581517158
959.079138361604
963.800289847
951.827296953424
961.238921050201
962.668137086908
967.085622412643
965.646449537698
958.486302266594
962.187639596547
958.632415844806
955.85779752201
963.088736960139
950.935291681051
951.017472070699
955.102038475075
956.395701673608
952.889899231376
953.55263849319
958.332197792162
952.292908684129
972.28203029973
952.67173555989
957.428179450739
951.275579525708
953.908986826524
957.370185990529
962.594085069378
951.026711964233
951.176335962161
954.370473305411
955.111411270281
954.805554614114
955.859394878358
962.569508989984
959.06181911485
954.195294484115
954.738617851913
959.320412311191
953.762864859276
952.483119604777
952.54452157058
951.973717150816
953.419038149929
960.405950238702
951.110884584947
951.534609012427
954.000672974843
956.570694427242
953.485093733963
953.47739772853
961.171562099801
952.475331437514
962.926713094044
954.507729520991
951.15147150631
951.216245715705
954.191842814998
952.396516646074
957.047165805727
952.786786917153
968.023598003182
962.410725694686
963.037165155197
965.308023353567
953.246087683566
953.857014871609
955.035671196978
951.755774385991
953.174616614599
953.040418722115
957.377972730629
960.019515551075
958.263378413875
962.363102150302
951.279780685525
950.967383637184
956.975911824296
956.281483825195
954.015366640834
957.599228064677
970.789422524391
970.930364348699
954.576796069179
960.597364048606
952.1338754753
954.236453360451
973.36075318065
960.843822462248
953.756591169557
957.875439417815
959.981787242138
957.257369931139
952.735756610039
951.546397253402
964.766935428335
958.052051800224
972.161841812416
951.090959023712
957.883104925818
961.090230266098
951.040136078441
953.154771605027
951.510943100193
953.575811333966
957.623725431411
953.746258877747
952.424112274579
953.951970784
954.179642921088
955.04660541212
966.871688819033
952.344745999821
951.443742741031
975.314168584005
953.610449192189
954.060631284674
956.270081049779
957.319656578726
956.707120914642
955.258999894819
955.714533692514
959.948601718497
953.50506687029
956.85315845217
956.800907134485
951.36425049869
958.520011981021
955.90798183626
959.164581249998
951.959780568873
952.647019973763
957.200689611158
958.788563025826
954.555955532623
953.494308808127
959.532259304782
957.772410561766
967.936587544002
950.951283036224
959.346215433344
959.002699571955
952.204272826912
955.043807825914
979.03203083646
952.988422503095
957.339177718897
951.364768346253
953.817533433666
955.294686093485
956.51737554344
954.022121663583
952.627553583897
956.048079288108
957.912696326658
954.442607157027
955.05101041682
951.05577105936
957.731968433372
952.340213046806
953.201703763895
951.897431088222
953.514454024382
953.81125322207
952.00374534105
950.988262773712
954.802941893176
951.412625348794
958.937508853839
952.122186967792
956.266501526473
963.757567348269
953.091977913044
953.709806882742
959.521578138289
961.682437731231
