1082.49329154073
1082.32894344524
1082.13298951475
1082.07737582934
1081.42580776902
1081.41654795608
1081.37216963152
1081.31556574769
1081.30746194119
1081.29466036189
1081.26871078904
1081.20494328367
1081.18624499093
1081.1511383476
1081.11668511475
1081.11099813273
1081.10002127129
1080.99554721186
1080.96695460411
1080.90057206567
1080.90029778512
1080.85061935363
1080.84772364061
1080.81990650684
1080.81227394284
1080.80033845696
1080.76047879518
1080.69678996604
1080.6862815211
1080.68461151837
1080.63829659065
1080.63118837348
1080.60081586545
1080.59845625323
1080.58849724201
1080.58070422507
1080.57221303052
1080.54792515423
1080.54765733969
1080.53550357701
1080.5209853777
1080.51168279661
1080.50837923574
1080.50267783827
1080.49557278582
1080.46970475851
1080.46267787596
1080.40616069598
1080.40454834239
1080.36367983517
1080.32216999198
1080.31897214936
1080.27759728008
1080.25403554076
1080.24617027776
1080.24542207186
1080.23515308382
1080.23222793475
1080.21619407091
1080.21063069896
1080.19612671962
1080.19199601527
1080.190650333
1080.18269180018
1080.17657799317
1080.17303760562
1080.16670339263
1080.15470670401
1080.13563707911
1080.12343049635
1080.11130930597
1080.10203006303
1080.08927598956
1080.08563235523
1080.05397244745
1080.04720925527
1080.04523208038
1080.04115669773
1080.02997037352
1080.02272706231
1080.01520620181
1080.01402776598
1080.00179700639
1080.00121576903
1079.9949123021
1079.99121470466
1079.98476721464
1079.98269975784
1079.97116480762
1079.95343059521
1079.94987437619
1079.93388153864
1079.92918853017
1079.91433539034
1079.9101982582
1079.90118009306
1079.89892357226
1079.89685665316
1079.89325373122
1079.89037414692
1079.88898770873
1079.88654499235
1079.88163933454
1079.86931465734
1079.86792800121
1079.86478058849
1079.86382611288
1079.85692764267
1079.84011369231
1079.83622247764
1079.82684890662
1079.82666145661
1079.82607143442
1079.82116182694
1079.8143693728
1079.80921088127
1079.79946845012
1079.78703357577
1079.78036714851
1079.77362216548
1079.77147935509
1079.77092612076
1079.75999279806
1079.75554961401
1079.74107413516
1079.74070013691
1079.7252285736
1079.72189506075
1079.71966772688
1079.71664811889
1079.70578245934
1079.69472496358
1079.69323783969
1079.68906034849
1079.67386623107
1079.67147966537
1079.6647625104
1079.6643731403
1079.65963485905
1079.65892174728
1079.65849384814
1079.65021470131
1079.64597728948
1079.64434328102
1079.63424857607
1079.6311605291
1079.62658341554
1079.6263776175
1079.62449027623
1079.6239387391
1079.62165249377
1079.62145640256
1079.59928808768
1079.59914237026
1079.59892287864
1079.57978710749
1079.56487974967
1079.55997287488
1079.55172804611
1079.55018767897
1079.545533502
1079.54516011806
1079.54514429084
1079.54346227596
1079.52657367046
1079.52050828268
1079.51927339763
1079.51713650592
1079.51571077621
1079.51053599139
1079.50966851668
1079.50859953325
1079.50299649091
1079.49981550968
1079.48276841044
1079.48147895718
1079.46904526147
1079.46605041534
1079.46029575171
1079.44683834051
1079.44389407298
1079.4292926043
1079.42807711253
1079.42665828376
1079.42457711044
1079.42091198728
1079.4188388387
1079.40277203056
1079.39466814207
1079.39278980784
1079.39204620603
1079.38159548545
1079.37390841054
1079.37071477481
1079.3686517247
1079.36813626267
1079.36698717931
1079.3650254323
1079.36448073259
1079.35009573872
1079.3434065862
1079.33251038027
1079.3270770776
1079.32019251522
1079.3084231456
1079.29992003961
1079.29979976448
1079.29741410536
1079.2972653096
1079.29420164521
1079.29235214617
1079.2881862945
1079.28762227356
1079.28330186963
1079.28074702392
1079.27622769941
1079.27149075153
1079.27133464362
1079.26966407268
1079.26412192006
1079.25882041188
1079.25421764982
1079.25329614048
1079.24777517633
1079.24770050311
1079.24324208038
1079.23890965266
1079.23817318247
1079.23536816226
1079.23122331153
1079.23094021285
1079.23053579432
1079.23017488243
1079.22906559954
1079.20061151893
1079.19390923984
1079.19163618126
1079.18626557783
1079.18496596549
1079.18411813523
1079.17884526317
1079.17761853251
1079.17464553985
1079.17387656541
1079.17053866683
1079.16934882872
1079.16904342024
1079.16873945376
1079.16793068477
1079.16733536767
1079.16633147962
1079.16565983906
1079.16434508927
1079.15688246321
1079.15535760099
1079.15456441112
1079.15163682217
1079.14928949586
1079.14897232753
1079.14656383499
1079.14440913794
1079.14260371053
1079.13711132902
1079.13029556937
1079.12903208239
1079.12785702462
1079.12728056636
1079.12191724868
1079.12133589138
1079.12117251125
1079.11336392583
1079.10233079318
1079.10150000513
1079.09937441642
1079.08470541559
1079.07276923633
1079.06630833799
1079.05880172337
1079.05665313082
1079.05591130227
1079.0512494351
1079.04868232039
1079.04405104808
1079.04260535931
1079.04173778664
1079.03384075201
1079.03288412508
1079.03206124111
1079.02798135007
1079.027357615
1079.02558957321
1079.02293397736
1079.01981600461
1079.01809649269
1079.01187662428
1079.01172675856
1079.00903321876
1079.00537205199
1079.00332169632
1079.00118908515
1079.001060691
1079.00071319267
1079.00008430073
1079.0000674641
1079.00003488324
1078.99897523307
1078.99813247747
1078.99677432002
1078.9955406192
1078.9951075466
1078.99297274291
1078.99165414835
1078.98862328626
1078.98292697785
1078.98254390495
1078.98109796885
1078.97902599662
1078.97194708529
1078.9708965177
1078.96958523627
1078.96857053935
1078.96840114187
1078.96210869702
1078.9617610832
1078.96054720459
1078.95627572508
1078.95523252308
1078.94449976178
1078.94227248274
1078.93820492703
1078.93709898812
1078.93021025379
1078.92684802586
1078.91616561313
1078.91050641403
1078.89590896551
1078.89117974698
1078.88959070546
1078.88526930737
1078.88494271305
1078.88391916357
1078.88060477644
1078.87940600565
1078.87682845298
1078.87249658816
1078.87125698149
1078.87093508147
1078.86827475332
1078.86723414144
1078.85827730511
1078.85029078843
1078.84939576802
1078.84896657939
1078.84622892198
1078.84469973886
1078.8434422908
1078.84254606651
1078.83715946002
1078.83578852796
1078.83545577147
1078.83474519478
1078.83280602254
1078.82820398762
1078.8280062122
1078.82467086747
1078.82208831589
1078.82118777926
1078.82021038932
1078.81886084353
1078.8144595982
1078.81027124419
1078.80925423979
1078.80807490897
1078.80616194704
1078.80189774471
1078.79953607629
1078.79930334673
1078.79610264496
1078.79119218753
1078.78127108443
1078.78096289089
1078.77835595313
1078.77726746869
1078.77404500133
1078.77357218733
1078.77298565825
1078.77135861417
1078.7708456416
1078.77037886477
1078.77022829096
1078.76782355146
1078.76702911947
1078.75558671586
1078.75138084575
1078.74895990784
1078.74792678181
1078.74096517174
1078.73520079048
1078.73473624139
1078.73307644773
1078.73248444427
1078.73187580521
1078.72810950615
1078.72687157573
1078.72590775653
1078.72289555454
1078.72200547278
1078.72200045602
1078.71861967968
1078.71464682714
1078.70343860816
1078.69881981853
1078.69833646674
1078.6950704521
1078.69228607515
1078.68763061264
1078.68396038736
1078.68149264837
1078.67845990955
1078.67674441949
1078.67260091336
1078.6685527632
1078.66615347249
1078.66568024081
1078.66339403464
1078.66290591787
1078.65714090485
1078.65582966162
1078.65467930016
1078.65077654928
1078.64975836419
1078.64852468737
1078.64837099953
1078.64747971333
1078.63741493875
1078.63357536645
1078.63305771859
1078.63221288003
1078.63135971156
1078.63045375588
1078.62835314787
1078.62821550809
1078.62535627289
1078.6249466655
1078.62243715518
1078.62038955715
1078.62018197
1078.61995498837
1078.61742724459
1078.61081855096
1078.60983760232
1078.60670565798
1078.60428523281
1078.60115669299
1078.60075707622
1078.59932354395
1078.59683262906
1078.59644797494
1078.59535480043
1078.5927143097
1078.59228177043
1078.59220228538
1078.59158174145
1078.59073043911
1078.5903778706
1078.58920713377
1078.5868313493
1078.58643138495
1078.57543193069
1078.57509222013
1078.57494668473
1078.57280901351
1078.57010602718
1078.56865887656
1078.56613282954
1078.5636605386
1078.56208645858
1078.56185436239
1078.56030548779
1078.55838376567
1078.55594101593
1078.55289731742
1078.55069568501
1078.54073486901
1078.53856541535
1078.53850415693
1078.53835643173
1078.53372203366
1078.52889668986
1078.52884798376
1078.52655209384
1078.52631113376
1078.52413712286
1078.52261653299
1078.52194758041
1078.52188355067
1078.52183855863
1078.52183748892
1081.01880688255
1079.82448205637
1079.00021658972
1080.25717908134
1079.06123019429
1079.13575978104
1080.06440991494
1079.72048633153
1078.66496315361
1081.0375526545
1078.58753563229
1078.88700851489
1078.98312532226
1078.78844112833
1080.32130761676
1078.82616974034
1080.19778991053
1079.5989316417
1078.95171948093
1079.47892186879
1078.90076244085
1080.13664803631
1082.42876898933
1079.2577020336
1079.8489543048
1078.89332399688
1079.29795963953
1079.5065075442
1078.80427180173
1079.06418554263
1078.70568607094
1079.20637158041
1079.02321123862
1078.90575816065
1080.23296265378
1078.55720132702
1079.70327049426
1079.6578946023
1079.55364441621
1079.89080822297
1080.52626894246
1081.20313479647
1078.62488136378
1078.93245109283
1079.62176757845
1079.61407049882
1080.29964024864
1078.67907398054
1079.74256232501
1078.52042624564
1078.79597997207
1078.70093593627
1081.40401597661
1080.55245022839
1079.71464799687
1078.92446841298
1078.75433341689
1079.65975750229
1079.53380240251
1080.37852404493
1081.91605153643
1078.87509455769
1079.46967356297
1078.62029487058
1079.04409067679
1079.47618365538
1080.42573789526
1078.67529972825
1079.38728557528
1079.78947648837
1078.64309760106
1079.12751331209
1078.65613140328
1078.69892085052
1078.93438948345
1079.00433026199
1080.01361820987
1081.26440455728
1078.90798318119
1079.14566374538
1078.71753532279
1078.9148254441
1079.18480998231
1078.70801329737
1079.10678120244
1081.36648885696
1081.10510619227
1080.27222700869
1078.5878144843
1079.0407673161
1079.13507185251
1078.92275646031
1079.60056694983
1078.55859203273
1078.87708868638
1078.73689057151
1080.74112826614
1079.27927777241
1079.10608965514
1078.91425505593
1081.30463101055
1078.95522476843
1078.72422474823
1079.4032419807
1082.68433158017
1078.95173858917
1080.11115035232
1078.59802858702
1079.68489660585
1079.62617333299
1079.12160338202
1079.03098824884
1079.894009912
1079.79918223463
1079.19565587909
1079.72861359592
1079.45885895626
1078.72963821114
1078.57687904371
1079.91702643614
1079.46447374981
1078.93554247676
1078.61748547584
1078.64837208611
1078.70664169908
1078.83470033321
1078.86055176673
1080.24110872913
1079.07381299733
1078.95249138378
1078.55488374224
1079.76257512981
1079.91424533305
1081.49695458205
1078.58870739794
1078.58161354779
1079.27299235696
1078.86658213392
1078.56270065613
1079.05425141784
1079.05613732176
1079.1406519745
1080.6865229381
1080.37191807606
1079.20423195542
1078.95411800681
1079.76696001022
1078.54223019489
1079.73923004013
1078.68076767076
1080.13314971685
1080.52274409876
1079.04299078872
1079.27803265478
1079.83059555556
1079.13086866668
1080.44695163797
1078.81563108244
1079.52903370881
1079.52816497383
1079.74813035767
1080.47104660536
1078.9332110756
1079.07465483868
1078.79086654359
1079.79760392081
1080.51377617756
1080.13583732008
1082.1607994362
1081.38332270508
1079.66291523033
1078.65711341947
1078.76577066574
1080.83079902083
1080.34397226131
1081.25639421025
1079.01900525166
1078.7880928501
1078.54116642398
1081.58216744174
1080.39063446217
1078.84945945294
1080.70685710167
1079.39481636996
1078.77378807422
1078.62569600062
1078.64499309831
1078.77684830338
1079.72313750145
1078.647061594
1080.39569485706
1080.06907083144
1080.05679355117
1080.16614686699
1081.50253420661
1078.54794868197
1081.32767376708
1080.74344775468
1079.17941032411
1079.79095503065
1080.74549805352
1081.59826064662
1081.7721165232
1081.75631340739
1080.78781442269
1080.06113093227
1079.56336475126
1079.09994098467
1080.08516567258
1079.04552503107
1079.89748480241
1082.48617143459
1079.7307177551
1078.96105471685
1078.92194531742
1080.52446063073
1080.05952811737
1081.30643836307
1080.19034244326
1078.75540977281
1080.0173250207
1079.60183936741
1079.4756727438
1079.08331164556
1079.73966159888
1078.57744915149
1078.61348098999
1080.41092858231
1078.67465353484
1079.80833987907
1081.16006336411
1079.37528012233
1082.78302347421
1079.16765183818
1078.78524345634
1078.65936985058
1078.76924840233
1080.65128780966
1080.94766033147
1079.56831127802
1079.34106982923
1078.93535693866
1078.73768623716
1080.78588904804
1078.63160001989
1080.23328533409
1078.81030658719
1079.98778399349
1079.01190883262
1080.13335338564
1078.53394697544
1079.47861975375
1078.83162667842
1080.45018778976
1079.51546467426
1078.9018949556
1079.68279588513
1078.67587509202
1078.88504569909
1079.24408499815
1078.53982557891
1079.40471637829
1078.6187890942
1080.47918064027
1083.44820025483
1080.53985895727
1080.92896778932
1079.74904324216
1079.75720328136
1079.9909041007
1078.76833896431
1080.04127186126
1080.18035662924
1080.23995569043
1080.59861908139
1079.15239759615
1078.87507835052
1080.08361130838
1078.74423612522
1078.70938398351
1078.85442694872
1079.35201531078
1078.71786333897
1078.66342165157
1078.54595677705
1081.43435269442
1080.25549415881
1079.81195369737
1079.28315358513
1078.87013468352
1079.08457610132
1080.5207651712
1079.45613656764
1078.53874394968
1078.63839007492
1078.80430203826
1078.86686633218
1078.71336908882
1079.56803706778
1078.78516092534
1079.41439253153
1078.96700563907
1079.15276307508
1080.11016749326
1078.56884417793
1078.78117526325
1079.71553832506
1078.52936195678
1078.74626520533
1079.30451967922
1079.64340903876
1079.34473697912
1079.25964096315
1079.46924932282
1078.8821597953
1080.65493014826
1079.71102393189
1083.62431272729
1078.63420520601
1080.65420851234
1078.52110384345
1078.5397114623
1078.94155815022
1079.1221154927
1079.50352092089
1079.13370190603
1081.25622267281
1079.91278143708
1078.83475090769
1078.54417807183
1079.02048887912
1078.63618436921
1078.96295622958
1079.57560229277
1078.68680632162
1079.11196851929
1080.73226491174
1079.88574391814
1078.81723514287
1078.63539849649
1078.81950065935
1084.46958275178
1079.85022323907
1079.08168275868
1079.0949345404
1078.70816857758
1080.24407283845
1078.56296350196
1079.1609594766
1079.16852440065
1080.11782013433
1079.71323797762
1079.31251132718
1080.78302700233
1079.22198744393
1078.82528010129
1079.42437851923
1080.43760458933
1078.69714805797
1078.86502865765
1078.53732478147
1080.61568098267
1080.57531496826
1078.63854573387
1080.28437787567
1079.92549812665
1079.28248696112
1078.63711102432
1078.60051876418
1082.10627197053
1079.18006598278
1080.47208389027
1079.40184258138
1079.35673071836
1079.4839959018
1079.57911895245
1078.63895490479
1078.89769883034
1080.19646116353
1080.27594747008
1078.92831681399
1079.66076273037
1084.06314791088
1078.65498306562
1078.9309475387
1080.09319722621
1080.47069176381
1080.88494149342
1079.79332165536
1080.75477346505
1078.54059207641
1079.19543296952
1080.31566698054
1078.71874894468
1079.80234147121
1082.15096501519
1079.88558293201
1079.32880863739
1078.73097847015
1080.21768095108
1080.84713883456
1078.74615037727
1080.04262879647
1078.68651662446
1079.9257158841
1079.43861116485
1078.54197961696
1079.18160818077
1079.59162386144
1078.69706013393
1079.90232310002
1080.50109115201
1079.24104306784
1078.68012629596
1078.86984836505
1079.88376509498
1079.34088679491
1078.97510838698
1078.9431527754
1078.58825306717
1078.72567032354
1078.88829956316
1078.58558605465
1079.35883879255
1078.92693313777
1079.09742136643
1079.24923588062
1078.86156889946
1080.31063384334
1079.24943593736
1079.32953428764
1079.77439427385
1079.68536302963
1079.68657471364
1080.01825793595
1080.3561993466
1079.54262533269
1079.25347335399
1079.16804889867
1079.15263257105
1079.37201130582
1078.75163782932
1079.19303570008
1081.30230745533
1078.7018409236
1079.37675138115
1078.67951276861
1078.53106727779
1079.46373637364
1079.26363593945
1079.74334709209
1083.00200532152
1080.11886465697
1079.02989089214
1078.70062983293
1079.75571141697
1079.58174717686
1079.85224167363
1080.59246632581
1078.7229316961
1080.18313345295
1081.15242980955
1078.62795086977
1080.62957424822
1080.54380307467
1080.57444565839
1079.38569177159
1079.07423993311
1078.68071187835
1078.98368737365
1079.2132903071
1078.65198758935
1079.89044168964
1078.76033611816
1079.8083986206
1080.43015703974
1079.72934899698
1079.04274219845
1079.58059930683
1078.52136082776
1079.52474145327
1080.6328223999
1078.69337918687
1078.5206001245
1079.00059258117
1079.8460255127
1079.84737078326
1079.38713422474
1080.65453574005
1078.84929154039
1081.02734619408
1080.70398422816
1078.86354292281
1080.91854870942
1078.81052001344
1079.59293363096
1078.74529973399
1080.03703034572
1079.06226248683
1079.22374740547
1078.69180609148
1079.80843397857
