741.881285240452
732.55560213124
725.827653378287
723.345007957101
720.508623155934
720.359228589535
717.224528829386
717.203988429735
717.036366067888
716.723536402414
716.378160960404
716.29588465079
716.217493463347
712.282280605031
706.538492040608
706.446972388376
703.860410081988
703.373844018749
703.18397397091
703.174998639439
703.089386608823
702.895710664614
702.890875929545
702.888842959262
702.887449864789
702.885390102682
702.884542848812
702.881946094951
702.880587871738
702.877501779787
702.873592747251
702.872005643434
702.871541330828
702.870846396544
702.866024468209
702.861219679004
702.860805137372
702.860355219865
702.859796328249
702.856781099218
702.855617026249
702.855562817824
702.853231336017
702.851281967952
702.84872169219
702.847435181289
702.847124681851
702.847082365782
702.84706985979
702.845197903185
702.845043822611
702.844770768614
702.840279512571
702.840205674933
702.840139720845
702.838052404559
702.837118080656
702.836821513154
702.83655701488
702.834785657512
702.832729219631
702.832678510395
702.832581062927
702.831986202058
702.82989501179
702.827423067744
702.826521524697
702.82541637743
702.825326539035
702.822926123232
702.822466971585
702.82224870697
702.822119973462
702.820089175311
702.819847878563
702.819713628657
702.818028831825
702.814762083542
702.814534907496
702.814404926152
702.810633507251
702.810098266121
702.80816731988
702.805453352868
702.804412163273
702.804321477688
702.802918526382
702.802701219038
702.802465243542
702.801892721275
702.801549738683
702.801342798403
702.800628553062
702.800429982156
702.799007336209
702.798276541425
702.798027491294
702.797996758584
702.795964773406
702.795096095746
702.793675317755
702.791661305632
702.789082100946
702.789015353439
702.788100323355
702.787582578584
702.787123734617
702.786317678039
702.785554417426
702.785473197685
702.782927761767
702.782897659577
702.782406591097
702.782164885974
702.78187088039
702.781647972509
702.781437323249
702.781195659453
702.780985823561
702.778220503043
702.777887018225
702.777747421536
702.777208729051
702.776730501933
702.776556980368
702.776507885257
702.77618233309
702.776017749976
702.775902223343
702.775700697479
702.774706263415
702.77446621966
702.773966839324
702.773633528251
702.772963497263
702.7726951939
702.772646951228
702.772078744539
702.771544847265
702.771178857666
702.770382061879
702.769669850985
702.769558995522
702.768722865248
702.768452976834
702.768141287339
702.768024979963
702.767914326301
702.766694896269
702.766376004723
702.765300658753
702.764779933209
702.764373950953
702.764146836335
702.764055420789
702.763407252295
702.763237684599
702.763144892528
702.762694355602
702.762493938162
702.761947154421
702.761748681063
702.761648772867
702.760228166071
702.759965785515
702.75943440011
702.75898249871
702.758338371975
702.757735959534
702.757652544649
702.756781214119
702.756673667871
702.755605244426
702.754865877804
702.752621904997
702.752246643328
702.751941952167
702.751776985707
702.750761784356
702.75014231268
702.749846621354
702.74708336399
702.7455737613
702.744517179664
702.744422460766
702.744398075128
702.74382767073
702.743196894646
702.74288955276
702.74258163514
702.742390692715
702.742361735286
702.742173567726
702.742112254494
702.741599271983
702.741042694617
702.74072661026
702.740042219069
702.740037403021
702.739364383126
702.739353552341
702.73903621471
702.73873761766
702.738612945001
702.738548764844
702.737653361154
702.736456774807
702.735763762722
702.735728482604
702.734484661961
702.73429714997
702.734140147215
702.734049365374
702.732962473613
702.732304273382
702.731804786627
702.731777589396
702.731753602473
702.731677497482
702.73020999373
702.729220538893
702.728876935471
702.727490156838
702.727085112438
702.726566165697
702.726477257422
702.726384625111
702.724807069014
702.72471003489
702.721781653777
702.721073454382
702.720649360737
702.720206519631
702.71958742359
702.718228766477
702.716703308696
702.71660870607
702.71573173937
702.715450452937
702.71544433767
702.715313713937
702.715173207864
702.71474797603
702.714428826585
702.714335322248
702.713547625071
702.713043263004
702.712846982561
702.712668799055
702.712536006794
702.711753877684
702.711616619128
702.710526356932
702.709891297719
702.709767780495
702.709341152627
702.708984526904
702.708560784912
702.7083793531
702.708360961144
702.708345025752
702.707996423675
702.707898524234
702.707629497608
702.707613639354
702.706556661068
702.70567448605
702.705323660621
702.70528393905
702.705250492531
702.70479692842
702.704769604393
702.704708687277
702.703889019219
702.703464344998
702.703128417972
702.702995383602
702.702682373601
702.702118741496
702.701765923381
702.699937223425
702.69955381375
702.698792422919
702.698648480192
702.698038985222
702.697136149082
702.696592341627
702.696508516545
702.696122303913
702.695245762717
702.694727625291
702.694525079605
702.694296076306
702.694141103947
702.693590191783
702.692863705604
702.691839934826
702.69156399649
702.691314825713
702.691301776201
702.690723447931
702.690686403096
702.690418416312
702.69016389283
702.690041810538
702.689832117773
702.689756869562
702.68955703705
702.688187874044
702.687559968235
702.686980273776
702.686327596005
702.685998141616
702.685848967405
702.685200356962
702.684349022021
702.684045755345
702.683878268436
702.683434987234
702.683249110164
702.683213985915
702.682876648969
702.682756895204
702.682681870481
702.682185010332
702.681966490236
702.680880288434
702.680542114247
702.679994979522
702.679873250416
702.679712740053
702.679209554207
702.678436926556
702.678355894312
702.677595460867
702.677082076561
702.677043504317
702.676438152701
702.676036057766
702.675509823296
702.675465390192
702.674040464532
702.673929234396
702.673524629971
702.673507606485
702.67288733711
702.67270270294
702.672304644332
702.672281686853
702.67216463062
702.672152259722
702.67201769285
702.67201369744
702.67199258757
702.671293841826
702.671032533
702.670821607961
702.670482801084
702.670307087049
702.669798254998
702.669558403703
702.669086253322
702.66893199951
702.668730325424
702.667487376396
702.667237678295
702.666796361847
702.666632802205
702.666623497334
702.666193613265
702.666017067118
702.665791574666
702.663892258848
702.663691991998
702.662629184462
702.662440424892
702.66198121911
702.661903502019
702.661878884005
702.661647823663
702.661471376616
702.661407378557
702.661096016012
702.661074029173
702.660984899104
702.660909901381
702.660382328689
702.660155893448
702.659807582604
702.659784313169
702.659695962996
702.659367776473
702.65839358679
702.658089631666
702.657482541886
702.656566138528
702.65638297777
702.656288316726
702.656217704531
702.6551257796
702.654866689193
702.654791591818
702.654572183808
702.654367647608
702.654174001966
702.654070539124
702.652690917104
702.652447632457
702.651983899575
702.651497349954
702.65086210199
702.650812939556
702.650423597753
702.650346682927
702.650214295494
702.650187038027
702.649568486842
702.649364320209
702.649193030043
702.649048757574
702.648518644618
702.647980803783
702.647385234317
702.646115275928
702.646017129664
702.644967955463
702.644758840941
702.644693043262
702.64440156337
702.644359255521
702.644294538413
702.644284982551
702.64412072129
702.643919327988
702.643843867411
702.643393625798
702.643188750106
702.642996155939
702.641908673795
702.641884933166
702.641664217642
702.641546774035
702.641094966796
702.640757401298
702.640241593622
702.640163121506
702.639268165547
702.638634406158
702.63760514668
702.63715416431
702.637107030809
702.636658486814
702.636257907194
702.636254758205
702.636049783268
702.635858092865
702.635794784035
702.635399067648
702.635103460595
702.635008342783
702.634714611177
702.634541373068
702.634441457676
702.634416581109
702.63429305966
702.633903004066
702.633819221476
702.633534270806
702.633281210106
702.633212992014
702.632871944506
702.632853381066
702.632585470557
702.631996629388
702.631503658714
702.63136479096
702.631238951232
702.630935989525
702.630404363154
702.630167524299
702.629929711593
702.629693100681
702.628994585306
702.628617127594
702.627923673632
702.62719627271
702.626395034042
702.625439850816
702.625242245501
702.625226647905
702.624865922683
702.624818361101
702.624140597208
702.624042432599
702.623963994773
702.623066421745
702.623052981807
702.622753482311
702.844277523397
702.709975448993
702.692703921992
702.671040032947
702.675665784129
702.630674641958
702.657822379336
702.871278245847
702.694039644843
702.624658888197
702.736074557386
702.74159033468
702.770503549292
702.641312924713
702.809331076864
702.698051137978
702.859001564718
702.714320201308
702.747483727843
702.629883678656
702.786483744951
702.747989180735
702.783736444526
702.696517903102
702.731961821716
702.826102225286
713.711206945722
702.62471548817
702.672168569217
702.833108588294
702.696293678223
702.815206657517
702.640566261301
702.740715601942
702.623155620102
702.717088329587
702.82030674407
702.649477822196
702.746245896695
702.760098494775
702.708751243897
702.638785166049
702.640574310996
705.966773279084
702.660266553707
702.764305984811
702.719510993184
702.638819915254
702.646107680497
702.802942333233
702.76510099869
702.776579752892
702.626409585574
702.863826019706
702.692607601134
702.63781349713
702.771789527508
702.8423034825
702.692420036401
702.669175088788
702.870532970972
702.627304979989
702.817348355056
702.761480254833
702.643072035593
702.702926601458
702.650143413231
702.673793775728
702.799901727378
702.681663775196
702.660750848376
702.673281836814
702.645657284202
702.676387689313
702.6812371642
702.841681710601
702.696814585692
702.75855262988
702.668902264017
702.728137795457
704.317767967246
702.696561415783
707.613770379497
702.809025128143
702.732063461422
703.074202233188
702.649096543687
702.728893918606
717.43502628745
702.791452418346
708.230750019215
702.747160724929
702.771291939487
702.726828810918
702.7488907013
702.641635654256
702.825461386369
702.732177593583
702.778993387404
750.307599364741
702.742661481969
702.752080770823
702.655395422022
702.763448005085
702.761029549239
702.645583156287
702.669920054612
702.623868598335
702.645070307479
702.649322108095
702.828777086505
702.729054165675
702.652673266016
702.692492302779
702.629373177409
702.662669951041
702.660048248312
702.817872557822
702.826046759718
702.637580346258
702.623838720898
702.877326160125
702.651586713792
702.729463627915
702.823839789408
702.71786936397
702.859733281081
702.740607662514
702.631514360842
702.802984337589
702.81903497926
712.509611217432
702.630597425861
702.719681013059
702.774471107299
702.626555973878
702.683707790845
702.718626295025
702.631656640631
702.749554826888
702.783233914387
702.871774073638
702.626679482844
748.988339661108
702.828054394405
702.75011139554
702.776903213167
702.698035705165
706.67173979277
702.736348779105
719.04866781896
702.708120370971
702.638270580879
702.692218037738
702.68616218261
702.787737499286
702.820289160247
702.718336460441
702.834127776429
702.652022784805
702.683969093916
702.652456374581
702.818048521311
702.71462764728
702.68231708583
702.675002647748
702.795337030066
702.635063797002
705.845449386693
702.72534783131
702.810493306009
702.643544348037
702.791060931044
702.631415451896
702.673717753182
702.782094461892
702.800764821233
702.747597680056
702.788101727905
702.74762122539
702.848551652223
702.664825906328
702.8018832142
702.734039683039
702.625059625017
702.733164540524
702.667495062448
702.756677593403
702.699601640353
702.645520209298
702.830330077447
702.757137697497
702.702363845394
702.774575103743
702.709798900477
702.647317118338
702.822169988626
702.718895666793
702.875242463505
702.665291200861
702.76079199299
702.697955819158
702.80459002088
702.666040424038
702.865630506512
702.718411480709
702.747306733482
702.65560580943
702.647192413679
702.838968848317
702.781586465122
702.759937298323
702.813134937297
702.710752661544
702.746320884425
702.719812858261
702.685629650011
702.777444116799
702.670811936887
702.671479058436
702.725520757592
723.886658436468
702.829045540266
702.784197806635
702.663698005674
702.663827830998
702.809562862601
702.690041029224
702.655454720635
702.68991141144
702.731342697718
702.62806141302
702.817997944231
702.732222580974
702.627175297774
702.851310518949
702.748886654195
702.710313700582
702.626827774828
702.710056536236
702.700389214951
702.780289975347
702.850768281605
705.605842102001
702.7342394219
702.636128851816
702.642035621206
702.788226321307
702.675425146477
707.871507243951
702.773876114158
702.735353155457
708.922417338311
702.699274401746
702.680581263065
702.66944621
702.674918736811
702.75769358788
702.665411462267
702.622596605679
702.706262004149
702.624623092464
702.836384511187
702.625301612152
702.784025009658
702.663043504957
705.037850334791
702.622716985104
702.755747404686
702.661787976141
702.661768238643
702.696614287185
702.725071488037
702.690201551442
702.872307957176
702.695397932703
702.628446828993
702.681794575368
702.657939510344
702.766840760063
702.637282468448
702.673741189716
702.727925744455
715.269346113694
702.697727542114
702.857703993988
702.716518867971
702.701284118293
702.802885257589
702.890828567725
702.639430216471
702.637146673025
702.700186268924
702.796199578807
702.665501344693
702.632613411961
702.884757614298
702.779663225571
702.633286303731
702.799313977384
702.70635182465
702.725830548477
702.835468677994
702.644071151184
702.846892966082
704.147531204058
702.689584687447
702.669684329266
702.716841228811
702.793100228579
702.746439065274
702.8294836865
702.73074357615
702.825800701273
702.674038183198
702.763188474172
702.659742292529
702.689249569606
702.659690408588
702.639122373998
702.6762485622
702.717692663085
702.823564707297
702.804784866936
702.664311023512
702.632321361515
702.69414942558
702.750666921561
703.942059222226
702.682771166553
702.726827592156
702.735111907815
702.747533738189
702.634987263517
702.835650831466
702.736123540644
702.721977805272
702.669206121819
702.701729223073
702.781556526725
702.724985431502
702.670508423531
702.6676802533
702.682905867319
702.670315280403
702.627407904616
702.634694054231
702.720343208041
702.794619251579
702.816633504659
702.704146247981
703.176587672866
702.688919999789
702.67469454829
702.683307951527
702.68433780658
702.73325784713
705.132457100589
702.750076141008
702.754925117022
702.775132740686
702.791097475057
702.704211252105
702.677689646228
702.744129711793
702.865475362524
702.687629761504
702.792789165697
702.633029551305
702.651466474317
702.629642131724
702.825186380946
702.649763468418
702.676990671417
702.649609930034
702.809813421223
702.694931120425
722.719681097237
702.73650063218
702.679223838983
702.739842453169
702.685348386207
725.541493768953
702.867437765319
702.723173897726
702.651987680282
702.738947173086
702.721792545079
702.666909227035
702.847979898272
702.721974370018
702.709099959845
702.668121428156
702.666496924475
702.651146127918
702.723004995633
702.827017249368
702.628654629741
702.886730274585
702.851584950993
702.76862354529
702.702774874601
702.676140401641
702.893407941184
702.726263906705
702.71889850294
702.672147062474
702.843406930659
702.812003940909
702.824460918499
702.73242967471
702.797080011295
702.732095414859
702.728581094501
702.779567536981
702.631491580779
702.68132485488
702.82561407708
702.722835255614
702.663466555848
702.736301029722
702.708076749159
702.740087261783
702.831279948796
702.653254099102
702.630846647462
702.809768582048
702.744261948733
702.753507775861
702.688740904158
702.678539837753
702.758350921406
702.810739864761
702.624548839071
702.721363073578
702.824111820255
702.708981774604
709.101703148531
702.77337013828
702.651775304716
702.652477965924
702.790093684517
702.710805500576
702.706129766445
702.767214211314
702.739002222516
702.705757031615
702.677194055141
702.833025884264
702.850599147808
702.643794296073
702.836203284555
702.757087949795
702.761853544403
702.629450349778
702.628360582708
702.80158948524
702.692780626512
702.647166441519
702.695801667574
702.758803695976
702.746172681927
702.69653155496
702.633087912213
702.672626675443
702.837294190154
702.763395486168
702.795741786118
702.813495303456
702.646410920315
702.66382921565
702.772963594994
702.692025588229
702.791910068709
702.825276830018
702.819583643616
702.729877902543
702.651651357282
702.851797118354
702.714359817965
702.754656942252
702.649243683951
702.708127727491
702.699832886475
702.648429493912
702.88922503876
702.729520520287
702.629658748291
702.655354075675
702.794329102712
702.640150022513
702.784186856783
702.72988787068
702.693100665226
702.758466721586
702.714129942269
702.762008237647
702.679053025369
702.739200790651
702.763955585056
702.622729878537
702.697765933971
