1082.49329154073
1080.76047879518
1080.58070422507
1080.18269180018
1080.15470670401
1080.05397244745
1079.46605041534
1079.15688246321
1079.027357615
1078.98292697785
1078.97194708529
1078.87125698149
1078.78096289089
1078.59932354395
1078.59228177043
1078.58643138495
1078.56030548779
1078.50639679041
1078.44702759347
1078.39108280818
1078.3803741234
1078.36411917139
1078.33198002849
1078.25467310989
1078.23801113481
1078.10060213698
1077.99570457589
1077.98751135337
1077.89895740695
1077.87467221058
1077.86636108574
1077.83713062129
1077.82606442244
1077.77413502822
1077.74604427725
1077.72094602002
1077.71552242915
1077.7131571933
1077.71253461828
1077.709948626
1077.6534949805
1077.65301840935
1077.64981280046
1077.64077500595
1077.57265450908
1077.57175934235
1077.55055061933
1077.53611410492
1077.52293436892
1077.5210583647
1077.49164566681
1077.47295518853
1077.46807236848
1077.45511945098
1077.45442428245
1077.44812096431
1077.43990955675
1077.42669213788
1077.39982565732
1077.39204932999
1077.35099468285
1077.33929976473
1077.33695568787
1077.32622146843
1077.3144678182
1077.28366041497
1077.28080196813
1077.25725853157
1077.24904848351
1077.24841326304
1077.24615613212
1077.24548279223
1077.23439103392
1077.23275519247
1077.22860462195
1077.18381448507
1077.17054915354
1077.16997926399
1077.15099852348
1077.14875164487
1077.14587438758
1077.12216026399
1077.11818514798
1077.10909510975
1077.10471218533
1077.08418182043
1077.07360075183
1077.06802458893
1077.0547262969
1077.00992864014
1076.98971612689
1076.98459479389
1076.97734945665
1076.96734528554
1076.9563208376
1076.95358705111
1076.89692394552
1076.89539611794
1076.88470196804
1076.87628275936
1076.87474919081
1076.86422513619
1076.84926271138
1076.8333970449
1076.81633348048
1076.80702190334
1076.80031195901
1076.78384838312
1076.77296256873
1076.76958172729
1076.76797626689
1076.76762656094
1076.75893979661
1076.75744704336
1076.75706685322
1076.75494849272
1076.75273563537
1076.7279346941
1076.72544208998
1076.71398207868
1076.68940456318
1076.68690644703
1076.67736315793
1076.66176360394
1076.6606903793
1076.65838430304
1076.65151264235
1076.62436095404
1076.62384194998
1076.61806294333
1076.61564330887
1076.6092208878
1076.59484087683
1076.58520186874
1076.58332882541
1076.56874055471
1076.56800655034
1076.56678513704
1076.56410180922
1076.56077460616
1076.55649734158
1076.55631199779
1076.55169696546
1076.53965264636
1076.53709829416
1076.52795612523
1076.52336772758
1076.52265429897
1076.52201656906
1076.51095975105
1076.50103001148
1076.47239965244
1076.44078173385
1076.43489711062
1076.42339398618
1076.41381092574
1076.41270951947
1076.41132699956
1076.41122826331
1076.4075634821
1076.40530484781
1076.3959791014
1076.38100751106
1076.37817571785
1076.37704397276
1076.37543245415
1076.37432873453
1076.37302552795
1076.36929332831
1076.36122333723
1076.35759010269
1076.34602236568
1076.34125791237
1076.33893737059
1076.32113102615
1076.31768229945
1076.31599021346
1076.31596405471
1076.31333258736
1076.30997838598
1076.30478829062
1076.29258113621
1076.28226577517
1076.26843281559
1076.2681813171
1076.26734421468
1076.26388107411
1076.24572377237
1076.24112896564
1076.22680462871
1076.21828674235
1076.21459841933
1076.21352143879
1076.2116490475
1076.21055203387
1076.20672243014
1076.19972239465
1076.19914393606
1076.19865394677
1076.19688135993
1076.19533670697
1076.19255591621
1076.19186624296
1076.18067503106
1076.16330931086
1076.16185665119
1076.15384731423
1076.14928622204
1076.14758576097
1076.14657055631
1076.13327531873
1076.1295021801
1076.11683209272
1076.11292982113
1076.11140060457
1076.10736185548
1076.10466790005
1076.10312242544
1076.10207218071
1076.1020715652
1076.09026486209
1076.08117911619
1076.06525326556
1076.06003047975
1076.05980948782
1076.05796055822
1076.05565977629
1076.04833969842
1076.04632129714
1076.04005633258
1076.0381003624
1076.0254253454
1076.02094960833
1076.01910877492
1076.01473055599
1076.01218227925
1075.99896817482
1075.9948758627
1075.99212732934
1075.98159464736
1075.97025148989
1075.96413158563
1075.96258661111
1075.95106651724
1075.95033514721
1075.94783053449
1075.94452383303
1075.93784102144
1075.93582633161
1075.93182476636
1075.92496113073
1075.92407187354
1075.9092567528
1075.902521132
1075.90203465166
1075.89865117574
1075.89674748515
1075.8950561867
1075.89496782133
1075.89475947062
1075.88911256832
1075.88908367604
1075.88803059284
1075.88768837379
1075.88619288299
1075.88179193178
1075.8784088718
1075.87053557753
1075.86693588037
1075.86400376601
1075.85704536075
1075.85654000096
1075.85065232521
1075.84277361875
1075.83980425526
1075.83063604981
1075.82417740684
1075.82249159554
1075.81162988977
1075.80899383509
1075.80226948692
1075.79898315488
1075.79721667909
1075.79461390365
1075.79276584777
1075.79203566588
1075.78907769674
1075.78680149013
1075.78674600436
1075.78307181407
1075.77813635364
1075.77700795763
1075.77457947257
1075.77233195848
1075.76122312359
1075.76008804745
1075.75822424581
1075.75772634219
1075.75766970863
1075.75636733225
1075.7394192357
1075.73382751171
1075.73334714234
1075.73302383032
1075.73106197476
1075.72112097359
1075.7135456076
1075.70407381316
1075.70195029073
1075.69961118391
1075.69876481862
1075.69492945877
1075.69293127887
1075.6792723431
1075.6792111879
1075.67189008743
1075.66889223755
1075.66283657527
1075.65632725193
1075.65526214857
1075.65256767257
1075.64885281993
1075.64512594339
1075.6434508471
1075.63780874479
1075.63428248887
1075.63288156402
1075.63101096191
1075.62906430169
1075.61660051673
1075.60861854282
1075.60683040957
1075.60270009246
1075.60254098434
1075.60162237662
1075.59984833104
1075.59838956468
1075.59510708584
1075.58899468292
1075.58702462922
1075.58586337893
1075.5788786654
1075.57378730954
1075.56967875012
1075.56931247387
1075.56629923314
1075.56362248887
1075.56358700284
1075.55697981537
1075.55545411385
1075.55396067962
1075.55382778785
1075.55128829181
1075.54648308818
1075.54516911973
1075.54503097173
1075.53658290922
1075.53343729106
1075.53176153249
1075.52989969412
1075.52611205273
1075.52489713533
1075.52230610612
1075.51992734146
1075.51891902933
1075.51857415005
1075.51807085636
1075.50421560299
1075.49797714286
1075.49694333737
1075.48394136861
1075.48279138072
1075.47797147591
1075.46693844326
1075.45941863226
1075.4499073948
1075.44748856919
1075.44546713106
1075.44436816091
1075.43790746231
1075.43120286324
1075.42997811356
1075.42602745304
1075.42563000821
1075.42312269225
1075.42028593019
1075.41633795004
1075.40186519024
1075.40133369021
1075.4009167432
1075.40089598541
1075.39599065008
1075.39396726051
1075.39016983568
1075.38856818008
1075.37696232404
1075.3674438141
1075.35927519229
1075.35547932483
1075.35526935775
1075.35119610433
1075.34160736155
1075.337226974
1075.33162803665
1075.32512608569
1075.31721128838
1075.31578167884
1075.30872035995
1075.30476833808
1075.30471285702
1075.30411008006
1075.30044346657
1075.29677029837
1075.29636112705
1075.28931744042
1075.28855821918
1075.28550852116
1075.28464672668
1075.28442998448
1075.2840311011
1075.28023689896
1075.27797985796
1075.27795326612
1075.2769948019
1075.27533473801
1075.27032314891
1075.26799409931
1075.26395197354
1075.26277346155
1075.2623374902
1075.26101478944
1075.2577777708
1075.25736908641
1075.25501704725
1075.25324277793
1075.25250828895
1075.24732372445
1075.24473538815
1075.24145520331
1075.23991989847
1075.23956365326
1075.23398995055
1075.22785191586
1075.22760386603
1075.22528521342
1075.2210070692
1075.21950179629
1075.21803555183
1075.21668210904
1075.21608952391
1075.21391218838
1075.21267616548
1075.21072030149
1075.20923644357
1075.20684383224
1075.20526008077
1075.20180736277
1075.20164549321
1075.19980585174
1075.19559749631
1075.19214683927
1075.19198867943
1075.1912335023
1075.190394832
1075.18717547576
1075.18708451753
1075.18420976411
1075.18381337038
1075.18095202723
1075.17752160017
1075.17677824317
1075.17547437233
1075.17411439067
1075.17149430989
1075.17091316695
1075.1695057255
1075.16658170339
1075.16644069012
1075.16592590161
1075.16459362417
1075.16296858708
1075.16148042178
1075.16091387012
1075.15991243741
1075.1584804492
1075.1581657352
1075.15716463241
1075.15346879338
1075.14834843183
1075.14526984038
1075.14096559112
1075.13982976347
1075.1379000385
1075.13073739208
1075.13051341498
1075.12929348319
1075.12778372556
1075.12694295082
1077.4267805595
1077.04241128615
1076.22678319124
1075.89554754317
1076.71963787806
1075.70966729157
1075.89809987618
1076.07130031292
1075.91228883131
1075.83473060215
1076.33861830721
1076.48772336202
1076.53805041744
1076.24281597231
1075.58477197609
1075.28006215962
1079.27622769941
1075.61502156093
1075.94105188559
1076.00200720322
1077.50254620128
1076.72165700789
1077.53391636857
1076.47156274051
1075.37451121919
1075.2299661033
1075.26511638829
1075.50823702428
1078.24767634305
1077.28134178558
1077.13043299918
1076.50909333655
1077.45583636525
1077.02242256135
1075.46832757454
1075.93736306888
1078.52884798376
1076.31961113593
1078.99897523307
1076.04464244881
1076.27640093782
1075.31025963654
1075.32713782378
1075.41453740779
1078.31591099857
1077.5501876155
1075.44600207133
1077.46490442815
1077.28704803334
1076.79020753566
1075.61054514631
1077.81594381447
1076.66799171293
1075.99325771461
1076.22674577991
1075.18728777435
1078.53850415693
1075.214905744
1077.20703791464
1075.8005252268
1077.61217665066
1078.47945760363
1075.90037135401
1075.21553576521
1077.6112614372
1075.15669230956
1075.73654239451
1076.12763495253
1077.12613258513
1077.33890333709
1077.49321478657
1077.3597244522
1079.29235214617
1077.113777154
1076.50677245917
1076.06542441167
1075.70583862068
1076.02918887791
1077.56890493008
1075.74643141965
1076.987356714
1077.81923188271
1076.14201477094
1076.24232065853
1075.19789099091
1075.24029176584
1075.82402551362
1076.19763948369
1075.58986921228
1075.51252777686
1076.34694541547
1075.52610169167
1075.5106775802
1075.45504123924
1078.80616194704
1078.82118777926
1076.8568748239
1076.25318935383
1075.1307998196
1075.26956520094
1075.7847138854
1077.25175622538
1076.6655722831
1075.97986798221
1077.43412010837
1078.63135971156
1076.8925926738
1075.22541535043
1077.86039164643
1076.94199989367
1079.37071477481
1075.90266501085
1075.16953055426
1077.17637170952
1075.94939191371
1075.61674260108
1077.66414247943
1075.44470717113
1077.12487716772
1076.21752220907
1075.38471380141
1075.953391139
1076.05073430182
1075.88782478099
1075.53722849964
1075.2976393465
1075.58284474427
1075.25804130913
1075.65178655234
1075.15105249022
1075.61078074229
1077.35466217841
1079.56487974967
1075.30193770335
1078.06400899222
1075.19771434414
1078.23242508722
1076.01502593656
1076.60265238677
1076.52170777094
1075.16368563888
1075.74628841284
1076.74970418752
1076.2898208584
1075.58206437046
1076.57897302765
1076.00617492414
1075.92174910722
1075.81267545276
1076.34510617091
1076.29082299939
1078.19961530317
1076.39896034218
1079.17387656541
1077.22911730114
1079.69472496358
1078.05144364748
1077.24924678573
1076.47341031498
1078.00105774722
1075.23978075048
1078.37499007972
1076.36300091454
1076.07881158749
1075.48987117447
1075.90513001463
1077.71474105302
1077.167632043
1075.72410546952
1075.43335961895
1079.01809649269
1077.92386184743
1080.58849724201
1076.21455677407
1075.62874894256
1075.30733261951
1075.60447963762
1075.55691820694
1076.72121194342
1076.34593583481
1078.40793618859
1075.78457604985
1076.59358051329
1076.97633160418
1075.1507803011
1075.13331881558
1076.05936757227
1076.83462206813
1076.12739094982
1075.39802717369
1075.58684924068
1076.29760266223
1080.32216999198
1075.55190838862
1075.44172461681
1076.01915301186
1077.31607219379
1077.00464050017
1077.84122549817
1075.69209099755
1076.39494172313
1075.43161622635
1076.51297335135
1076.82168307801
1078.07122489119
1076.9462902367
1078.37673518297
1076.692286861
1078.11169266555
1077.76920070825
1075.24083217896
1075.88215163694
1075.21763265001
1075.3760332418
1075.2557172772
1076.58816515519
1075.57326543708
1076.06646494013
1076.40427435802
1075.71574462223
1076.25554232821
1075.63905393692
1076.32921651918
1078.0853196076
1076.30074068343
1077.69058389116
1079.97116480762
1075.99266308847
1077.43793447972
1075.56091462059
1076.12656879498
1076.12014860293
1075.60613753402
1077.28789549937
1075.42815965739
1076.96839693051
1075.54398460646
1075.6084551138
1075.54599486131
1075.22428145795
1076.85217538445
1076.05520091076
1075.93149264945
1078.94449976178
1076.0446698491
1075.46602578233
1075.29037919682
1075.49753109665
1075.4550173216
1075.89785748926
1075.39908634867
1075.88466440167
1076.89438535557
1076.42529833349
1078.17514048074
1075.94152681489
1078.9951075466
1075.5450572024
1075.99455121401
1077.92096383622
1075.82582449582
1076.07789004741
1075.44531441536
1075.52069353413
1076.16599275496
1075.92175680898
1075.35505947009
1076.27148977726
1075.64496322122
1075.22690209049
1079.23094021285
1075.1727798043
1075.22364290947
1075.31360411824
1076.03377944082
1075.81168845816
1075.61508296137
1076.70834377765
1076.95488194135
1076.05824192248
1078.39219163684
1075.38617485314
1079.16793068477
1076.74590614557
1075.48053182702
1076.11148900092
1077.65787557743
1077.05784402571
1077.98940486795
1075.47811075352
1077.28642365063
1075.72019443582
1078.25371075193
1075.25431965153
1078.34455884216
1075.6626578155
1075.91146699503
1076.0794689248
1075.74791444555
1075.15231804443
1075.35169511906
1076.71942236364
1076.52667331194
1075.15274390539
1075.86622748499
1076.39776889093
1075.47166598683
1076.32577365925
1077.56166393663
1079.42665828376
1075.65471038705
1076.41712174856
1075.71293402058
1076.17898418578
1076.40980283649
1076.86295917376
1078.52889668986
1075.19674410716
1076.17356236091
1075.75066827062
1075.68141307228
1075.60915928925
1075.32905166334
1075.39791601777
1076.33468822028
1075.30287198182
1075.90148851613
1076.98279956237
1076.26021820217
1075.46744176101
1076.85904135563
1075.47916886971
1075.55685028594
1075.65555905016
1075.66712233427
1076.90002348172
1078.43565852176
1075.38913540599
1076.805162371
1078.87940600565
1075.78268354422
1078.1148491285
1076.01661831238
1075.20479126867
1079.39204620603
1077.22352159437
1077.49915541124
1076.83989654654
1077.57168514928
1075.62575309019
1075.35635666815
1075.51459879785
1075.52845733793
1076.39957450304
1076.4185303426
1075.15391849229
1078.60983760232
1077.07629841998
1076.19190710778
1076.91013921776
1079.16934882872
1075.19122542543
1076.49718019888
1078.4027781597
1075.33554778041
1076.91997181629
1075.381283209
1077.52902411897
1075.81445744522
1075.21791168987
1075.58118175105
1075.23241568056
1076.18123733999
1076.35973081079
1075.37318418661
1076.18336948748
1075.31310145856
1075.12915361569
1075.73180527589
1076.84607198152
1078.60670565798
1077.63960086937
1077.61664412838
1077.68182850763
1075.12601299145
1076.34929618988
1076.22083717418
1075.83534854657
1076.18668069768
1075.18703478077
1078.14968775277
1076.80979194532
1076.06441998333
1075.89652517923
1077.53298815341
1076.51828748783
1076.53317647106
1076.26882074571
1075.36654169949
1075.28102055566
1075.50743443029
1076.7033959817
1076.40208371527
1075.91120729941
1076.39008168203
1077.80336156296
1075.3368077557
1080.50837923574
1076.54016627214
1075.49957020873
1075.82661388771
1079.86931465734
1075.84883857631
1076.11163657355
1075.46292198228
1076.12205859019
1075.45595210996
1077.71982307804
1078.16975519273
1076.86438246703
1079.01172675856
1076.50445579324
1077.08514263437
1075.5747390111
1077.39529595086
1075.8769419631
1076.79786893879
1075.16283781546
1078.93021025379
1077.01473612992
1076.32541144747
1077.5947587768
1076.24006604603
1076.60780519829
1075.40453158506
1075.72374093725
1076.4574319988
1075.39847922375
1076.79658623998
1075.95855912786
1076.84722633227
1076.68312287384
1075.90964941412
1077.19976911478
1077.90022626701
1075.71488460061
1076.9481007404
1076.35629882525
1075.65257990632
1075.30519283685
1075.68990779337
1076.75799478305
1077.18832630545
1075.41426283747
1075.27094178005
1075.29784988182
1075.81950798337
1076.39665467332
1075.49395916471
1076.13667737723
1075.58524769062
1075.68709239392
1075.51068781725
1075.62823687036
1075.75288926538
1077.44733880066
1076.90973687597
1077.3636131178
1075.67208100728
1076.25422439081
1075.17569490405
1076.44601903305
1075.38645294112
1076.84894305141
1075.74116981404
1075.40123775997
1075.55060567431
1076.65443053183
1078.67260091336
1075.92806417503
1076.69756303785
1076.6032022789
1075.70562789614
1076.12612484109
1077.15877949198
1077.05536760364
1077.03844642061
1075.9587864306
1075.49844106709
1075.43668504093
1076.55543341837
1076.11605736847
1078.96958523627
1075.78968219112
1076.61135412017
1075.42718046184
1075.81049778034
1076.20396735974
1075.99954956282
1078.53372203366
1075.89951035161
1075.79832208002
